94.0	93.0	82.0	122.0	127.0	123.0	1	0.0337258244978	0.000317286098536	DLR00012709-2009-07-01_08-47-57	0.000795672014456	1	103	271.5	212.5	0.00145170561025	0.0152911716128	135	135
97.0	95.0	81.0	111.0	110.0	96.0	2	0.000426234748788	0.000287689718681	DLR00012709-2009-07-01_08-47-57	0.00156361339999	1	103	413.5	215.5	1.18940395665e-05	0.000159838030795	135	135
101.0	98.0	84.0				3	0.0		DLR00012709-2009-07-01_08-47-57	0.00141135464073	1	103	544.5	212.5	0.0	0.0	135	135
103.0	100.0	85.0	131.0	137.0	132.0	4	0.00729927007299	0.000255065031436	DLR00012709-2009-07-01_08-47-57	0.00147331262642	1	103	678.5	207.5	0.000437964554558	0.00676647663701	135	135
104.0	101.0	85.0	116.5	117.0	101.5	5	0.00111886621557	0.000243164976765	DLR00012709-2009-07-01_08-47-57	0.000842375196146	1	103	815.5	211.5	2.60891337021e-05	0.000426234748788	135	135
104.0	102.0	85.0				6	0.00655335926261		DLR00012709-2009-07-01_08-47-57	0.000796412118192	1	103	952.5	207.5	0.0	0.0	135	135
104.0	102.0	84.0				7	0.0		DLR00012709-2009-07-01_08-47-57	0.000870781792077	1	103	1082.5	211.5	0.0	0.0	135	135
104.0	102.0	84.0	128.0	129.0	115.0	8	0.00218445308754	0.000235656386067	DLR00012709-2009-07-01_08-47-57	0.00116201751381	1	103	1221.5	206.5	1.28048426543e-05	0.000213117374394	135	135
104.0	102.0	84.0				9	0.00527465501625		DLR00012709-2009-07-01_08-47-57	0.00129374918016	1	103	1354.5	205.5	0.0	0.0	135	135
104.0	102.0	84.0	127.0	127.0	113.0	10	0.00213117374394	0.000419160286883	DLR00012709-2009-07-01_08-47-57	0.00013905585552	1	103	1492.5	203.5	3.87995424504e-05	0.000319676061591	135	135
103.0	102.0	84.0				11	0.0		DLR00012709-2009-07-01_08-47-57	0.000413274932004	1	103	1626.5	207.5	0.0	0.0	135	135
103.0	102.0	85.0				12	0.000266396717992		DLR00012709-2009-07-01_08-47-57	0.000160664145623	1	103	1778.5	201.5	0.0	0.0	135	135
103.0	102.0	84.0	119.0	123.5	109.0	13	0.000426234748788	0.000241107705722	DLR00012709-2009-07-01_08-47-57	0.000109379971009	1	103	1908.5	211.5	2.05104701746e-05	0.000319676061591	135	135
102.0	100.0	83.0				14	0.0		DLR00012709-2009-07-01_08-47-57	-0.000573954593996	1	103	2046.5	211.5	0.0	0.0	135	135
103.0	101.0	84.0				15	5.32793435985e-05		DLR00012709-2009-07-01_08-47-57	0.000226399771314	1	103	2184.5	204.5	0.0	0.0	135	135
103.0	101.0	83.0				16	0.000266396717992		DLR00012709-2009-07-01_08-47-57	-0.00034969978661	1	103	2316.5	211.5	0.0	0.0	135	135
104.0	102.0	84.0				17	0.0		DLR00012709-2009-07-01_08-47-57	6.35169600165e-05	1	103	2449.5	201.5	0.0	0.0	135	135
103.0	101.0	84.0	121.0	120.0	99.0	18	0.00111886621557	0.000269486446302	DLR00012709-2009-07-01_08-47-57	-0.000362966569386	1	103	2591.5	202.5	1.84643576354e-05	0.000266396717992	135	135
102.0	100.0	83.0				19	0.0		DLR00012709-2009-07-01_08-47-57	-0.000255372562146	1	103	2730.5	204.5	0.0	0.0	135	135
101.0	98.0	82.0	112.0	113.0	94.5	20	0.000639352123182	0.000248104384451	DLR00012709-2009-07-01_08-47-57	-0.000664348404507	1	103	2866.5	211.5	6.7416077612e-06	0.000106558687197	135	135
99.0	97.0	82.0	110.0	107.0	93.0	21	0.000266396717992	0.000233083777863	DLR00012709-2009-07-01_08-47-57	-0.00011009996928	1	103	2996.5	203.5	6.33346085087e-06	0.000106558687197	135	135
95.0	93.0	79.0	109.0	109.0	93.0	22	0.000586072779583	0.000308952104992	DLR00012709-2009-07-01_08-47-57	-0.00112998404931	1	103	3137.5	211.5	4.19749516613e-06	5.32793435985e-05	135	135
93.0	91.0	79.0				23	0.00069263146678		DLR00012709-2009-07-01_08-47-57	-8.12131153092e-05	1	103	3264.5	203.5	0.0	0.0	135	135
93.0	93.0	83.0	163.5	189.0	189.0	24	0.0260535990197	0.000256200823913	DLR00012709-2009-07-01_08-47-57	0.000485090704028	1	103	3419.5	211.5	0.00149083882675	0.0170493899515	135	135
92.0	91.0	77.0				1	0.0		DLR00012709-2009-07-01_08-47-57	0.00190202318882	2	103	263.5	344.5	0.0	0.0	135	135
96.0	93.0	78.0	110.0	110.0	96.0	2	0.00143854227716	0.000286376120006	DLR00012709-2009-07-01_08-47-57	0.00208477381344	2	103	409.5	337.5	3.44948361521e-05	0.000479514092386	135	135
98.0	96.0	80.0	119.0	118.0	108.0	3	0.00159838030795	0.000376971633241	DLR00012709-2009-07-01_08-47-57	0.00207548962252	2	103	543.5	344.5	0.000113174546079	0.000799190153977	135	135
100.0	97.0	81.0	112.0	113.0	97.0	4	0.0	0.000226012008977	DLR00012709-2009-07-01_08-47-57	0.00100389685456	2	103	678.5	334.5	3.07065172834e-06	5.32793435985e-05	135	135
101.0	98.0	81.0				5	0.0		DLR00012709-2009-07-01_08-47-57	0.000927910717024	2	103	810.5	344.5	0.0	0.0	135	135
100.0	99.0	81.0				6	0.0		DLR00012709-2009-07-01_08-47-57	0.00039206180208	2	103	944.5	344.5	0.0	0.0	135	135
100.0	99.0	80.0				7	0.000106558687197		DLR00012709-2009-07-01_08-47-57	0.000456514835681	2	103	1086.5	344.5	0.0	0.0	135	135
100.0	98.0	80.0	116.5	117.0	102.0	8	0.00143854227716	0.000267840771162	DLR00012709-2009-07-01_08-47-57	0.000135503062278	2	103	1226.5	344.5	4.14540682109e-05	0.000532793435985	135	135
99.0	98.0	80.0				9	0.0		DLR00012709-2009-07-01_08-47-57	0.000224009352073	2	103	1357.5	343.5	0.0	0.0	135	135
98.0	97.0	79.0	114.0	114.0	100.0	10	0.000426234748788	0.00026369071662	DLR00012709-2009-07-01_08-47-57	-8.75672288185e-06	2	103	1497.5	344.5	3.5825634151e-06	5.32793435985e-05	135	135
98.0	97.0	79.0	116.0	116.0	100.0	11	0.00069263146678	0.000272172591602	DLR00012709-2009-07-01_08-47-57	0.000247240637327	2	103	1636.5	344.5	3.69780014164e-06	5.32793435985e-05	135	135
98.0	98.0	79.0	114.0	114.0	96.0	12	0.000372955405189	0.000234833039853	DLR00012709-2009-07-01_08-47-57	-0.000225413826213	2	103	1771.5	341.5	3.19049630574e-06	5.32793435985e-05	135	135
98.0	97.0	79.0	115.0	115.0	98.5	13	0.00165165965155	0.000271659686094	DLR00012709-2009-07-01_08-47-57	-0.000236673144811	2	103	1900.5	335.5	2.16577174183e-05	0.000319676061591	135	135
97.0	96.0	78.0				14	0.0		DLR00012709-2009-07-01_08-47-57	-0.000899568427804	2	103	2046.5	335.5	0.0	0.0	135	135
98.0	96.0	78.0				15	0.0		DLR00012709-2009-07-01_08-47-57	-0.000651692042301	2	103	2181.5	344.5	0.0	0.0	135	135
98.0	96.0	78.0	115.0	116.0	101.0	16	0.00293036389792	0.000300688410682	DLR00012709-2009-07-01_08-47-57	-0.000846362383668	2	103	2317.5	344.5	7.58412482829e-05	0.000905748841174	135	135
98.0	96.0	78.0				17	5.32793435985e-05		DLR00012709-2009-07-01_08-47-57	-0.000427767779261	2	103	2458.5	339.5	0.0	0.0	135	135
98.0	96.0	77.0				18	0.0		DLR00012709-2009-07-01_08-47-57	-0.000860643576124	2	103	2591.5	344.5	0.0	0.0	135	135
98.0	95.0	77.0	115.0	115.0	97.0	19	0.00101230752837	0.000293674667135	DLR00012709-2009-07-01_08-47-57	-0.000729549938883	2	103	2730.5	344.5	1.18183259706e-05	0.000159838030795	135	135
97.0	94.0	76.0				20	0.0		DLR00012709-2009-07-01_08-47-57	-0.00104853424793	2	103	2866.5	344.5	0.0	0.0	135	135
96.0	92.0	75.0				21	0.000159838030795		DLR00012709-2009-07-01_08-47-57	-0.000270586535652	2	103	2998.5	344.5	0.0	0.0	135	135
93.0	89.0	73.0	108.5	108.0	93.0	22	0.00143854227716	0.000290270553325	DLR00012709-2009-07-01_08-47-57	-0.00106916069654	2	103	3137.5	344.5	3.52239991737e-05	0.000426234748788	135	135
90.0	87.0	72.0				23	0.0		DLR00012709-2009-07-01_08-47-57	-0.00038459369754	2	103	3274.5	344.5	0.0	0.0	135	135
89.0	87.0	74.0	108.0	106.0	95.0	24	0.00154510096436	0.000348203958245	DLR00012709-2009-07-01_08-47-57	-0.000400862918631	2	103	3414.5	344.5	4.14592696334e-05	0.000479514092386	135	135
93.0	91.0	77.0	109.5	110.0	99.5	1	0.00218445308754	0.000272031672654	DLR00012709-2009-07-01_08-47-57	0.00206029968106	3	103	270.5	483.5	6.09072904386e-05	0.000852469497576	135	135
96.0	94.0	79.0	110.0	111.0	95.0	2	0.000639352123182	0.000244974430978	DLR00012709-2009-07-01_08-47-57	0.00223440028911	3	103	409.5	483.5	1.73698419694e-05	0.000266396717992	135	135
98.0	96.0	80.0				3	5.32793435985e-05		DLR00012709-2009-07-01_08-47-57	0.0019866518626	3	103	544.5	491.5	0.0	0.0	135	135
100.0	97.0	80.0	118.0	118.5	104.5	4	0.000586072779583	0.000320900551233	DLR00012709-2009-07-01_08-47-57	0.00169822218762	3	103	671.5	492.5	8.71965907235e-06	0.000106558687197	135	135
100.0	98.0	80.0	113.0	113.0	95.0	5	5.32793435985e-05	0.000215623683954	DLR00012709-2009-07-01_08-47-57	0.00110446874263	3	103	815.5	483.5	2.92951352806e-06	5.32793435985e-05	135	135
100.0	98.0	80.0				6	0.0		DLR00012709-2009-07-01_08-47-57	0.000833349087015	3	103	952.5	477.5	0.0	0.0	135	135
99.0	98.0	80.0	115.0	115.0	103.0	7	0.000532793435985	0.000265428475343	DLR00012709-2009-07-01_08-47-57	0.000593566111774	3	103	1090.5	477.5	1.3006933991e-05	0.000159838030795	135	135
98.0	98.0	80.0	115.0	116.0	100.0	8	0.000372955405189	0.000265922508854	DLR00012709-2009-07-01_08-47-57	0.000346952319999	3	103	1217.5	483.5	3.61288506355e-06	5.32793435985e-05	135	135
98.0	98.0	79.0	114.0	114.5	96.5	9	0.000799190153977	0.000249072506201	DLR00012709-2009-07-01_08-47-57	0.000302140788707	3	103	1367.5	483.5	6.7679140158e-06	0.000106558687197	135	135
97.0	97.0	79.0	114.5	115.0	96.5	10	0.000905748841174	0.000253603100662	DLR00012709-2009-07-01_08-47-57	0.000208991062518	3	103	1497.5	476.5	1.3979891205e-05	0.000213117374394	135	135
97.0	97.0	78.0	110.5	112.5	95.5	11	0.000905748841174	0.000235067495556	DLR00012709-2009-07-01_08-47-57	0.000343164526488	3	103	1642.5	477.5	1.34119778297e-05	0.000213117374394	135	135
97.0	97.0	78.0	121.0	122.0	106.0	12	0.00143854227716	0.000375125912536	DLR00012709-2009-07-01_08-47-57	0.000106988088855	3	103	1766.5	483.5	2.43301317138e-05	0.000266396717992	135	135
97.0	97.0	78.0	125.0	126.0	110.0	13	0.00106558687197	0.000434122804263	DLR00012709-2009-07-01_08-47-57	0.000112757706582	3	103	1898.5	483.5	2.79904508513e-05	0.000266396717992	135	135
97.0	96.0	78.0				14	5.32793435985e-05		DLR00012709-2009-07-01_08-47-57	-0.000357468225959	3	103	2048.5	476.5	0.0	0.0	135	135
97.0	96.0	78.0	112.0	114.0	95.0	15	0.000319676061591	0.000253913653943	DLR00012709-2009-07-01_08-47-57	-0.000350370957026	3	103	2183.5	485.5	3.44972996726e-06	5.32793435985e-05	135	135
97.0	96.0	78.0	116.0	117.0	104.0	16	0.00143854227716	0.000324425578292	DLR00012709-2009-07-01_08-47-57	-0.00069850026981	3	103	2317.5	479.5	4.53965939094e-05	0.000479514092386	135	135
97.0	96.0	77.0	110.0	110.0	92.0	17	0.000159838030795	0.000207595873039	DLR00012709-2009-07-01_08-47-57	-0.000524923000792	3	103	2467.5	483.5	2.82044582157e-06	5.32793435985e-05	135	135
97.0	95.0	77.0				18	0.0		DLR00012709-2009-07-01_08-47-57	-0.0010378932554	3	103	2591.5	491.5	0.0	0.0	135	135
97.0	95.0	76.0	113.0	112.0	98.0	19	0.000532793435985	0.000269491542227	DLR00012709-2009-07-01_08-47-57	1.973833565e-05	3	103	2727.5	483.5	3.66137478117e-06	5.32793435985e-05	135	135
96.0	94.0	76.0				20	0.0		DLR00012709-2009-07-01_08-47-57	-0.000598205332184	3	103	2866.5	481.5	0.0	0.0	135	135
96.0	92.0	75.0	110.0	107.0	93.0	21	0.000372955405189	0.000237310173216	DLR00012709-2009-07-01_08-47-57	-0.000130577697336	3	103	3001.5	483.5	1.0732504107e-05	0.000159838030795	135	135
93.0	89.0	73.0				22	0.000106558687197		DLR00012709-2009-07-01_08-47-57	-0.000592783402304	3	103	3137.5	480.5	0.0	0.0	135	135
90.0	87.0	71.0	104.5	104.5	89.5	23	0.00111886621557	0.000275758528414	DLR00012709-2009-07-01_08-47-57	-0.000317935074506	3	103	3270.5	483.5	1.46759272133e-05	0.000213117374394	135	135
89.0	86.0	72.0				24	0.0		DLR00012709-2009-07-01_08-47-57	-0.000446755743618	3	103	3414.5	483.5	0.0	0.0	135	135
94.0	91.0	78.0	113.0	110.0	102.0	1	0.000905748841174	0.000296827631526	DLR00012709-2009-07-01_08-47-57	0.00184208204903	4	103	263.5	617.5	4.11379531157e-05	0.000479514092386	135	135
96.0	94.0	79.0	109.0	108.0	96.0	2	0.000639352123182	0.000217669242555	DLR00012709-2009-07-01_08-47-57	0.00148966905263	4	103	409.5	622.5	9.55099666837e-06	0.000159838030795	135	135
98.0	96.0	80.0				3	0.0		DLR00012709-2009-07-01_08-47-57	0.00148355580556	4	103	538.5	619.5	0.0	0.0	135	135
100.0	97.0	80.0	115.5	114.0	101.5	4	0.000266396717992	0.000254859180001	DLR00012709-2009-07-01_08-47-57	0.00106020628397	4	103	686.5	619.5	6.92515220846e-06	0.000106558687197	135	135
100.0	98.0	80.0	120.0	120.0	102.0	5	0.000372955405189	0.000315029844424	DLR00012709-2009-07-01_08-47-57	0.000813328114707	4	103	816.5	621.5	4.28006874783e-06	5.32793435985e-05	135	135
100.0	98.0	80.0				6	0.0		DLR00012709-2009-07-01_08-47-57	0.000546189761934	4	103	952.5	623.5	0.0	0.0	135	135
99.0	98.0	80.0	112.0	112.0	96.0	7	0.000213117374394	0.000207890453965	DLR00012709-2009-07-01_08-47-57	0.000450666925557	4	103	1086.5	619.5	2.82444806655e-06	5.32793435985e-05	135	135
98.0	98.0	80.0	112.5	114.0	96.5	8	0.000426234748788	0.000229654038301	DLR00012709-2009-07-01_08-47-57	-0.000149927911484	4	103	1226.5	612.5	6.24026637187e-06	0.000106558687197	135	135
98.0	98.0	80.0	112.5	115.5	100.5	9	0.000852469497576	0.000264151853755	DLR00012709-2009-07-01_08-47-57	0.000136396992574	4	103	1361.5	619.5	1.46296601216e-05	0.000213117374394	135	135
97.0	97.0	79.0	110.0	111.0	95.0	10	0.000213117374394	0.000209466270716	DLR00012709-2009-07-01_08-47-57	0.000238114505711	4	103	1497.5	619.5	2.84585747949e-06	5.32793435985e-05	135	135
97.0	96.0	79.0				11	0.0		DLR00012709-2009-07-01_08-47-57	0.000636617888085	4	103	1632.5	624.5	0.0	0.0	135	135
97.0	96.0	78.0	110.0	109.0	95.0	12	5.32793435985e-05	0.00021009081384	DLR00012709-2009-07-01_08-47-57	0.000333594053594	4	103	1771.5	616.5	2.85434266766e-06	5.32793435985e-05	135	135
97.0	96.0	78.0				13	0.0		DLR00012709-2009-07-01_08-47-57	-3.86098485324e-05	4	103	1909.5	628.5	0.0	0.0	135	135
97.0	96.0	78.0	111.0	110.0	96.0	14	0.000852469497576	0.00022133069938	DLR00012709-2009-07-01_08-47-57	-0.000529990016396	4	103	2052.5	619.5	9.27665801962e-06	0.000159838030795	135	135
97.0	96.0	78.0	112.5	113.5	97.5	15	0.00191805636955	0.000245191974496	DLR00012709-2009-07-01_08-47-57	-0.000484719825899	4	103	2179.5	619.5	5.15816128737e-05	0.000639352123182	135	135
96.0	95.0	77.0				16	0.000266396717992		DLR00012709-2009-07-01_08-47-57	-0.00138869628494	4	103	2326.5	609.5	0.0	0.0	135	135
97.0	95.0	77.0	111.0	112.0	96.0	17	0.000213117374394	0.000253567924125	DLR00012709-2009-07-01_08-47-57	-0.0014259681457	4	103	2458.5	625.5	3.44503280153e-06	5.32793435985e-05	135	135
97.0	95.0	77.0				18	0.0		DLR00012709-2009-07-01_08-47-57	-0.000988552056014	4	103	2591.5	617.5	0.0	0.0	135	135
97.0	94.0	76.0				19	0.0		DLR00012709-2009-07-01_08-47-57	-7.43081098276e-05	4	103	2720.5	619.5	0.0	0.0	135	135
97.0	94.0	75.0				20	0.000106558687197		DLR00012709-2009-07-01_08-47-57	-0.000362604872699	4	103	2866.5	620.5	0.0	0.0	135	135
96.0	92.0	75.0	107.0	107.0	95.0	21	0.00117214555917	0.000253963827817	DLR00012709-2009-07-01_08-47-57	-0.00021544228069	4	103	2996.5	619.5	6.83592696455e-05	0.00101230752837	135	135
94.0	90.0	73.0	111.0	109.0	94.5	22	0.00069263146678	0.000317903656009	DLR00012709-2009-07-01_08-47-57	-0.000320846210913	4	103	3139.5	619.5	1.85720628495e-05	0.000213117374394	135	135
91.0	87.0	71.0				23	0.000159838030795		DLR00012709-2009-07-01_08-47-57	-0.000491785302339	4	103	3271.5	619.5	0.0	0.0	135	135
89.0	87.0	72.0	105.0	104.0	90.0	24	0.000799190153977	0.000287840690267	DLR00012709-2009-07-01_08-47-57	-0.000823169825084	4	103	3414.5	616.5	1.09070488863e-05	0.000159838030795	135	135
94.0	92.0	77.0	111.0	109.0	98.0	1	0.00069263146678	0.000287676056287	DLR00012709-2009-07-01_08-47-57	0.00177312707587	5	103	268.5	756.5	1.55152609753e-05	0.000213117374394	135	135
97.0	94.0	79.0				2	0.0		DLR00012709-2009-07-01_08-47-57	0.00157506344289	5	103	409.5	756.5	0.0	0.0	135	135
99.0	96.0	80.0				3	5.32793435985e-05		DLR00012709-2009-07-01_08-47-57	0.00174456899889	5	103	535.5	750.5	0.0	0.0	135	135
100.0	98.0	80.0				4	0.0		DLR00012709-2009-07-01_08-47-57	0.00148741555521	5	103	678.5	756.5	0.0	0.0	135	135
100.0	98.0	80.0	119.0	119.0	103.0	5	0.000319676061591	0.00030451765909	DLR00012709-2009-07-01_08-47-57	0.00142781725252	5	103	815.5	756.5	4.13724775257e-06	5.32793435985e-05	135	135
100.0	98.0	80.0				6	0.0		DLR00012709-2009-07-01_08-47-57	0.000846440868072	5	103	952.5	746.5	0.0	0.0	135	135
99.0	98.0	80.0	117.0	117.5	101.5	7	0.000852469497576	0.000286667536933	DLR00012709-2009-07-01_08-47-57	0.000933336205264	5	103	1082.5	756.5	7.78946368137e-06	0.000106558687197	135	135
98.0	98.0	80.0	116.0	116.0	102.0	8	0.000532793435985	0.000280384657433	DLR00012709-2009-07-01_08-47-57	0.000379357421163	5	103	1226.5	748.5	3.80937117829e-06	5.32793435985e-05	135	135
97.0	97.0	80.0	112.0	112.0	96.0	9	0.000159838030795	0.000214533672607	DLR00012709-2009-07-01_08-47-57	0.000555961931519	5	103	1363.5	753.5	2.91470438035e-06	5.32793435985e-05	135	135
97.0	97.0	79.0	113.0	113.0	95.0	10	0.000159838030795	0.000242411007547	DLR00012709-2009-07-01_08-47-57	0.000636434810089	5	103	1497.5	746.5	3.2934523376e-06	5.32793435985e-05	135	135
96.0	96.0	79.0	105.0	111.0	95.0	11	0.000745910810379	0.000220280308433	DLR00012709-2009-07-01_08-47-57	0.0014113460606	5	103	1636.5	750.5	2.16772704317e-05	0.000372955405189	135	135
96.0	96.0	78.0	111.0	111.0	95.0	12	5.32793435985e-05	0.000222576626106	DLR00012709-2009-07-01_08-47-57	-0.00052103011478	5	103	1771.5	765.5	3.02397781753e-06	5.32793435985e-05	135	135
97.0	96.0	78.0	115.0	116.0	100.0	13	0.000745910810379	0.000294052209239	DLR00012709-2009-07-01_08-47-57	-8.32277640306e-05	5	103	1913.5	750.5	1.57299277632e-05	0.000213117374394	135	135
96.0	96.0	78.0	116.0	117.0	101.5	14	0.00223773243114	0.000311312824901	DLR00012709-2009-07-01_08-47-57	-0.000660738037154	5	103	2044.5	756.5	5.09799389208e-05	0.000532793435985	135	135
96.0	96.0	78.0	115.0	115.5	101.0	15	0.00117214555917	0.000294404409416	DLR00012709-2009-07-01_08-47-57	-0.000563073275158	5	103	2177.5	753.5	3.68337423106e-05	0.000426234748788	135	135
96.0	95.0	77.0				16	0.0		DLR00012709-2009-07-01_08-47-57	-0.0011237799743	5	103	2317.5	762.5	0.0	0.0	135	135
96.0	95.0	77.0	113.5	114.5	98.5	17	0.000532793435985	0.00028834941744	DLR00012709-2009-07-01_08-47-57	-0.000902107039625	5	103	2458.5	759.5	7.835164521e-06	0.000106558687197	135	135
97.0	94.0	76.0	114.5	116.0	98.5	18	0.000852469497576	0.000308925735092	DLR00012709-2009-07-01_08-47-57	-0.000953947881976	5	103	2591.5	755.5	1.71977832443e-05	0.000213117374394	135	135
97.0	94.0	76.0	115.0	114.0	100.0	19	0.000319676061591	0.000308604949058	DLR00012709-2009-07-01_08-47-57	-0.000310215162365	5	103	2727.5	756.5	4.19277862485e-06	5.32793435985e-05	135	135
97.0	93.0	75.0				20	0.0		DLR00012709-2009-07-01_08-47-57	-0.0006260429883	5	103	2867.5	754.5	0.0	0.0	135	135
96.0	92.0	74.0	114.5	110.5	95.5	21	0.000852469497576	0.000295269105938	DLR00012709-2009-07-01_08-47-57	-0.000595859479139	5	103	3003.5	756.5	1.6891387066e-05	0.000213117374394	135	135
94.0	90.0	73.0	107.0	107.5	93.0	22	0.00426234748788	0.000270313488523	DLR00012709-2009-07-01_08-47-57	7.9871265956e-05	5	103	3137.5	752.5	0.000233297217264	0.00330331930311	135	135
92.0	88.0	72.0	114.0	114.0	98.0	23	0.00101230752837	0.000384277834265	DLR00012709-2009-07-01_08-47-57	-0.000570176294352	5	103	3271.5	756.5	3.63400725974e-05	0.000372955405189	135	135
90.0	87.0	72.0				24	0.0		DLR00012709-2009-07-01_08-47-57	-0.000803463646634	5	103	3414.5	756.5	0.0	0.0	135	135
95.0	92.0	77.0				1	0.0		DLR00012709-2009-07-01_08-47-57	0.00191405515991	6	103	271.5	893.5	0.0	0.0	135	135
97.0	94.0	79.0	108.5	109.5	97.0	2	0.00186477702595	0.000228459225899	DLR00012709-2009-07-01_08-47-57	0.00184219557387	6	103	409.5	890.5	4.74850581062e-05	0.000745910810379	135	135
99.0	96.0	80.0	114.0	114.0	100.0	3	0.000745910810379	0.000274466324355	DLR00012709-2009-07-01_08-47-57	0.00181389580851	6	103	544.5	892.5	1.20327511561e-05	0.000159838030795	135	135
100.0	98.0	80.0	115.0	116.0	97.0	4	0.000586072779583	0.000247435322432	DLR00012709-2009-07-01_08-47-57	0.00107036203145	6	103	670.5	887.5	1.0774514887e-05	0.000159838030795	135	135
100.0	98.0	80.0				5	0.0		DLR00012709-2009-07-01_08-47-57	0.00146994080051	6	103	814.5	892.5	0.0	0.0	135	135
100.0	98.0	80.0	112.0	114.5	100.0	6	0.00133198358996	0.000261974378752	DLR00012709-2009-07-01_08-47-57	0.00108439413586	6	103	952.5	883.5	2.86010267467e-05	0.000426234748788	135	135
99.0	98.0	80.0	120.0	122.0	103.0	7	0.000479514092386	0.000345080370083	DLR00012709-2009-07-01_08-47-57	0.000999706223537	6	103	1090.5	892.5	4.68834217971e-06	5.32793435985e-05	135	135
98.0	98.0	80.0	118.0	118.0	100.0	8	0.000479514092386	0.000297530054538	DLR00012709-2009-07-01_08-47-57	0.000666440717348	6	103	1226.5	895.5	4.04231253168e-06	5.32793435985e-05	135	135
97.0	97.0	80.0				9	0.0		DLR00012709-2009-07-01_08-47-57	0.000650644765538	6	103	1356.5	888.5	0.0	0.0	135	135
96.0	97.0	79.0				10	0.0		DLR00012709-2009-07-01_08-47-57	0.000678967321437	6	103	1497.5	886.5	0.0	0.0	135	135
96.0	96.0	79.0	106.0	110.0	95.0	11	0.000266396717992	0.00022610863389	DLR00012709-2009-07-01_08-47-57	0.00183520519213	6	103	1643.5	890.5	1.26339808923e-05	0.000213117374394	135	135
96.0	96.0	79.0	106.0	110.0	95.0	12	0.000372955405189	0.00022610863389	DLR00012709-2009-07-01_08-47-57	-3.1809259925e-05	6	103	1771.5	885.5	1.26339808923e-05	0.000213117374394	135	135
96.0	96.0	79.0	116.0	117.0	101.0	13	0.000799190153977	0.000308712768068	DLR00012709-2009-07-01_08-47-57	-5.27720618102e-05	6	103	1907.5	899.5	1.65810919169e-05	0.000213117374394	135	135
96.0	95.0	78.0				14	0.000159838030795		DLR00012709-2009-07-01_08-47-57	-0.00108526651858	6	103	2038.5	892.5	0.0	0.0	135	135
96.0	95.0	78.0	110.0	111.0	95.0	15	0.000532793435985	0.000233668118877	DLR00012709-2009-07-01_08-47-57	-0.000839446671292	6	103	2174.5	891.5	1.31093448267e-05	0.000213117374394	135	135
96.0	95.0	77.0	112.0	112.0	98.0	16	0.00069263146678	0.00026255063754	DLR00012709-2009-07-01_08-47-57	-0.00114971112314	6	103	2312.5	892.5	1.19731158414e-05	0.000159838030795	135	135
96.0	95.0	77.0	109.0	112.0	97.0	17	0.00154510096436	0.000264681282202	DLR00012709-2009-07-01_08-47-57	-0.000614376074948	6	103	2458.5	892.5	5.39154985025e-05	0.000745910810379	135	135
96.0	94.0	76.0	108.0	109.0	93.0	18	0.000319676061591	0.000221264600307	DLR00012709-2009-07-01_08-47-57	-0.000929210841906	6	103	2591.5	895.5	3.00615232981e-06	5.32793435985e-05	135	135
97.0	94.0	75.0				19	0.0		DLR00012709-2009-07-01_08-47-57	-0.000342226214046	6	103	2731.5	898.5	0.0	0.0	135	135
96.0	93.0	75.0				20	0.0		DLR00012709-2009-07-01_08-47-57	-0.000581506587371	6	103	2866.5	891.5	0.0	0.0	135	135
96.0	92.0	74.0				21	0.0		DLR00012709-2009-07-01_08-47-57	-0.000396523048399	6	103	2997.5	892.5	0.0	0.0	135	135
94.0	90.0	73.0	103.0	103.0	91.0	22	0.0	0.000211465733394	DLR00012709-2009-07-01_08-47-57	-0.000562149625768	6	103	3137.5	886.5	2.87302264454e-06	5.32793435985e-05	135	135
92.0	88.0	71.0	105.0	104.0	90.0	23	0.00069263146678	0.00024607006495	DLR00012709-2009-07-01_08-47-57	-0.000492224672175	6	103	3274.5	892.5	9.87889761788e-06	0.000159838030795	135	135
90.0	87.0	71.0	102.0	102.0	88.0	24	0.00127870424636	0.000233974418194	DLR00012709-2009-07-01_08-47-57	-0.000954793728503	6	103	3404.5	890.5	2.56131389234e-05	0.000372955405189	135	135
95.0	92.0	77.0				1	0.0		DLR00012709-2009-07-01_08-47-57	0.00197772642839	7	103	274.5	1031.5	0.0	0.0	135	135
98.0	95.0	78.0				2	0.0		DLR00012709-2009-07-01_08-47-57	0.00140201195292	7	103	409.5	1031.5	0.0	0.0	135	135
99.0	97.0	79.0				3	0.0		DLR00012709-2009-07-01_08-47-57	0.00185700963164	7	103	551.5	1031.5	0.0	0.0	135	135
100.0	98.0	80.0				4	0.0		DLR00012709-2009-07-01_08-47-57	0.00137231918544	7	103	678.5	1034.5	0.0	0.0	135	135
100.0	98.0	80.0				5	0.0		DLR00012709-2009-07-01_08-47-57	0.0016013567092	7	103	815.5	1022.5	0.0	0.0	135	135
100.0	98.0	80.0				6	0.0		DLR00012709-2009-07-01_08-47-57	0.00122871235544	7	103	944.5	1023.5	0.0	0.0	135	135
99.0	98.0	80.0				7	0.0		DLR00012709-2009-07-01_08-47-57	0.00150999453102	7	103	1085.5	1037.5	0.0	0.0	135	135
98.0	97.0	79.0	118.0	121.0	106.0	8	0.000905748841174	0.000351005460637	DLR00012709-2009-07-01_08-47-57	0.00100367934395	7	103	1226.5	1029.5	3.14888751866e-05	0.000372955405189	135	135
97.0	97.0	80.0	119.5	120.0	104.0	9	0.00133198358996	0.000338415064419	DLR00012709-2009-07-01_08-47-57	0.00115876849122	7	103	1363.5	1026.5	2.77469680945e-05	0.000319676061591	135	135
96.0	96.0	79.0	110.0	112.0	95.0	10	0.00069263146678	0.000219163344133	DLR00012709-2009-07-01_08-47-57	0.000652895521856	7	103	1497.5	1030.5	9.94170389955e-06	0.000159838030795	135	135
96.0	96.0	79.0				11	0.0		DLR00012709-2009-07-01_08-47-57	0.000934331240233	7	103	1640.5	1036.5	0.0	0.0	135	135
96.0	96.0	79.0	119.0	120.0	104.0	12	0.000959028184773	0.000349119457202	DLR00012709-2009-07-01_08-47-57	0.000211996039944	7	103	1771.5	1031.5	2.77008703593e-05	0.000266396717992	135	135
95.0	96.0	79.0	113.0	113.0	99.0	13	0.00159838030795	0.000273568980057	DLR00012709-2009-07-01_08-47-57	0.000290741775989	7	103	1908.5	1033.5	2.81905026604e-05	0.000372955405189	135	135
95.0	95.0	78.0	111.5	112.5	98.0	14	0.00111886621557	0.000259679523812	DLR00012709-2009-07-01_08-47-57	-7.90707558935e-05	7	103	2046.5	1031.5	1.4350167713e-05	0.000213117374394	135	135
95.0	95.0	78.0	108.0	111.0	98.0	15	0.00202461505674	0.000262523808578	DLR00012709-2009-07-01_08-47-57	-0.000316013328557	7	103	2184.5	1033.5	7.43951640242e-05	0.00106558687197	135	135
95.0	94.0	77.0	115.0	114.0	100.0	16	0.000479514092386	0.000295565071427	DLR00012709-2009-07-01_08-47-57	-0.00122555647839	7	103	2314.5	1025.5	8.0312316281e-06	0.000106558687197	135	135
95.0	94.0	76.0	109.0	110.0	92.0	17	0.000586072779583	0.00023729017237	DLR00012709-2009-07-01_08-47-57	-0.000706803951574	7	103	2458.5	1031.5	9.6573771588e-06	0.000159838030795	135	135
96.0	94.0	76.0	115.0	115.0	99.0	18	0.000905748841174	0.000315989644223	DLR00012709-2009-07-01_08-47-57	-0.000751141833115	7	103	2591.5	1028.5	2.38366354165e-05	0.000319676061591	135	135
96.0	94.0	75.0				19	0.0		DLR00012709-2009-07-01_08-47-57	-0.000276560151346	7	103	2725.5	1027.5	0.0	0.0	135	135
96.0	93.0	74.0				20	0.0		DLR00012709-2009-07-01_08-47-57	-0.000814901708948	7	103	2872.5	1031.5	0.0	0.0	135	135
96.0	92.0	74.0	110.0	111.5	99.5	21	0.00117214555917	0.00029599348236	DLR00012709-2009-07-01_08-47-57	-0.000201199261426	7	103	2999.5	1031.5	3.2659535718e-05	0.000426234748788	135	135
94.0	90.0	73.0	105.5	105.5	89.5	22	0.000319676061591	0.000253848074218	DLR00012709-2009-07-01_08-47-57	-0.000171930032723	7	103	3137.5	1024.5	6.89767797171e-06	0.000106558687197	135	135
92.0	89.0	71.0	101.0	101.0	89.0	23	0.0	0.000219967865021	DLR00012709-2009-07-01_08-47-57	-0.000184485576532	7	103	3267.5	1024.5	2.98853458258e-06	5.32793435985e-05	135	135
90.0	87.0	71.0	100.0	103.0	90.0	24	0.000106558687197	0.000225919573619	DLR00012709-2009-07-01_08-47-57	-0.000969211498445	7	103	3411.5	1031.5	2.53283098568e-05	0.000426234748788	135	135
96.0	93.0	77.0	111.0	108.0	94.0	1	0.000319676061591	0.000228887214831	DLR00012709-2009-07-01_08-47-57	0.00196567549135	8	103	276.5	1172.5	3.10971494389e-06	5.32793435985e-05	135	135
98.0	95.0	78.0				2	0.0		DLR00012709-2009-07-01_08-47-57	0.00127109176304	8	103	411.5	1167.5	0.0	0.0	135	135
99.0	97.0	79.0	115.0	113.0	98.0	3	0.000905748841174	0.000252670942204	DLR00012709-2009-07-01_08-47-57	0.00164276921605	8	103	546.5	1155.5	1.82176155765e-05	0.000266396717992	135	135
100.0	98.0	79.0				4	0.0		DLR00012709-2009-07-01_08-47-57	0.00139514657603	8	103	678.5	1168.5	0.0	0.0	135	135
100.0	98.0	80.0				5	0.0		DLR00012709-2009-07-01_08-47-57	0.0016797817183	8	103	822.5	1164.5	0.0	0.0	135	135
99.0	98.0	79.0	113.0	113.0	97.0	6	0.000213117374394	0.000235247898497	DLR00012709-2009-07-01_08-47-57	0.0016482360309	8	103	952.5	1170.5	3.19613267178e-06	5.32793435985e-05	135	135
98.0	98.0	79.0	114.0	114.0	100.5	7	0.000852469497576	0.000253752281003	DLR00012709-2009-07-01_08-47-57	0.00183484093777	8	103	1082.5	1164.5	2.99508201955e-05	0.000319676061591	135	135
97.0	97.0	79.0				8	0.0		DLR00012709-2009-07-01_08-47-57	0.00133635929812	8	103	1226.5	1157.5	0.0	0.0	135	135
97.0	97.0	79.0				9	0.0		DLR00012709-2009-07-01_08-47-57	0.00107078790612	8	103	1358.5	1166.5	0.0	0.0	135	135
96.0	96.0	79.0				10	0.0		DLR00012709-2009-07-01_08-47-57	0.000732147358947	8	103	1499.5	1164.5	0.0	0.0	135	135
96.0	96.0	79.0	116.0	120.5	108.5	11	0.00458202354947	0.00033835363365	DLR00012709-2009-07-01_08-47-57	0.000654663538332	8	103	1635.5	1164.5	0.000213276436863	0.00234429111833	135	135
95.0	96.0	79.0	109.0	116.0	101.0	12	0.000905748841174	0.000253428055249	DLR00012709-2009-07-01_08-47-57	-0.000222402937361	8	103	1777.5	1157.5	4.42942385221e-05	0.00069263146678	135	135
95.0	95.0	79.0	109.0	109.0	93.0	13	0.000106558687197	0.000208832695135	DLR00012709-2009-07-01_08-47-57	0.00042689793556	8	103	1903.5	1164.5	2.83724957427e-06	5.32793435985e-05	135	135
95.0	95.0	78.0				14	0.0		DLR00012709-2009-07-01_08-47-57	-3.19556570087e-05	8	103	2047.5	1164.5	0.0	0.0	135	135
94.0	94.0	77.0				15	0.0		DLR00012709-2009-07-01_08-47-57	-0.000468629654029	8	103	2182.5	1164.5	0.0	0.0	135	135
95.0	94.0	77.0	111.5	114.0	101.0	16	0.00154510096436	0.000289969217285	DLR00012709-2009-07-01_08-47-57	-0.00097252392864	8	103	2317.5	1164.5	6.34211183001e-05	0.000639352123182	135	135
95.0	94.0	76.0				17	0.000106558687197		DLR00012709-2009-07-01_08-47-57	-0.000813702669901	8	103	2452.5	1164.5	0.0	0.0	135	135
95.0	93.0	75.0				18	0.0		DLR00012709-2009-07-01_08-47-57	-0.000895416658482	8	103	2591.5	1163.5	0.0	0.0	135	135
95.0	93.0	75.0				19	5.32793435985e-05		DLR00012709-2009-07-01_08-47-57	-0.000642063929191	8	103	2721.5	1168.5	0.0	0.0	135	135
96.0	93.0	74.0	117.0	116.0	96.0	20	0.000905748841174	0.000348693187226	DLR00012709-2009-07-01_08-47-57	-0.000976854102203	8	103	2866.5	1164.5	1.93769574554e-05	0.000213117374394	135	135
95.0	92.0	74.0	117.0	114.0	99.0	21	0.00127870424636	0.000352287397697	DLR00012709-2009-07-01_08-47-57	-0.000404203603327	8	103	2996.5	1164.5	2.35662155164e-05	0.000266396717992	135	135
94.0	91.0	73.0	104.5	104.5	88.5	22	0.000479514092386	0.000237719672167	DLR00012709-2009-07-01_08-47-57	0.00047778188072	8	103	3137.5	1155.5	1.31374024672e-05	0.000213117374394	135	135
92.0	89.0	72.0	106.0	101.0	86.0	23	5.32793435985e-05	0.000220190954315	DLR00012709-2009-07-01_08-47-57	0.000447130279835	8	103	3269.5	1164.5	2.99156552562e-06	5.32793435985e-05	135	135
90.0	87.0	71.0	101.0	104.0	91.0	24	0.000586072779583	0.000242450467658	DLR00012709-2009-07-01_08-47-57	-0.000789290870086	8	103	3408.5	1164.5	1.62211275084e-05	0.000266396717992	135	135
96.0	94.0	77.0				1	5.32793435985e-05		DLR00012709-2009-07-01_08-47-57	0.00148986043984	9	103	278.5	1304.5	0.0	0.0	135	135
98.0	95.0	78.0	112.5	114.0	100.0	2	0.00127870424636	0.000288869785227	DLR00012709-2009-07-01_08-47-57	0.00189149994715	9	103	409.5	1304.5	3.92143176919e-05	0.000532793435985	135	135
99.0	97.0	79.0	118.0	118.0	100.0	3	0.000639352123182	0.000313023014065	DLR00012709-2009-07-01_08-47-57	0.00196729734766	9	103	541.5	1301.5	4.25280348376e-06	5.32793435985e-05	135	135
100.0	98.0	79.0	116.0	116.0	100.0	4	0.00175821833875	0.000273695834824	DLR00012709-2009-07-01_08-47-57	0.00151295356127	9	103	679.5	1304.5	2.93990291515e-05	0.000426234748788	135	135
100.0	98.0	80.0	114.5	115.5	99.5	5	0.000532793435985	0.000245903248203	DLR00012709-2009-07-01_08-47-57	0.00206290380279	9	103	815.5	1304.5	2.03016100261e-05	0.000319676061591	135	135
99.0	98.0	79.0	115.0	114.5	99.5	6	0.00106558687197	0.000261773904108	DLR00012709-2009-07-01_08-47-57	0.0014807957537	9	103	952.5	1301.5	1.49990018901e-05	0.000213117374394	135	135
98.0	97.0	79.0				7	0.0		DLR00012709-2009-07-01_08-47-57	0.00210063670621	9	103	1082.5	1304.5	0.0	0.0	135	135
97.0	97.0	79.0	112.5	114.0	96.5	8	0.000586072779583	0.000261439511338	DLR00012709-2009-07-01_08-47-57	0.00160444960755	9	103	1233.5	1304.5	1.42097274245e-05	0.000213117374394	135	135
96.0	96.0	78.0	112.0	112.0	94.0	9	0.000106558687197	0.000234178155508	DLR00012709-2009-07-01_08-47-57	0.000981460450924	9	103	1354.5	1300.5	3.1815988947e-06	5.32793435985e-05	135	135
96.0	96.0	79.0	113.5	116.5	101.5	10	0.000905748841174	0.000303389393637	DLR00012709-2009-07-01_08-47-57	0.000647770462309	9	103	1497.5	1303.5	2.59040586611e-05	0.000319676061591	135	135
96.0	96.0	79.0	110.0	112.0	97.5	11	0.00234429111833	0.000253536823878	DLR00012709-2009-07-01_08-47-57	0.000992818873783	9	103	1636.5	1311.5	4.19973701381e-05	0.000639352123182	135	135
95.0	96.0	79.0	109.0	111.0	96.0	12	0.000852469497576	0.000231898097806	DLR00012709-2009-07-01_08-47-57	6.45366570796e-05	9	103	1771.5	1304.5	1.57245703423e-05	0.000266396717992	135	135
95.0	95.0	78.0	110.0	112.0	98.5	13	0.00245084980553	0.000256591034403	DLR00012709-2009-07-01_08-47-57	0.000279681704692	9	103	1906.5	1310.5	6.94521918542e-05	0.000852469497576	135	135
94.0	95.0	78.0	127.0	127.0	112.0	14	0.000852469497576	0.000476026076143	DLR00012709-2009-07-01_08-47-57	-0.000587025624941	9	103	2039.5	1306.5	2.49590675776e-05	0.000213117374394	135	135
94.0	94.0	77.0	111.0	110.0	96.0	15	0.000479514092386	0.000255226447432	DLR00012709-2009-07-01_08-47-57	0.00052139543762	9	103	2180.5	1304.5	6.93513176995e-06	0.000106558687197	135	135
94.0	93.0	76.0	113.5	113.5	98.5	16	0.00149182162076	0.000308796074538	DLR00012709-2009-07-01_08-47-57	-0.000629414752703	9	103	2317.5	1297.5	3.28273773853e-05	0.000426234748788	135	135
95.0	93.0	76.0	109.0	109.0	93.0	17	0.00133198358996	0.000226864512012	DLR00012709-2009-07-01_08-47-57	-0.000910937101663	9	103	2465.5	1304.5	2.6847634888e-05	0.000426234748788	135	135
95.0	93.0	75.0	111.0	111.0	95.0	18	0.00170493899515	0.000277111793837	DLR00012709-2009-07-01_08-47-57	-0.000978558019591	9	103	2591.5	1295.5	5.01797520319e-05	0.000586072779583	135	135
95.0	93.0	74.0	112.0	112.0	96.0	19	0.000479514092386	0.000294376928357	DLR00012709-2009-07-01_08-47-57	-0.000384131719926	9	103	2725.5	1304.5	7.99894685184e-06	0.000106558687197	135	135
95.0	92.0	74.0	107.0	107.0	93.0	20	0.000799190153977	0.000226925217996	DLR00012709-2009-07-01_08-47-57	-0.000632130108354	9	103	2866.5	1304.5	9.82740243917e-06	0.000159838030795	135	135
95.0	92.0	73.0	111.0	109.0	91.0	21	0.000319676061591	0.000258235613276	DLR00012709-2009-07-01_08-47-57	-0.000643284593214	9	103	2992.5	1304.5	3.50844911212e-06	5.32793435985e-05	135	135
94.0	90.0	72.0	112.0	110.0	92.0	22	0.00149182162076	0.00030311211429	DLR00012709-2009-07-01_08-47-57	-4.60455213309e-05	9	103	3143.5	1294.5	2.88434705466e-05	0.000372955405189	135	135
92.0	89.0	72.0	103.0	104.5	90.0	23	0.00197133571314	0.000271900752401	DLR00012709-2009-07-01_08-47-57	0.00075746910979	9	103	3271.5	1304.5	5.43923566244e-05	0.000745910810379	135	135
90.0	87.0	72.0	102.0	102.0	90.0	24	0.0	0.000214535563906	DLR00012709-2009-07-01_08-47-57	-0.00029340529879	9	103	3412.5	1304.5	2.91473007598e-06	5.32793435985e-05	135	135
96.0	94.0	78.0	108.5	113.0	111.0	1	0.000319676061591	0.000234313657146	DLR00012709-2009-07-01_08-47-57	0.00121998263439	10	103	265.5	1431.5	4.56107301894e-05	0.000745910810379	135	135
98.0	95.0	78.0	111.5	110.5	96.5	2	0.000372955405189	0.000248516091591	DLR00012709-2009-07-01_08-47-57	0.00156487211373	10	103	409.5	1438.5	6.75279485916e-06	0.000106558687197	135	135
99.0	97.0	79.0	116.0	119.0	103.0	3	0.00223773243114	0.000335099304472	DLR00012709-2009-07-01_08-47-57	0.00211232989981	10	103	544.5	1446.5	6.56827347399e-05	0.00069263146678	135	135
99.0	98.0	80.0	115.5	116.5	98.0	4	0.00111886621557	0.000263690810278	DLR00012709-2009-07-01_08-47-57	0.00179967345044	10	103	678.5	1431.5	2.16964406602e-05	0.000319676061591	135	135
100.0	98.0	80.0	114.0	116.0	100.0	5	0.00106558687197	0.000251435554364	DLR00012709-2009-07-01_08-47-57	0.00213293166941	10	103	820.5	1433.5	4.13569076501e-05	0.000586072779583	135	135
99.0	98.0	79.0				6	0.0		DLR00012709-2009-07-01_08-47-57	0.00172874663115	10	103	961.5	1439.5	0.0	0.0	135	135
98.0	97.0	79.0	112.0	112.0	98.0	7	0.000266396717992	0.000238636482506	DLR00012709-2009-07-01_08-47-57	0.00179948630206	10	103	1093.5	1442.5	3.24217076238e-06	5.32793435985e-05	135	135
97.0	96.0	79.0	111.0	113.0	94.0	8	0.000319676061591	0.000236756204863	DLR00012709-2009-07-01_08-47-57	0.00166147282633	10	103	1226.5	1438.5	3.21662487293e-06	5.32793435985e-05	135	135
96.0	96.0	78.0	111.0	113.0	94.0	9	0.000319676061591	0.000236756204863	DLR00012709-2009-07-01_08-47-57	0.00103719160679	10	103	1355.5	1432.5	3.21662487293e-06	5.32793435985e-05	135	135
96.0	96.0	79.0	113.5	116.5	101.5	10	0.00159838030795	0.000297602588688	DLR00012709-2009-07-01_08-47-57	0.00113701029503	10	103	1503.5	1431.5	4.03844358876e-05	0.000532793435985	135	135
96.0	96.0	79.0	108.0	111.0	96.0	11	0.000159838030795	0.000210971581681	DLR00012709-2009-07-01_08-47-57	0.00106074468161	10	103	1642.5	1438.5	8.76042274232e-06	0.000159838030795	135	135
95.0	95.0	78.0				12	0.0		DLR00012709-2009-07-01_08-47-57	0.000398286240512	10	103	1771.5	1438.5	0.0	0.0	135	135
95.0	95.0	78.0	114.0	115.0	100.0	13	0.00101230752837	0.000303502369963	DLR00012709-2009-07-01_08-47-57	0.000443351031311	10	103	1904.5	1438.5	2.12129625259e-05	0.000266396717992	135	135
94.0	94.0	77.0	114.0	114.0	97.0	14	0.00111886621557	0.00030094709317	DLR00012709-2009-07-01_08-47-57	-0.000311665416613	10	103	2046.5	1439.5	1.96527304536e-05	0.000266396717992	135	135
93.0	93.0	77.0	116.0	120.0	108.0	15	0.00330331930311	0.000366777851444	DLR00012709-2009-07-01_08-47-57	0.000122801440324	10	103	2184.5	1438.5	0.000150547041214	0.00133198358996	135	135
93.0	93.0	76.0	108.0	108.5	95.5	16	0.00111886621557	0.000238494103944	DLR00012709-2009-07-01_08-47-57	-0.000309397478962	10	103	2319.5	1438.5	2.08834385581e-05	0.000319676061591	135	135
94.0	93.0	75.0	109.0	110.5	97.0	17	0.00207789440034	0.000270419000674	DLR00012709-2009-07-01_08-47-57	-0.000447336097743	10	103	2462.5	1428.5	6.12870897372e-05	0.000852469497576	135	135
94.0	92.0	75.0	110.0	109.5	96.0	18	0.00154510096436	0.000251531905881	DLR00012709-2009-07-01_08-47-57	-0.00121105001864	10	103	2591.5	1438.5	3.50409173512e-05	0.000532793435985	135	135
95.0	92.0	74.0	116.5	114.5	103.5	19	0.00122542490277	0.000385011586446	DLR00012709-2009-07-01_08-47-57	-0.000154964440515	10	103	2721.5	1438.5	5.29303198994e-05	0.000532793435985	135	135
94.0	92.0	74.0	108.5	108.5	93.0	20	0.00149182162076	0.000244644162316	DLR00012709-2009-07-01_08-47-57	-0.00043455286235	10	103	2866.5	1435.5	4.35086493078e-05	0.000639352123182	135	135
94.0	91.0	73.0				21	0.0		DLR00012709-2009-07-01_08-47-57	-0.000332623240241	10	103	3003.5	1438.5	0.0	0.0	135	135
93.0	90.0	72.0	105.0	105.0	91.0	22	0.000213117374394	0.000246144011503	DLR00012709-2009-07-01_08-47-57	-9.29125702542e-05	10	103	3136.5	1430.5	9.86630073986e-06	0.000159838030795	135	135
91.0	88.0	72.0	106.0	106.0	91.5	23	0.00101230752837	0.000268825775458	DLR00012709-2009-07-01_08-47-57	0.000573919622298	10	103	3274.5	1438.5	3.1206680968e-05	0.000426234748788	135	135
90.0	87.0	72.0	105.0	103.5	93.5	24	0.000745910810379	0.000295993034179	DLR00012709-2009-07-01_08-47-57	-0.00043406780102	10	103	3414.5	1438.5	8.04286043109e-06	0.000106558687197	135	135
96.0	94.0	78.0	110.0	110.0	96.0	1	0.000639352123182	0.000264661385264	DLR00012709-2009-07-01_08-47-57	0.00147930419486	11	103	272.5	1578.5	1.63312583785e-05	0.000213117374394	135	135
97.0	95.0	78.0	113.0	112.0	98.0	2	0.000586072779583	0.00026319867723	DLR00012709-2009-07-01_08-47-57	0.00154964781772	11	103	409.5	1577.5	7.15175690698e-06	0.000106558687197	135	135
99.0	97.0	79.0	117.0	115.0	97.0	3	0.000426234748788	0.000275818491541	DLR00012709-2009-07-01_08-47-57	0.00233698947067	11	103	539.5	1580.5	3.74733418631e-06	5.32793435985e-05	135	135
99.0	97.0	79.0	116.0	117.0	101.0	4	0.000745910810379	0.000301027225265	DLR00012709-2009-07-01_08-47-57	0.0021816095841	11	103	678.5	1578.5	1.56053973328e-05	0.000213117374394	135	135
99.0	98.0	80.0	114.0	113.0	99.0	5	0.000586072779583	0.000241403153937	DLR00012709-2009-07-01_08-47-57	0.00253023513133	11	103	815.5	1578.5	1.66982221691e-05	0.000266396717992	135	135
99.0	97.0	79.0				6	0.0		DLR00012709-2009-07-01_08-47-57	0.00104900453954	11	103	954.5	1576.5	0.0	0.0	135	135
98.0	96.0	78.0	111.0	112.0	96.0	7	0.00207789440034	0.000239215772767	DLR00012709-2009-07-01_08-47-57	0.000792655050639	11	103	1090.5	1574.5	3.79677555499e-05	0.000586072779583	135	135
97.0	96.0	78.0	113.0	114.0	97.0	8	0.00181149768235	0.000274736993112	DLR00012709-2009-07-01_08-47-57	0.0010355480858	11	103	1226.5	1580.5	3.5875848549e-05	0.000532793435985	135	135
96.0	95.0	78.0	110.5	111.5	93.5	9	0.000799190153977	0.000231695581159	DLR00012709-2009-07-01_08-47-57	0.00112781821854	11	103	1366.5	1586.5	2.36581724317e-05	0.000319676061591	135	135
95.0	95.0	78.0	116.0	117.0	101.0	10	0.00186477702595	0.000334436750289	DLR00012709-2009-07-01_08-47-57	0.00105260725952	11	103	1497.5	1578.5	7.02891556227e-05	0.000639352123182	135	135
95.0	95.0	77.0	113.5	113.5	97.5	11	0.00069263146678	0.000283155492133	DLR00012709-2009-07-01_08-47-57	0.0010619547038	11	103	1639.5	1571.5	1.55945846199e-05	0.000213117374394	135	135
94.0	95.0	77.0	113.0	113.5	98.5	12	0.000586072779583	0.000280490090095	DLR00012709-2009-07-01_08-47-57	-0.000455176740231	11	103	1771.5	1569.5	7.62160722193e-06	0.000106558687197	135	135
94.0	94.0	77.0	109.0	110.0	94.0	13	0.000159838030795	0.00022876927271	DLR00012709-2009-07-01_08-47-57	-8.34923306445e-05	11	103	1908.5	1570.5	3.1081125548e-06	5.32793435985e-05	135	135
94.0	94.0	76.0	114.0	115.0	103.0	14	0.00250412914913	0.000317042020631	DLR00012709-2009-07-01_08-47-57	-0.00019418490764	11	103	2046.5	1578.5	0.000104781937972	0.000799190153977	135	135
93.0	93.0	76.0	110.0	110.0	92.0	15	0.000266396717992	0.000248322987496	DLR00012709-2009-07-01_08-47-57	9.11401537835e-05	11	103	2178.5	1578.5	3.37377387243e-06	5.32793435985e-05	135	135
93.0	92.0	75.0	114.0	114.0	100.0	16	0.00106558687197	0.000336038055631	DLR00012709-2009-07-01_08-47-57	-4.79997348162e-05	11	103	2320.5	1575.5	3.33416667008e-05	0.000372955405189	135	135
93.0	92.0	75.0	111.5	113.0	94.5	17	0.000905748841174	0.000309462275562	DLR00012709-2009-07-01_08-47-57	-0.000466810083554	11	103	2458.5	1578.5	1.59722685997e-05	0.000213117374394	135	135
94.0	92.0	74.0	109.0	109.0	94.5	18	0.000852469497576	0.000264860601799	DLR00012709-2009-07-01_08-47-57	-0.000763248809402	11	103	2591.5	1573.5	2.1334548723e-05	0.000319676061591	135	135
94.0	92.0	74.0				19	0.0		DLR00012709-2009-07-01_08-47-57	-0.000156906688762	11	103	2724.5	1578.5	0.0	0.0	135	135
94.0	91.0	73.0	107.0	107.0	89.0	20	0.000106558687197	0.000209851202075	DLR00012709-2009-07-01_08-47-57	-8.03735029676e-05	11	103	2866.5	1578.5	2.85108724648e-06	5.32793435985e-05	135	135
94.0	90.0	73.0				21	0.0		DLR00012709-2009-07-01_08-47-57	2.51109820453e-05	11	103	2994.5	1578.5	0.0	0.0	135	135
93.0	89.0	72.0				22	0.0		DLR00012709-2009-07-01_08-47-57	-0.00102760314584	11	103	3137.5	1571.5	0.0	0.0	135	135
91.0	87.0	72.0	104.0	104.0	92.0	23	0.000426234748788	0.000270865482364	DLR00012709-2009-07-01_08-47-57	-0.000699441008421	11	103	3272.5	1578.5	7.36008290295e-06	0.000106558687197	135	135
89.0	86.0	71.0	105.0	105.0	91.5	24	0.000745910810379	0.000302392083648	DLR00012709-2009-07-01_08-47-57	-0.000942168228844	11	103	3405.5	1568.5	1.6100592844e-05	0.000213117374394	135	135
96.0	93.0	78.0	109.0	109.0	96.0	1	0.000905748841174	0.000251350807891	DLR00012709-2009-07-01_08-47-57	0.00209203967314	12	103	269.5	1711.5	2.7589845878e-05	0.000372955405189	135	135
97.0	95.0	78.0	111.5	109.5	95.5	2	0.00069263146678	0.000248664086946	DLR00012709-2009-07-01_08-47-57	0.00179954367992	12	103	409.5	1704.5	6.7568162578e-06	0.000106558687197	135	135
98.0	96.0	79.0	117.0	115.0	97.0	3	0.000372955405189	0.000275818491541	DLR00012709-2009-07-01_08-47-57	0.00222831644005	12	103	544.5	1711.5	3.74733418631e-06	5.32793435985e-05	135	135
99.0	97.0	79.0	112.0	112.0	96.0	4	0.000106558687197	0.000232549227387	DLR00012709-2009-07-01_08-47-57	0.00249309332441	12	103	680.5	1711.5	3.15946789832e-06	5.32793435985e-05	135	135
99.0	97.0	79.0	111.0	113.0	94.0	5	0.000106558687197	0.000225847688807	DLR00012709-2009-07-01_08-47-57	0.00329718934243	12	103	815.5	1704.5	3.06841923628e-06	5.32793435985e-05	135	135
98.0	97.0	78.0				6	0.0		DLR00012709-2009-07-01_08-47-57	0.000854397635518	12	103	952.5	1709.5	0.0	0.0	135	135
98.0	96.0	78.0	115.0	116.0	101.0	7	0.00106558687197	0.000285753275696	DLR00012709-2009-07-01_08-47-57	0.0022376047311	12	103	1086.5	1712.5	2.9723275516e-05	0.000372955405189	135	135
96.0	96.0	78.0				8	0.0		DLR00012709-2009-07-01_08-47-57	0.00142847571273	12	103	1222.5	1711.5	0.0	0.0	135	135
96.0	95.0	78.0	113.5	113.5	96.5	9	0.00202461505674	0.000280584792011	DLR00012709-2009-07-01_08-47-57	0.00165464842767	12	103	1363.5	1711.5	5.06217621915e-05	0.000639352123182	135	135
95.0	95.0	77.0	111.0	113.0	98.0	10	0.000745910810379	0.000270015615272	DLR00012709-2009-07-01_08-47-57	0.00110724767882	12	103	1497.5	1711.5	2.73139629683e-05	0.000266396717992	135	135
95.0	94.0	77.0	113.0	113.0	99.0	11	0.00165165965155	0.000284886781998	DLR00012709-2009-07-01_08-47-57	0.00172324480985	12	103	1634.5	1705.5	4.53603951103e-05	0.000586072779583	135	135
94.0	94.0	76.0	110.0	112.0	94.5	12	0.00159838030795	0.000259772772896	DLR00012709-2009-07-01_08-47-57	0.000163430931455	12	103	1771.5	1705.5	2.20298576983e-05	0.000319676061591	135	135
94.0	93.0	76.0	108.5	108.5	93.5	13	0.000372955405189	0.000239985753389	DLR00012709-2009-07-01_08-47-57	-0.00025099604791	12	103	1904.5	1715.5	6.52100454092e-06	0.000106558687197	135	135
93.0	93.0	76.0	117.0	117.0	101.0	14	0.000799190153977	0.000379530612646	DLR00012709-2009-07-01_08-47-57	-0.000403491809233	12	103	2046.5	1711.5	1.51389186586e-05	0.000159838030795	135	135
93.0	92.0	75.0	111.5	114.0	102.0	15	0.00255740849273	0.000324656173667	DLR00012709-2009-07-01_08-47-57	0.000418582498537	12	103	2184.5	1711.5	0.000100576041272	0.00106558687197	135	135
93.0	92.0	75.0	111.0	111.0	95.0	16	0.00218445308754	0.000294519258769	DLR00012709-2009-07-01_08-47-57	-7.18957311962e-05	12	103	2317.5	1711.5	5.41851464708e-05	0.00069263146678	135	135
93.0	92.0	75.0	107.5	107.5	93.5	17	0.000639352123182	0.000258196321959	DLR00012709-2009-07-01_08-47-57	-0.000344477083287	12	103	2464.5	1710.5	1.42356777866e-05	0.000213117374394	135	135
93.0	91.0	74.0				18	0.0		DLR00012709-2009-07-01_08-47-57	-0.000903820716167	12	103	2591.5	1711.5	0.0	0.0	135	135
94.0	91.0	74.0				19	0.0		DLR00012709-2009-07-01_08-47-57	7.0267839616e-05	12	103	2722.5	1711.5	0.0	0.0	135	135
93.0	91.0	73.0				20	0.0		DLR00012709-2009-07-01_08-47-57	0.000451101976453	12	103	2866.5	1715.5	0.0	0.0	135	135
93.0	90.0	73.0	107.0	106.5	92.5	21	0.00159838030795	0.000278761474933	DLR00012709-2009-07-01_08-47-57	0.000716299771728	12	103	2999.5	1711.5	3.87039501065e-05	0.000532793435985	135	135
92.0	88.0	72.0	107.0	106.5	92.5	22	0.00149182162076	0.000280532521089	DLR00012709-2009-07-01_08-47-57	-0.000974727445248	12	103	3137.5	1703.5	3.03078100268e-05	0.000426234748788	135	135
90.0	87.0	71.0				23	0.0		DLR00012709-2009-07-01_08-47-57	-0.00103255925572	12	103	3272.5	1711.5	0.0	0.0	135	135
88.0	85.0	70.0	102.0	101.0	91.0	24	0.000266396717992	0.000284577299523	DLR00012709-2009-07-01_08-47-57	-0.000927571893856	12	103	3405.5	1703.5	1.13880527581e-05	0.000159838030795	135	135
95.0	93.0	78.0				1	0.0		DLR00012709-2009-07-01_08-47-57	0.00193221415529	13	103	275.5	1858.5	0.0	0.0	135	135
96.0	94.0	78.0	116.0	113.0	98.0	2	0.000372955405189	0.000300839410206	DLR00012709-2009-07-01_08-47-57	0.0016061773346	13	103	409.5	1847.5	4.0872742076e-06	5.32793435985e-05	135	135
97.0	95.0	78.0	111.5	112.5	98.5	3	0.00277052586712	0.000266209650659	DLR00012709-2009-07-01_08-47-57	0.00222056493152	13	103	544.5	1850.5	8.27797522116e-05	0.00117214555917	135	135
98.0	96.0	79.0	117.0	117.0	102.0	4	0.000959028184773	0.000322823188569	DLR00012709-2009-07-01_08-47-57	0.00233790864162	13	103	678.5	1853.5	3.07657751272e-05	0.000372955405189	135	135
99.0	97.0	79.0	112.0	113.0	97.0	5	0.000479514092386	0.000253784563875	DLR00012709-2009-07-01_08-47-57	0.00288681709643	13	103	815.5	1850.5	1.03452151872e-05	0.000159838030795	135	135
98.0	96.0	79.0				6	5.32793435985e-05		DLR00012709-2009-07-01_08-47-57	0.00162897884143	13	103	949.5	1850.5	0.0	0.0	135	135
97.0	96.0	78.0	101.0	110.0	111.0	7	0.0	0.000227263305625	DLR00012709-2009-07-01_08-47-57	0.00218306386618	13	103	1081.5	1846.5	3.33645653551e-05	0.000586072779583	135	135
96.0	95.0	78.0	111.0	111.0	96.0	8	0.000959028184773	0.000255986535085	DLR00012709-2009-07-01_08-47-57	0.00202726723827	13	103	1226.5	1850.5	3.12322415582e-05	0.000479514092386	135	135
95.0	95.0	77.0	109.0	110.5	95.0	9	0.000905748841174	0.000228320486987	DLR00012709-2009-07-01_08-47-57	0.00124111289869	13	103	1367.5	1851.5	2.57929162296e-05	0.000426234748788	135	135
95.0	94.0	77.0	109.0	110.0	93.0	10	0.00122542490277	0.00023768021828	DLR00012709-2009-07-01_08-47-57	0.00101516511478	13	103	1494.5	1845.5	1.9403679172e-05	0.000319676061591	135	135
94.0	94.0	77.0	107.0	108.0	96.0	11	0.00154510096436	0.0002407187148	DLR00012709-2009-07-01_08-47-57	0.001332818352	13	103	1638.5	1850.5	4.69670988079e-05	0.00069263146678	135	135
93.0	93.0	76.0	114.0	119.5	107.5	12	0.00165165965155	0.000390973435547	DLR00012709-2009-07-01_08-47-57	0.000811896056008	13	103	1771.5	1850.5	7.99127251966e-05	0.000745910810379	135	135
93.0	93.0	76.0	107.5	108.5	91.0	13	0.000745910810379	0.000232366103234	DLR00012709-2009-07-01_08-47-57	0.000563937317685	13	103	1908.5	1850.5	1.43684411351e-05	0.000213117374394	135	135
92.0	92.0	75.0	110.5	110.5	96.0	14	0.00213117374394	0.000284001784074	DLR00012709-2009-07-01_08-47-57	-0.000527826964431	13	103	2046.5	1845.5	4.96144364764e-05	0.000639352123182	135	135
92.0	91.0	75.0	106.0	111.0	94.0	15	0.00133198358996	0.000271512154615	DLR00012709-2009-07-01_08-47-57	0.000313620973304	13	103	2184.5	1843.5	4.38408641562e-05	0.000586072779583	135	135
92.0	91.0	74.0	105.0	107.0	93.0	16	0.00154510096436	0.000246555362183	DLR00012709-2009-07-01_08-47-57	-3.82848880387e-05	13	103	2317.5	1841.5	0.000108507704508	0.00170493899515	135	135
93.0	91.0	74.0	111.5	110.0	98.0	17	0.000799190153977	0.000312990096563	DLR00012709-2009-07-01_08-47-57	-0.000879662613162	13	103	2458.5	1850.5	1.65828246248e-05	0.000213117374394	135	135
93.0	91.0	73.0	108.5	107.0	91.5	18	0.000745910810379	0.00025129300688	DLR00012709-2009-07-01_08-47-57	-0.000719306296272	13	103	2582.5	1850.5	1.49581536534e-05	0.000213117374394	135	135
93.0	91.0	73.0	106.5	103.5	89.0	19	0.0	0.000218444858815	DLR00012709-2009-07-01_08-47-57	-0.000167759886585	13	103	2729.5	1850.5	5.93568533197e-06	0.000106558687197	135	135
92.0	90.0	73.0				20	0.0		DLR00012709-2009-07-01_08-47-57	-0.000506542851194	13	103	2866.5	1841.5	0.0	0.0	135	135
92.0	89.0	73.0				21	0.0		DLR00012709-2009-07-01_08-47-57	0.00033583272793	13	103	2998.5	1850.5	0.0	0.0	135	135
91.0	88.0	72.0	103.0	103.0	88.0	22	0.00069263146678	0.000251083661145	DLR00012709-2009-07-01_08-47-57	-0.000641031886824	13	103	3137.5	1846.5	5.02176451835e-05	0.000799190153977	135	135
89.0	86.0	71.0				23	0.0		DLR00012709-2009-07-01_08-47-57	-0.000692771431272	13	103	3274.5	1848.5	0.0	0.0	135	135
88.0	85.0	70.0				24	0.0		DLR00012709-2009-07-01_08-47-57	-0.000613696075538	13	103	3409.5	1856.5	0.0	0.0	135	135
95.0	92.0	77.0				1	0.0		DLR00012709-2009-07-01_08-47-57	0.00210656312943	14	103	277.5	1985.5	0.0	0.0	135	135
96.0	93.0	78.0	115.0	113.0	101.0	2	0.00181149768235	0.000316681877544	DLR00012709-2009-07-01_08-47-57	0.00192757375719	14	103	409.5	1985.5	4.30988709337e-05	0.000532793435985	135	135
97.0	95.0	79.0				3	0.000266396717992		DLR00012709-2009-07-01_08-47-57	0.00235504175037	14	103	540.5	1985.5	0.0	0.0	135	135
98.0	96.0	79.0	117.0	117.0	102.0	4	0.000959028184773	0.000322823188569	DLR00012709-2009-07-01_08-47-57	0.00201759391817	14	103	678.5	1980.5	3.07657751272e-05	0.000372955405189	135	135
98.0	96.0	79.0	111.0	111.0	99.0	5	0.000639352123182	0.000248672862208	DLR00012709-2009-07-01_08-47-57	0.00240952618535	14	103	814.5	1985.5	3.08968135088e-05	0.000479514092386	135	135
98.0	96.0	79.0	112.0	112.0	98.0	6	0.000799190153977	0.00025186508209	DLR00012709-2009-07-01_08-47-57	0.00226608377829	14	103	952.5	1985.5	1.73654611854e-05	0.000266396717992	135	135
98.0	96.0	79.0				7	0.0		DLR00012709-2009-07-01_08-47-57	0.00307574499461	14	103	1082.5	1989.5	0.0	0.0	135	135
97.0	95.0	78.0	107.0	108.0	92.0	8	0.0	0.000208710197912	DLR00012709-2009-07-01_08-47-57	0.0018482614375	14	103	1226.5	1978.5	2.8355852985e-06	5.32793435985e-05	135	135
95.0	94.0	77.0				9	0.0		DLR00012709-2009-07-01_08-47-57	0.00169373515565	14	103	1362.5	1985.5	0.0	0.0	135	135
94.0	94.0	76.0	109.5	109.0	94.5	10	0.00223773243114	0.000260730384631	DLR00012709-2009-07-01_08-47-57	0.00170270132435	14	103	1498.5	1985.5	5.49676053955e-05	0.000745910810379	135	135
94.0	93.0	76.0	109.0	109.0	93.0	11	0.00175821833875	0.000258913021532	DLR00012709-2009-07-01_08-47-57	0.00167240515309	14	103	1633.5	1985.5	5.1764145743e-05	0.00069263146678	135	135
93.0	93.0	76.0				12	0.0		DLR00012709-2009-07-01_08-47-57	0.000880403850526	14	103	1771.5	1980.5	0.0	0.0	135	135
93.0	92.0	75.0				13	0.0		DLR00012709-2009-07-01_08-47-57	0.000260561098054	14	103	1906.5	1985.5	0.0	0.0	135	135
92.0	91.0	74.0	106.0	106.0	90.0	14	0.000213117374394	0.000223629988389	DLR00012709-2009-07-01_08-47-57	-0.000388691431741	14	103	2039.5	1977.5	3.03828904253e-06	5.32793435985e-05	135	135
91.0	90.0	74.0	109.5	117.0	106.5	15	0.00436890617508	0.000271434542858	DLR00012709-2009-07-01_08-47-57	0.000144017054541	14	103	2184.5	1993.5	0.000218987992641	0.00309020192871	135	135
92.0	90.0	73.0	110.0	110.0	94.0	16	0.000426234748788	0.000316923699075	DLR00012709-2009-07-01_08-47-57	-0.000425151063823	14	103	2317.5	1980.5	4.30579909767e-06	5.32793435985e-05	135	135
92.0	90.0	73.0				17	0.0		DLR00012709-2009-07-01_08-47-57	-0.000576684246335	14	103	2466.5	1985.5	0.0	0.0	135	135
92.0	90.0	73.0				18	0.0		DLR00012709-2009-07-01_08-47-57	-0.000673127649261	14	103	2591.5	1985.5	0.0	0.0	135	135
92.0	90.0	73.0				19	5.32793435985e-05		DLR00012709-2009-07-01_08-47-57	-0.000141356072173	14	103	2725.5	1985.5	0.0	0.0	135	135
92.0	89.0	73.0	106.0	107.0	92.0	20	0.000426234748788	0.000246902205045	DLR00012709-2009-07-01_08-47-57	-0.000222005032635	14	103	2866.5	1983.5	3.71924726963e-05	0.000586072779583	135	135
91.0	88.0	72.0	105.0	106.0	91.0	21	0.000319676061591	0.000233618307209	DLR00012709-2009-07-01_08-47-57	-0.000619624333192	14	103	3004.5	1985.5	2.30057729485e-05	0.000372955405189	135	135
90.0	87.0	71.0	100.0	100.0	86.0	22	0.000159838030795	0.000221462943799	DLR00012709-2009-07-01_08-47-57	-0.00138666728347	14	103	3137.5	1985.5	3.00884707064e-06	5.32793435985e-05	135	135
88.0	85.0	70.0	103.0	103.0	90.0	23	0.000852469497576	0.000281638659548	DLR00012709-2009-07-01_08-47-57	-0.000785807470469	14	103	3268.5	1985.5	1.92239626833e-05	0.000266396717992	135	135
87.0	84.0	70.0				24	0.0		DLR00012709-2009-07-01_08-47-57	-0.000774412940042	14	103	3412.5	1985.5	0.0	0.0	135	135
94.0	91.0	77.0				1	0.0		DLR00012709-2009-07-01_08-47-57	0.00265734520998	15	103	269.5	2127.5	0.0	0.0	135	135
96.0	93.0	77.0				2	0.0		DLR00012709-2009-07-01_08-47-57	0.00246511364741	15	103	409.5	2124.5	0.0	0.0	135	135
98.0	95.0	79.0	114.0	112.0	102.0	3	0.00207789440034	0.000287309581803	DLR00012709-2009-07-01_08-47-57	0.00319881290932	15	103	544.5	2122.5	6.23002678925e-05	0.000799190153977	135	135
100.0	96.0	79.0	115.0	110.0	95.0	4	0.000159838030795	0.000228243868131	DLR00012709-2009-07-01_08-47-57	0.00247380325213	15	103	675.5	2123.5	3.10097428597e-06	5.32793435985e-05	135	135
99.0	96.0	79.0	114.5	114.5	98.5	5	0.00069263146678	0.00028430085953	DLR00012709-2009-07-01_08-47-57	0.00253265075887	15	103	815.5	2129.5	1.669997586e-05	0.000213117374394	135	135
98.0	96.0	79.0				6	0.0		DLR00012709-2009-07-01_08-47-57	0.0025106175459	15	103	952.5	2124.5	0.0	0.0	135	135
98.0	96.0	79.0	116.0	115.5	101.5	7	0.000959028184773	0.000291584190282	DLR00012709-2009-07-01_08-47-57	0.00315394880975	15	103	1090.5	2122.5	3.57629578451e-05	0.000426234748788	135	135
97.0	95.0	77.0	109.0	109.0	93.0	8	0.000106558687197	0.000227474666134	DLR00012709-2009-07-01_08-47-57	0.00197582081279	15	103	1222.5	2122.5	3.09052372871e-06	5.32793435985e-05	135	135
96.0	94.0	76.0	111.0	108.0	93.5	9	0.000799190153977	0.00023191881667	DLR00012709-2009-07-01_08-47-57	0.00272264837708	15	103	1366.5	2122.5	1.29750035975e-05	0.000213117374394	135	135
94.0	92.0	75.0				10	0.0		DLR00012709-2009-07-01_08-47-57	0.00260169251087	15	103	1497.5	2122.5	0.0	0.0	135	135
94.0	92.0	75.0	109.5	108.0	93.5	11	0.000479514092386	0.000270201212449	DLR00012709-2009-07-01_08-47-57	0.0019559063674	15	103	1630.5	2122.5	1.43982877237e-05	0.000213117374394	135	135
94.0	92.0	74.0				12	0.0		DLR00012709-2009-07-01_08-47-57	0.000454250052368	15	103	1771.5	2122.5	0.0	0.0	135	135
93.0	91.0	74.0	108.0	108.0	94.0	13	0.000799190153977	0.000251456415723	DLR00012709-2009-07-01_08-47-57	-0.000319102876971	15	103	1901.5	2122.5	1.93260586515e-05	0.000266396717992	135	135
92.0	90.0	73.0				14	0.0		DLR00012709-2009-07-01_08-47-57	-0.000209270447479	15	103	2043.5	2122.5	0.0	0.0	135	135
92.0	90.0	73.0				15	0.0		DLR00012709-2009-07-01_08-47-57	-0.000124551598545	15	103	2189.5	2122.5	0.0	0.0	135	135
92.0	90.0	73.0				16	5.32793435985e-05		DLR00012709-2009-07-01_08-47-57	-0.000879046047679	15	103	2323.5	2122.5	0.0	0.0	135	135
93.0	90.0	73.0				17	0.0		DLR00012709-2009-07-01_08-47-57	-0.000445714891919	15	103	2458.5	2122.5	0.0	0.0	135	135
93.0	90.0	73.0	106.5	106.0	93.5	18	0.00287708455432	0.000268565465321	DLR00012709-2009-07-01_08-47-57	-0.000228137263931	15	103	2591.5	2128.5	0.000134361855249	0.00191805636955	135	135
93.0	90.0	74.0				19	0.0		DLR00012709-2009-07-01_08-47-57	0.000190557835595	15	103	2730.5	2125.5	0.0	0.0	135	135
93.0	90.0	74.0				20	0.0		DLR00012709-2009-07-01_08-47-57	-3.26818721075e-05	15	103	2871.5	2124.5	0.0	0.0	135	135
93.0	89.0	73.0				21	0.000106558687197		DLR00012709-2009-07-01_08-47-57	-0.000737733777656	15	103	3001.5	2122.5	0.0	0.0	135	135
91.0	87.0	72.0	102.0	101.0	87.0	22	0.000319676061591	0.000207442038501	DLR00012709-2009-07-01_08-47-57	-0.00145778836552	15	103	3137.5	2122.5	8.69072729393e-06	0.000159838030795	135	135
89.0	85.0	71.0				23	0.0		DLR00012709-2009-07-01_08-47-57	-0.000839235279361	15	103	3264.5	2122.5	0.0	0.0	135	135
88.0	84.0	71.0				24	0.0		DLR00012709-2009-07-01_08-47-57	-0.000563962606648	15	103	3417.5	2131.5	0.0	0.0	135	135
98.0	97.0	86.0	124.0	129.0	121.0	1	0.0151846129256	0.000223102063536	DLR00012709-2009-07-01_08-47-57	-7.20086658945e-05	16	103	271.5	2261.5	1.8157990268e-05	0.000319676061591	135	135
101.0	99.0	87.0	121.5	120.0	107.5	2	0.014332143428	0.0002744178793	DLR00012709-2009-07-01_08-47-57	-0.000576550632538	16	103	409.5	2261.5	4.51179435302e-05	0.000532793435985	135	135
102.0	100.0	87.0	130.0	133.0	128.0	3	0.0119345729661	0.000275058678252	DLR00012709-2009-07-01_08-47-57	0.000259155630343	16	103	553.5	2261.5	0.000396086680751	0.00314348127231	135	135
104.0	101.0	87.0	166.5	179.5	179.0	4	0.00159838030795	0.00030549826059	DLR00012709-2009-07-01_08-47-57	-5.28348725195e-05	16	103	678.5	2261.5	2.63534666405e-05	0.000319676061591	135	135
102.0	99.0	84.0	180.5	192.5	189.0	5	0.00852469497576	0.000456030071456	DLR00012709-2009-07-01_08-47-57	0.000430898030867	16	103	815.5	2261.5	0.000544365547699	0.00490169961106	135	135
101.0	98.0	83.0	121.0	121.0	109.0	6	0.00133198358996	0.000304509055777	DLR00012709-2009-07-01_08-47-57	0.000825712076816	16	103	952.5	2261.5	4.54806200097e-05	0.000479514092386	135	135
101.0	98.0	82.0	112.5	113.0	97.0	7	0.000372955405189	0.000255535852512	DLR00012709-2009-07-01_08-47-57	0.00112859526557	16	103	1089.5	2261.5	6.94353906873e-06	0.000106558687197	135	135
100.0	97.0	80.0				8	0.000532793435985		DLR00012709-2009-07-01_08-47-57	-1.06617620079e-05	16	103	1226.5	2261.5	0.0	0.0	135	135
98.0	95.0	79.0	108.0	108.0	94.0	9	0.00069263146678	0.000216867635368	DLR00012709-2009-07-01_08-47-57	0.000589838470685	16	103	1357.5	2263.5	2.94641414135e-06	5.32793435985e-05	135	135
97.0	94.0	78.0	108.5	108.5	92.5	10	0.0034098779903	0.000263304514845	DLR00012709-2009-07-01_08-47-57	-0.000557797867013	16	103	1497.5	2266.5	7.1546327759e-06	0.000106558687197	135	135
97.0	94.0	78.0	117.0	117.0	111.0	11	0.00271724652352	0.00021501249786	DLR00012709-2009-07-01_08-47-57	-6.48050884124e-07	16	103	1637.5	2261.5	2.92120981162e-06	5.32793435985e-05	135	135
97.0	95.0	78.0	117.0	122.0	112.0	12	0.00852469497576	0.000226153018074	DLR00012709-2009-07-01_08-47-57	-0.00113831746303	16	103	1766.5	2261.5	0.000102974883091	0.00154510096436	135	135
97.0	94.0	78.0	180.0	198.0	197.0	13	0.0177420214183	0.000438662129677	DLR00012709-2009-07-01_08-47-57	-0.00190144559461	16	103	1904.5	2265.5	0.000574548896685	0.00495497895466	135	135
96.0	93.0	77.0	99.0	111.0	109.0	14	0.00937716447333	0.000317018749217	DLR00012709-2009-07-01_08-47-57	-0.00162081344012	16	103	2046.5	2261.5	0.000188389487554	0.00223773243114	135	135
96.0	93.0	77.0	114.0	118.5	108.5	15	0.00522137567265	0.000223688868794	DLR00012709-2009-07-01_08-47-57	-0.00160608313332	16	103	2184.5	2259.5	1.83283180998e-05	0.000319676061591	135	135
97.0	93.0	77.0	116.5	120.5	109.5	16	0.0035164366775	0.000225872219899	DLR00012709-2009-07-01_08-47-57	-0.00308960922019	16	103	2317.5	2261.5	6.1375050428e-06	0.000106558687197	135	135
98.0	95.0	79.0	161.0	178.0	176.0	17	0.0185944909159	0.000231128726341	DLR00012709-2009-07-01_08-47-57	-0.000134689133313	16	103	2463.5	2269.5	0.00256256844732	0.0428898715968	135	135
98.0	95.0	79.0	157.0	177.0	172.0	18	0.0182215355107	0.000225253229484	DLR00012709-2009-07-01_08-47-57	-0.00297372225748	16	103	2591.5	2261.5	0.000140848902724	0.00239757046193	135	135
97.0	95.0	80.0	161.0	179.0	176.0	19	0.0196600777878	0.000237637058596	DLR00012709-2009-07-01_08-47-57	-0.00220511777577	16	103	2734.5	2261.5	0.000456682354401	0.00740582876019	135	135
98.0	96.0	82.0	166.0	182.0	180.0	20	0.0366561883958	0.000266853479045	DLR00012709-2009-07-01_08-47-57	0.00176919028142	16	103	2866.5	2270.5	0.00448732544972	0.061963876605	135	135
98.0	96.0	81.0	170.0	186.0	183.0	21	0.0328733550003	0.000266543051016	DLR00012709-2009-07-01_08-47-57	0.000805434413798	16	103	2995.5	2269.5	0.00393997889696	0.0513080078853	135	135
95.0	92.0	78.0	111.0	105.0	94.0	22	0.000639352123182	0.000208948398097	DLR00012709-2009-07-01_08-47-57	-0.00375550366954	16	103	3137.5	2254.5	1.53003407482e-05	0.000266396717992	135	135
95.0	92.0	80.0	173.0	193.0	191.0	23	0.0418775640684	0.000308596747502	DLR00012709-2009-07-01_08-47-57	0.00170261204171	16	103	3269.5	2267.5	0.00556052164476	0.0600458202355	135	135
93.0	90.0	78.0	121.0	124.0	122.0	24	0.00676647663701	0.000229590419439	DLR00012709-2009-07-01_08-47-57	-0.00311754282944	16	103	3414.5	2251.5	0.00013465904893	0.00223773243114	135	135
