91.0	92.0	82.0	120.0	131.0	126.0	1	0.0462464702435	0.000186950148095	DLR00012647-2009-07-01_11-34-06	0.00113534171101	1	95	267.5	207.5	0.00393242460124	0.0671319729341	135	135
92.0	91.0	79.0	108.0	115.0	110.0	2	0.00777878416538	8.83789051304e-05	DLR00012647-2009-07-01_11-34-06	0.000595114367704	1	95	402.5	210.5	0.000266097145009	0.0103361926581	135	135
96.0	94.0	81.0	99.0	98.5	85.5	3	0.00490169961106	7.2423481002e-05	DLR00012647-2009-07-01_11-34-06	0.00069092965281	1	95	545.5	210.5	3.74953563297e-05	0.00191805636955	135	135
98.0	96.0	82.0	124.0	128.0	116.0	4	0.00618040385742	0.000147081791142	DLR00012647-2009-07-01_11-34-06	0.000828989207546	1	95	668.5	208.5	0.000488974346076	0.0133731152432	135	135
98.0	96.0	81.0	105.0	108.0	96.0	5	0.00223773243114	0.000159968347208	DLR00012647-2009-07-01_11-34-06	-0.000363828873556	1	95	816.5	213.5	0.000237859952792	0.00538121370345	135	135
99.0	97.0	81.0	121.0	129.0	120.0	6	0.00676647663701	0.000174713980945	DLR00012647-2009-07-01_11-34-06	-0.000668920944154	1	95	948.5	207.5	0.000419309662923	0.0102829133145	135	135
99.0	98.0	82.0	104.0	103.0	85.0	7	0.00111886621557	7.6994545231e-05	DLR00012647-2009-07-01_11-34-06	0.000895150935228	1	95	1075.5	208.5	2.34801646923e-05	0.00106558687197	135	135
99.0	99.0	82.0	121.0	125.0	116.0	8	0.00420906814428	0.000106398332914	DLR00012647-2009-07-01_11-34-06	0.00147382072419	1	95	1217.5	202.5	0.000427809556309	0.0150780542384	135	135
99.0	98.0	81.0	121.0	126.5	116.0	9	0.00122542490277	0.000116673712451	DLR00012647-2009-07-01_11-34-06	0.00121197888666	1	95	1350.5	206.5	0.000285196057691	0.00948372316053	135	135
98.0	97.0	81.0	111.0	118.0	107.0	10	0.00069263146678	7.48919016826e-05	DLR00012647-2009-07-01_11-34-06	0.000804244931221	1	95	1488.5	207.5	5.08830951911e-05	0.00197133571314	135	135
98.0	97.0	80.0	109.0	112.0	96.0	11	0.000319676061591	7.69883649087e-05	DLR00012647-2009-07-01_11-34-06	0.000433254774885	1	95	1630.5	207.5	3.0408040919e-05	0.00122542490277	135	135
98.0	98.0	80.0	112.0	119.0	109.0	12	0.0	7.57456252884e-05	DLR00012647-2009-07-01_11-34-06	0.000625606307905	1	95	1771.5	207.5	6.78514558013e-05	0.0033565986467	135	135
99.0	99.0	82.0	105.5	106.5	91.0	13	0.00207789440034	9.67106220764e-05	DLR00012647-2009-07-01_11-34-06	0.00150379723371	1	95	1901.5	201.5	0.000307437024202	0.0104427513453	135	135
98.0	97.0	80.0	104.0	105.0	86.5	14	0.0	7.7456940598e-05	DLR00012647-2009-07-01_11-34-06	0.000877470994333	1	95	2048.5	207.5	3.36922652775e-05	0.00149182162076	135	135
99.0	98.0	81.0	110.0	112.0	97.0	15	0.000586072779583	7.60376362134e-05	DLR00012647-2009-07-01_11-34-06	0.00111222685055	1	95	2178.5	202.5	8.48132038622e-05	0.0033565986467	135	135
99.0	99.0	82.0	117.0	122.0	112.0	16	0.000266396717992	8.83825952547e-05	DLR00012647-2009-07-01_11-34-06	0.00120843016304	1	95	2316.5	198.5	0.000169174820977	0.00665991794981	135	135
99.0	97.0	80.0	110.0	118.0	107.0	17	0.0	7.02948854138e-05	DLR00012647-2009-07-01_11-34-06	0.000576365401661	1	95	2454.5	207.5	2.47673352909e-05	0.00133198358996	135	135
98.0	97.0	80.0	109.0	109.5	94.5	18	0.00122542490277	9.81034043939e-05	DLR00012647-2009-07-01_11-34-06	0.00102452189976	1	95	2587.5	207.5	7.11475692442e-05	0.00213117374394	135	135
98.0	96.0	80.0	109.0	115.0	106.0	19	0.000479514092386	7.61924340282e-05	DLR00012647-2009-07-01_11-34-06	0.000530885931804	1	95	2726.5	207.5	4.5884230716e-05	0.00175821833875	135	135
97.0	96.0	81.0	110.0	114.0	105.0	20	5.32793435985e-05	7.26981798471e-05	DLR00012647-2009-07-01_11-34-06	0.00122536583131	1	95	2853.5	207.5	5.4457130916e-05	0.00271724652352	135	135
95.0	94.0	80.0	109.0	115.0	107.0	21	0.0	8.10198591541e-05	DLR00012647-2009-07-01_11-34-06	0.00156520225703	1	95	2998.5	203.5	0.000194362799088	0.00895092972455	135	135
91.0	91.0	77.0	100.0	107.0	99.0	22	0.0	7.67834297968e-05	DLR00012647-2009-07-01_11-34-06	0.000792240368731	1	95	3133.5	207.5	5.76156682363e-05	0.00277052586712	135	135
88.0	88.0	76.0	100.0	107.0	101.0	23	0.00154510096436	7.37551526881e-05	DLR00012647-2009-07-01_11-34-06	0.000877852572877	1	95	3270.5	204.5	0.000148062494066	0.00735254941659	135	135
87.0	88.0	78.0	109.0	118.0	114.0	24	0.0193404017263	0.000163127035911	DLR00012647-2009-07-01_11-34-06	0.000481279073899	1	95	3411.5	207.5	0.00252644359934	0.0552506793116	135	135
88.0	87.0	74.0	92.0	92.0	80.0	1	0.0	8.56164711467e-05	DLR00012647-2009-07-01_11-34-06	0.000464396652307	2	95	266.5	343.5	4.74714127016e-05	0.00207789440034	135	135
90.0	88.0	74.0	95.0	95.0	82.0	2	0.00186477702595	9.45584501781e-05	DLR00012647-2009-07-01_11-34-06	0.000508279789603	2	95	402.5	343.5	0.000159034675517	0.00474186158027	135	135
92.0	91.0	76.0	96.0	96.0	81.0	3	0.0	7.6623708603e-05	DLR00012647-2009-07-01_11-34-06	0.000196191478497	2	95	541.5	343.5	2.13702423002e-05	0.00106558687197	135	135
94.0	92.0	77.0	99.0	98.0	82.0	4	0.0	7.72387616464e-05	DLR00012647-2009-07-01_11-34-06	0.000357878599682	2	95	676.5	337.5	5.90439909757e-05	0.00277052586712	135	135
94.0	93.0	77.0	99.0	98.0	83.0	5	0.0	7.24306487697e-05	DLR00012647-2009-07-01_11-34-06	-0.000159761865834	2	95	813.5	343.5	9.65768987711e-06	0.000479514092386	135	135
94.0	94.0	77.0	100.0	99.5	83.5	6	0.0	8.13281830966e-05	DLR00012647-2009-07-01_11-34-06	-0.000329556142089	2	95	947.5	343.5	1.24067142739e-05	0.000532793435985	135	135
95.0	94.0	77.0	99.0	100.0	83.0	7	0.000532793435985	7.93904243838e-05	DLR00012647-2009-07-01_11-34-06	0.000817560864845	2	95	1077.5	351.5	8.22094755129e-05	0.00325003995951	135	135
94.0	94.0	77.0	100.0	100.0	84.0	8	0.000479514092386	8.69591094666e-05	DLR00012647-2009-07-01_11-34-06	0.000433336265754	2	95	1214.5	343.5	6.92708042162e-05	0.00261068783633	135	135
94.0	94.0	76.0	99.0	100.5	83.5	9	0.000905748841174	8.9077275097e-05	DLR00012647-2009-07-01_11-34-06	8.99509427306e-05	2	95	1360.5	343.5	5.43425503535e-05	0.00181149768235	135	135
93.0	93.0	75.0	98.0	99.0	82.0	10	0.0	7.96478701097e-05	DLR00012647-2009-07-01_11-34-06	5.65163251332e-05	2	95	1502.5	341.5	3.47945742763e-05	0.00159838030795	135	135
93.0	93.0	75.0	98.0	98.0	81.5	11	0.0	7.95929202976e-05	DLR00012647-2009-07-01_11-34-06	-0.000310767319794	2	95	1634.5	342.5	1.81620144761e-05	0.000852469497576	135	135
93.0	93.0	75.0	98.0	100.0	82.0	12	0.00106558687197	9.1199010281e-05	DLR00012647-2009-07-01_11-34-06	-1.81809862671e-05	2	95	1761.5	350.5	5.7527634339e-05	0.00181149768235	135	135
93.0	94.0	75.0	99.0	100.0	84.0	13	0.0	9.31880485404e-05	DLR00012647-2009-07-01_11-34-06	-9.27537004218e-06	2	95	1903.5	343.5	1.44819457047e-05	0.000586072779583	135	135
93.0	93.0	75.0	99.0	99.0	81.0	14	0.000745910810379	8.43168433724e-05	DLR00012647-2009-07-01_11-34-06	0.000117498031371	2	95	2041.5	341.5	5.86308068155e-05	0.00207789440034	135	135
93.0	93.0	75.0	98.0	99.0	83.0	15	0.000106558687197	9.20753684667e-05	DLR00012647-2009-07-01_11-34-06	-0.000108787010037	2	95	2178.5	343.5	5.0430801938e-05	0.00197133571314	135	135
93.0	93.0	75.0	102.0	102.0	88.0	16	0.00325003995951	0.000126262975763	DLR00012647-2009-07-01_11-34-06	0.000300854006698	2	95	2317.5	343.5	0.000196867377478	0.00490169961106	135	135
94.0	93.0	76.0	99.0	100.0	83.0	17	0.00165165965155	9.65954325081e-05	DLR00012647-2009-07-01_11-34-06	0.000142152664834	2	95	2445.5	335.5	8.84683191236e-05	0.00245084980553	135	135
94.0	93.0	75.0	98.0	98.0	82.0	18	0.000426234748788	7.7983255636e-05	DLR00012647-2009-07-01_11-34-06	0.000696356152958	2	95	2590.5	337.5	6.37844894565e-05	0.00271724652352	135	135
94.0	92.0	75.0	98.5	97.0	81.0	19	0.0	7.47282548988e-05	DLR00012647-2009-07-01_11-34-06	0.000158681833061	2	95	2720.5	342.5	3.57160273902e-05	0.00181149768235	135	135
93.0	92.0	75.0	97.0	97.0	81.0	20	0.000479514092386	8.81305878327e-05	DLR00012647-2009-07-01_11-34-06	0.000739526547301	2	95	2861.5	343.5	0.000197834582341	0.00788534285258	135	135
92.0	90.0	74.0	96.0	95.0	79.0	21	0.0	7.16554261014e-05	DLR00012647-2009-07-01_11-34-06	0.00038355803276	2	95	2990.5	343.5	4.96011180955e-05	0.00255740849273	135	135
89.0	87.0	71.0	93.0	92.0	77.0	22	0.000372955405189	8.30106617747e-05	DLR00012647-2009-07-01_11-34-06	0.00016589270252	2	95	3133.5	333.5	8.38085144673e-05	0.0035697160211	135	135
86.0	84.0	70.0	89.0	89.0	75.0	23	0.0	7.98980157101e-05	DLR00012647-2009-07-01_11-34-06	0.000624774081478	2	95	3263.5	343.5	0.000137492971474	0.00639352123182	135	135
83.0	83.0	71.0	89.0	88.0	77.0	24	0.000905748841174	8.56352427762e-05	DLR00012647-2009-07-01_11-34-06	0.000476214688239	2	95	3403.5	343.5	4.92299479676e-05	0.00159838030795	135	135
88.0	87.0	73.0	92.0	92.0	79.0	1	0.000532793435985	7.97574392735e-05	DLR00012647-2009-07-01_11-34-06	-0.000345641498111	3	95	269.5	481.5	3.45753845853e-05	0.00133198358996	135	135
90.0	89.0	74.0	95.5	95.0	80.0	2	0.0	8.57924241999e-05	DLR00012647-2009-07-01_11-34-06	6.92234926878e-05	3	95	403.5	481.5	6.23749416012e-05	0.00255740849273	135	135
92.0	91.0	76.0	98.0	97.0	83.0	3	0.00175821833875	8.90421937869e-05	DLR00012647-2009-07-01_11-34-06	-4.36704566279e-05	3	95	547.5	481.5	7.94604165629e-05	0.00250412914913	135	135
93.0	92.0	76.0	99.0	99.0	84.0	4	0.00106558687197	9.25957171559e-05	DLR00012647-2009-07-01_11-34-06	8.05020609956e-05	3	95	670.5	481.5	8.44600547191e-05	0.00287708455432	135	135
94.0	93.0	76.0	100.0	99.0	84.0	5	0.000159838030795	8.5634625502e-05	DLR00012647-2009-07-01_11-34-06	-0.000228845103313	3	95	813.5	481.5	6.32756804452e-05	0.00239757046193	135	135
94.0	94.0	77.0	100.0	100.0	83.0	6	0.0	8.76377774896e-05	DLR00012647-2009-07-01_11-34-06	0.000159183507823	3	95	948.5	481.5	4.12589256752e-05	0.00165165965155	135	135
94.0	94.0	76.0	99.0	99.0	82.5	7	0.0	7.67092331701e-05	DLR00012647-2009-07-01_11-34-06	0.000341603147011	3	95	1075.5	481.5	2.28077424722e-05	0.00106558687197	135	135
93.0	94.0	76.0	98.0	100.0	83.0	8	0.0	8.5466058911e-05	DLR00012647-2009-07-01_11-34-06	-0.000277535990708	3	95	1222.5	481.5	2.07641827869e-05	0.000905748841174	135	135
93.0	94.0	76.0	98.5	100.0	83.0	9	0.000479514092386	8.75904216867e-05	DLR00012647-2009-07-01_11-34-06	-0.000108364908237	3	95	1360.5	481.5	5.7049986786e-05	0.00213117374394	135	135
93.0	93.0	76.0	98.0	100.0	83.0	10	0.0	9.47344888304e-05	DLR00012647-2009-07-01_11-34-06	-8.65669123897e-05	3	95	1495.5	481.5	4.75504952449e-05	0.00186477702595	135	135
93.0	93.0	75.0	99.0	100.0	84.0	11	0.00111886621557	0.000107684926228	DLR00012647-2009-07-01_11-34-06	-0.000395019028729	3	95	1634.5	478.5	5.03614499946e-05	0.00149182162076	135	135
93.0	93.0	75.0	98.0	100.0	82.0	12	0.000106558687197	9.31207465394e-05	DLR00012647-2009-07-01_11-34-06	-5.24965313196e-05	3	95	1771.5	481.5	3.21610746403e-05	0.00127870424636	135	135
93.0	93.0	75.0	97.5	99.0	82.0	13	0.0	8.99705170596e-05	DLR00012647-2009-07-01_11-34-06	0.000670217583408	3	95	1899.5	471.5	8.26754875713e-05	0.0036229953647	135	135
92.0	93.0	75.0	98.0	99.0	83.0	14	0.000319676061591	9.654498078e-05	DLR00012647-2009-07-01_11-34-06	-0.000474478230568	3	95	2037.5	481.5	5.79205758737e-05	0.00207789440034	135	135
92.0	93.0	75.0	97.0	98.0	81.0	15	0.0	8.38448568661e-05	DLR00012647-2009-07-01_11-34-06	-0.000403340790728	3	95	2173.5	481.5	5.14382959893e-05	0.00239757046193	135	135
93.0	93.0	75.0	98.0	99.0	82.0	16	0.000905748841174	8.65439541919e-05	DLR00012647-2009-07-01_11-34-06	-0.000355085692595	3	95	2316.5	471.5	6.16658768577e-05	0.00202461505674	135	135
93.0	93.0	75.0	100.0	100.0	84.0	17	0.000905748841174	0.000116508829517	DLR00012647-2009-07-01_11-34-06	-0.000457858152276	3	95	2451.5	481.5	6.31603910475e-05	0.00191805636955	135	135
93.0	92.0	75.0	97.0	98.0	80.0	18	0.0	7.51606191864e-05	DLR00012647-2009-07-01_11-34-06	0.000439480370685	3	95	2590.5	481.5	6.43730290416e-05	0.00303692258511	135	135
93.0	92.0	74.0	97.0	97.0	80.0	19	0.0	8.00565854685e-05	DLR00012647-2009-07-01_11-34-06	-0.000104051082217	3	95	2726.5	481.5	5.07346215641e-05	0.00229101177473	135	135
93.0	91.0	74.0	97.0	97.0	81.0	20	0.0	8.81052640176e-05	DLR00012647-2009-07-01_11-34-06	0.000121780503357	3	95	2861.5	481.5	6.94565397673e-05	0.00266396717992	135	135
92.0	90.0	73.0	95.0	95.0	79.0	21	0.0	7.3177735464e-05	DLR00012647-2009-07-01_11-34-06	2.07592207e-05	3	95	2992.5	481.5	1.2535702946e-05	0.000639352123182	135	135
90.0	87.0	72.0	94.0	93.0	78.0	22	0.000106558687197	8.22559021161e-05	DLR00012647-2009-07-01_11-34-06	-0.000329858745144	3	95	3133.5	481.5	7.31256938493e-05	0.00314348127231	135	135
86.0	84.0	69.0	90.0	90.0	74.0	23	0.0	7.85441947718e-05	DLR00012647-2009-07-01_11-34-06	-0.000250881856537	3	95	3273.5	481.5	6.86468161087e-05	0.00319676061591	135	135
83.0	82.0	69.0	88.0	88.0	74.0	24	0.000426234748788	9.14114532342e-05	DLR00012647-2009-07-01_11-34-06	-0.000166707334852	3	95	3407.5	476.5	7.34303203535e-05	0.00271724652352	135	135
88.0	87.0	74.0	94.0	95.0	82.0	1	0.00186477702595	0.000103101851397	DLR00012647-2009-07-01_11-34-06	-0.000222925137493	4	95	265.5	625.5	0.000166740921869	0.00511481698545	135	135
90.0	89.0	75.0	96.0	94.0	80.0	2	0.0	7.9328125111e-05	DLR00012647-2009-07-01_11-34-06	0.000309186751289	4	95	405.5	614.5	4.81828984729e-05	0.00218445308754	135	135
92.0	91.0	76.0	97.0	96.0	82.0	3	0.0	8.03027305354e-05	DLR00012647-2009-07-01_11-34-06	0.000409322625394	4	95	540.5	618.5	5.97766388449e-05	0.00277052586712	135	135
94.0	93.0	76.0	98.0	99.0	84.0	4	0.00245084980553	8.9289258398e-05	DLR00012647-2009-07-01_11-34-06	0.000660233009878	4	95	670.5	618.5	0.000223996170731	0.00570088976504	135	135
94.0	93.0	76.0	101.0	101.0	86.0	5	0.00191805636955	0.000117500706806	DLR00012647-2009-07-01_11-34-06	0.000184055045251	4	95	813.5	618.5	0.000118722342415	0.00234429111833	135	135
94.0	94.0	76.0	99.0	99.0	83.0	6	0.000959028184773	8.11671689769e-05	DLR00012647-2009-07-01_11-34-06	0.000414692805824	4	95	944.5	618.5	8.9750135471e-05	0.00319676061591	135	135
94.0	94.0	76.0	99.0	100.0	84.0	7	0.000852469497576	9.30293739118e-05	DLR00012647-2009-07-01_11-34-06	0.000777712131829	4	95	1079.5	623.5	0.000130840999439	0.00458202354947	135	135
93.0	94.0	76.0	98.0	99.0	83.0	8	5.32793435985e-05	8.32030192615e-05	DLR00012647-2009-07-01_11-34-06	0.000494219806148	4	95	1224.5	623.5	8.66062167902e-05	0.0036229953647	135	135
93.0	93.0	76.0	98.5	99.5	83.0	9	0.000532793435985	8.66475323392e-05	DLR00012647-2009-07-01_11-34-06	0.000232908465046	4	95	1356.5	613.5	3.95634548804e-05	0.00138526293356	135	135
93.0	93.0	76.0	99.0	99.0	83.0	10	0.0	8.73804119887e-05	DLR00012647-2009-07-01_11-34-06	0.00030896222569	4	95	1485.5	618.5	3.01617449946e-05	0.00127870424636	135	135
92.0	93.0	75.0	98.0	99.0	81.0	11	0.000372955405189	8.32222194882e-05	DLR00012647-2009-07-01_11-34-06	-0.000129818652893	4	95	1631.5	618.5	2.99264924413e-05	0.00111886621557	135	135
93.0	93.0	75.0	98.0	99.0	82.0	12	0.00213117374394	8.4318664535e-05	DLR00012647-2009-07-01_11-34-06	0.00156191592529	4	95	1771.5	622.5	0.000129075560799	0.00383611273909	135	135
93.0	93.0	76.0	97.0	99.0	84.0	13	5.32793435985e-05	0.00010206072991	DLR00012647-2009-07-01_11-34-06	0.00327995215591	4	95	1900.5	618.5	0.00118754668237	0.0417710053812	135	135
92.0	93.0	75.0	98.0	98.0	81.0	14	0.0	8.02798009678e-05	DLR00012647-2009-07-01_11-34-06	8.33921492909e-05	4	95	2041.5	618.5	4.17778402409e-05	0.00197133571314	135	135
92.0	93.0	75.0	100.0	101.0	85.0	15	0.00229101177473	0.00011797941272	DLR00012647-2009-07-01_11-34-06	-0.000120786707282	4	95	2173.5	613.5	0.000134582819438	0.00309020192871	135	135
92.0	92.0	75.0	97.0	98.0	81.0	16	0.0	7.51931061968e-05	DLR00012647-2009-07-01_11-34-06	-0.000170225393974	4	95	2322.5	618.5	1.5975237739e-05	0.000799190153977	135	135
92.0	92.0	75.0	98.5	98.0	81.0	17	0.0	7.99598297817e-05	DLR00012647-2009-07-01_11-34-06	-6.128547421e-05	4	95	2453.5	618.5	3.79095880911e-05	0.00159838030795	135	135
93.0	92.0	75.0	97.0	97.0	81.0	18	0.000159838030795	8.08635041857e-05	DLR00012647-2009-07-01_11-34-06	0.000913881106382	4	95	2591.5	617.5	8.98800936748e-05	0.00383611273909	135	135
93.0	92.0	74.0	97.0	97.0	80.0	19	0.0	7.60661418801e-05	DLR00012647-2009-07-01_11-34-06	0.000301683026802	4	95	2718.5	618.5	4.00004710017e-05	0.00197133571314	135	135
93.0	92.0	74.0	97.0	97.0	80.0	20	0.000426234748788	8.05228881666e-05	DLR00012647-2009-07-01_11-34-06	0.00061821405454	4	95	2861.5	620.5	9.93437395832e-05	0.00447546486227	135	135
93.0	91.0	73.0	96.0	96.0	79.0	21	0.0	7.7573727793e-05	DLR00012647-2009-07-01_11-34-06	0.00063102152313	4	95	2992.5	613.5	6.26411662541e-05	0.00303692258511	135	135
90.0	88.0	72.0	95.0	93.0	78.0	22	0.0	8.02790419536e-05	DLR00012647-2009-07-01_11-34-06	0.000529187829242	4	95	3133.5	618.5	0.000153169529584	0.00671319729341	135	135
86.0	84.0	69.0	92.0	90.0	75.0	23	0.00122542490277	7.98410374593e-05	DLR00012647-2009-07-01_11-34-06	-0.000118104272139	4	95	3273.5	618.5	0.000128655950265	0.00452874420587	135	135
83.0	82.0	68.0	87.0	87.0	72.0	24	0.0	8.24374702943e-05	DLR00012647-2009-07-01_11-34-06	0.000166118938126	4	95	3406.5	618.5	0.000127734025071	0.00564761042144	135	135
89.0	87.0	74.0	93.0	92.0	78.0	1	0.0	7.91713668216e-05	DLR00012647-2009-07-01_11-34-06	-0.000123725911389	5	95	266.5	755.5	2.22876790185e-05	0.00106558687197	135	135
91.0	89.0	75.0	95.0	95.0	81.0	2	0.000639352123182	8.73618113427e-05	DLR00012647-2009-07-01_11-34-06	0.00075320852615	5	95	405.5	757.5	0.00011536376626	0.00420906814428	135	135
92.0	91.0	76.0	97.0	96.0	81.0	3	0.0	7.45340586615e-05	DLR00012647-2009-07-01_11-34-06	0.000487886887956	5	95	533.5	757.5	4.2341077095e-05	0.00202461505674	135	135
94.0	92.0	76.0	99.0	98.0	84.0	4	5.32793435985e-05	8.87989653746e-05	DLR00012647-2009-07-01_11-34-06	0.000172855293652	5	95	671.5	752.5	6.5507678059e-05	0.00266396717992	135	135
94.0	93.0	76.0	99.0	99.0	82.0	5	0.000213117374394	8.60205771913e-05	DLR00012647-2009-07-01_11-34-06	0.000342955792032	5	95	813.5	757.5	2.80534398134e-05	0.00111886621557	135	135
94.0	93.0	76.0	98.0	99.0	83.0	6	0.0	7.55444462713e-05	DLR00012647-2009-07-01_11-34-06	0.000238793639918	5	95	948.5	757.5	2.9590299743e-05	0.00133198358996	135	135
93.0	93.0	76.0	99.0	100.0	84.0	7	0.0	9.42535377072e-05	DLR00012647-2009-07-01_11-34-06	3.537703179e-05	5	95	1085.5	757.5	1.58700867671e-05	0.00069263146678	135	135
93.0	93.0	76.0	98.0	99.0	83.0	8	0.000213117374394	8.43688836873e-05	DLR00012647-2009-07-01_11-34-06	0.000198781830181	5	95	1224.5	747.5	5.57812666294e-05	0.00229101177473	135	135
93.0	94.0	76.0	98.0	100.0	83.0	9	5.32793435985e-05	8.78903698582e-05	DLR00012647-2009-07-01_11-34-06	0.00025878556755	5	95	1360.5	757.5	5.55560225291e-05	0.00229101177473	135	135
92.0	93.0	76.0	98.0	99.0	83.0	10	5.32793435985e-05	9.53486199865e-05	DLR00012647-2009-07-01_11-34-06	0.000362629580759	5	95	1495.5	757.5	3.97506628621e-05	0.00154510096436	135	135
92.0	92.0	76.0	97.0	98.0	82.0	11	0.000745910810379	8.26332851694e-05	DLR00012647-2009-07-01_11-34-06	0.000339595844576	5	95	1628.5	756.5	4.11774123043e-05	0.00111886621557	135	135
92.0	92.0	75.0	97.0	98.0	81.0	12	0.000479514092386	8.69125754701e-05	DLR00012647-2009-07-01_11-34-06	2.40367850153e-05	5	95	1766.5	750.5	3.79987785665e-05	0.00133198358996	135	135
92.0	92.0	75.0	99.0	100.0	85.0	13	0.00213117374394	0.000122325991456	DLR00012647-2009-07-01_11-34-06	0.000753634750459	5	95	1903.5	757.5	0.00059960912293	0.0170493899515	135	135
92.0	92.0	75.0	99.0	101.0	86.0	14	0.00586072779583	0.000114198882524	DLR00012647-2009-07-01_11-34-06	-0.000300057746547	5	95	2041.5	757.5	0.000577120472542	0.0125739250892	135	135
92.0	92.0	75.0	98.0	99.0	84.0	15	0.000745910810379	0.000101137352681	DLR00012647-2009-07-01_11-34-06	-0.00035616723621	5	95	2178.5	757.5	5.64233381035e-05	0.00175821833875	135	135
92.0	92.0	75.0	97.0	98.5	82.0	16	0.00069263146678	9.59172633744e-05	DLR00012647-2009-07-01_11-34-06	-0.000335939408925	5	95	2313.5	757.5	6.09497840166e-05	0.00213117374394	135	135
92.0	92.0	74.0	97.5	98.0	82.0	17	0.00101230752837	9.31879832006e-05	DLR00012647-2009-07-01_11-34-06	0.000143973516261	5	95	2453.5	763.5	6.99433429357e-05	0.00245084980553	135	135
93.0	92.0	74.0	103.0	110.0	98.0	18	0.00415578880068	0.000291890434692	DLR00012647-2009-07-01_11-34-06	0.00178100006379	5	95	2590.5	754.5	0.000962252690206	0.0143854227716	135	135
93.0	92.0	74.0	102.0	107.0	92.5	19	0.00607384517023	0.000232473408393	DLR00012647-2009-07-01_11-34-06	0.00199609068592	5	95	2721.5	749.5	0.00129170895959	0.0214182961266	135	135
93.0	91.0	73.0	98.0	97.0	81.0	20	0.000159838030795	9.03330448958e-05	DLR00012647-2009-07-01_11-34-06	0.000276779078058	5	95	2853.5	757.5	8.67576976511e-05	0.00325003995951	135	135
92.0	90.0	72.0	96.0	95.0	79.0	21	0.000266396717992	7.82105847245e-05	DLR00012647-2009-07-01_11-34-06	2.88678119443e-05	5	95	2998.5	757.5	3.28616845899e-05	0.00127870424636	135	135
90.0	88.0	71.0	95.0	93.0	77.0	22	0.000586072779583	8.13863087628e-05	DLR00012647-2009-07-01_11-34-06	2.07742168409e-05	5	95	3124.5	757.5	7.36825824001e-05	0.00287708455432	135	135
87.0	85.0	69.0	91.0	90.0	75.0	23	0.0	8.05375963644e-05	DLR00012647-2009-07-01_11-34-06	-0.000675302452739	5	95	3265.5	757.5	4.19998639018e-05	0.00186477702595	135	135
84.0	83.0	68.0	88.0	87.0	72.0	24	0.0	7.62966896176e-05	DLR00012647-2009-07-01_11-34-06	-0.000502038004008	5	95	3408.5	759.5	3.55592077789e-05	0.00175821833875	135	135
90.0	88.0	73.0	95.0	93.0	82.0	1	0.0	9.49145041152e-05	DLR00012647-2009-07-01_11-34-06	-0.000119552511959	6	95	267.5	893.5	2.61722577504e-05	0.00101230752837	135	135
91.0	90.0	75.0	96.0	94.0	80.0	2	0.0	7.70481484132e-05	DLR00012647-2009-07-01_11-34-06	0.00112150391973	6	95	403.5	891.5	7.34093461397e-05	0.0035697160211	135	135
93.0	91.0	75.0	98.0	97.0	82.0	3	0.000852469497576	8.98349155802e-05	DLR00012647-2009-07-01_11-34-06	0.000985951949731	6	95	538.5	893.5	9.96091876881e-05	0.0036229953647	135	135
94.0	93.0	76.0	99.0	98.0	82.0	4	0.00069263146678	7.87529355197e-05	DLR00012647-2009-07-01_11-34-06	0.00125069671938	6	95	676.5	888.5	9.16870779911e-05	0.0035697160211	135	135
94.0	93.0	76.0	99.0	99.0	82.0	5	0.0	7.90438224614e-05	DLR00012647-2009-07-01_11-34-06	0.000631933462965	6	95	816.5	898.5	4.12316072458e-05	0.00181149768235	135	135
94.0	93.0	76.0	101.0	100.0	85.0	6	0.000959028184773	0.000109863148395	DLR00012647-2009-07-01_11-34-06	0.000311413323607	6	95	948.5	893.5	6.14752503079e-05	0.00175821833875	135	135
93.0	93.0	76.0	99.0	99.0	83.0	7	0.0	7.85067117441e-05	DLR00012647-2009-07-01_11-34-06	0.000684411678509	6	95	1086.5	891.5	2.71020498645e-05	0.00122542490277	135	135
93.0	93.0	76.0	98.0	99.0	82.0	8	0.000426234748788	8.5100167049e-05	DLR00012647-2009-07-01_11-34-06	-8.06286762017e-05	6	95	1224.5	895.5	4.92601747264e-05	0.00175821833875	135	135
92.0	93.0	76.0	101.0	101.0	87.0	9	0.00149182162076	0.000131519961182	DLR00012647-2009-07-01_11-34-06	-0.000225773564885	6	95	1360.5	883.5	6.95417885086e-05	0.00143854227716	135	135
92.0	92.0	76.0	99.0	101.0	86.0	10	0.00101230752837	0.000113779394698	DLR00012647-2009-07-01_11-34-06	0.000394246319902	6	95	1499.5	893.5	0.00013143494419	0.00404923011349	135	135
91.0	92.0	76.0	97.0	98.0	82.0	11	0.000266396717992	8.97958743286e-05	DLR00012647-2009-07-01_11-34-06	-5.75863388822e-05	6	95	1643.5	891.5	2.44942207948e-05	0.000905748841174	135	135
91.0	91.0	75.0	98.0	101.0	91.0	12	0.00197133571314	0.00015755708291	DLR00012647-2009-07-01_11-34-06	-0.000624909678713	6	95	1771.5	893.5	0.000123324948626	0.00261068783633	135	135
91.0	91.0	75.0	96.0	97.0	81.0	13	0.0	7.51699142498e-05	DLR00012647-2009-07-01_11-34-06	-0.000159811289549	6	95	1902.5	889.5	1.14885900653e-05	0.000586072779583	135	135
91.0	91.0	75.0	97.0	98.0	82.0	14	0.00111886621557	8.83403010879e-05	DLR00012647-2009-07-01_11-34-06	9.80856295542e-05	6	95	2041.5	887.5	7.85193740514e-05	0.00266396717992	135	135
91.0	92.0	75.0	96.5	97.0	81.0	15	0.000586072779583	8.13836557025e-05	DLR00012647-2009-07-01_11-34-06	5.21413876546e-05	6	95	2178.5	893.5	6.98700204033e-05	0.00266396717992	135	135
92.0	92.0	75.0	97.0	98.0	81.0	16	0.000106558687197	7.83454913816e-05	DLR00012647-2009-07-01_11-34-06	0.000165955041002	6	95	2316.5	893.5	3.31718695141e-05	0.00143854227716	135	135
92.0	92.0	75.0	125.0	129.5	119.0	17	0.0155575683308	0.000264839982893	DLR00012647-2009-07-01_11-34-06	-0.000187170483385	6	95	2460.5	893.5	0.00139201613221	0.0153444509564	135	135
93.0	92.0	74.0	114.0	117.0	103.0	18	0.00325003995951	0.000180846910836	DLR00012647-2009-07-01_11-34-06	-0.000423114848875	6	95	2590.5	893.5	0.000258834398864	0.00538121370345	135	135
92.0	91.0	73.0	98.0	97.0	82.0	19	0.00069263146678	9.09950563355e-05	DLR00012647-2009-07-01_11-34-06	-0.000771111101762	6	95	2726.5	894.5	2.97232217629e-05	0.000905748841174	135	135
92.0	91.0	73.0	98.0	96.0	80.0	20	0.000319676061591	7.98824840258e-05	DLR00012647-2009-07-01_11-34-06	0.0003006104743	6	95	2861.5	889.5	4.88587577647e-05	0.00202461505674	135	135
92.0	90.0	72.0	96.0	95.0	79.0	21	0.000959028184773	8.95981315224e-05	DLR00012647-2009-07-01_11-34-06	0.000633432906237	6	95	2996.5	885.5	0.000117077869546	0.00431562683148	135	135
90.0	88.0	71.0	94.0	92.0	75.0	22	0.0	7.560179129e-05	DLR00012647-2009-07-01_11-34-06	0.000761866446112	6	95	3126.5	893.5	5.68374799616e-05	0.00282380521072	135	135
87.0	85.0	69.0	91.0	91.0	76.0	23	0.000799190153977	8.84076389915e-05	DLR00012647-2009-07-01_11-34-06	0.00014203696658	6	95	3269.5	889.5	0.000182475149777	0.00724599072939	135	135
83.0	83.0	67.0	92.0	92.0	78.0	24	0.000799190153977	0.00015635846538	DLR00012647-2009-07-01_11-34-06	-0.000845896009909	6	95	3411.5	893.5	4.23305392687e-05	0.00101230752837	135	135
90.0	88.0	73.0	95.0	94.0	78.0	1	0.000372955405189	8.55330503836e-05	DLR00012647-2009-07-01_11-34-06	-0.000108772459364	7	95	272.5	1029.5	6.23010776801e-05	0.00255740849273	135	135
92.0	90.0	74.0	97.5	96.0	81.0	2	0.000799190153977	9.05248727418e-05	DLR00012647-2009-07-01_11-34-06	0.000492427920556	7	95	410.5	1029.5	6.78979132604e-05	0.00213117374394	135	135
93.0	91.0	75.0	99.0	97.0	82.0	3	0.000745910810379	9.12593722261e-05	DLR00012647-2009-07-01_11-34-06	0.000733824018726	7	95	548.5	1025.5	8.47054204727e-05	0.00266396717992	135	135
94.0	93.0	75.0	99.5	99.0	82.0	4	0.00101230752837	8.87972645464e-05	DLR00012647-2009-07-01_11-34-06	0.000523157992217	7	95	676.5	1028.5	7.96549196965e-05	0.00234429111833	135	135
94.0	93.0	75.0	98.0	98.0	82.0	5	0.0	8.00226637472e-05	DLR00012647-2009-07-01_11-34-06	0.000647485358379	7	95	822.5	1029.5	5.07132449116e-05	0.00229101177473	135	135
94.0	93.0	75.0	98.0	98.0	81.5	6	0.0	7.58200712167e-05	DLR00012647-2009-07-01_11-34-06	0.000350316042684	7	95	952.5	1024.5	2.9443112802e-05	0.00138526293356	135	135
93.0	93.0	75.0	99.0	101.0	85.0	7	0.00069263146678	0.000114386769431	DLR00012647-2009-07-01_11-34-06	-3.20270123437e-05	7	95	1081.5	1029.5	5.47140420396e-05	0.00165165965155	135	135
92.0	93.0	75.0	98.0	98.0	82.0	8	0.000799190153977	8.4781689137e-05	DLR00012647-2009-07-01_11-34-06	-0.000361913060099	7	95	1219.5	1029.5	5.25874556583e-05	0.00165165965155	135	135
92.0	92.0	75.0	97.0	98.0	82.0	9	5.32793435985e-05	8.05980935205e-05	DLR00012647-2009-07-01_11-34-06	-0.000388773310475	7	95	1360.5	1029.5	5.52981439551e-05	0.00239757046193	135	135
92.0	92.0	76.0	97.0	98.0	82.0	10	0.000159838030795	8.73314048996e-05	DLR00012647-2009-07-01_11-34-06	0.000222300578183	7	95	1485.5	1027.5	3.60645161869e-05	0.00143854227716	135	135
91.0	92.0	75.0	97.0	97.0	82.0	11	0.0	8.40846321682e-05	DLR00012647-2009-07-01_11-34-06	0.000172568197588	7	95	1635.5	1024.5	2.92956362751e-05	0.00122542490277	135	135
91.0	91.0	75.0	96.0	96.0	80.0	12	0.0	7.31142077781e-05	DLR00012647-2009-07-01_11-34-06	3.92279747974e-05	7	95	1771.5	1029.5	3.27025581822e-05	0.00149182162076	135	135
91.0	91.0	75.0	97.0	97.0	82.0	13	0.00101230752837	9.03392758204e-05	DLR00012647-2009-07-01_11-34-06	-4.30553792514e-05	7	95	1895.5	1029.5	6.1424781657e-05	0.00213117374394	135	135
91.0	91.0	74.0	97.0	98.0	82.0	14	0.00181149768235	0.000101248257376	DLR00012647-2009-07-01_11-34-06	-0.000218807430996	7	95	2041.5	1032.5	9.95138080743e-05	0.00229101177473	135	135
91.0	91.0	75.0	95.0	96.0	80.0	15	0.0	7.47257227494e-05	DLR00012647-2009-07-01_11-34-06	0.000352510840316	7	95	2178.5	1032.5	2.14943809655e-05	0.00106558687197	135	135
92.0	92.0	75.0	97.0	97.0	82.0	16	0.000106558687197	8.52712611474e-05	DLR00012647-2009-07-01_11-34-06	0.000317097196876	7	95	2316.5	1029.5	3.27849085806e-05	0.00127870424636	135	135
92.0	91.0	74.0	96.5	97.0	82.0	17	0.0	8.28845765735e-05	DLR00012647-2009-07-01_11-34-06	-6.4301670121e-05	7	95	2462.5	1029.5	2.16007849327e-05	0.000959028184773	135	135
91.0	91.0	73.0	98.0	100.0	85.0	18	0.00420906814428	0.000145887369645	DLR00012647-2009-07-01_11-34-06	0.000422933678837	7	95	2590.5	1029.5	0.000539416802881	0.013799349992	135	135
92.0	90.0	72.0	96.0	96.0	78.0	19	0.0	8.04669707176e-05	DLR00012647-2009-07-01_11-34-06	9.3598378798e-05	7	95	2728.5	1029.5	4.06516246188e-05	0.00181149768235	135	135
92.0	90.0	72.0	97.0	96.0	80.0	20	0.000266396717992	9.55886374267e-05	DLR00012647-2009-07-01_11-34-06	0.000326342671505	7	95	2861.5	1029.5	0.000116492324498	0.00426234748788	135	135
91.0	89.0	71.0	96.0	95.0	78.0	21	0.000799190153977	8.40215553249e-05	DLR00012647-2009-07-01_11-34-06	0.000642982863034	7	95	2993.5	1029.5	0.000126535046237	0.00490169961106	135	135
90.0	87.0	70.0	95.0	93.0	77.0	22	0.000799190153977	8.45712524181e-05	DLR00012647-2009-07-01_11-34-06	0.000339960986561	7	95	3133.5	1022.5	5.70830157457e-05	0.00191805636955	135	135
86.0	84.0	68.0	91.0	90.0	74.0	23	0.0	8.33242184794e-05	DLR00012647-2009-07-01_11-34-06	-4.20055649725e-05	7	95	3273.5	1029.5	0.000127259253326	0.00484842026746	135	135
83.0	82.0	67.0	87.0	89.0	77.0	24	0.0	0.000101513672918	DLR00012647-2009-07-01_11-34-06	-0.000904813140023	7	95	3411.5	1022.5	8.99680651181e-06	0.000372955405189	135	135
91.0	89.0	74.0	95.0	94.0	79.0	1	0.0	7.99893085218e-05	DLR00012647-2009-07-01_11-34-06	0.000248849986691	8	95	267.5	1165.5	6.06291724844e-05	0.00282380521072	135	135
92.0	90.0	74.0	96.0	95.0	80.0	2	0.0	7.96980970521e-05	DLR00012647-2009-07-01_11-34-06	0.000735118047929	8	95	403.5	1158.5	0.000108272492265	0.00495497895466	135	135
93.0	92.0	75.0	98.0	97.0	80.0	3	0.0	8.33117079912e-05	DLR00012647-2009-07-01_11-34-06	0.000998830668991	8	95	545.5	1168.5	0.000102069726546	0.00410250945708	135	135
94.0	93.0	75.0	99.0	98.0	82.0	4	0.00138526293356	8.36678765259e-05	DLR00012647-2009-07-01_11-34-06	0.00126740796725	8	95	670.5	1165.5	0.000122217951409	0.00431562683148	135	135
94.0	93.0	75.0	98.0	98.0	81.0	5	0.0	7.64615632821e-05	DLR00012647-2009-07-01_11-34-06	0.000855502021134	8	95	813.5	1165.5	3.52721035173e-05	0.00175821833875	135	135
93.0	93.0	75.0	99.0	99.0	81.0	6	0.00111886621557	8.78695443811e-05	DLR00012647-2009-07-01_11-34-06	0.000898169901868	8	95	948.5	1161.5	9.36896783466e-05	0.0033565986467	135	135
93.0	93.0	75.0	98.0	98.0	82.0	7	0.000586072779583	8.67135311185e-05	DLR00012647-2009-07-01_11-34-06	0.000333818643051	8	95	1085.5	1167.5	6.89512746535e-05	0.00271724652352	135	135
92.0	92.0	75.0	97.0	98.0	81.0	8	0.0	7.99185928418e-05	DLR00012647-2009-07-01_11-34-06	0.000595216344257	8	95	1224.5	1167.5	3.87385501049e-05	0.00181149768235	135	135
92.0	92.0	75.0	98.0	99.0	83.0	9	0.00069263146678	0.000105151258838	DLR00012647-2009-07-01_11-34-06	0.000406774668511	8	95	1360.5	1166.5	5.20428949775e-05	0.00159838030795	135	135
91.0	92.0	75.0	96.0	98.0	82.0	10	0.000799190153977	8.53302535054e-05	DLR00012647-2009-07-01_11-34-06	0.000569831911987	8	95	1489.5	1165.5	8.54079089216e-05	0.00314348127231	135	135
91.0	91.0	75.0	96.0	96.0	81.0	11	0.000639352123182	7.85301754054e-05	DLR00012647-2009-07-01_11-34-06	0.00055955877546	8	95	1629.5	1165.5	6.82810310956e-05	0.00277052586712	135	135
91.0	91.0	75.0	95.0	97.0	81.0	12	0.000852469497576	9.00038012402e-05	DLR00012647-2009-07-01_11-34-06	0.000579903664467	8	95	1762.5	1158.5	0.000109649629092	0.0036762747083	135	135
90.0	91.0	75.0	95.0	97.5	80.0	13	0.0	8.7293969191e-05	DLR00012647-2009-07-01_11-34-06	0.000262193823426	8	95	1903.5	1164.5	1.04332733167e-05	0.000426234748788	135	135
90.0	91.0	75.0	95.0	95.5	81.0	14	0.0	7.84857765709e-05	DLR00012647-2009-07-01_11-34-06	0.000567503875919	8	95	2031.5	1161.5	5.051783037e-05	0.00234429111833	135	135
91.0	91.0	75.0	96.0	97.0	81.0	15	5.32793435985e-05	9.09468099806e-05	DLR00012647-2009-07-01_11-34-06	0.000718324584225	8	95	2181.5	1166.5	6.91949477903e-05	0.00282380521072	135	135
90.0	91.0	74.0	96.0	96.0	81.0	16	0.000213117374394	8.51428339368e-05	DLR00012647-2009-07-01_11-34-06	9.10236593874e-06	8	95	2316.5	1155.5	8.05696520766e-05	0.00319676061591	135	135
91.0	91.0	73.0	95.0	96.0	79.0	17	0.0	7.5705864403e-05	DLR00012647-2009-07-01_11-34-06	0.000231184968087	8	95	2443.5	1162.5	4.42925854727e-05	0.00207789440034	135	135
91.0	90.0	73.0	97.0	98.0	82.0	18	0.0	8.06402888901e-05	DLR00012647-2009-07-01_11-34-06	0.000230888325008	8	95	2590.5	1163.5	7.44727150998e-05	0.0035697160211	135	135
91.0	90.0	72.0	97.0	97.0	80.0	19	0.0	8.23579781308e-05	DLR00012647-2009-07-01_11-34-06	0.000386543959033	8	95	2726.5	1161.5	8.29656343706e-05	0.0036229953647	135	135
91.0	90.0	72.0	96.0	96.0	78.0	20	0.000852469497576	8.80517719411e-05	DLR00012647-2009-07-01_11-34-06	0.00082107915975	8	95	2861.5	1161.5	0.000172876472987	0.00655335926261	135	135
91.0	89.0	71.0	96.0	94.0	78.0	21	0.00069263146678	8.90447142871e-05	DLR00012647-2009-07-01_11-34-06	0.000878007556204	8	95	2991.5	1158.5	0.000258116812506	0.00996323725292	135	135
89.0	87.0	70.0	94.0	92.0	75.0	22	0.0	7.85473507872e-05	DLR00012647-2009-07-01_11-34-06	0.000965300219184	8	95	3133.5	1156.5	0.000121727953386	0.00570088976504	135	135
86.0	84.0	68.0	91.0	89.0	73.0	23	0.0	7.53858607172e-05	DLR00012647-2009-07-01_11-34-06	0.000470407535647	8	95	3274.5	1161.5	6.93163249683e-05	0.0034631573339	135	135
83.0	82.0	67.0	91.0	94.0	80.0	24	0.00149182162076	0.000173805420963	DLR00012647-2009-07-01_11-34-06	-0.000816423419221	8	95	3411.5	1165.5	9.03604148299e-05	0.00149182162076	135	135
91.0	89.0	73.0	96.0	96.0	81.0	1	0.000745910810379	9.59890340286e-05	DLR00012647-2009-07-01_11-34-06	-0.000149758882156	9	95	269.5	1302.5	6.52725771567e-05	0.00191805636955	135	135
92.0	90.0	74.0	97.0	96.0	80.0	2	0.000426234748788	8.32845069246e-05	DLR00012647-2009-07-01_11-34-06	0.000296802188816	9	95	403.5	1301.5	8.48774630708e-05	0.0036762747083	135	135
93.0	91.0	74.0	98.0	97.0	82.0	3	0.000745910810379	8.52332543138e-05	DLR00012647-2009-07-01_11-34-06	0.000602622951155	9	95	544.5	1300.5	9.68577335243e-05	0.00330331930311	135	135
94.0	92.0	75.0	99.0	98.0	81.0	4	0.0	7.64148727051e-05	DLR00012647-2009-07-01_11-34-06	0.000846966546011	9	95	666.5	1301.5	2.00658967534e-05	0.00101230752837	135	135
94.0	93.0	75.0	98.0	98.0	82.0	5	0.0	8.16353238758e-05	DLR00012647-2009-07-01_11-34-06	0.000637312654755	9	95	813.5	1301.5	6.16399583997e-05	0.00298364324152	135	135
93.0	93.0	75.0	99.0	99.0	81.0	6	0.000319676061591	8.33778838975e-05	DLR00012647-2009-07-01_11-34-06	0.000332715834768	9	95	948.5	1301.5	4.02337215353e-05	0.00154510096436	135	135
92.0	92.0	74.0	98.0	98.0	82.0	7	0.000479514092386	8.87435916405e-05	DLR00012647-2009-07-01_11-34-06	0.000434824249196	9	95	1083.5	1301.5	5.92326209568e-05	0.00229101177473	135	135
92.0	92.0	75.0	98.0	99.0	83.0	8	0.0	7.40973800303e-05	DLR00012647-2009-07-01_11-34-06	0.000259187292895	9	95	1224.5	1301.5	6.30869894071e-05	0.00303692258511	135	135
92.0	92.0	76.0	99.0	102.0	87.0	9	0.000213117374394	9.52483058959e-05	DLR00012647-2009-07-01_11-34-06	0.000560200267295	9	95	1360.5	1306.5	0.000106332169931	0.00410250945708	135	135
93.0	93.0	77.0	99.0	102.0	87.0	10	0.000479514092386	8.36309065553e-05	DLR00012647-2009-07-01_11-34-06	0.00104544899671	9	95	1495.5	1301.5	0.000315726615521	0.0130534391816	135	135
93.0	94.0	78.0	100.0	104.0	91.0	11	0.000799190153977	8.37610946758e-05	DLR00012647-2009-07-01_11-34-06	0.00150035550563	9	95	1634.5	1301.5	0.000552010157996	0.0229633970909	135	135
93.0	94.0	78.0	99.0	103.0	89.0	12	0.00127870424636	8.25833261836e-05	DLR00012647-2009-07-01_11-34-06	0.00126789094536	9	95	1764.5	1310.5	0.00053178174097	0.0222174862806	135	135
92.0	93.0	77.0	99.0	104.0	90.0	13	0.00111886621557	7.96861437225e-05	DLR00012647-2009-07-01_11-34-06	0.00114570139938	9	95	1912.5	1301.5	0.000448938516685	0.0200863125366	135	135
93.0	94.0	78.0	98.0	102.0	88.0	14	0.0	8.08357686098e-05	DLR00012647-2009-07-01_11-34-06	0.00125779661383	9	95	2036.5	1301.5	0.000305615296726	0.01406574671	135	135
92.0	93.0	77.0	99.0	105.0	91.0	15	0.000426234748788	8.30220564747e-05	DLR00012647-2009-07-01_11-34-06	0.00129677402824	9	95	2169.5	1301.5	0.000532083090439	0.0232297938089	135	135
93.0	93.0	78.0	98.0	101.0	87.0	16	0.0	8.23996966474e-05	DLR00012647-2009-07-01_11-34-06	0.000924508654155	9	95	2307.5	1301.5	0.000171743495058	0.0071927113858	135	135
92.0	92.0	76.0	99.0	102.0	88.0	17	0.000905748841174	8.59810230009e-05	DLR00012647-2009-07-01_11-34-06	0.00100776472285	9	95	2444.5	1301.5	0.000492519315811	0.0206191059726	135	135
93.0	93.0	76.0	99.0	102.0	87.0	18	5.32793435985e-05	8.09233314001e-05	DLR00012647-2009-07-01_11-34-06	0.00102958176017	9	95	2587.5	1292.5	0.000484685091782	0.0216846928446	135	135
91.0	90.0	73.0	97.0	97.0	81.0	19	0.000959028184773	8.25877102782e-05	DLR00012647-2009-07-01_11-34-06	0.000437137590721	9	95	2721.5	1301.5	0.000105972943479	0.00399595076989	135	135
91.0	89.0	71.0	96.0	97.0	81.0	20	0.000213117374394	0.000100686391294	DLR00012647-2009-07-01_11-34-06	0.000254064010111	9	95	2861.5	1301.5	5.56747417499e-05	0.00197133571314	135	135
90.0	88.0	70.0	94.0	93.0	77.0	21	0.00106558687197	7.485768218e-05	DLR00012647-2009-07-01_11-34-06	0.00078290928102	9	95	2998.5	1301.5	0.000104771861703	0.0036762747083	135	135
89.0	87.0	69.0	92.0	92.0	76.0	22	0.000426234748788	7.76775788055e-05	DLR00012647-2009-07-01_11-34-06	0.000644822135895	9	95	3134.5	1302.5	7.72137986145e-05	0.0034098779903	135	135
85.0	84.0	68.0	89.0	88.0	73.0	23	0.0	7.92349448794e-05	DLR00012647-2009-07-01_11-34-06	0.000406405488096	9	95	3273.5	1301.5	7.81461935667e-05	0.0036229953647	135	135
82.0	82.0	67.0	87.0	87.0	73.0	24	0.000639352123182	8.62922648011e-05	DLR00012647-2009-07-01_11-34-06	6.79163198146e-06	9	95	3414.5	1295.5	0.000111330576629	0.00394267142629	135	135
91.0	89.0	74.0	96.0	94.0	80.0	1	0.0	8.8591734653e-05	DLR00012647-2009-07-01_11-34-06	0.000462680509052	10	95	263.5	1444.5	7.64552174255e-05	0.00298364324152	135	135
91.0	90.0	74.0	96.0	95.5	80.0	2	0.000159838030795	8.72532416929e-05	DLR00012647-2009-07-01_11-34-06	0.000528216629401	10	95	403.5	1441.5	0.00017451830689	0.0071394320422	135	135
92.0	91.0	74.0	97.0	97.0	81.0	3	0.0	9.44338152521e-05	DLR00012647-2009-07-01_11-34-06	0.000514606101886	10	95	537.5	1447.5	0.000152277704043	0.00570088976504	135	135
93.0	92.0	75.0	98.0	97.0	81.0	4	0.0	7.65990492201e-05	DLR00012647-2009-07-01_11-34-06	0.0013198255929	10	95	676.5	1440.5	8.03568472568e-05	0.00388939208269	135	135
94.0	93.0	75.0	99.0	99.0	84.0	5	0.00266396717992	0.000103503817425	DLR00012647-2009-07-01_11-34-06	0.00157574009317	10	95	809.5	1439.5	0.000272453246524	0.00751238744739	135	135
93.0	93.0	75.0	99.0	99.0	82.0	6	0.00133198358996	9.32358163742e-05	DLR00012647-2009-07-01_11-34-06	0.000882359189871	10	95	948.5	1431.5	9.20082069239e-05	0.00303692258511	135	135
92.0	92.0	74.0	98.0	99.0	81.0	7	0.000319676061591	8.77270919963e-05	DLR00012647-2009-07-01_11-34-06	0.000532189603783	10	95	1076.5	1436.5	3.41753500191e-05	0.00117214555917	135	135
92.0	92.0	74.0	97.0	96.0	81.0	8	0.0	7.4503533188e-05	DLR00012647-2009-07-01_11-34-06	0.00113059530875	10	95	1224.5	1440.5	5.84362558907e-05	0.00266396717992	135	135
91.0	91.0	75.0	95.0	96.0	80.5	9	0.0	7.69734043205e-05	DLR00012647-2009-07-01_11-34-06	0.00118466216079	10	95	1360.5	1437.5	2.69316409678e-05	0.00127870424636	135	135
92.0	92.0	76.0	97.0	99.0	84.0	10	0.00106558687197	9.15274414488e-05	DLR00012647-2009-07-01_11-34-06	0.00133572597818	10	95	1487.5	1435.5	0.000158546371804	0.00543449304705	135	135
92.0	92.0	76.0	99.0	102.0	88.0	11	0.0	8.20929520573e-05	DLR00012647-2009-07-01_11-34-06	0.00103907187075	10	95	1634.5	1435.5	0.000225885508389	0.00980339922212	135	135
90.0	91.0	74.0	95.0	96.0	81.0	12	0.0	8.57315829757e-05	DLR00012647-2009-07-01_11-34-06	0.000802108214682	10	95	1771.5	1440.5	6.20436964838e-05	0.00250412914913	135	135
90.0	91.0	74.0	95.0	96.0	79.0	13	0.0	7.30438308046e-05	DLR00012647-2009-07-01_11-34-06	0.000656104810401	10	95	1908.5	1435.5	1.43258627148e-05	0.000745910810379	135	135
90.0	90.0	74.0	94.0	96.0	80.0	14	0.000266396717992	8.51509603207e-05	DLR00012647-2009-07-01_11-34-06	0.000267864703218	10	95	2041.5	1448.5	4.44188991546e-05	0.00186477702595	135	135
89.0	90.0	73.0	94.0	95.0	80.0	15	0.000106558687197	7.80291665509e-05	DLR00012647-2009-07-01_11-34-06	8.89212119036e-05	10	95	2178.5	1440.5	4.15965258495e-05	0.00170493899515	135	135
89.0	89.0	73.0	95.0	96.0	82.0	16	0.00149182162076	0.000110622753628	DLR00012647-2009-07-01_11-34-06	0.000574611554877	10	95	2316.5	1438.5	0.000144321876705	0.00442218551867	135	135
89.0	89.0	72.0	94.0	95.0	78.5	17	0.00143854227716	8.23976058265e-05	DLR00012647-2009-07-01_11-34-06	0.000369217480353	10	95	2453.5	1440.5	0.000126330943811	0.0036229953647	135	135
90.0	89.0	72.0	94.0	94.0	78.0	18	0.000159838030795	8.02762592479e-05	DLR00012647-2009-07-01_11-34-06	0.000205666162225	10	95	2590.5	1440.5	2.86261676116e-05	0.00122542490277	135	135
91.0	90.0	72.0	96.0	96.0	80.0	19	0.00239757046193	8.82531764154e-05	DLR00012647-2009-07-01_11-34-06	0.000817991163608	10	95	2721.5	1436.5	0.000184639263284	0.00612712451383	135	135
90.0	89.0	71.0	96.5	95.0	79.0	20	0.000586072779583	9.30917227985e-05	DLR00012647-2009-07-01_11-34-06	-0.00029949212565	10	95	2861.5	1442.5	4.18250545543e-05	0.00127870424636	135	135
90.0	88.0	70.0	95.0	93.0	76.0	21	0.0	7.96088188798e-05	DLR00012647-2009-07-01_11-34-06	0.000834217906321	10	95	2994.5	1435.5	0.000111666963557	0.00506153764186	135	135
89.0	87.0	70.0	93.0	93.0	77.0	22	0.000319676061591	8.32653418542e-05	DLR00012647-2009-07-01_11-34-06	0.00105952286941	10	95	3133.5	1442.5	0.000219212809427	0.00921732644254	135	135
85.0	84.0	68.0	90.0	89.0	74.0	23	0.000213117374394	8.53506208744e-05	DLR00012647-2009-07-01_11-34-06	0.000677130905962	10	95	3273.5	1434.5	0.000166922619678	0.007032873355	135	135
82.0	81.0	67.0	87.0	86.0	72.0	24	0.00154510096436	8.26439432476e-05	DLR00012647-2009-07-01_11-34-06	0.000403228027186	10	95	3407.5	1440.5	0.000162565102782	0.00511481698545	135	135
90.0	88.0	73.0	96.0	94.5	81.0	1	0.000106558687197	0.000111873586346	DLR00012647-2009-07-01_11-34-06	-0.000155775248737	11	95	267.5	1574.5	3.29122124709e-05	0.00117214555917	135	135
91.0	90.0	74.0	95.5	95.0	80.0	2	0.0	8.03188331487e-05	DLR00012647-2009-07-01_11-34-06	0.000600517064532	11	95	406.5	1574.5	2.70965540502e-05	0.00127870424636	135	135
92.0	91.0	74.0	97.0	96.5	81.0	3	0.0	8.77785517199e-05	DLR00012647-2009-07-01_11-34-06	0.00119332340835	11	95	541.5	1574.5	0.000181452342761	0.007032873355	135	135
93.0	92.0	75.0	98.0	97.0	81.5	4	0.000426234748788	8.66412100508e-05	DLR00012647-2009-07-01_11-34-06	0.00101735792926	11	95	676.5	1574.5	7.93105868303e-05	0.00309020192871	135	135
93.0	92.0	75.0	99.0	98.0	83.0	5	0.00250412914913	0.00010283310142	DLR00012647-2009-07-01_11-34-06	0.00175133062371	11	95	813.5	1574.5	0.000270880958051	0.00751238744739	135	135
93.0	92.0	74.0	98.0	98.0	82.0	6	0.000106558687197	9.14531505233e-05	DLR00012647-2009-07-01_11-34-06	0.000991353235282	11	95	948.5	1571.5	3.96210868815e-05	0.00154510096436	135	135
92.0	92.0	74.0	97.0	98.0	81.0	7	0.000106558687197	8.01338759518e-05	DLR00012647-2009-07-01_11-34-06	0.00123869832147	11	95	1082.5	1574.5	4.57934140206e-05	0.00191805636955	135	135
91.0	91.0	74.0	96.0	96.0	80.0	8	0.0	8.04587356115e-05	DLR00012647-2009-07-01_11-34-06	0.000380513531426	11	95	1224.5	1574.5	2.52870906027e-05	0.00111886621557	135	135
90.0	91.0	74.0	97.0	97.0	80.5	9	0.000319676061591	9.52145609066e-05	DLR00012647-2009-07-01_11-34-06	-0.000108458233617	11	95	1355.5	1574.5	1.77418863623e-05	0.000639352123182	135	135
90.0	90.0	74.0	97.0	98.5	82.0	10	0.00245084980553	0.000109492073288	DLR00012647-2009-07-01_11-34-06	0.000406552268061	11	95	1495.5	1574.5	0.000139610876521	0.0036229953647	135	135
90.0	90.0	74.0	95.0	96.0	83.0	11	0.000745910810379	9.79090568956e-05	DLR00012647-2009-07-01_11-34-06	0.000446922155028	11	95	1625.5	1574.5	0.000134653580981	0.00468858223667	135	135
90.0	90.0	74.0	95.0	96.0	81.0	12	0.000426234748788	8.22824942583e-05	DLR00012647-2009-07-01_11-34-06	0.000571854274392	11	95	1767.5	1572.5	7.93345848263e-05	0.0033565986467	135	135
89.0	90.0	73.0	94.0	94.0	78.0	13	0.000106558687197	7.38636272657e-05	DLR00012647-2009-07-01_11-34-06	0.00040629145975	11	95	1912.5	1574.5	2.80813568745e-05	0.00127870424636	135	135
89.0	89.0	73.0	95.0	97.5	82.0	14	0.000745910810379	0.000128671661663	DLR00012647-2009-07-01_11-34-06	-6.98221481252e-05	11	95	2041.5	1574.5	3.79066093827e-05	0.00106558687197	135	135
89.0	89.0	72.0	95.0	97.0	78.0	15	0.000639352123182	0.000100063463893	DLR00012647-2009-07-01_11-34-06	-0.0001967661682	11	95	2178.5	1574.5	2.51197460746e-05	0.000799190153977	135	135
88.0	89.0	72.0	93.0	94.0	77.0	16	0.0	7.77220739595e-05	DLR00012647-2009-07-01_11-34-06	7.85803114422e-05	11	95	2316.5	1574.5	4.28250035033e-05	0.00202461505674	135	135
89.0	88.0	72.0	93.0	94.0	78.0	17	0.000852469497576	7.84316953263e-05	DLR00012647-2009-07-01_11-34-06	5.61671718203e-05	11	95	2454.5	1574.5	4.34164600648e-05	0.00154510096436	135	135
90.0	89.0	72.0	95.0	96.0	79.0	18	0.000479514092386	7.69078419393e-05	DLR00012647-2009-07-01_11-34-06	0.000401292085401	11	95	2589.5	1574.5	7.87245739684e-05	0.00325003995951	135	135
90.0	88.0	71.0	95.0	94.0	78.0	19	0.0	8.87168548982e-05	DLR00012647-2009-07-01_11-34-06	-7.06234757154e-05	11	95	2726.5	1574.5	0.000101163010516	0.00415578880068	135	135
90.0	88.0	70.0	97.0	98.0	83.0	20	0.0	0.000106679107322	DLR00012647-2009-07-01_11-34-06	-0.000400269566078	11	95	2859.5	1574.5	0.000201246874779	0.00681975598061	135	135
89.0	87.0	70.0	91.0	91.0	75.0	21	0.0	7.09222824495e-05	DLR00012647-2009-07-01_11-34-06	0.000414168510004	11	95	2998.5	1574.5	5.89832708055e-06	0.000319676061591	135	135
89.0	87.0	71.0	94.0	94.0	79.0	22	0.000319676061591	8.59465739032e-05	DLR00012647-2009-07-01_11-34-06	0.000971741876882	11	95	3135.5	1574.5	0.00024874575421	0.0103361926581	135	135
84.0	82.0	67.0	90.0	88.0	73.0	23	0.0	8.55851082948e-05	DLR00012647-2009-07-01_11-34-06	8.63124446292e-05	11	95	3273.5	1574.5	6.31951551132e-05	0.00287708455432	135	135
81.0	80.0	66.0	84.0	84.0	70.0	24	0.0	7.13930925728e-05	DLR00012647-2009-07-01_11-34-06	-0.000359395856984	11	95	3408.5	1574.5	6.83147644237e-06	0.000372955405189	135	135
90.0	88.0	73.0	95.0	93.0	80.0	1	0.0	9.14168459822e-05	DLR00012647-2009-07-01_11-34-06	6.04937862092e-05	12	95	267.5	1715.5	3.35314209343e-05	0.00122542490277	135	135
91.0	89.0	73.0	95.0	94.0	79.0	2	0.0	7.92334782196e-05	DLR00012647-2009-07-01_11-34-06	0.00114974613337	12	95	403.5	1710.5	0.000148177170209	0.0068730353242	135	135
92.0	90.0	74.0	96.0	95.0	79.0	3	0.0	7.66506149336e-05	DLR00012647-2009-07-01_11-34-06	0.00123966699746	12	95	538.5	1713.5	5.07822945491e-05	0.00245084980553	135	135
93.0	91.0	75.0	98.0	96.0	81.0	4	0.000426234748788	8.01898875659e-05	DLR00012647-2009-07-01_11-34-06	0.00146751988632	12	95	667.5	1713.5	9.68473302185e-05	0.00399595076989	135	135
93.0	92.0	74.0	99.0	97.0	82.0	5	0.000372955405189	8.85339083686e-05	DLR00012647-2009-07-01_11-34-06	0.000929410811001	12	95	808.5	1718.5	5.41821011922e-05	0.00207789440034	135	135
93.0	92.0	74.0	97.0	97.0	80.0	6	0.0	7.87561992934e-05	DLR00012647-2009-07-01_11-34-06	0.0010074917729	12	95	948.5	1711.5	5.01428246128e-05	0.00229101177473	135	135
92.0	91.0	74.0	96.0	96.0	80.0	7	0.0	7.62992291125e-05	DLR00012647-2009-07-01_11-34-06	0.000488740502138	12	95	1081.5	1705.5	1.33769379948e-05	0.00069263146678	135	135
91.0	91.0	73.0	96.0	96.0	80.0	8	0.000799190153977	8.67783191891e-05	DLR00012647-2009-07-01_11-34-06	0.000765344129277	12	95	1224.5	1708.5	7.49318307657e-05	0.00261068783633	135	135
90.0	90.0	73.0	94.5	95.0	79.0	9	0.0	7.57189656584e-05	DLR00012647-2009-07-01_11-34-06	0.000364474560788	12	95	1361.5	1715.5	6.18900024965e-06	0.000319676061591	135	135
90.0	90.0	73.0	95.0	96.0	79.0	10	0.000532793435985	8.817604541e-05	DLR00012647-2009-07-01_11-34-06	0.000592259750518	12	95	1504.5	1710.5	6.60159047591e-05	0.00255740849273	135	135
89.0	90.0	73.0	94.0	94.0	79.0	11	0.0	8.17465782839e-05	DLR00012647-2009-07-01_11-34-06	0.000546601089895	12	95	1634.5	1707.5	4.61451602654e-05	0.00213117374394	135	135
89.0	89.0	73.0	94.0	94.0	79.0	12	0.000799190153977	7.54758525473e-05	DLR00012647-2009-07-01_11-34-06	0.000796181066537	12	95	1768.5	1710.5	7.45284810125e-05	0.00277052586712	135	135
89.0	89.0	73.0	93.0	93.0	80.0	13	0.000319676061591	7.62824725986e-05	DLR00012647-2009-07-01_11-34-06	0.000512986824407	12	95	1906.5	1704.5	4.70193581942e-05	0.00191805636955	135	135
88.0	88.0	72.0	94.0	95.0	79.0	14	0.0	8.66412520944e-05	DLR00012647-2009-07-01_11-34-06	0.00019813503476	12	95	2041.5	1703.5	6.8261464213e-05	0.00287708455432	135	135
88.0	88.0	72.0	94.0	94.0	77.5	15	0.000266396717992	8.63824074823e-05	DLR00012647-2009-07-01_11-34-06	0.000247782763367	12	95	2175.5	1705.5	4.07976824542e-05	0.00159838030795	135	135
88.0	88.0	72.0	93.0	94.0	79.0	16	0.0	8.51937179634e-05	DLR00012647-2009-07-01_11-34-06	0.000190364420733	12	95	2316.5	1710.5	6.08920413871e-05	0.00266396717992	135	135
88.0	88.0	71.0	93.0	93.0	78.0	17	0.000372955405189	9.059355674e-05	DLR00012647-2009-07-01_11-34-06	9.23362240599e-05	12	95	2448.5	1710.5	5.36698055269e-05	0.00202461505674	135	135
90.0	88.0	72.0	96.0	96.0	81.0	18	0.000905748841174	8.6692801462e-05	DLR00012647-2009-07-01_11-34-06	0.000744448721738	12	95	2590.5	1710.5	0.000221603585751	0.00836485694496	135	135
90.0	89.0	71.0	96.0	97.0	82.0	19	0.0	8.34923838161e-05	DLR00012647-2009-07-01_11-34-06	0.000648953017062	12	95	2724.5	1701.5	0.000186915153047	0.00836485694496	135	135
89.0	88.0	71.0	94.0	93.0	77.0	20	0.000586072779583	8.16120678582e-05	DLR00012647-2009-07-01_11-34-06	0.0013989243204	12	95	2861.5	1710.5	0.000172190660931	0.00735254941659	135	135
89.0	86.0	70.0	94.0	93.0	77.0	21	0.000426234748788	8.2955035766e-05	DLR00012647-2009-07-01_11-34-06	0.000252762320558	12	95	2998.5	1706.5	0.00010762821172	0.00431562683148	135	135
87.0	86.0	70.0	93.0	93.0	79.0	22	0.000106558687197	8.80284694116e-05	DLR00012647-2009-07-01_11-34-06	0.000760983104732	12	95	3133.5	1710.5	0.000321234784256	0.0125206457456	135	135
84.0	83.0	68.0	89.0	88.0	73.0	23	0.0	7.89607048078e-05	DLR00012647-2009-07-01_11-34-06	0.000948457824107	12	95	3264.5	1710.5	0.000131500282859	0.00591400713943	135	135
80.0	79.0	65.0	84.0	84.0	70.0	24	0.0	7.85170539257e-05	DLR00012647-2009-07-01_11-34-06	0.000450817965951	12	95	3408.5	1705.5	8.5695657382e-05	0.00404923011349	135	135
89.0	87.0	73.0	94.0	91.0	77.0	1	0.0	7.5168882593e-05	DLR00012647-2009-07-01_11-34-06	0.00113756382578	13	95	271.5	1853.5	6.00370962055e-05	0.00287708455432	135	135
90.0	88.0	73.0	94.5	93.0	78.0	2	0.000106558687197	7.77285873546e-05	DLR00012647-2009-07-01_11-34-06	0.00127904405767	13	95	403.5	1849.5	0.000109589470184	0.00490169961106	135	135
91.0	89.0	74.0	95.0	94.0	79.0	3	0.00106558687197	8.20397063347e-05	DLR00012647-2009-07-01_11-34-06	0.00162249905868	13	95	541.5	1850.5	0.000194546080049	0.00772550482178	135	135
92.0	91.0	74.0	96.0	95.5	80.0	4	0.0	7.65971892351e-05	DLR00012647-2009-07-01_11-34-06	0.00117075861695	13	95	679.5	1850.5	7.32352792226e-05	0.0035164366775	135	135
92.0	91.0	75.0	96.0	96.0	81.0	5	0.000426234748788	7.90298641466e-05	DLR00012647-2009-07-01_11-34-06	0.000874938924998	13	95	808.5	1850.5	7.00268939937e-05	0.00287708455432	135	135
92.0	92.0	74.0	97.0	97.0	82.0	6	0.00117214555917	9.0823318084e-05	DLR00012647-2009-07-01_11-34-06	0.00106385762083	13	95	948.5	1850.5	0.000121623991425	0.00426234748788	135	135
91.0	91.0	73.0	95.0	99.0	91.0	7	0.000905748841174	0.000157682175104	DLR00012647-2009-07-01_11-34-06	0.000808544586637	13	95	1080.5	1850.5	0.000275640215775	0.00639352123182	135	135
91.0	90.0	73.0	95.0	95.0	79.0	8	0.0	8.08706625037e-05	DLR00012647-2009-07-01_11-34-06	0.000650813761605	13	95	1224.5	1850.5	2.89692277444e-05	0.00138526293356	135	135
90.0	90.0	73.0	96.0	96.0	81.0	9	0.000852469497576	9.74996757202e-05	DLR00012647-2009-07-01_11-34-06	0.000706657150343	13	95	1364.5	1850.5	9.42486960354e-05	0.00314348127231	135	135
90.0	90.0	73.0	94.0	95.0	80.0	10	5.32793435985e-05	9.53643691882e-05	DLR00012647-2009-07-01_11-34-06	0.00088735543056	13	95	1495.5	1841.5	0.000222938309513	0.00873781235015	135	135
89.0	89.0	73.0	93.0	94.0	79.0	11	0.000213117374394	8.04522596006e-05	DLR00012647-2009-07-01_11-34-06	0.000398396440539	13	95	1628.5	1850.5	3.20173538522e-05	0.00122542490277	135	135
88.0	89.0	73.0	97.0	99.0	84.5	12	0.0035697160211	0.000132267749651	DLR00012647-2009-07-01_11-34-06	0.000296309696938	13	95	1771.5	1855.5	0.000192068004426	0.0034098779903	135	135
88.0	88.0	72.0	94.0	95.0	79.0	13	0.000479514092386	9.95196374881e-05	DLR00012647-2009-07-01_11-34-06	0.000341787960337	13	95	1903.5	1850.5	3.86884102635e-05	0.00127870424636	135	135
88.0	88.0	72.0	92.0	94.0	78.0	14	0.0	9.03258022698e-05	DLR00012647-2009-07-01_11-34-06	0.000557957056309	13	95	2044.5	1840.5	0.000149159660291	0.00634024188822	135	135
88.0	88.0	72.0	92.0	92.5	76.0	15	0.0	7.65349533478e-05	DLR00012647-2009-07-01_11-34-06	0.000242337354016	13	95	2184.5	1850.5	4.24837831788e-06	0.000213117374394	135	135
88.0	87.0	71.0	93.0	93.0	78.0	16	0.000426234748788	8.7203885547e-05	DLR00012647-2009-07-01_11-34-06	0.000180735641672	13	95	2316.5	1840.5	5.90366708684e-05	0.00207789440034	135	135
88.0	87.0	71.0	92.0	92.0	77.0	17	0.0	7.70074482284e-05	DLR00012647-2009-07-01_11-34-06	0.000281929705096	13	95	2455.5	1850.5	3.14386681981e-05	0.00154510096436	135	135
89.0	88.0	70.0	95.0	96.0	81.0	18	0.0	8.57054930866e-05	DLR00012647-2009-07-01_11-34-06	0.000507822379469	13	95	2589.5	1850.5	0.00011793870367	0.00516809632905	135	135
89.0	88.0	71.0	94.0	94.0	78.0	19	0.0	8.84608669743e-05	DLR00012647-2009-07-01_11-34-06	0.000457901155723	13	95	2722.5	1850.5	8.58530262681e-05	0.0035164366775	135	135
88.0	87.0	70.0	93.0	92.0	76.0	20	0.000213117374394	7.96384091122e-05	DLR00012647-2009-07-01_11-34-06	-0.000738949926662	13	95	2861.5	1840.5	5.02426717558e-05	0.00223773243114	135	135
87.0	86.0	70.0	92.0	91.0	77.0	21	0.0	9.14347723674e-05	DLR00012647-2009-07-01_11-34-06	0.000450098175341	13	95	3007.5	1850.5	9.77477929796e-05	0.0036762747083	135	135
86.0	84.0	68.0	90.0	90.0	74.0	22	0.000319676061591	7.32692472648e-05	DLR00012647-2009-07-01_11-34-06	0.00023963474417	13	95	3133.5	1850.5	7.47499313574e-05	0.00325003995951	135	135
83.0	81.0	66.0	88.0	86.0	73.0	23	5.32793435985e-05	8.47225842155e-05	DLR00012647-2009-07-01_11-34-06	0.00050757688496	13	95	3273.5	1850.5	0.000119834982313	0.00506153764186	135	135
80.0	79.0	65.0	85.0	85.0	72.0	24	0.000319676061591	9.60090060666e-05	DLR00012647-2009-07-01_11-34-06	-0.000136236800039	13	95	3405.5	1842.5	9.30172420178e-05	0.00325003995951	135	135
89.0	86.0	72.0	92.0	90.0	78.0	1	0.0	7.2323237475e-05	DLR00012647-2009-07-01_11-34-06	0.00160890385824	14	95	270.5	1992.5	7.02161631535e-05	0.0035164366775	135	135
89.0	87.0	72.0	94.0	92.0	77.0	2	0.0	7.99565947172e-05	DLR00012647-2009-07-01_11-34-06	0.00172155641208	14	95	412.5	1986.5	0.000126230211856	0.00570088976504	135	135
91.0	89.0	73.0	95.0	94.0	80.0	3	5.32793435985e-05	8.89261365591e-05	DLR00012647-2009-07-01_11-34-06	0.00141333671699	14	95	541.5	1986.5	0.000162872256176	0.00618040385742	135	135
92.0	90.0	74.0	96.0	95.0	80.0	4	0.0	7.5450774366e-05	DLR00012647-2009-07-01_11-34-06	0.00156983673651	14	95	676.5	1986.5	0.00012068001012	0.00596728648303	135	135
92.0	91.0	74.0	98.0	97.0	81.0	5	0.000479514092386	9.21804427017e-05	DLR00012647-2009-07-01_11-34-06	0.00120927055826	14	95	814.5	1986.5	0.000102408199753	0.0036762747083	135	135
92.0	91.0	74.0	96.0	96.0	79.0	6	0.0	8.00271771433e-05	DLR00012647-2009-07-01_11-34-06	0.00111239234592	14	95	948.5	1981.5	7.65778673929e-05	0.0036229953647	135	135
91.0	91.0	73.0	97.0	97.0	81.5	7	0.000852469497576	9.93577379316e-05	DLR00012647-2009-07-01_11-34-06	0.000626476904629	14	95	1091.5	1986.5	0.000123882495616	0.00383611273909	135	135
91.0	90.0	73.0	97.0	95.0	80.0	8	0.000106558687197	8.72282392289e-05	DLR00012647-2009-07-01_11-34-06	0.000959216794673	14	95	1215.5	1986.5	0.000105698137426	0.00410250945708	135	135
89.0	89.0	73.0	94.0	94.0	78.0	9	0.0	7.47811151261e-05	DLR00012647-2009-07-01_11-34-06	0.000684448205912	14	95	1359.5	1986.5	3.91809431945e-05	0.00191805636955	135	135
89.0	89.0	72.0	93.0	93.0	77.0	10	0.0	7.19004652672e-05	DLR00012647-2009-07-01_11-34-06	0.000362158166972	14	95	1495.5	1986.5	1.53330492408e-05	0.000799190153977	135	135
89.0	89.0	72.0	94.0	94.0	79.0	11	5.32793435985e-05	8.99440535826e-05	DLR00012647-2009-07-01_11-34-06	0.000890668456285	14	95	1637.5	1986.5	0.000177748916655	0.0069263146678	135	135
88.0	88.0	72.0	93.0	94.0	78.0	12	0.000639352123182	9.49134600057e-05	DLR00012647-2009-07-01_11-34-06	0.000707970160225	14	95	1771.5	1976.5	8.08336210967e-05	0.00271724652352	135	135
88.0	88.0	72.0	94.0	96.0	81.0	13	0.00122542490277	0.000120214856822	DLR00012647-2009-07-01_11-34-06	0.000524873981339	14	95	1904.5	1982.5	9.427770502e-05	0.00255740849273	135	135
87.0	87.0	71.0	92.0	92.0	77.0	14	0.0	7.24278384673e-05	DLR00012647-2009-07-01_11-34-06	0.000528083116199	14	95	2033.5	1977.5	1.31925563817e-05	0.00069263146678	135	135
87.0	87.0	71.0	96.0	100.0	88.0	15	0.00777878416538	0.00021919906729	DLR00012647-2009-07-01_11-34-06	0.000274601985632	14	95	2181.5	1979.5	0.00113508760529	0.0195535191006	135	135
87.0	87.0	70.0	92.0	91.0	76.0	16	0.0	7.73396909534e-05	DLR00012647-2009-07-01_11-34-06	0.000183329472827	14	95	2316.5	1979.5	2.75842359091e-05	0.00133198358996	135	135
87.0	87.0	70.0	92.0	91.5	75.0	17	0.000479514092386	7.45190524698e-05	DLR00012647-2009-07-01_11-34-06	0.000184770246088	14	95	2448.5	1977.5	6.37059417138e-05	0.00287708455432	135	135
88.0	87.0	70.0	92.0	92.0	76.0	18	0.0	7.76148366832e-05	DLR00012647-2009-07-01_11-34-06	0.000928877400249	14	95	2592.5	1986.5	6.9264322807e-05	0.0034631573339	135	135
88.0	87.0	70.0	93.0	92.0	77.0	19	5.32793435985e-05	9.13073008335e-05	DLR00012647-2009-07-01_11-34-06	0.000807982682987	14	95	2732.5	1986.5	0.000184620775905	0.0068730353242	135	135
88.0	86.0	70.0	94.0	94.0	78.0	20	0.000639352123182	0.000105812160863	DLR00012647-2009-07-01_11-34-06	0.000225953790769	14	95	2865.5	1981.5	0.000162027121377	0.00500825829826	135	135
87.0	86.0	70.0	93.0	91.0	77.0	21	0.000905748841174	8.88236804358e-05	DLR00012647-2009-07-01_11-34-06	0.000879675860671	14	95	2995.5	1982.5	0.00015195481824	0.00532793435985	135	135
86.0	83.0	68.0	89.0	88.0	73.0	22	0.000959028184773	8.37759261369e-05	DLR00012647-2009-07-01_11-34-06	0.00128590696749	14	95	3133.5	1986.5	0.000175300102472	0.00671319729341	135	135
82.0	80.0	66.0	87.0	85.0	71.0	23	0.000372955405189	8.41447524922e-05	DLR00012647-2009-07-01_11-34-06	0.000731731043619	14	95	3273.5	1979.5	0.000122626863653	0.00516809632905	135	135
80.0	78.0	65.0	88.0	91.0	79.0	24	0.00303692258511	0.000161139950722	DLR00012647-2009-07-01_11-34-06	-0.000824707001721	14	95	3411.5	1986.5	0.00019360750372	0.0034631573339	135	135
88.0	86.0	72.0	92.0	90.0	76.0	1	0.000106558687197	8.25753834946e-05	DLR00012647-2009-07-01_11-34-06	0.00186855035112	15	95	272.5	2122.5	0.000218579187662	0.00943044381693	135	135
89.0	86.0	72.0	94.0	91.0	77.0	2	0.000372955405189	7.89457517705e-05	DLR00012647-2009-07-01_11-34-06	0.00159960804966	15	95	403.5	2122.5	0.000229247527473	0.0100165165965	135	135
91.0	88.0	73.0	95.0	94.0	79.0	3	0.000959028184773	8.50759205314e-05	DLR00012647-2009-07-01_11-34-06	0.00107018142187	15	95	547.5	2124.5	0.000273867011944	0.0109755447813	135	135
93.0	90.0	74.0	97.0	96.0	80.0	4	0.000745910810379	8.78185440127e-05	DLR00012647-2009-07-01_11-34-06	0.00100670346049	15	95	670.5	2128.5	0.000107645605588	0.00410250945708	135	135
93.0	90.0	74.0	97.0	95.0	80.0	5	0.00197133571314	8.3451389528e-05	DLR00012647-2009-07-01_11-34-06	0.00141837087504	15	95	810.5	2125.5	0.000209321021409	0.007032873355	135	135
92.0	90.0	73.0	96.0	94.0	79.0	6	0.0	8.20271299629e-05	DLR00012647-2009-07-01_11-34-06	0.000942404546826	15	95	948.5	2122.5	9.73710631575e-05	0.00442218551867	135	135
91.0	90.0	73.0	96.0	95.0	79.0	7	0.0	7.81237401962e-05	DLR00012647-2009-07-01_11-34-06	0.000806418038372	15	95	1075.5	2122.5	3.83526332049e-05	0.00175821833875	135	135
91.0	89.0	72.0	95.0	95.0	77.0	8	0.0	8.07311910654e-05	DLR00012647-2009-07-01_11-34-06	0.000542594889222	15	95	1221.5	2112.5	1.71678378508e-05	0.000799190153977	135	135
90.0	88.0	71.0	95.0	94.0	78.0	9	0.0	8.78491592699e-05	DLR00012647-2009-07-01_11-34-06	0.000206400071198	15	95	1359.5	2122.5	4.20016280078e-05	0.00181149768235	135	135
88.0	88.0	71.0	93.0	92.0	76.0	10	0.0	7.69399056491e-05	DLR00012647-2009-07-01_11-34-06	0.000464312523674	15	95	1496.5	2123.5	4.22218061984e-05	0.00207789440034	135	135
88.0	87.0	71.0	98.0	101.0	86.0	11	0.00170493899515	0.000186699922772	DLR00012647-2009-07-01_11-34-06	0.000132972910267	15	95	1636.5	2123.5	8.55233603639e-05	0.00154510096436	135	135
88.0	87.0	71.0	93.0	93.0	77.0	12	0.00101230752837	9.37160907861e-05	DLR00012647-2009-07-01_11-34-06	0.000109380355817	15	95	1771.5	2125.5	9.78072223695e-05	0.00319676061591	135	135
87.0	87.0	70.0	92.0	92.0	76.0	13	0.0	7.89972260005e-05	DLR00012647-2009-07-01_11-34-06	-0.000341611908229	15	95	1903.5	2122.5	4.06179312683e-05	0.00175821833875	135	135
87.0	86.0	70.0	93.0	91.5	76.0	14	0.000426234748788	7.80863268177e-05	DLR00012647-2009-07-01_11-34-06	-0.000394321644559	15	95	2047.5	2122.5	2.8777592921e-05	0.000959028184773	135	135
87.0	86.0	70.0	91.0	92.0	77.0	15	0.000319676061591	9.50693011828e-05	DLR00012647-2009-07-01_11-34-06	0.000218700176322	15	95	2178.5	2122.5	0.000200462223487	0.00761894613458	135	135
88.0	86.0	70.0	93.0	92.0	76.0	16	0.000106558687197	9.10611588871e-05	DLR00012647-2009-07-01_11-34-06	9.75100281233e-05	15	95	2316.5	2122.5	5.15681218677e-05	0.00202461505674	135	135
88.0	86.0	69.0	93.0	93.0	77.5	17	0.00122542490277	9.40725707439e-05	DLR00012647-2009-07-01_11-34-06	0.000330102396071	15	95	2453.5	2122.5	0.000114669559861	0.00394267142629	135	135
88.0	87.0	70.0	93.0	92.0	75.0	18	0.0	7.99106354982e-05	DLR00012647-2009-07-01_11-34-06	0.000551425812425	15	95	2590.5	2122.5	4.91419302834e-05	0.00218445308754	135	135
88.0	86.0	70.0	93.0	93.0	80.0	19	0.00293036389792	0.000116227213895	DLR00012647-2009-07-01_11-34-06	0.000737965517555	15	95	2734.5	2116.5	0.000387910080592	0.00969684053492	135	135
88.0	86.0	70.0	92.0	92.0	76.0	20	0.0	8.23864666818e-05	DLR00012647-2009-07-01_11-34-06	0.000664373190506	15	95	2866.5	2122.5	5.22024414943e-05	0.00239757046193	135	135
88.0	85.0	69.0	92.5	91.0	75.0	21	0.0	8.39612894388e-05	DLR00012647-2009-07-01_11-34-06	0.0005991831359	15	95	3006.5	2122.5	2.95926469187e-05	0.00127870424636	135	135
86.0	83.0	68.0	89.0	88.0	73.0	22	0.0	7.87127379488e-05	DLR00012647-2009-07-01_11-34-06	0.000638162312705	15	95	3133.5	2122.5	1.52661918388e-05	0.00069263146678	135	135
84.0	81.0	67.0	88.0	87.0	73.0	23	0.0	8.2615267542e-05	DLR00012647-2009-07-01_11-34-06	0.000927825380157	15	95	3268.5	2130.5	0.0001440358878	0.00623368320102	135	135
82.0	80.0	67.0	84.0	83.0	70.5	24	0.0	7.40199297225e-05	DLR00012647-2009-07-01_11-34-06	0.000641759233108	15	95	3414.5	2122.5	3.62104549076e-05	0.00181149768235	135	135
100.0	102.0	95.0	154.0	168.0	166.5	1	0.0458202354947	0.000265628017242	DLR00012647-2009-07-01_11-34-06	0.00297346917229	16	95	267.5	2300.5	0.00719246726683	0.116362086419	135	135
103.0	106.0	96.0	161.0	176.0	176.0	2	0.0387340827961	0.000242821847034	DLR00012647-2009-07-01_11-34-06	0.00272562946317	16	95	403.5	2300.5	0.00737101690763	0.11993180244	135	135
104.0	107.0	97.0	163.0	178.0	175.0	3	0.0397996696681	0.000255044604217	DLR00012647-2009-07-01_11-34-06	0.00132587554103	16	95	541.5	2300.5	0.00685715483351	0.118173584101	135	135
107.0	109.0	99.0	165.0	181.0	179.0	4	0.0513612872289	0.000259102949519	DLR00012647-2009-07-01_11-34-06	0.00144049673331	16	95	676.5	2300.5	0.00679119587008	0.119505567691	135	135
106.0	108.0	97.0	154.0	169.0	166.0	5	0.064361447067	0.000219979824042	DLR00012647-2009-07-01_11-34-06	0.003458936509	16	95	813.5	2300.5	0.00728472509075	0.133571314401	135	135
106.0	108.0	97.0	149.0	163.0	162.0	6	0.0324471202515	0.000261907925773	DLR00012647-2009-07-01_11-34-06	0.0034962350095	16	95	948.5	2300.5	0.00609887172831	0.110554637967	135	135
106.0	109.0	98.0	150.0	166.0	164.0	7	0.0313282540359	0.000267902839196	DLR00012647-2009-07-01_11-34-06	0.00366828616252	16	95	1080.5	2300.5	0.00601051905841	0.102988971176	135	135
105.0	109.0	97.0	152.0	171.0	166.0	8	0.041398049976	0.000244430832927	DLR00012647-2009-07-01_11-34-06	0.00389306490262	16	95	1224.5	2300.5	0.00701961442977	0.130854067878	135	135
104.0	107.0	96.0	161.0	178.0	175.0	9	0.0452874420587	0.000267510855702	DLR00012647-2009-07-01_11-34-06	0.00259254021042	16	95	1350.5	2300.5	0.0065875261862	0.110394799936	135	135
102.0	105.0	93.0	158.0	177.0	175.0	10	0.050828493793	0.000261357251476	DLR00012647-2009-07-01_11-34-06	0.00128446070902	16	95	1495.5	2300.5	0.00624247464885	0.0959028184773	135	135
101.0	104.0	92.0	158.0	178.0	175.0	11	0.0484842026746	0.000268354782205	DLR00012647-2009-07-01_11-34-06	0.00110527497557	16	95	1624.5	2300.5	0.00636214239033	0.0957429804465	135	135
102.0	105.0	92.0	160.0	179.0	176.0	12	0.0522670360701	0.000258388272817	DLR00012647-2009-07-01_11-34-06	0.00232884280079	16	95	1771.5	2300.5	0.00718041953643	0.120464595876	135	135
101.0	103.0	90.0	162.0	178.0	175.0	13	0.0655868719697	0.000197461959946	DLR00012647-2009-07-01_11-34-06	0.00353855759825	16	95	1903.5	2300.5	0.00867726143565	0.158879002611	135	135
100.0	103.0	90.0	148.0	163.0	162.5	14	0.0566359422452	0.000212796999987	DLR00012647-2009-07-01_11-34-06	0.00300684681539	16	95	2041.5	2300.5	0.00752983137612	0.132772124247	135	135
101.0	102.0	89.0	156.0	177.0	171.0	15	0.0468325430231	0.000241757502583	DLR00012647-2009-07-01_11-34-06	0.00259876847057	16	95	2171.5	2300.5	0.00723032262056	0.125952368267	135	135
101.0	102.0	88.0	153.0	174.0	168.0	16	0.0544514891577	0.000228788187175	DLR00012647-2009-07-01_11-34-06	0.00252667316998	16	95	2323.5	2300.5	0.00736483498738	0.128616335447	135	135
101.0	102.0	89.0	150.0	165.0	159.0	17	0.0496563482338	0.000169397135732	DLR00012647-2009-07-01_11-34-06	0.0026893924891	16	95	2453.5	2300.5	0.00749990459626	0.137567265171	135	135
101.0	102.0	89.0	156.0	174.0	170.5	18	0.050828493793	0.000250371221049	DLR00012647-2009-07-01_11-34-06	0.00200115652715	16	95	2590.5	2300.5	0.00738986865556	0.130640950503	135	135
102.0	102.0	90.0	159.0	177.0	173.0	19	0.0439021791252	0.000280460522144	DLR00012647-2009-07-01_11-34-06	0.00191949380567	16	95	2726.5	2300.5	0.00658791035081	0.114390750706	135	135
102.0	103.0	91.0	154.0	171.0	166.0	20	0.0444349725611	0.000239334724191	DLR00012647-2009-07-01_11-34-06	0.00238320024218	16	95	2861.5	2300.5	0.00713978101867	0.129948319037	135	135
103.0	104.0	92.0	156.5	172.0	170.0	21	0.0654803132825	0.000206514557501	DLR00012647-2009-07-01_11-34-06	0.00297661810163	16	95	2998.5	2300.5	0.00801989720472	0.142362406095	135	135
101.0	103.0	92.0	158.0	177.0	175.0	22	0.05493100325	0.000252860204481	DLR00012647-2009-07-01_11-34-06	0.00278822536225	16	95	3123.5	2300.5	0.0074087678894	0.114923544142	135	135
100.0	102.0	92.0	155.0	175.0	174.0	23	0.0765091374074	0.000243228630111	DLR00012647-2009-07-01_11-34-06	0.00293207431095	16	95	3279.5	2300.5	0.0080095341073	0.123981032554	135	135
98.0	100.0	92.0	145.0	164.0	165.0	24	0.0654270339389	0.000243003722938	DLR00012647-2009-07-01_11-34-06	0.00229473692161	16	95	3411.5	2300.5	0.0078506442788	0.125046619426	135	135
