94.0	95.0	86.0	128.0	157.0	155.0	1	0.00761894613458	0.000181623155975	DLR00012647-2009-07-03_22-40-31	-0.000740731532346	1	95	267.5	207.5	0.00344802600798	0.0628696254462	135	135
97.0	98.0	88.0	145.0	160.0	156.0	2	0.0204592679418	0.000983999624335	DLR00012647-2009-07-03_22-40-31	0.138545280816	1	95	402.5	210.5	0.138592591084	0.638233256966	135	135
101.0	103.0	91.0	147.0	163.0	159.0	3	0.0245084980553	0.000952918960228	DLR00012647-2009-07-03_22-40-31	0.12896879224	1	95	545.5	210.5	0.129105157961	0.609249294049	135	135
102.0	103.0	91.0	148.0	165.0	161.0	4	0.0249880121477	0.000936539476669	DLR00012647-2009-07-03_22-40-31	0.120614576442	1	95	668.5	208.5	0.120573008687	0.583781767809	135	135
101.0	103.0	90.0	151.0	169.0	164.0	5	0.0284511694816	0.000975655906872	DLR00012647-2009-07-03_22-40-31	0.137073049785	1	95	816.5	213.5	0.137268544097	0.61889285524	135	135
101.0	101.0	85.0	124.0	129.0	119.0	6	0.0	0.000124423964124	DLR00012647-2009-07-03_22-40-31	-0.00328773195823	1	95	948.5	207.5	0.000503793160118	0.0155575683308	135	135
103.0	105.0	91.0	150.0	168.0	162.0	7	0.0296765943844	0.000928131070162	DLR00012647-2009-07-03_22-40-31	0.115363053547	1	95	1075.5	208.5	0.115148263294	0.555703553732	135	135
104.0	107.0	93.0	148.0	165.0	159.0	8	0.0287175661996	0.000872428131851	DLR00012647-2009-07-03_22-40-31	0.113419757621	1	95	1217.5	202.5	0.113707885373	0.586179338271	135	135
103.0	105.0	91.0	149.0	167.0	161.0	9	0.0307421812563	0.000911092179152	DLR00012647-2009-07-03_22-40-31	0.121303522937	1	95	1350.5	206.5	0.121555625766	0.594970429964	135	135
102.0	105.0	91.0	150.0	169.0	163.0	10	0.0323938409079	0.000937775830934	DLR00012647-2009-07-03_22-40-31	0.128645362869	1	95	1488.5	207.5	0.128775169202	0.621450263733	135	135
100.0	100.0	84.0	104.0	105.0	90.0	11	0.0	8.78513906419e-05	DLR00012647-2009-07-03_22-40-31	-0.00338842015599	1	95	1630.5	207.5	1.71523252778e-05	0.000639352123182	135	135
100.0	101.0	85.0	110.0	114.0	99.5	12	0.000586072779583	0.00013666321752	DLR00012647-2009-07-03_22-40-31	-0.00257580987212	1	95	1771.5	207.5	0.000199169545743	0.00372955405189	135	135
104.0	108.0	95.0	150.0	170.0	164.0	13	0.0305823432255	0.000934786256073	DLR00012647-2009-07-03_22-40-31	0.130844587832	1	95	1901.5	201.5	0.131101928031	0.619585486707	135	135
99.0	102.0	87.0	148.0	166.0	160.0	14	0.02946347701	0.000885360433274	DLR00012647-2009-07-03_22-40-31	0.119460239993	1	95	2048.5	207.5	0.120208996538	0.609728808141	135	135
103.0	107.0	94.0	147.0	166.0	160.0	15	0.0276519793276	0.0008950302763	DLR00012647-2009-07-03_22-40-31	0.121004019213	1	95	2178.5	202.5	0.121880162202	0.58868346742	135	135
105.0	108.0	94.0	149.0	168.0	163.0	16	0.0263732750813	0.000914976446091	DLR00012647-2009-07-03_22-40-31	0.13238117746	1	95	2316.5	198.5	0.132665393927	0.636847994033	135	135
101.0	101.0	85.0	134.0	147.0	141.0	17	0.00863125366295	0.000752282478971	DLR00012647-2009-07-03_22-40-31	0.00151844652643	1	95	2454.5	207.5	0.00375702309886	0.0211518994086	135	135
101.0	101.0	85.0	107.0	108.0	94.0	18	0.00106558687197	0.000141475892003	DLR00012647-2009-07-03_22-40-31	-0.00134255722445	1	95	2587.5	207.5	0.000139604286819	0.00293036389792	135	135
100.0	100.0	84.0	104.0	106.5	93.5	19	0.00127870424636	0.000126550384509	DLR00012647-2009-07-03_22-40-31	-0.00240953086465	1	95	2726.5	207.5	0.000211795510838	0.00511481698545	135	135
98.0	101.0	87.0	150.0	166.0	162.0	20	0.0292503596356	0.000933354085804	DLR00012647-2009-07-03_22-40-31	0.127082096457	1	95	2853.5	207.5	0.127123356386	0.618946134584	135	135
97.0	100.0	88.0	147.0	164.0	160.0	21	0.0277052586712	0.000983755358921	DLR00012647-2009-07-03_22-40-31	0.133552473387	1	95	2998.5	203.5	0.13348445682	0.599978688263	135	135
92.0	95.0	84.0	144.0	160.0	155.0	22	0.0236027492141	0.000958259643515	DLR00012647-2009-07-03_22-40-31	0.128217083615	1	95	3133.5	207.5	0.128392930671	0.602536096755	135	135
93.0	95.0	86.0	142.0	158.0	154.0	23	0.0212584580958	0.00103666813286	DLR00012647-2009-07-03_22-40-31	0.141972674507	1	95	3270.5	204.5	0.142370967307	0.619692045394	135	135
90.0	91.0	82.0	112.0	121.0	117.0	24	0.00554105173424	0.000143599931532	DLR00012647-2009-07-03_22-40-31	-0.00123136295891	1	95	3411.5	207.5	0.00380443554285	0.0600990995791	135	135
91.0	91.0	80.0	143.0	160.0	156.0	1	0.027065906548	0.00111564755235	DLR00012647-2009-07-03_22-40-31	0.172398390094	2	95	266.5	343.5	0.171782574627	0.711119399009	135	135
91.0	92.0	80.0	144.0	163.0	159.0	2	0.0564228248708	0.00111532253922	DLR00012647-2009-07-03_22-40-31	0.174596444939	2	95	402.5	343.5	0.173537134007	0.763812669828	135	135
94.0	95.0	82.0	144.0	162.0	158.0	3	0.0557834727476	0.00103717389413	DLR00012647-2009-07-03_22-40-31	0.152152476889	2	95	541.5	343.5	0.151297767591	0.71676700943	135	135
95.0	96.0	82.0	147.0	167.0	163.0	4	0.0602589376099	0.00106429236318	DLR00012647-2009-07-03_22-40-31	0.162629377793	2	95	676.5	337.5	0.162203124746	0.735308221003	135	135
95.0	97.0	83.0	147.0	167.0	162.0	5	0.0577015291172	0.00104962527462	DLR00012647-2009-07-03_22-40-31	0.157218125888	2	95	813.5	343.5	0.156745375506	0.700250412915	135	135
96.0	98.0	82.0	149.0	170.0	165.0	6	0.0527465501625	0.00107356861476	DLR00012647-2009-07-03_22-40-31	0.156042744684	2	95	947.5	343.5	0.156173658127	0.649368639778	135	135
95.0	98.0	82.0	148.0	169.0	163.0	7	0.0522137567265	0.00105167093973	DLR00012647-2009-07-03_22-40-31	0.161355925665	2	95	1077.5	351.5	0.161245513722	0.696414300176	135	135
96.0	98.0	82.0	148.0	169.0	164.0	8	0.0609515690767	0.00106377089945	DLR00012647-2009-07-03_22-40-31	0.155657973135	2	95	1214.5	343.5	0.155401879363	0.659971229154	135	135
94.0	97.0	82.0	145.0	166.0	160.0	9	0.0610048484203	0.00102443213343	DLR00012647-2009-07-03_22-40-31	0.151854345924	2	95	1360.5	343.5	0.151974162812	0.681016569876	135	135
94.0	97.0	81.0	148.0	170.0	165.0	10	0.0558900314348	0.00110442675543	DLR00012647-2009-07-03_22-40-31	0.169584800664	2	95	1502.5	341.5	0.169460455177	0.705152112526	135	135
93.0	96.0	81.0	146.0	168.0	163.0	11	0.0651606372209	0.00109244553391	DLR00012647-2009-07-03_22-40-31	0.18107673828	2	95	1634.5	342.5	0.18139707473	0.724119558847	135	135
93.0	97.0	81.0	149.0	172.0	167.0	12	0.0583408812403	0.00112654288602	DLR00012647-2009-07-03_22-40-31	0.174860767653	2	95	1761.5	350.5	0.175227187361	0.686291224892	135	135
93.0	97.0	81.0	145.0	167.0	161.0	13	0.0481112472694	0.00104002717886	DLR00012647-2009-07-03_22-40-31	0.159081387853	2	95	1903.5	343.5	0.159333864842	0.681442804625	135	135
93.0	96.0	80.0	147.0	169.0	165.0	14	0.0554105173424	0.00110350712538	DLR00012647-2009-07-03_22-40-31	0.166472364415	2	95	2041.5	341.5	0.167037177683	0.665725398263	135	135
93.0	96.0	80.0	143.0	165.0	159.0	15	0.0642548883798	0.00102703866767	DLR00012647-2009-07-03_22-40-31	0.15593603326	2	95	2178.5	343.5	0.15650102168	0.686291224892	135	135
94.0	97.0	81.0	146.0	168.0	163.0	16	0.0542383717833	0.00107278643791	DLR00012647-2009-07-03_22-40-31	0.16519845715	2	95	2317.5	343.5	0.165165660596	0.696467579519	135	135
95.0	97.0	81.0	148.0	169.0	164.0	17	0.0594064681123	0.00109277911795	DLR00012647-2009-07-03_22-40-31	0.189390345066	2	95	2445.5	335.5	0.189595414505	0.755874047632	135	135
94.0	96.0	81.0	150.0	171.0	166.0	18	0.0626565080718	0.00112332140391	DLR00012647-2009-07-03_22-40-31	0.173653372404	2	95	2590.5	337.5	0.1736356203	0.706004582024	135	135
94.0	96.0	80.0	147.0	167.0	162.0	19	0.0612179657947	0.00108603609321	DLR00012647-2009-07-03_22-40-31	0.182058522706	2	95	2720.5	342.5	0.181979791517	0.761042143961	135	135
93.0	95.0	80.0	147.0	166.0	161.0	20	0.0540785337525	0.00107493173694	DLR00012647-2009-07-03_22-40-31	0.156740164449	2	95	2861.5	343.5	0.156789628221	0.695721668709	135	135
92.0	93.0	79.0	144.0	162.0	157.0	21	0.0624433906974	0.0010661685193	DLR00012647-2009-07-03_22-40-31	0.17672249061	2	95	2990.5	343.5	0.176574991284	0.767009430444	135	135
89.0	90.0	77.0	142.0	161.0	156.0	22	0.0595130267995	0.00112212145816	DLR00012647-2009-07-03_22-40-31	0.17180656425	2	95	3133.5	333.5	0.171514212277	0.752996963077	135	135
86.0	88.0	75.0	142.0	161.0	157.0	23	0.0612179657947	0.00121384177596	DLR00012647-2009-07-03_22-40-31	0.199677135753	2	95	3263.5	343.5	0.199402293275	0.791304811125	135	135
85.0	87.0	76.0	141.0	159.0	155.0	24	0.0407586978528	0.00120853384833	DLR00012647-2009-07-03_22-40-31	0.196672052715	2	95	3403.5	343.5	0.196675253161	0.761521658053	135	135
90.0	91.0	80.0	143.0	161.0	158.0	1	0.049762906921	0.00113444888922	DLR00012647-2009-07-03_22-40-31	0.172947761985	3	95	269.5	481.5	0.172467924526	0.718631786456	135	135
91.0	93.0	81.0	143.0	162.0	159.0	2	0.0607917310459	0.00109511074855	DLR00012647-2009-07-03_22-40-31	0.148471603946	3	95	403.5	481.5	0.147424386958	0.678725558101	135	135
93.0	95.0	81.0	141.0	159.0	154.0	3	0.0752304331611	0.000993040165088	DLR00012647-2009-07-03_22-40-31	0.134184260155	3	95	547.5	481.5	0.133523156156	0.653577707923	135	135
94.0	96.0	82.0	143.0	161.0	156.0	4	0.0754968298791	0.00098406927767	DLR00012647-2009-07-03_22-40-31	0.120506713076	3	95	670.5	481.5	0.119972156912	0.589589216261	135	135
95.0	97.0	82.0	145.0	165.0	161.0	5	0.0608450103895	0.00102775398447	DLR00012647-2009-07-03_22-40-31	0.130634622881	3	95	813.5	481.5	0.130299076914	0.598540145985	135	135
94.0	97.0	82.0	145.0	165.0	160.0	6	0.0650007991902	0.00101499533954	DLR00012647-2009-07-03_22-40-31	0.133111526948	3	95	948.5	481.5	0.133393089796	0.598220469924	135	135
94.0	97.0	81.0	145.0	165.0	160.0	7	0.0693164260216	0.00101473212917	DLR00012647-2009-07-03_22-40-31	0.127576709183	3	95	1075.5	481.5	0.128289203294	0.582503063562	135	135
94.0	97.0	82.0	143.0	164.0	158.0	8	0.0756033885663	0.000994893096221	DLR00012647-2009-07-03_22-40-31	0.126593050531	3	95	1222.5	481.5	0.127222226534	0.579839096382	135	135
93.0	97.0	81.0	143.0	164.0	158.0	9	0.0859395812244	0.00100493157856	DLR00012647-2009-07-03_22-40-31	0.117669671887	3	95	1360.5	481.5	0.118486743054	0.540465661463	135	135
92.0	96.0	80.0	143.0	165.0	159.0	10	0.0694762640524	0.00102459574486	DLR00012647-2009-07-03_22-40-31	0.115878948182	3	95	1495.5	481.5	0.117174216635	0.512280888699	135	135
92.0	96.0	80.0	143.0	163.0	157.0	11	0.0776812829666	0.00100597926664	DLR00012647-2009-07-03_22-40-31	0.122371113277	3	95	1634.5	478.5	0.123508059095	0.556982257979	135	135
92.0	96.0	80.0	144.0	167.0	162.0	12	0.0615909211999	0.00104749791279	DLR00012647-2009-07-03_22-40-31	0.131005419935	3	95	1771.5	481.5	0.132622013886	0.557248654697	135	135
92.0	96.0	80.0	143.0	165.0	159.0	13	0.0732058181043	0.00102367503947	DLR00012647-2009-07-03_22-40-31	0.121928593697	3	95	1899.5	471.5	0.123158265849	0.547125579413	135	135
92.0	96.0	80.0	141.0	162.0	156.0	14	0.06899674996	0.000995687863222	DLR00012647-2009-07-03_22-40-31	0.125700802804	3	95	2037.5	481.5	0.126845743292	0.572326708935	135	135
92.0	95.0	80.0	143.0	165.0	160.0	15	0.0598327028611	0.00104557061452	DLR00012647-2009-07-03_22-40-31	0.120249641566	3	95	2173.5	481.5	0.121800720642	0.519793276147	135	135
92.0	95.0	80.0	144.0	166.0	160.0	16	0.0609515690767	0.00104902777377	DLR00012647-2009-07-03_22-40-31	0.115403901654	3	95	2316.5	471.5	0.117177541079	0.513559592946	135	135
92.0	95.0	80.0	143.0	164.0	158.0	17	0.0724599072939	0.00101867400744	DLR00012647-2009-07-03_22-40-31	0.111418280998	3	95	2451.5	481.5	0.113269570744	0.500186477703	135	135
92.0	95.0	80.0	145.0	165.0	160.0	18	0.0666524588417	0.00105307264595	DLR00012647-2009-07-03_22-40-31	0.133836217307	3	95	2590.5	481.5	0.135264929434	0.560605253343	135	135
92.0	95.0	80.0	145.0	166.0	161.0	19	0.070861526986	0.00107876115682	DLR00012647-2009-07-03_22-40-31	0.142333646187	3	95	2726.5	481.5	0.142812366252	0.607224678992	135	135
92.0	94.0	79.0	142.0	162.0	155.0	20	0.0764558580638	0.00101731449039	DLR00012647-2009-07-03_22-40-31	0.12927358908	3	95	2861.5	481.5	0.130337075135	0.592892535564	135	135
91.0	93.0	78.0	142.0	160.0	153.0	21	0.0815173957057	0.00102782851842	DLR00012647-2009-07-03_22-40-31	0.118648807525	3	95	2992.5	481.5	0.118988787417	0.54057222015	135	135
90.0	91.0	77.0	139.0	157.0	151.0	22	0.0684639565241	0.00104565094511	DLR00012647-2009-07-03_22-40-31	0.128881852304	3	95	3133.5	481.5	0.128566434304	0.600671319729	135	135
86.0	88.0	75.0	137.0	155.0	150.0	23	0.0722467899195	0.00109455118885	DLR00012647-2009-07-03_22-40-31	0.158498791943	3	95	3273.5	481.5	0.157716015728	0.715221908466	135	135
85.0	86.0	75.0	139.0	158.0	154.0	24	0.0629229047898	0.00121231458006	DLR00012647-2009-07-03_22-40-31	0.195546723173	3	95	3407.5	476.5	0.195601863996	0.773349672332	135	135
91.0	92.0	81.0	144.0	163.0	159.0	1	0.0510948905109	0.00114229016126	DLR00012647-2009-07-03_22-40-31	0.181928041802	4	95	265.5	625.5	0.181812871901	0.736213969844	135	135
91.0	93.0	80.0	145.0	165.0	162.0	2	0.0563162661836	0.00112393532747	DLR00012647-2009-07-03_22-40-31	0.162468509234	4	95	405.5	614.5	0.162340452697	0.676807501732	135	135
93.0	94.0	81.0	143.0	163.0	159.0	3	0.0591400713943	0.00105124855663	DLR00012647-2009-07-03_22-40-31	0.157390662445	4	95	540.5	618.5	0.157304404151	0.696733976237	135	135
94.0	96.0	81.0	147.0	167.0	163.0	4	0.0562097074964	0.00107089733109	DLR00012647-2009-07-03_22-40-31	0.145331148275	4	95	670.5	618.5	0.145658094318	0.630720869519	135	135
94.0	97.0	82.0	144.0	164.0	159.0	5	0.0631893015078	0.00100458064701	DLR00012647-2009-07-03_22-40-31	0.118631859459	4	95	813.5	618.5	0.118940638265	0.548990356439	135	135
94.0	97.0	82.0	148.0	170.0	166.0	6	0.0513080078853	0.00109591632756	DLR00012647-2009-07-03_22-40-31	0.154245218822	4	95	944.5	618.5	0.154631394841	0.631360221642	135	135
93.0	97.0	81.0	145.0	167.0	162.0	7	0.0629229047898	0.00104612963756	DLR00012647-2009-07-03_22-40-31	0.143020724257	4	95	1079.5	623.5	0.143765810014	0.614364111034	135	135
92.0	96.0	81.0	146.0	168.0	164.0	8	0.0612179657947	0.00106343844913	DLR00012647-2009-07-03_22-40-31	0.148703761793	4	95	1224.5	623.5	0.149832578639	0.612765730726	135	135
92.0	96.0	81.0	142.0	164.0	159.0	9	0.0770419308434	0.00100574801365	DLR00012647-2009-07-03_22-40-31	0.139948354412	4	95	1356.5	613.5	0.140850154252	0.625446214503	135	135
92.0	96.0	81.0	147.0	171.0	166.0	10	0.0578080878044	0.00110755673639	DLR00012647-2009-07-03_22-40-31	0.157713406164	4	95	1485.5	618.5	0.158914742003	0.61963876605	135	135
91.0	95.0	80.0	142.0	165.0	160.0	11	0.0642548883798	0.00103497417261	DLR00012647-2009-07-03_22-40-31	0.149526950225	4	95	1631.5	618.5	0.150791028299	0.636315200597	135	135
91.0	95.0	80.0	145.0	168.0	164.0	12	0.0586072779583	0.00109103081089	DLR00012647-2009-07-03_22-40-31	0.144947018298	4	95	1771.5	622.5	0.146785772046	0.581490756034	135	135
92.0	95.0	80.0	143.0	165.0	160.0	13	0.0746976397251	0.00104635731008	DLR00012647-2009-07-03_22-40-31	0.141295454585	4	95	1900.5	618.5	0.142743733514	0.603601683627	135	135
91.0	95.0	80.0	145.0	169.0	165.0	14	0.0587671159891	0.0011036146502	DLR00012647-2009-07-03_22-40-31	0.145557285602	4	95	2041.5	618.5	0.147424883315	0.584580957963	135	135
91.0	95.0	80.0	143.0	165.0	160.0	15	0.0680377217753	0.00104645753125	DLR00012647-2009-07-03_22-40-31	0.161424213994	4	95	2173.5	613.5	0.162561816396	0.6724918749	135	135
91.0	95.0	79.0	144.0	167.0	162.0	16	0.0604187756407	0.00107555608877	DLR00012647-2009-07-03_22-40-31	0.141445108913	4	95	2322.5	618.5	0.143234318445	0.587138366455	135	135
91.0	95.0	80.0	144.0	166.0	161.0	17	0.0650540785338	0.00106893612479	DLR00012647-2009-07-03_22-40-31	0.161103480516	4	95	2453.5	618.5	0.162094703435	0.663913900581	135	135
92.0	95.0	79.0	146.0	168.0	163.0	18	0.0651606372209	0.00110294212776	DLR00012647-2009-07-03_22-40-31	0.152587787862	4	95	2591.5	617.5	0.153798202777	0.625872449251	135	135
92.0	95.0	79.0	144.0	166.0	161.0	19	0.0638819329746	0.00107740413296	DLR00012647-2009-07-03_22-40-31	0.167627794069	4	95	2718.5	618.5	0.168233115096	0.69588150674	135	135
92.0	95.0	80.0	146.0	167.0	162.0	20	0.0579679258352	0.00109927284787	DLR00012647-2009-07-03_22-40-31	0.156663966953	4	95	2861.5	620.5	0.156868121188	0.652778517769	135	135
91.0	94.0	79.0	144.0	163.0	158.0	21	0.0611114071075	0.00107185839935	DLR00012647-2009-07-03_22-40-31	0.168350510664	4	95	2992.5	613.5	0.168486389101	0.705098833182	135	135
89.0	91.0	76.0	143.0	162.0	157.0	22	0.0604187756407	0.00112416331148	DLR00012647-2009-07-03_22-40-31	0.165343091783	4	95	3133.5	618.5	0.165508246561	0.70136927913	135	135
86.0	87.0	74.0	141.0	160.0	156.0	23	0.0691565879908	0.00118608176373	DLR00012647-2009-07-03_22-40-31	0.19443714715	4	95	3273.5	618.5	0.194506071367	0.789280196068	135	135
85.0	86.0	74.0	144.0	165.0	161.0	24	0.0634556982258	0.00134249473926	DLR00012647-2009-07-03_22-40-31	0.216690767758	4	95	3406.5	618.5	0.217232462226	0.734029516756	135	135
91.0	92.0	81.0	144.0	161.0	158.0	1	0.0587671159891	0.00112324891079	DLR00012647-2009-07-03_22-40-31	0.177291733725	5	95	266.5	755.5	0.176927355487	0.731685225638	135	135
91.0	93.0	80.0	144.0	163.0	160.0	2	0.0565826629016	0.00109628570633	DLR00012647-2009-07-03_22-40-31	0.150251121514	5	95	405.5	757.5	0.149992118843	0.662208961586	135	135
92.0	94.0	80.0	144.0	164.0	160.0	3	0.0599925408919	0.00105384644228	DLR00012647-2009-07-03_22-40-31	0.121288029058	5	95	533.5	757.5	0.121596196297	0.543396025361	135	135
94.0	96.0	81.0	143.0	161.0	156.0	4	0.0723000692631	0.00097663344219	DLR00012647-2009-07-03_22-40-31	0.123017949679	5	95	671.5	752.5	0.123548485191	0.586925249081	135	135
94.0	96.0	81.0	145.0	164.0	159.0	5	0.0657467100005	0.00101390269949	DLR00012647-2009-07-03_22-40-31	0.113778910721	5	95	813.5	757.5	0.114637209654	0.530182748149	135	135
94.0	97.0	81.0	144.0	164.0	158.0	6	0.064095050349	0.00100663607856	DLR00012647-2009-07-03_22-40-31	0.12503976153	5	95	948.5	757.5	0.125857716742	0.567851244073	135	135
93.0	96.0	81.0	146.0	166.0	161.0	7	0.071127923704	0.00104431280777	DLR00012647-2009-07-03_22-40-31	0.130989163147	5	95	1085.5	757.5	0.132368355302	0.572752943684	135	135
92.0	96.0	81.0	143.0	165.0	159.0	8	0.0633491395386	0.00101827888649	DLR00012647-2009-07-03_22-40-31	0.130444479295	5	95	1224.5	747.5	0.132135777179	0.564228248708	135	135
92.0	96.0	80.0	142.0	163.0	156.0	9	0.0736320528531	0.000979194390112	DLR00012647-2009-07-03_22-40-31	0.101811368187	5	95	1360.5	757.5	0.104311133142	0.477542756673	135	135
91.0	95.0	81.0	144.0	165.0	161.0	10	0.0642016090362	0.00103823888075	DLR00012647-2009-07-03_22-40-31	0.129177017179	5	95	1495.5	757.5	0.131086992408	0.549469870531	135	135
91.0	95.0	80.0	145.0	167.0	162.0	11	0.0752837125047	0.0010796243781	DLR00012647-2009-07-03_22-40-31	0.130140807664	5	95	1628.5	756.5	0.132433881184	0.537375459534	135	135
91.0	95.0	80.0	144.0	166.0	161.0	12	0.0732058181043	0.00106405594884	DLR00012647-2009-07-03_22-40-31	0.132467348229	5	95	1766.5	750.5	0.134381458538	0.544781288295	135	135
91.0	94.0	79.0	143.0	164.0	159.0	13	0.0696893814268	0.00104149435757	DLR00012647-2009-07-03_22-40-31	0.126923962479	5	95	1903.5	757.5	0.128958546558	0.535510682508	135	135
91.0	94.0	79.0	139.0	160.0	154.0	14	0.0845543182908	0.000979558993481	DLR00012647-2009-07-03_22-40-31	0.111500158687	5	95	2041.5	757.5	0.114264838067	0.524215461666	135	135
91.0	94.0	79.0	142.0	164.0	158.0	15	0.0710746443604	0.0010413743963	DLR00012647-2009-07-03_22-40-31	0.122957545889	5	95	2178.5	757.5	0.12522988888	0.531301614364	135	135
91.0	95.0	79.0	143.0	164.0	159.0	16	0.0718738345144	0.00104910538574	DLR00012647-2009-07-03_22-40-31	0.129958226056	5	95	2313.5	757.5	0.131762859917	0.554051894081	135	135
92.0	95.0	79.0	145.0	168.0	163.0	17	0.0644147264106	0.00110033190529	DLR00012647-2009-07-03_22-40-31	0.152336108516	5	95	2453.5	763.5	0.15373106421	0.605945974746	135	135
92.0	95.0	79.0	145.0	167.0	162.0	18	0.0586605573019	0.0010882773986	DLR00012647-2009-07-03_22-40-31	0.149239016848	5	95	2590.5	754.5	0.150291572501	0.607331237679	135	135
92.0	95.0	79.0	146.0	167.0	162.0	19	0.063029463477	0.00108993057558	DLR00012647-2009-07-03_22-40-31	0.145878669792	5	95	2721.5	749.5	0.146843623186	0.595716340775	135	135
92.0	94.0	79.0	145.0	165.0	161.0	20	0.0517342426341	0.00108953376228	DLR00012647-2009-07-03_22-40-31	0.144754994397	5	95	2853.5	757.5	0.145667537474	0.599712291545	135	135
91.0	93.0	78.0	140.0	159.0	152.0	21	0.0629229047898	0.00101948621262	DLR00012647-2009-07-03_22-40-31	0.117094720297	5	95	2998.5	757.5	0.117436859772	0.550961692152	135	135
90.0	91.0	76.0	141.0	159.0	153.0	22	0.0685172358677	0.00109141579866	DLR00012647-2009-07-03_22-40-31	0.138938370478	5	95	3124.5	757.5	0.139467032758	0.615962491342	135	135
87.0	88.0	74.0	138.0	156.0	150.0	23	0.0701156161756	0.00111340456117	DLR00012647-2009-07-03_22-40-31	0.158464078302	5	95	3265.5	757.5	0.158591293181	0.701795513879	135	135
85.0	87.0	74.0	146.0	165.0	162.0	24	0.0671319729341	0.00134814501505	DLR00012647-2009-07-03_22-40-31	0.207440885985	5	95	3408.5	759.5	0.208171804574	0.705471788588	135	135
92.0	91.0	77.0	97.0	97.0	86.0	1	0.000745910810379	8.44360832526e-05	DLR00012647-2009-07-03_22-40-31	-0.00184299103186	6	95	267.5	893.5	8.05450468484e-05	0.00207789440034	135	135
92.0	93.0	79.0	149.0	170.0	167.0	2	0.0585007192711	0.00119868065132	DLR00012647-2009-07-03_22-40-31	0.183842544225	6	95	403.5	891.5	0.183779112092	0.711119399009	135	135
93.0	94.0	80.0	145.0	165.0	161.0	3	0.0583941605839	0.00107183196015	DLR00012647-2009-07-03_22-40-31	0.149600277548	6	95	538.5	893.5	0.149903432503	0.665938515637	135	135
94.0	96.0	81.0	146.0	167.0	163.0	4	0.0528531088497	0.00106501416439	DLR00012647-2009-07-03_22-40-31	0.143005453766	6	95	676.5	888.5	0.143233885447	0.620278118174	135	135
94.0	97.0	81.0	147.0	168.0	164.0	5	0.0572752943684	0.00107245434651	DLR00012647-2009-07-03_22-40-31	0.155482712566	6	95	816.5	898.5	0.155893261605	0.650860461399	135	135
94.0	96.0	79.0	97.0	102.0	89.0	6	0.0	7.65565206743e-05	DLR00012647-2009-07-03_22-40-31	-0.00551292086897	6	95	948.5	893.5	0.000118346624542	0.00511481698545	135	135
93.0	96.0	81.0	146.0	168.0	163.0	7	0.0668655762161	0.00107013329313	DLR00012647-2009-07-03_22-40-31	0.153885939729	6	95	1086.5	891.5	0.154638881969	0.63104054558	135	135
92.0	96.0	80.0	145.0	168.0	163.0	8	0.0580744845224	0.00107231788265	DLR00012647-2009-07-03_22-40-31	0.151389829423	6	95	1224.5	895.5	0.152962504068	0.612019819916	135	135
91.0	95.0	80.0	144.0	165.0	160.0	9	0.063295860195	0.00103637768433	DLR00012647-2009-07-03_22-40-31	0.148642622789	6	95	1360.5	883.5	0.15022663058	0.62496670041	135	135
91.0	95.0	80.0	146.0	168.0	164.0	10	0.0556236347168	0.00108900716584	DLR00012647-2009-07-03_22-40-31	0.141295266077	6	95	1499.5	893.5	0.143147297102	0.561617560872	135	135
92.0	94.0	78.0	98.0	101.0	86.0	11	0.0	7.65608429058e-05	DLR00012647-2009-07-03_22-40-31	-0.00691852900557	6	95	1643.5	891.5	1.65548442536e-05	0.000479514092386	135	135
92.0	94.0	78.0	99.0	103.0	89.0	12	0.0	0.000111838044087	DLR00012647-2009-07-03_22-40-31	-0.00627300533475	6	95	1771.5	893.5	7.9051739262e-05	0.00234429111833	135	135
91.0	94.0	80.0	144.0	167.0	162.0	13	0.0693164260216	0.00109868388245	DLR00012647-2009-07-03_22-40-31	0.166217507404	6	95	1902.5	889.5	0.167278360672	0.646331717193	135	135
90.0	94.0	79.0	144.0	168.0	163.0	14	0.0629229047898	0.0011099538324	DLR00012647-2009-07-03_22-40-31	0.154244589038	6	95	2041.5	887.5	0.156174077995	0.59816719058	135	135
90.0	94.0	79.0	144.0	167.0	162.0	15	0.0635089775694	0.00109440302141	DLR00012647-2009-07-03_22-40-31	0.165571173967	6	95	2178.5	893.5	0.167030943639	0.648835846342	135	135
92.0	95.0	80.0	146.0	168.0	164.0	16	0.0629229047898	0.00111691849142	DLR00012647-2009-07-03_22-40-31	0.159427165758	6	95	2316.5	893.5	0.16065561985	0.617987106399	135	135
93.0	95.0	78.0	130.0	136.0	125.0	17	0.00586072779583	0.000302515325357	DLR00012647-2009-07-03_22-40-31	-0.00649656286921	6	95	2460.5	893.5	0.00124767921324	0.013000159838	135	135
93.0	94.0	77.0	118.0	122.0	110.5	18	0.000159838030795	0.000197232444959	DLR00012647-2009-07-03_22-40-31	-0.00618711476915	6	95	2590.5	893.5	0.000249819122594	0.00490169961106	135	135
92.0	93.0	76.0	93.0	99.0	87.0	19	5.32793435985e-05	8.19499983121e-05	DLR00012647-2009-07-03_22-40-31	-0.00785047467019	6	95	2726.5	894.5	0.000116529567816	0.00516809632905	135	135
91.0	94.0	78.0	146.0	167.0	163.0	20	0.0588736746763	0.00113527322277	DLR00012647-2009-07-03_22-40-31	0.153205760568	6	95	2861.5	889.5	0.153826667645	0.616761681496	135	135
91.0	93.0	77.0	142.0	162.0	156.0	21	0.0606851723587	0.00107651183372	DLR00012647-2009-07-03_22-40-31	0.16774129644	6	95	2996.5	885.5	0.167914452204	0.717885875646	135	135
89.0	90.0	75.0	143.0	163.0	157.0	22	0.0543449304705	0.00114864942631	DLR00012647-2009-07-03_22-40-31	0.165402268486	6	95	3126.5	893.5	0.166112288009	0.680750173158	135	135
87.0	88.0	73.0	145.0	165.0	160.0	23	0.0668122968725	0.00125709861769	DLR00012647-2009-07-03_22-40-31	0.213418561821	6	95	3269.5	889.5	0.213460050544	0.752943683734	135	135
85.0	85.0	70.0	91.5	93.0	80.0	24	0.0	0.000108356999939	DLR00012647-2009-07-03_22-40-31	-0.0038795477354	6	95	3411.5	893.5	6.68110987463e-05	0.00234429111833	135	135
93.0	93.0	80.0	147.0	166.0	163.0	1	0.0515211252597	0.00117596760011	DLR00012647-2009-07-03_22-40-31	0.180471221027	7	95	272.5	1029.5	0.179845157515	0.727103202089	135	135
92.0	93.0	79.0	143.0	163.0	159.0	2	0.0580212051788	0.00107762662047	DLR00012647-2009-07-03_22-40-31	0.151633120677	7	95	410.5	1029.5	0.151704554134	0.686610900954	135	135
93.0	95.0	80.0	144.0	163.0	158.0	3	0.0645212850978	0.0010446061208	DLR00012647-2009-07-03_22-40-31	0.138770507207	7	95	548.5	1025.5	0.138905595603	0.623048644041	135	135
94.0	96.0	81.0	143.0	162.0	157.0	4	0.0533859022857	0.00100399259293	DLR00012647-2009-07-03_22-40-31	0.129256589233	7	95	676.5	1028.5	0.129714442277	0.599818850232	135	135
94.0	96.0	81.0	145.0	165.0	159.5	5	0.0633491395386	0.00103341128825	DLR00012647-2009-07-03_22-40-31	0.126951764675	7	95	822.5	1029.5	0.12736725071	0.558580638287	135	135
94.0	96.0	81.0	146.0	167.0	161.0	6	0.0660663860621	0.00105793146274	DLR00012647-2009-07-03_22-40-31	0.136726678462	7	95	952.5	1024.5	0.137395011779	0.583408812403	135	135
93.0	96.0	80.0	141.0	161.0	154.0	7	0.0659065480313	0.000973067937516	DLR00012647-2009-07-03_22-40-31	0.118522514671	7	95	1081.5	1029.5	0.119567994535	0.537535297565	135	135
92.0	95.0	80.0	144.0	166.0	160.0	8	0.0741648462891	0.00105150320878	DLR00012647-2009-07-03_22-40-31	0.126983734523	7	95	1219.5	1029.5	0.12888898229	0.549949384624	135	135
91.0	95.0	80.0	144.0	166.0	161.0	9	0.0607384517023	0.00106013312016	DLR00012647-2009-07-03_22-40-31	0.11807329816	7	95	1360.5	1029.5	0.1205580371	0.498321700677	135	135
91.0	95.0	80.0	143.0	165.0	160.0	10	0.0737386115403	0.00105315079727	DLR00012647-2009-07-03_22-40-31	0.122020821036	7	95	1485.5	1027.5	0.124309501315	0.515477649315	135	135
91.0	94.0	80.0	145.0	167.0	163.0	11	0.063828653631	0.00109565494736	DLR00012647-2009-07-03_22-40-31	0.128113595186	7	95	1635.5	1024.5	0.129829909503	0.50844477596	135	135
90.0	94.0	79.0	145.0	167.0	163.0	12	0.061697479887	0.00111196635914	DLR00012647-2009-07-03_22-40-31	0.127464319171	7	95	1771.5	1029.5	0.129613451194	0.498694656082	135	135
90.0	93.0	79.0	141.0	162.0	157.0	13	0.0797058980233	0.00103579263124	DLR00012647-2009-07-03_22-40-31	0.0998663363437	7	95	1895.5	1029.5	0.102753814565	0.439234908626	135	135
90.0	93.0	78.0	140.0	161.0	156.0	14	0.0799722947413	0.00102337833052	DLR00012647-2009-07-03_22-40-31	0.117910048648	7	95	2041.5	1032.5	0.120836443964	0.516010442751	135	135
90.0	93.0	79.0	142.0	164.0	159.0	15	0.0574884117428	0.00106189282652	DLR00012647-2009-07-03_22-40-31	0.113713132798	7	95	2178.5	1032.5	0.1168359732	0.475038627524	135	135
91.0	94.0	79.0	142.5	164.0	158.0	16	0.0518940806649	0.00103369890565	DLR00012647-2009-07-03_22-40-31	0.104848173693	7	95	2316.5	1029.5	0.107427935775	0.457030209388	135	135
92.0	95.0	79.0	143.0	164.0	159.0	17	0.0639884916618	0.00105390502346	DLR00012647-2009-07-03_22-40-31	0.143080133374	7	95	2462.5	1029.5	0.143737638229	0.592945814908	135	135
91.0	94.0	78.0	144.0	165.0	160.0	18	0.0608982897331	0.001106172968	DLR00012647-2009-07-03_22-40-31	0.134968986215	7	95	2590.5	1029.5	0.135943616735	0.547285417444	135	135
92.0	93.0	78.0	142.0	162.0	155.0	19	0.0657467100005	0.00105364832081	DLR00012647-2009-07-03_22-40-31	0.12643686939	7	95	2728.5	1029.5	0.127124984752	0.543982098141	135	135
91.0	93.0	77.0	142.0	162.0	155.0	20	0.0696361020832	0.00106130747408	DLR00012647-2009-07-03_22-40-31	0.123990487161	7	95	2861.5	1029.5	0.124976568624	0.546326389259	135	135
90.0	92.0	77.0	142.0	162.0	156.0	21	0.056529383558	0.00110017069402	DLR00012647-2009-07-03_22-40-31	0.13742943287	7	95	2993.5	1029.5	0.138039509253	0.585539986147	135	135
89.0	90.0	75.0	140.0	159.0	152.0	22	0.0605786136715	0.00109422165736	DLR00012647-2009-07-03_22-40-31	0.146911476351	7	95	3133.5	1022.5	0.147673227088	0.623208482072	135	135
87.0	88.0	73.0	144.0	163.0	158.0	23	0.0718738345144	0.00124522051527	DLR00012647-2009-07-03_22-40-31	0.18664382719	7	95	3273.5	1029.5	0.18636316878	0.705311950557	135	135
86.0	86.0	70.0	92.0	93.0	82.0	24	0.0	0.000104501530559	DLR00012647-2009-07-03_22-40-31	-0.00281432845055	7	95	3411.5	1022.5	1.2106815196e-05	0.000479514092386	135	135
94.0	95.0	82.0	145.0	163.0	159.0	1	0.0521071980393	0.00111677614802	DLR00012647-2009-07-03_22-40-31	0.182250846112	8	95	267.5	1165.5	0.181581005175	0.755927326975	135	135
92.0	94.0	80.0	146.0	166.0	162.0	2	0.0614843625127	0.00112485107063	DLR00012647-2009-07-03_22-40-31	0.171505118539	8	95	403.5	1158.5	0.17108899959	0.740316479301	135	135
93.0	95.0	80.0	143.0	163.0	158.0	3	0.0613245244819	0.00103828552878	DLR00012647-2009-07-03_22-40-31	0.136786604083	8	95	545.5	1168.5	0.136952440737	0.619851883425	135	135
94.0	96.0	80.0	147.0	168.0	163.0	4	0.0545047685013	0.00109106329561	DLR00012647-2009-07-03_22-40-31	0.148287838595	8	95	670.5	1165.5	0.148485701397	0.627097874154	135	135
94.0	96.0	80.0	143.0	162.0	156.0	5	0.0641483296926	0.000990253821688	DLR00012647-2009-07-03_22-40-31	0.126143189847	8	95	813.5	1165.5	0.126697056532	0.575736586925	135	135
93.0	96.0	80.0	147.0	169.0	164.0	6	0.0585539986147	0.00110220709598	DLR00012647-2009-07-03_22-40-31	0.155801929907	8	95	948.5	1161.5	0.156362953649	0.625925728595	135	135
92.0	95.0	80.0	143.0	164.0	158.0	7	0.0834887314188	0.00102925358235	DLR00012647-2009-07-03_22-40-31	0.14165347406	8	95	1085.5	1167.5	0.14252108554	0.630134796739	135	135
91.0	95.0	80.0	146.0	168.0	164.0	8	0.0594064681123	0.00110255201667	DLR00012647-2009-07-03_22-40-31	0.15795664688	8	95	1224.5	1167.5	0.159356295507	0.616175608717	135	135
91.0	94.0	79.0	141.0	161.0	155.0	9	0.0799722947413	0.000996090495702	DLR00012647-2009-07-03_22-40-31	0.125975489258	8	95	1360.5	1166.5	0.127792805495	0.567265171293	135	135
90.0	94.0	79.0	145.0	167.0	163.0	10	0.0606851723587	0.00110085413171	DLR00012647-2009-07-03_22-40-31	0.141893904327	8	95	1489.5	1165.5	0.143963962773	0.557248654697	135	135
90.0	94.0	79.0	143.0	165.0	160.0	11	0.0753369918483	0.00107517377886	DLR00012647-2009-07-03_22-40-31	0.159552131697	8	95	1629.5	1165.5	0.16110370706	0.636688156002	135	135
89.0	94.0	79.0	145.0	169.0	165.0	12	0.0659065480313	0.00114053724614	DLR00012647-2009-07-03_22-40-31	0.153343652951	8	95	1762.5	1158.5	0.155147392091	0.579998934413	135	135
89.0	93.0	79.0	143.0	165.0	161.0	13	0.0714475997656	0.00109206740739	DLR00012647-2009-07-03_22-40-31	0.154962065672	8	95	1903.5	1164.5	0.156900504786	0.615962491342	135	135
89.0	93.0	79.0	145.0	168.0	164.0	14	0.0579146464916	0.00113971724178	DLR00012647-2009-07-03_22-40-31	0.143837028261	8	95	2031.5	1161.5	0.146497642438	0.544195215515	135	135
90.0	93.0	78.0	142.0	164.0	159.0	15	0.0638819329746	0.00106997341584	DLR00012647-2009-07-03_22-40-31	0.150248889378	8	95	2181.5	1166.5	0.152580013735	0.604347594438	135	135
90.0	93.0	78.0	143.0	165.0	160.0	16	0.0647876818158	0.00109616924141	DLR00012647-2009-07-03_22-40-31	0.143491230277	8	95	2316.5	1155.5	0.145661739199	0.57269966434	135	135
90.0	93.0	78.0	144.0	166.0	161.0	17	0.0622835526666	0.00111360421728	DLR00012647-2009-07-03_22-40-31	0.175729631084	8	95	2443.5	1162.5	0.176923220793	0.687783046513	135	135
91.0	94.0	79.0	144.0	166.0	161.0	18	0.0599925408919	0.00112875314353	DLR00012647-2009-07-03_22-40-31	0.158216144491	8	95	2590.5	1163.5	0.159279959395	0.622462571261	135	135
91.0	93.0	78.0	143.0	164.0	158.0	19	0.0728328626991	0.00110410193311	DLR00012647-2009-07-03_22-40-31	0.166870831169	8	95	2726.5	1161.5	0.167374476651	0.679418189568	135	135
91.0	92.0	77.0	142.0	163.0	158.0	20	0.0581277638659	0.0010955185398	DLR00012647-2009-07-03_22-40-31	0.147459991501	8	95	2861.5	1161.5	0.148299752933	0.634130747509	135	135
90.0	92.0	76.0	142.0	162.0	156.0	21	0.0634556982258	0.00110189085963	DLR00012647-2009-07-03_22-40-31	0.171858190244	8	95	2991.5	1158.5	0.172374863268	0.709148063296	135	135
88.0	89.0	74.0	143.0	163.0	158.0	22	0.0560498694656	0.00117624368821	DLR00012647-2009-07-03_22-40-31	0.17282979381	8	95	3133.5	1156.5	0.173555775475	0.700463530289	135	135
86.0	87.0	72.0	145.0	165.0	161.0	23	0.0701688955192	0.00128710764469	DLR00012647-2009-07-03_22-40-31	0.231578581732	8	95	3274.5	1161.5	0.231498118705	0.785124407267	135	135
85.0	85.0	70.0	91.0	91.0	78.0	24	0.000745910810379	9.80350563127e-05	DLR00012647-2009-07-03_22-40-31	-0.00279050138419	8	95	3411.5	1165.5	0.000134875669735	0.0034631573339	135	135
93.0	94.0	81.0	144.0	161.0	156.0	1	0.0540252544089	0.00108233395863	DLR00012647-2009-07-03_22-40-31	0.169000199316	9	95	269.5	1302.5	0.168383620656	0.720549842826	135	135
92.0	94.0	79.0	143.0	162.0	158.0	2	0.0579146464916	0.00106787617135	DLR00012647-2009-07-03_22-40-31	0.151855456691	9	95	403.5	1301.5	0.151635134228	0.683414140338	135	135
93.0	95.0	80.0	144.0	163.0	157.0	3	0.0604720549843	0.00104198547034	DLR00012647-2009-07-03_22-40-31	0.134255902088	9	95	544.5	1300.5	0.134429161136	0.600564761042	135	135
94.0	95.0	80.0	144.0	164.0	159.0	4	0.0592466300815	0.00103721623818	DLR00012647-2009-07-03_22-40-31	0.138076681784	9	95	666.5	1301.5	0.138438215037	0.610581277639	135	135
93.0	96.0	80.0	144.0	163.0	157.0	5	0.0659065480313	0.00101425495479	DLR00012647-2009-07-03_22-40-31	0.126031333375	9	95	813.5	1301.5	0.127311082082	0.567904523416	135	135
93.0	95.0	80.0	141.0	160.0	153.0	6	0.0639884916618	0.000962591175247	DLR00012647-2009-07-03_22-40-31	0.108752552501	9	95	948.5	1301.5	0.109955397379	0.529863072087	135	135
92.0	95.0	80.0	145.0	167.0	162.0	7	0.0586072779583	0.00108399746518	DLR00012647-2009-07-03_22-40-31	0.137684956877	9	95	1083.5	1301.5	0.13879180328	0.563748734616	135	135
92.0	95.0	79.0	142.0	162.0	156.0	8	0.0767222547818	0.00100898520547	DLR00012647-2009-07-03_22-40-31	0.116557126099	9	95	1224.5	1301.5	0.118293815382	0.522457243327	135	135
91.0	95.0	80.0	142.0	164.0	159.0	9	0.0616442005434	0.00102825545187	DLR00012647-2009-07-03_22-40-31	0.128979308371	9	95	1360.5	1306.5	0.131132948183	0.551867440993	135	135
91.0	95.0	80.0	143.0	164.0	160.0	10	0.0650007991902	0.000977231756057	DLR00012647-2009-07-03_22-40-31	0.118285627456	9	95	1495.5	1301.5	0.121384908327	0.530768820928	135	135
91.0	95.0	81.0	142.0	164.0	159.0	11	0.0583408812403	0.000944281118016	DLR00012647-2009-07-03_22-40-31	0.0992425302001	9	95	1634.5	1301.5	0.103354291335	0.46757951942	135	135
91.0	95.0	81.0	141.0	163.0	158.0	12	0.0629229047898	0.000939199284049	DLR00012647-2009-07-03_22-40-31	0.106074636869	9	95	1764.5	1310.5	0.109915493181	0.49629708562	135	135
90.0	95.0	80.0	141.0	163.0	158.0	13	0.0620171559486	0.000992062369982	DLR00012647-2009-07-03_22-40-31	0.109907711081	9	95	1912.5	1301.5	0.11454899124	0.496190526933	135	135
90.0	94.0	80.0	144.0	166.0	161.0	14	0.0596728648303	0.000991779552891	DLR00012647-2009-07-03_22-40-31	0.110687398708	9	95	2036.5	1301.5	0.116036441035	0.498481538707	135	135
90.0	93.0	79.0	144.0	167.0	162.0	15	0.0579146464916	0.00100584582942	DLR00012647-2009-07-03_22-40-31	0.12739777038	9	95	2169.5	1301.5	0.131461046009	0.548457563003	135	135
90.0	93.0	79.0	144.0	166.0	161.0	16	0.050029303639	0.000958511469754	DLR00012647-2009-07-03_22-40-31	0.111566885644	9	95	2307.5	1301.5	0.115122317958	0.507965261868	135	135
91.0	94.0	80.0	142.0	164.0	159.0	17	0.0602056582663	0.0010248393683	DLR00012647-2009-07-03_22-40-31	0.118498433841	9	95	2444.5	1301.5	0.121039090099	0.514305503756	135	135
92.0	95.0	80.0	143.0	164.0	159.0	18	0.0485374820182	0.000994890070931	DLR00012647-2009-07-03_22-40-31	0.124029469961	9	95	2587.5	1292.5	0.126368227304	0.540891896212	135	135
91.0	93.0	78.0	144.0	164.0	158.0	19	0.0644147264106	0.00109036305556	DLR00012647-2009-07-03_22-40-31	0.123093926742	9	95	2721.5	1301.5	0.124356358772	0.508604613991	135	135
90.0	92.0	76.0	141.0	160.0	152.0	20	0.0718205551708	0.00105354653678	DLR00012647-2009-07-03_22-40-31	0.121431122788	9	95	2861.5	1301.5	0.123017622923	0.545260802387	135	135
89.0	91.0	75.0	142.0	161.0	155.0	21	0.0625499493846	0.00111210603097	DLR00012647-2009-07-03_22-40-31	0.151413189142	9	95	2998.5	1301.5	0.152003012871	0.639085726464	135	135
88.0	89.0	74.0	139.0	158.0	151.0	22	0.064894240503	0.00109588324827	DLR00012647-2009-07-03_22-40-31	0.14780426386	9	95	3134.5	1302.5	0.148542976622	0.641749693644	135	135
85.0	87.0	72.0	139.0	159.0	154.0	23	0.0700090574884	0.00120204935927	DLR00012647-2009-07-03_22-40-31	0.174744110867	9	95	3273.5	1301.5	0.17519968915	0.720123608077	135	135
85.0	86.0	73.0	143.0	162.0	159.0	24	0.0629761841334	0.00133308203142	DLR00012647-2009-07-03_22-40-31	0.202472318018	9	95	3414.5	1295.5	0.203014055836	0.689860940913	135	135
94.0	94.0	81.0	148.0	166.0	162.0	1	0.0514678459161	0.00115697555344	DLR00012647-2009-07-03_22-40-31	0.187342260611	10	95	263.5	1444.5	0.186715215087	0.730193404017	135	135
92.0	94.0	79.0	147.0	167.0	163.0	2	0.054664606532	0.00113924539458	DLR00012647-2009-07-03_22-40-31	0.171673565213	10	95	403.5	1441.5	0.171307907886	0.734615589536	135	135
92.0	94.0	79.0	143.0	162.0	158.0	3	0.061963876605	0.00104711926144	DLR00012647-2009-07-03_22-40-31	0.153294655098	10	95	537.5	1447.5	0.15342637807	0.683307581651	135	135
93.0	95.0	80.0	146.0	167.0	163.0	4	0.0514145665725	0.00108457563345	DLR00012647-2009-07-03_22-40-31	0.151896644893	10	95	676.5	1440.5	0.152205796618	0.64036443071	135	135
93.0	96.0	80.0	145.0	166.0	161.0	5	0.0583941605839	0.00105330650241	DLR00012647-2009-07-03_22-40-31	0.162117069457	10	95	809.5	1439.5	0.162531814581	0.686504342267	135	135
93.0	95.0	80.0	148.0	168.0	164.0	6	0.055996590122	0.00110473189331	DLR00012647-2009-07-03_22-40-31	0.152537006038	10	95	948.5	1431.5	0.153311748247	0.626298684	135	135
93.0	95.0	80.0	144.0	164.0	159.0	7	0.0699024988012	0.00105198038558	DLR00012647-2009-07-03_22-40-31	0.149396980733	10	95	1076.5	1436.5	0.149872640141	0.635729127817	135	135
92.0	94.0	79.0	148.0	171.0	166.0	8	0.0575416910864	0.00116300229045	DLR00012647-2009-07-03_22-40-31	0.162919368956	10	95	1224.5	1440.5	0.163644589792	0.610687836326	135	135
91.0	94.0	79.0	144.0	165.0	161.0	9	0.0758697852842	0.00109197733851	DLR00012647-2009-07-03_22-40-31	0.160361804306	10	95	1360.5	1437.5	0.161426877036	0.640098033992	135	135
90.0	94.0	80.0	145.0	168.0	164.0	10	0.0596195854867	0.00110768846304	DLR00012647-2009-07-03_22-40-31	0.155902386669	10	95	1487.5	1435.5	0.157501000307	0.607917310459	135	135
90.0	95.0	81.0	142.0	165.0	160.0	11	0.0606851723587	0.00103723094534	DLR00012647-2009-07-03_22-40-31	0.150043534116	10	95	1634.5	1435.5	0.15233997509	0.628056902339	135	135
89.0	93.0	79.0	143.0	166.0	162.0	12	0.0613245244819	0.00111614302773	DLR00012647-2009-07-03_22-40-31	0.138751289235	10	95	1771.5	1440.5	0.141352315174	0.546326389259	135	135
90.0	93.0	79.0	144.0	167.0	163.0	13	0.063295860195	0.00112723384464	DLR00012647-2009-07-03_22-40-31	0.176793784667	10	95	1908.5	1435.5	0.178284032643	0.663594224519	135	135
90.0	92.0	76.0	99.0	100.0	84.0	14	0.0	8.08642828005e-05	DLR00012647-2009-07-03_22-40-31	-0.00897721200869	10	95	2041.5	1448.5	3.33195611041e-06	0.000159838030795	135	135
90.0	91.0	76.0	98.0	100.5	86.0	15	0.0	0.000107995589886	DLR00012647-2009-07-03_22-40-31	-0.00849801694812	10	95	2178.5	1440.5	2.74967611978e-05	0.000852469497576	135	135
89.0	92.0	77.0	145.0	167.0	163.0	16	0.0593531887687	0.00117340925625	DLR00012647-2009-07-03_22-40-31	0.152434492242	10	95	2316.5	1438.5	0.153552430279	0.575789866269	135	135
89.0	91.0	76.0	142.0	164.0	158.0	17	0.0752837125047	0.00111587900766	DLR00012647-2009-07-03_22-40-31	0.166589257583	10	95	2453.5	1440.5	0.168030335603	0.662262240929	135	135
89.0	92.0	77.0	143.0	165.0	160.0	18	0.0602056582663	0.00114430408277	DLR00012647-2009-07-03_22-40-31	0.14899346554	10	95	2590.5	1440.5	0.149891081688	0.5913474346	135	135
91.0	93.0	78.0	147.0	168.0	163.0	19	0.0660131067185	0.00117588621749	DLR00012647-2009-07-03_22-40-31	0.196227427431	10	95	2721.5	1436.5	0.196155137838	0.742873887794	135	135
91.0	91.0	74.0	92.0	98.0	84.0	20	0.0	8.94413912114e-05	DLR00012647-2009-07-03_22-40-31	-0.00525102667776	10	95	2861.5	1442.5	0.000221407838225	0.00943044381693	135	135
89.0	91.0	76.0	145.0	166.0	161.0	21	0.0644147264106	0.00120400318489	DLR00012647-2009-07-03_22-40-31	0.211881720181	10	95	2994.5	1435.5	0.211913156574	0.795194203207	135	135
88.0	90.0	75.0	141.0	161.0	155.0	22	0.057062176994	0.00112718321696	DLR00012647-2009-07-03_22-40-31	0.165165854474	10	95	3133.5	1442.5	0.16573249266	0.712131706537	135	135
84.0	86.0	72.0	140.0	160.0	155.0	23	0.0615376418563	0.00121168862592	DLR00012647-2009-07-03_22-40-31	0.198853584613	10	95	3273.5	1434.5	0.199359156172	0.776439874261	135	135
83.0	84.0	72.0	142.0	162.0	159.0	24	0.0600458202355	0.00134554745834	DLR00012647-2009-07-03_22-40-31	0.211293236745	10	95	3407.5	1440.5	0.21169815338	0.725558101124	135	135
93.0	93.0	77.0	99.0	100.0	87.0	1	0.00122542490277	0.000126643138646	DLR00012647-2009-07-03_22-40-31	0.000479017503652	11	95	267.5	1574.5	0.000291036419435	0.0068730353242	135	135
92.0	94.0	79.0	147.0	166.0	162.0	2	0.057062176994	0.00114505760118	DLR00012647-2009-07-03_22-40-31	0.162873408163	11	95	406.5	1574.5	0.162326957027	0.668069689381	135	135
92.0	94.0	80.0	146.0	166.0	163.0	3	0.05626298684	0.00111892447654	DLR00012647-2009-07-03_22-40-31	0.166144922237	11	95	541.5	1574.5	0.166141208778	0.692524908093	135	135
93.0	95.0	80.0	144.0	163.0	158.0	4	0.0547711652192	0.00103299235799	DLR00012647-2009-07-03_22-40-31	0.123718383333	11	95	676.5	1574.5	0.124061802096	0.567904523416	135	135
93.0	95.0	80.0	145.0	165.0	161.0	5	0.0500825829826	0.00106325953294	DLR00012647-2009-07-03_22-40-31	0.140566026167	11	95	813.5	1574.5	0.141381742854	0.597954073206	135	135
93.0	94.0	78.0	94.0	101.0	88.0	6	0.0	8.063932786e-05	DLR00012647-2009-07-03_22-40-31	-0.00601251187825	11	95	948.5	1571.5	0.000118700622984	0.00527465501625	135	135
93.0	94.0	78.0	101.5	103.0	86.0	7	0.0	0.00010034930252	DLR00012647-2009-07-03_22-40-31	-0.00443513602041	11	95	1082.5	1574.5	1.04577296412e-05	0.000319676061591	135	135
93.0	94.0	78.0	98.0	101.0	86.0	8	0.0	9.56925156071e-05	DLR00012647-2009-07-03_22-40-31	-0.00459548930629	11	95	1224.5	1574.5	2.67188649398e-05	0.00111886621557	135	135
92.0	93.0	77.0	105.5	108.5	93.5	9	0.0	0.000206623179382	DLR00012647-2009-07-03_22-40-31	-0.00613018078965	11	95	1355.5	1574.5	1.16244269205e-05	0.000213117374394	135	135
90.0	93.0	78.0	143.0	166.0	161.0	10	0.0602589376099	0.00111285554986	DLR00012647-2009-07-03_22-40-31	0.142174864194	11	95	1495.5	1574.5	0.143801379044	0.559752783846	135	135
89.0	92.0	78.0	137.0	158.0	151.0	11	0.0757099472534	0.000992514543621	DLR00012647-2009-07-03_22-40-31	0.113439558871	11	95	1625.5	1574.5	0.116016380822	0.508338217273	135	135
88.0	92.0	77.0	141.0	163.0	159.0	12	0.0708082476424	0.00108312128104	DLR00012647-2009-07-03_22-40-31	0.128133588744	11	95	1767.5	1572.5	0.131890577312	0.53050242421	135	135
89.0	92.0	77.0	142.0	163.0	159.0	13	0.0664926208109	0.00109729972382	DLR00012647-2009-07-03_22-40-31	0.134496434919	11	95	1912.5	1574.5	0.13687554404	0.53790825297	135	135
90.0	91.0	76.0	98.0	100.0	85.0	14	0.0	0.000106673652879	DLR00012647-2009-07-03_22-40-31	-0.00780698748062	11	95	2041.5	1574.5	2.38700724744e-05	0.00069263146678	135	135
89.0	91.0	75.0	93.0	97.0	85.5	15	0.0	8.92274842283e-05	DLR00012647-2009-07-03_22-40-31	-0.007535257021	11	95	2178.5	1574.5	5.95763216027e-05	0.00234429111833	135	135
88.0	91.0	76.0	142.0	164.0	159.0	16	0.0751771538175	0.00113359030601	DLR00012647-2009-07-03_22-40-31	0.142202201577	11	95	2316.5	1574.5	0.143560869682	0.562736427087	135	135
88.0	91.0	76.0	138.0	158.0	152.0	17	0.0699557781448	0.00105690306651	DLR00012647-2009-07-03_22-40-31	0.129688290109	11	95	2454.5	1574.5	0.131052997007	0.559166711066	135	135
90.0	92.0	77.0	141.0	162.0	157.0	18	0.0590335127071	0.00109222876337	DLR00012647-2009-07-03_22-40-31	0.149222101876	11	95	2589.5	1574.5	0.150023347183	0.607171399648	135	135
90.0	91.0	75.0	93.0	97.0	83.0	19	0.0	9.59592687179e-05	DLR00012647-2009-07-03_22-40-31	-0.00442104287836	11	95	2726.5	1574.5	0.000107044345023	0.00452874420587	135	135
91.0	91.0	74.0	93.0	97.0	83.0	20	0.0	8.97322258971e-05	DLR00012647-2009-07-03_22-40-31	-0.00476297840891	11	95	2859.5	1574.5	0.000190097369543	0.00793862219617	135	135
89.0	90.0	74.0	93.0	96.0	83.0	21	0.00234429111833	9.94102605862e-05	DLR00012647-2009-07-03_22-40-31	-0.00329242386271	11	95	2998.5	1574.5	0.000669228673419	0.0191272843519	135	135
88.0	89.0	75.0	138.0	157.0	150.0	22	0.0542383717833	0.00103758642568	DLR00012647-2009-07-03_22-40-31	0.136967156278	11	95	3135.5	1574.5	0.137769268868	0.634823378976	135	135
84.0	86.0	72.0	136.0	154.0	149.0	23	0.0656401513133	0.0011603446134	DLR00012647-2009-07-03_22-40-31	0.1619250831	11	95	3273.5	1574.5	0.161987151223	0.694922478555	135	135
82.0	84.0	71.0	136.0	155.0	150.0	24	0.0719803932016	0.00125095747412	DLR00012647-2009-07-03_22-40-31	0.180005114972	11	95	3408.5	1574.5	0.180525294196	0.682028877404	135	135
92.0	92.0	77.0	94.0	96.0	84.0	1	0.0	8.29666814839e-05	DLR00012647-2009-07-03_22-40-31	-3.47418343089e-05	12	95	267.5	1715.5	8.53427219785e-05	0.00378283339549	135	135
92.0	93.0	78.0	149.0	170.0	167.0	2	0.0577548084608	0.00122765299047	DLR00012647-2009-07-03_22-40-31	0.188800253644	12	95	403.5	1710.5	0.188354391512	0.717672758272	135	135
92.0	94.0	79.0	140.0	158.0	152.0	3	0.0712344823912	0.000998194544055	DLR00012647-2009-07-03_22-40-31	0.15337792649	12	95	538.5	1713.5	0.153047164166	0.71735308221	135	135
93.0	94.0	79.0	146.0	167.0	162.0	4	0.0534391816293	0.00110409871124	DLR00012647-2009-07-03_22-40-31	0.151871714369	12	95	667.5	1713.5	0.152002130313	0.657200703287	135	135
93.0	95.0	80.0	143.0	163.0	158.0	5	0.06899674996	0.00103703595724	DLR00012647-2009-07-03_22-40-31	0.152835319412	12	95	808.5	1718.5	0.152779730489	0.68314774362	135	135
93.0	95.0	80.0	147.0	169.0	164.0	6	0.055996590122	0.00112707371778	DLR00012647-2009-07-03_22-40-31	0.154504552132	12	95	948.5	1711.5	0.154858993359	0.631786456391	135	135
92.0	95.0	79.0	146.0	167.0	162.0	7	0.0653737545953	0.00110606211862	DLR00012647-2009-07-03_22-40-31	0.162119816791	12	95	1081.5	1705.5	0.162328992029	0.661516330119	135	135
91.0	94.0	79.0	146.0	168.0	164.0	8	0.0594064681123	0.00115123488265	DLR00012647-2009-07-03_22-40-31	0.160371630917	12	95	1224.5	1708.5	0.160667585116	0.622569129948	135	135
90.0	93.0	78.0	142.0	163.0	159.0	9	0.0701156161756	0.00108514872685	DLR00012647-2009-07-03_22-40-31	0.167583908944	12	95	1361.5	1715.5	0.168093848639	0.684533006553	135	135
89.0	92.0	78.0	144.0	167.0	163.0	10	0.062496670041	0.0011418261175	DLR00012647-2009-07-03_22-40-31	0.147748576069	12	95	1504.5	1710.5	0.149416463925	0.570568490596	135	135
88.0	92.0	77.0	140.0	162.0	158.0	11	0.069529543396	0.00108140046923	DLR00012647-2009-07-03_22-40-31	0.159101142527	12	95	1634.5	1707.5	0.160894555132	0.64302839789	135	135
87.0	91.0	77.0	141.0	163.0	159.0	12	0.0654803132825	0.00110979708308	DLR00012647-2009-07-03_22-40-31	0.145273524424	12	95	1768.5	1710.5	0.147867720573	0.578347274762	135	135
87.0	91.0	77.0	140.0	163.0	158.0	13	0.0735787735095	0.00110859494134	DLR00012647-2009-07-03_22-40-31	0.165932987668	12	95	1906.5	1704.5	0.167784426441	0.654270339389	135	135
88.0	91.0	76.0	143.0	165.0	161.0	14	0.0651073578774	0.00116190364932	DLR00012647-2009-07-03_22-40-31	0.154779729087	12	95	2041.5	1703.5	0.156481542824	0.591187596569	135	135
88.0	91.0	77.0	142.0	165.0	161.0	15	0.06899674996	0.00116301941845	DLR00012647-2009-07-03_22-40-31	0.188223202883	12	95	2175.5	1705.5	0.188976551168	0.707762800362	135	135
87.0	91.0	76.0	141.0	164.0	159.0	16	0.0565826629016	0.00114578115789	DLR00012647-2009-07-03_22-40-31	0.148458449365	12	95	2316.5	1710.5	0.149831799961	0.581757152752	135	135
88.0	90.0	75.0	139.0	161.0	155.0	17	0.0729394213863	0.00110584572002	DLR00012647-2009-07-03_22-40-31	0.163309822055	12	95	2448.5	1710.5	0.164579274055	0.669188555597	135	135
88.0	91.0	76.0	143.0	165.0	161.0	18	0.0571154563376	0.00116475468807	DLR00012647-2009-07-03_22-40-31	0.15220479272	12	95	2590.5	1710.5	0.154061153424	0.604134477063	135	135
89.0	91.0	76.0	142.0	163.0	158.0	19	0.0645745644414	0.00111937896123	DLR00012647-2009-07-03_22-40-31	0.176350129967	12	95	2724.5	1701.5	0.177501370894	0.696414300176	135	135
88.0	90.0	75.0	144.0	166.0	161.0	20	0.0607384517023	0.00119823682582	DLR00012647-2009-07-03_22-40-31	0.169783905307	12	95	2861.5	1710.5	0.170699219718	0.650487505994	135	135
88.0	89.0	74.0	140.0	160.0	154.0	21	0.0617507592306	0.00113001451337	DLR00012647-2009-07-03_22-40-31	0.17315385815	12	95	2998.5	1706.5	0.173529601331	0.726410570622	135	135
87.0	88.0	74.0	141.0	161.0	156.0	22	0.0546113271884	0.00115044257663	DLR00012647-2009-07-03_22-40-31	0.167588597197	12	95	3133.5	1710.5	0.168173973458	0.679684586286	135	135
84.0	86.0	72.0	139.0	159.0	155.0	23	0.0647876818158	0.00124010199187	DLR00012647-2009-07-03_22-40-31	0.196227147876	12	95	3264.5	1710.5	0.196338789885	0.736320528531	135	135
82.0	83.0	71.0	140.0	160.0	157.0	24	0.0685705152113	0.00136559749376	DLR00012647-2009-07-03_22-40-31	0.230342957325	12	95	3408.5	1705.5	0.230562577194	0.760615909212	135	135
92.0	93.0	81.0	147.0	165.0	162.0	1	0.0498694656082	0.00120437445132	DLR00012647-2009-07-03_22-40-31	0.194638020458	13	95	271.5	1853.5	0.193675072471	0.762320848207	135	135
90.0	92.0	79.0	146.0	166.0	163.0	2	0.0580212051788	0.00118708216019	DLR00012647-2009-07-03_22-40-31	0.176733157097	13	95	403.5	1849.5	0.176011337022	0.73333688529	135	135
92.0	93.0	79.0	144.0	164.0	161.0	3	0.0538121370345	0.00112049335494	DLR00012647-2009-07-03_22-40-31	0.151191500592	13	95	541.5	1850.5	0.150645789431	0.648036656188	135	135
92.0	94.0	79.0	143.0	162.0	157.0	4	0.0612712451383	0.00104495142706	DLR00012647-2009-07-03_22-40-31	0.136100411043	13	95	679.5	1850.5	0.136256412067	0.619425648676	135	135
93.0	95.0	80.0	143.0	162.0	156.0	5	0.0575416910864	0.00102425524762	DLR00012647-2009-07-03_22-40-31	0.141107911811	13	95	808.5	1850.5	0.14112827541	0.650114550589	135	135
92.0	95.0	80.0	143.0	163.0	158.0	6	0.0620171559486	0.00104930452632	DLR00012647-2009-07-03_22-40-31	0.139693707109	13	95	948.5	1850.5	0.139706239435	0.623261761415	135	135
91.0	94.0	79.0	143.0	164.0	159.0	7	0.0549842825936	0.00106818916721	DLR00012647-2009-07-03_22-40-31	0.128155147699	13	95	1080.5	1850.5	0.129209501751	0.54915019447	135	135
90.0	93.0	78.0	143.0	165.0	161.0	8	0.0584474399275	0.00110996243314	DLR00012647-2009-07-03_22-40-31	0.149176453307	13	95	1224.5	1850.5	0.149824543335	0.606958282274	135	135
89.0	93.0	78.0	141.0	161.0	156.0	9	0.0660663860621	0.00106595088189	DLR00012647-2009-07-03_22-40-31	0.138784505987	13	95	1364.5	1850.5	0.139962732052	0.581224359316	135	135
88.0	92.0	77.0	140.0	162.0	158.0	10	0.064095050349	0.00108359192935	DLR00012647-2009-07-03_22-40-31	0.12517929106	13	95	1495.5	1841.5	0.127248635273	0.528957323246	135	135
88.0	91.0	77.0	140.0	161.0	157.0	11	0.0602589376099	0.00108198154311	DLR00012647-2009-07-03_22-40-31	0.138115553021	13	95	1628.5	1850.5	0.13994395817	0.575789866269	135	135
87.0	90.0	76.0	137.0	157.0	151.0	12	0.0696893814268	0.00102179014918	DLR00012647-2009-07-03_22-40-31	0.117152631372	13	95	1771.5	1855.5	0.12019972388	0.526559752784	135	135
87.0	90.0	76.0	138.0	159.0	154.0	13	0.069795940114	0.00106409359858	DLR00012647-2009-07-03_22-40-31	0.123539988101	13	95	1903.5	1850.5	0.126258783421	0.531301614364	135	135
87.0	90.0	75.0	139.0	161.0	156.0	14	0.0684639565241	0.00110346452341	DLR00012647-2009-07-03_22-40-31	0.130791366758	13	95	2044.5	1840.5	0.133327379214	0.536629548724	135	135
87.0	90.0	75.0	136.0	157.0	151.0	15	0.0701688955192	0.00104608532337	DLR00012647-2009-07-03_22-40-31	0.129910897049	13	95	2184.5	1850.5	0.131811143658	0.568916830945	135	135
87.0	89.0	75.0	136.0	156.0	150.0	16	0.0725131866375	0.00104525835698	DLR00012647-2009-07-03_22-40-31	0.123735388085	13	95	2316.5	1840.5	0.126311133939	0.542596835207	135	135
86.0	89.0	74.0	138.0	160.0	154.0	17	0.0628163461026	0.00110504369592	DLR00012647-2009-07-03_22-40-31	0.146203790625	13	95	2455.5	1850.5	0.148126919325	0.601896744632	135	135
87.0	90.0	75.0	138.0	158.0	152.0	18	0.0823698652033	0.00107771146634	DLR00012647-2009-07-03_22-40-31	0.146939584403	13	95	2589.5	1850.5	0.148609582293	0.633597954073	135	135
88.0	90.0	76.0	137.0	157.0	150.0	19	0.07166071714	0.0010347227011	DLR00012647-2009-07-03_22-40-31	0.126052964036	13	95	2722.5	1850.5	0.127917896151	0.56870371357	135	135
88.0	89.0	74.0	140.0	161.0	156.0	20	0.0668655762161	0.00113830973732	DLR00012647-2009-07-03_22-40-31	0.149692213038	13	95	2861.5	1840.5	0.150744573648	0.612073099259	135	135
87.0	89.0	74.0	136.0	155.0	148.0	21	0.0642548883798	0.00106205101647	DLR00012647-2009-07-03_22-40-31	0.128611684304	13	95	3007.5	1850.5	0.129213336241	0.589535936917	135	135
86.0	86.0	72.0	134.0	151.0	145.0	22	0.064627843785	0.00106459879813	DLR00012647-2009-07-03_22-40-31	0.134613873637	13	95	3133.5	1850.5	0.135353581961	0.604507432468	135	135
83.0	84.0	71.0	133.0	151.0	146.0	23	0.0763492993766	0.00114588745107	DLR00012647-2009-07-03_22-40-31	0.165159102763	13	95	3273.5	1850.5	0.164772330314	0.723586765411	135	135
82.0	83.0	71.0	137.0	156.0	151.0	24	0.0763492993766	0.00130917597959	DLR00012647-2009-07-03_22-40-31	0.207378575116	13	95	3405.5	1842.5	0.207491066818	0.759177366935	135	135
91.0	92.0	80.0	141.0	159.0	155.0	1	0.050295700357	0.00112512056921	DLR00012647-2009-07-03_22-40-31	0.177247505657	14	95	270.5	1992.5	0.176144062256	0.751664979487	135	135
90.0	91.0	78.0	145.0	165.0	162.0	2	0.0580212051788	0.00119948720856	DLR00012647-2009-07-03_22-40-31	0.174307015411	14	95	412.5	1986.5	0.173456648105	0.710906281635	135	135
91.0	93.0	79.0	138.0	154.0	149.0	3	0.0753902711919	0.000980144437724	DLR00012647-2009-07-03_22-40-31	0.139366618435	14	95	541.5	1986.5	0.138523381454	0.669561511002	135	135
93.0	94.0	80.0	146.0	166.0	162.0	4	0.0515211252597	0.0011221593807	DLR00012647-2009-07-03_22-40-31	0.160244786282	14	95	676.5	1986.5	0.15971723927	0.688582236667	135	135
93.0	94.0	79.0	142.0	160.0	154.0	5	0.0737918908839	0.00101241700109	DLR00012647-2009-07-03_22-40-31	0.14467263733	14	95	814.5	1986.5	0.14465922067	0.673557461772	135	135
92.0	94.0	79.0	146.0	168.0	163.0	6	0.0595663061431	0.00113456022297	DLR00012647-2009-07-03_22-40-31	0.165410823424	14	95	948.5	1981.5	0.165466916606	0.679471468912	135	135
91.0	94.0	78.0	140.0	159.0	152.0	7	0.0865789333475	0.000997828786005	DLR00012647-2009-07-03_22-40-31	0.129420204852	14	95	1091.5	1986.5	0.129805286982	0.610048484203	135	135
91.0	93.0	78.0	145.0	166.0	162.0	8	0.0637220949438	0.00114399299742	DLR00012647-2009-07-03_22-40-31	0.157827908409	14	95	1215.5	1986.5	0.158111084014	0.629655282647	135	135
89.0	92.0	77.0	142.0	164.0	159.0	9	0.0740582876019	0.00111613964844	DLR00012647-2009-07-03_22-40-31	0.167855125107	14	95	1359.5	1986.5	0.168346460612	0.682668229527	135	135
88.0	92.0	77.0	142.0	165.0	160.0	10	0.0586072779583	0.00114005364542	DLR00012647-2009-07-03_22-40-31	0.144152671125	14	95	1495.5	1986.5	0.145197392563	0.567638126698	135	135
88.0	91.0	76.0	143.0	165.0	160.0	11	0.0742714049763	0.00115604538416	DLR00012647-2009-07-03_22-40-31	0.175375277103	14	95	1637.5	1986.5	0.176357795035	0.679578027599	135	135
87.0	90.0	76.0	142.0	164.0	160.0	12	0.063828653631	0.00114882347047	DLR00012647-2009-07-03_22-40-31	0.148818883481	14	95	1771.5	1976.5	0.150751238385	0.582130108157	135	135
87.0	90.0	76.0	140.0	162.0	157.0	13	0.0769353721562	0.00112862075658	DLR00012647-2009-07-03_22-40-31	0.168547658395	14	95	1904.5	1982.5	0.170013061347	0.669721349033	135	135
87.0	90.0	75.0	141.0	163.0	159.0	14	0.0696893814268	0.00116412377093	DLR00012647-2009-07-03_22-40-31	0.162328218712	14	95	2033.5	1977.5	0.163851013844	0.624007672225	135	135
86.0	89.0	75.0	138.0	159.0	154.0	15	0.0772017688742	0.00107949383964	DLR00012647-2009-07-03_22-40-31	0.16317100131	14	95	2181.5	1979.5	0.164380359078	0.674036975864	135	135
86.0	89.0	74.0	138.0	159.0	154.0	16	0.0714475997656	0.00111878844002	DLR00012647-2009-07-03_22-40-31	0.14276935325	14	95	2316.5	1979.5	0.144385823508	0.582130108157	135	135
86.0	89.0	74.0	138.0	160.0	154.0	17	0.0819436304545	0.00112375424174	DLR00012647-2009-07-03_22-40-31	0.177569974898	14	95	2448.5	1977.5	0.178875439762	0.71793915499	135	135
87.0	89.0	75.0	141.0	164.0	159.0	18	0.063828653631	0.00118207565073	DLR00012647-2009-07-03_22-40-31	0.175961770642	14	95	2592.5	1986.5	0.176897679126	0.667643454633	135	135
88.0	89.0	74.0	141.0	161.0	155.0	19	0.0719803932016	0.00113748798702	DLR00012647-2009-07-03_22-40-31	0.179205182142	14	95	2732.5	1986.5	0.179885147344	0.717033406148	135	135
88.0	89.0	75.0	139.0	159.0	153.0	20	0.0660663860621	0.00111214485237	DLR00012647-2009-07-03_22-40-31	0.152315365434	14	95	2865.5	1981.5	0.152866892623	0.65235228302	135	135
87.0	88.0	74.0	139.0	159.0	153.0	21	0.0704352922372	0.00114247598657	DLR00012647-2009-07-03_22-40-31	0.184312321057	14	95	2995.5	1982.5	0.184515286589	0.751132186051	135	135
86.0	86.0	73.0	141.0	161.0	157.0	22	0.0647876818158	0.00125220259063	DLR00012647-2009-07-03_22-40-31	0.184042656278	14	95	3133.5	1986.5	0.184107471753	0.729074537802	135	135
83.0	83.0	70.0	139.0	159.0	155.0	23	0.0774148862486	0.00130216794263	DLR00012647-2009-07-03_22-40-31	0.224273680747	14	95	3273.5	1979.5	0.224117058421	0.801427886408	135	135
82.0	81.0	68.0	86.0	88.0	78.0	24	0.0102296339709	0.000115008253619	DLR00012647-2009-07-03_22-40-31	0.00210234970271	14	95	3411.5	1986.5	0.00508760925244	0.0669721349033	135	135
91.0	91.0	80.0	143.0	161.0	158.0	1	0.0385742447653	0.00118431680174	DLR00012647-2009-07-03_22-40-31	0.202049713405	15	95	272.5	2122.5	0.201260338353	0.801054931003	135	135
90.0	90.0	77.0	145.0	163.0	160.0	2	0.0518408013213	0.00118539090385	DLR00012647-2009-07-03_22-40-31	0.189251952149	15	95	403.5	2122.5	0.188580846378	0.796686024828	135	135
92.0	92.0	78.0	146.0	164.0	160.0	3	0.061697479887	0.0011485940616	DLR00012647-2009-07-03_22-40-31	0.175867207677	15	95	547.5	2124.5	0.175558078347	0.732377857105	135	135
93.0	93.0	79.0	148.0	166.0	162.0	4	0.063029463477	0.00113726988864	DLR00012647-2009-07-03_22-40-31	0.162571239041	15	95	670.5	2128.5	0.162201033548	0.699504502105	135	135
93.0	94.0	79.0	146.0	164.0	160.0	5	0.0590867920507	0.00110580951631	DLR00012647-2009-07-03_22-40-31	0.162803743825	15	95	810.5	2125.5	0.162402034504	0.688955192072	135	135
92.0	93.0	79.0	144.0	163.0	158.0	6	0.0668122968725	0.00109375226358	DLR00012647-2009-07-03_22-40-31	0.152233482752	15	95	948.5	2122.5	0.151754035239	0.658745804252	135	135
92.0	93.0	78.0	141.0	160.0	154.0	7	0.0762427406894	0.00103985844598	DLR00012647-2009-07-03_22-40-31	0.140066173399	15	95	1075.5	2122.5	0.139812344284	0.648835846342	135	135
91.0	93.0	77.0	142.0	162.0	155.0	8	0.0756566679099	0.00107880964752	DLR00012647-2009-07-03_22-40-31	0.133557715425	15	95	1221.5	2112.5	0.133886343017	0.581863711439	135	135
90.0	92.0	77.0	141.0	161.0	155.0	9	0.0752837125047	0.00110475044566	DLR00012647-2009-07-03_22-40-31	0.151406983184	15	95	1359.5	2122.5	0.151527969205	0.666631147104	135	135
89.0	90.0	76.0	146.0	167.0	163.0	10	0.0664926208109	0.0012186586313	DLR00012647-2009-07-03_22-40-31	0.178591201176	15	95	1496.5	2123.5	0.179200400327	0.658692524908	135	135
88.0	90.0	75.0	145.0	166.0	161.0	11	0.0686770738984	0.00120990325	DLR00012647-2009-07-03_22-40-31	0.148254292909	15	95	1636.5	2123.5	0.149488463958	0.564761042144	135	135
88.0	90.0	75.0	145.0	166.0	162.0	12	0.076562416751	0.00121985994633	DLR00012647-2009-07-03_22-40-31	0.157673088687	15	95	1771.5	2125.5	0.159218315068	0.589376098886	135	135
88.0	89.0	74.0	143.0	162.0	157.0	13	0.0831690553572	0.00116773749096	DLR00012647-2009-07-03_22-40-31	0.148206556593	15	95	1903.5	2122.5	0.150270899178	0.583888326496	135	135
87.0	89.0	74.0	139.0	158.0	152.0	14	0.092492940487	0.00111931634838	DLR00012647-2009-07-03_22-40-31	0.159187905917	15	95	2047.5	2122.5	0.15994636391	0.67515584208	135	135
87.0	89.0	74.0	136.0	154.0	147.0	15	0.0742714049763	0.00104822200351	DLR00012647-2009-07-03_22-40-31	0.125742931038	15	95	2178.5	2122.5	0.126898232243	0.577761201982	135	135
87.0	88.0	74.0	136.0	156.0	149.0	16	0.0760829026586	0.0010734904875	DLR00012647-2009-07-03_22-40-31	0.141511487448	15	95	2316.5	2122.5	0.142791533028	0.627257712185	135	135
87.0	88.0	73.0	138.0	157.0	151.0	17	0.0740582876019	0.00109536557941	DLR00012647-2009-07-03_22-40-31	0.144980065233	15	95	2453.5	2122.5	0.146492089283	0.641057062177	135	135
88.0	89.0	74.0	143.0	164.0	160.0	18	0.0661729447493	0.00120701023607	DLR00012647-2009-07-03_22-40-31	0.153285055529	15	95	2590.5	2122.5	0.155293156737	0.579466140977	135	135
88.0	89.0	74.0	144.0	164.0	159.0	19	0.0708082476424	0.00121290790419	DLR00012647-2009-07-03_22-40-31	0.175471301241	15	95	2734.5	2116.5	0.176016435507	0.682455112153	135	135
88.0	89.0	74.0	143.0	161.0	156.0	20	0.0650007991902	0.00116438120601	DLR00012647-2009-07-03_22-40-31	0.153818297565	15	95	2866.5	2122.5	0.154452336314	0.623208482072	135	135
88.0	88.0	73.0	142.0	159.0	154.0	21	0.062496670041	0.00115864689536	DLR00012647-2009-07-03_22-40-31	0.156552577426	15	95	3006.5	2122.5	0.15754977365	0.638606212371	135	135
86.0	87.0	73.0	137.0	153.0	147.0	22	0.0679311630881	0.00111913058823	DLR00012647-2009-07-03_22-40-31	0.153875069429	15	95	3133.5	2122.5	0.153786396843	0.693910171027	135	135
85.0	85.0	72.0	134.0	150.0	145.0	23	0.0975011987852	0.0011353251853	DLR00012647-2009-07-03_22-40-31	0.18958201994	15	95	3268.5	2130.5	0.189182162196	0.832809419788	135	135
85.0	85.0	74.0	138.0	156.0	152.0	24	0.0609515690767	0.00129409151765	DLR00012647-2009-07-03_22-40-31	0.204358051191	15	95	3414.5	2122.5	0.204084204374	0.752464169641	135	135
111.0	112.0	104.0	145.0	159.0	155.0	1	0.013799349992	0.000761986025682	DLR00012647-2009-07-03_22-40-31	0.0959066521236	16	95	267.5	2300.5	0.102760050028	0.5801054931	135	135
113.0	116.0	107.0	154.0	170.0	167.0	2	0.0151846129256	0.000868238336704	DLR00012647-2009-07-03_22-40-31	0.0987949547059	16	95	403.5	2300.5	0.105323382431	0.534125419575	135	135
108.0	111.0	102.0	164.0	180.0	177.0	3	0.00985667856572	0.000209449047233	DLR00012647-2009-07-03_22-40-31	-0.00461358079064	16	95	541.5	2300.5	0.00444175311373	0.0884437103735	135	135
112.0	113.0	104.0	168.0	185.0	183.0	4	0.00980339922212	0.000223875646114	DLR00012647-2009-07-03_22-40-31	-0.00359903580839	16	95	676.5	2300.5	0.00432498923621	0.0810378816133	135	135
110.0	112.0	102.0	157.0	173.0	171.0	5	0.0143854227716	0.00019336689823	DLR00012647-2009-07-03_22-40-31	-0.00136379187998	16	95	813.5	2300.5	0.00539368550835	0.105919335074	135	135
115.0	118.0	107.0	152.0	169.0	165.0	6	0.021897810219	0.00083538652066	DLR00012647-2009-07-03_22-40-31	0.0973480697382	16	95	948.5	2300.5	0.101531000256	0.551654323619	135	135
114.0	118.0	107.0	149.0	165.0	160.0	7	0.0260535990197	0.000749429399934	DLR00012647-2009-07-03_22-40-31	0.0931399318545	16	95	1080.5	2300.5	0.0976699231914	0.571261122063	135	135
115.0	119.0	109.0	151.0	169.0	164.0	8	0.0236560285577	0.000838892932116	DLR00012647-2009-07-03_22-40-31	0.0883205000694	16	95	1224.5	2300.5	0.0947354484283	0.511481698545	135	135
114.0	119.0	108.0	150.0	168.0	163.0	9	0.0267462304864	0.000833116872442	DLR00012647-2009-07-03_22-40-31	0.103046034578	16	95	1350.5	2300.5	0.108922185263	0.572273429591	135	135
105.0	108.0	97.0	159.0	177.0	175.0	10	0.0111886621557	0.000201493508605	DLR00012647-2009-07-03_22-40-31	-0.0077017496998	16	95	1495.5	2300.5	0.00410365431723	0.0789067078694	135	135
104.0	108.0	96.0	160.0	178.0	176.0	11	0.0127870424636	0.000219265270599	DLR00012647-2009-07-03_22-40-31	-0.00658262546403	16	95	1624.5	2300.5	0.00445277768106	0.0817305130801	135	135
106.0	108.0	96.0	163.0	181.0	178.0	12	0.0118812936225	0.000206833682803	DLR00012647-2009-07-03_22-40-31	-0.00552523674598	16	95	1771.5	2300.5	0.00451546269394	0.0892961798711	135	135
104.0	107.0	94.0	164.0	181.0	178.0	13	0.0137460706484	0.000170428493169	DLR00012647-2009-07-03_22-40-31	-0.00492367297774	16	95	1903.5	2300.5	0.00582194141431	0.122862166338	135	135
112.0	117.0	106.0	149.0	169.0	164.0	14	0.028397890138	0.000962646729	DLR00012647-2009-07-03_22-40-31	0.0996816696001	16	95	2041.5	2300.5	0.107211277141	0.522244125952	135	135
112.0	117.0	106.0	146.0	164.0	159.0	15	0.027332303266	0.000867389404754	DLR00012647-2009-07-03_22-40-31	0.102832751451	16	95	2171.5	2300.5	0.109820125805	0.577974319356	135	135
112.0	117.0	106.0	147.0	165.0	160.0	16	0.0310085779743	0.000895121205007	DLR00012647-2009-07-03_22-40-31	0.0903602759689	16	95	2323.5	2300.5	0.0980445608302	0.501944696041	135	135
115.0	119.0	108.0	149.0	166.0	162.0	17	0.0252011295221	0.000925553004636	DLR00012647-2009-07-03_22-40-31	0.113556930602	16	95	2453.5	2300.5	0.119758201774	0.601790185945	135	135
105.0	106.0	94.0	163.0	183.0	180.0	18	0.0133198358996	0.000239295506682	DLR00012647-2009-07-03_22-40-31	-0.00402190189929	16	95	2590.5	2300.5	0.00494979950211	0.0881773136555	135	135
105.0	106.0	94.0	161.0	179.0	177.0	19	0.00879109169375	0.000231787085938	DLR00012647-2009-07-03_22-40-31	-0.00431858141275	16	95	2726.5	2300.5	0.00409234900317	0.0767755341254	135	135
106.0	107.0	95.0	159.0	177.0	175.0	20	0.0100697959401	0.000220688658759	DLR00012647-2009-07-03_22-40-31	-0.00333166065421	16	95	2861.5	2300.5	0.00462358691625	0.0868453300655	135	135
106.0	107.0	96.0	160.0	178.0	177.0	21	0.0157706857052	0.000201797161918	DLR00012647-2009-07-03_22-40-31	-0.00450925053755	16	95	2998.5	2300.5	0.00583475526428	0.108796419628	135	135
113.0	116.0	107.0	150.0	166.0	163.0	22	0.0287708455432	0.000961636195972	DLR00012647-2009-07-03_22-40-31	0.0912424777182	16	95	3123.5	2300.5	0.0987342981918	0.476850125206	135	135
110.0	114.0	105.0	147.0	164.0	160.0	23	0.0214182961266	0.000924562740784	DLR00012647-2009-07-03_22-40-31	0.101063059476	16	95	3279.5	2300.5	0.108770922687	0.535723799883	135	135
107.0	110.0	102.0	143.0	160.0	156.0	24	0.0178485801055	0.000879726886879	DLR00012647-2009-07-03_22-40-31	0.0873258066269	16	95	3411.5	2300.5	0.0956954474737	0.500825829826	135	135
