93.0	95.0	84.0	141.0	155.0	151.0	1	0.0181682561671	0.000918004659981	DLR00012709-2009-07-03_15-37-55	0.127051287107	1	103	271.5	212.5	0.128487573141	0.582396504875	135	135
96.0	98.0	87.0	143.0	158.0	153.0	2	0.0231765144653	0.000943861929611	DLR00012709-2009-07-03_15-37-55	0.1365184248	1	103	413.5	215.5	0.135338139849	0.589322819543	135	135
99.0	102.0	90.0	148.0	164.0	160.0	3	0.0230699557781	0.000953040728745	DLR00012709-2009-07-03_15-37-55	0.127785049685	1	103	544.5	212.5	0.127327726629	0.549736267249	135	135
101.0	103.0	91.0	148.0	164.0	159.0	4	0.0248814534605	0.000903614010795	DLR00012709-2009-07-03_15-37-55	0.120447928342	1	103	678.5	207.5	0.120231163681	0.550375619372	135	135
101.0	104.0	92.0	150.0	167.0	162.0	5	0.0281847727636	0.000923680383447	DLR00012709-2009-07-03_15-37-55	0.136299461439	1	103	815.5	211.5	0.13656808321	0.606478768182	135	135
102.0	105.0	91.0	147.0	164.0	158.0	6	0.0279716553892	0.000859519252261	DLR00012709-2009-07-03_15-37-55	0.11359697337	1	103	952.5	207.5	0.114039506813	0.548031328254	135	135
102.0	105.0	92.0	149.0	168.0	162.0	7	0.0296233150408	0.000923430017296	DLR00012709-2009-07-03_15-37-55	0.131285561872	1	103	1082.5	211.5	0.13174562303	0.580904683254	135	135
102.0	105.0	92.0	148.0	166.0	159.0	8	0.0258404816453	0.000866916634867	DLR00012709-2009-07-03_15-37-55	0.123900281576	1	103	1221.5	206.5	0.124123731125	0.583781767809	135	135
102.0	106.0	93.0	148.0	167.0	161.0	9	0.0271724652352	0.000905295632372	DLR00012709-2009-07-03_15-37-55	0.12528462488	1	103	1354.5	205.5	0.125856429084	0.574351323992	135	135
101.0	105.0	91.0	145.0	162.0	155.0	10	0.026533113112	0.00081194049354	DLR00012709-2009-07-03_15-37-55	0.109641956089	1	103	1492.5	203.5	0.110950708557	0.56071181203	135	135
101.0	105.0	92.0	147.0	167.0	161.0	11	0.0315413714103	0.000900435086529	DLR00012709-2009-07-03_15-37-55	0.130434359044	1	103	1626.5	207.5	0.131597888936	0.602056582663	135	135
103.0	107.0	94.0	146.0	166.0	159.0	12	0.0273855826096	0.000867030545415	DLR00012709-2009-07-03_15-37-55	0.111902347013	1	103	1778.5	201.5	0.114080178653	0.540092706058	135	135
99.0	104.0	91.0	148.0	168.0	162.0	13	0.0230699557781	0.000899531267711	DLR00012709-2009-07-03_15-37-55	0.132720437107	1	103	1908.5	211.5	0.13249082151	0.606318930151	135	135
98.0	102.0	88.0	144.0	161.0	154.0	14	0.0219510895626	0.000799125540879	DLR00012709-2009-07-03_15-37-55	0.101350194116	1	103	2046.5	211.5	0.102097872885	0.520112952208	135	135
101.0	104.0	91.0	148.0	168.0	162.0	15	0.0305823432255	0.000928735830567	DLR00012709-2009-07-03_15-37-55	0.124546211761	1	103	2184.5	204.5	0.126689855931	0.560924929405	135	135
99.0	103.0	89.0	147.0	164.0	158.0	16	0.0298364324152	0.000856772998865	DLR00012709-2009-07-03_15-37-55	0.112143703847	1	103	2316.5	211.5	0.113046471634	0.536895945442	135	135
103.0	106.0	94.0	149.0	168.0	162.0	17	0.0312749746923	0.000913516433593	DLR00012709-2009-07-03_15-37-55	0.126484431186	1	103	2449.5	201.5	0.128151588692	0.573125899089	135	135
102.0	105.0	92.0	146.0	163.0	157.0	18	0.0288241248868	0.000854170000765	DLR00012709-2009-07-03_15-37-55	0.113059673903	1	103	2591.5	202.5	0.113879296464	0.545420640418	135	135
99.0	103.0	91.0	149.0	166.0	161.0	19	0.0287708455432	0.000911148989417	DLR00012709-2009-07-03_15-37-55	0.129720812312	1	103	2730.5	204.5	0.130264691483	0.576908732484	135	135
97.0	100.0	87.0	146.0	162.0	156.0	20	0.0269060685172	0.000897201245888	DLR00012709-2009-07-03_15-37-55	0.110532015922	1	103	2866.5	211.5	0.111426013781	0.52235068464	135	135
98.0	101.0	90.0	146.0	164.0	159.0	21	0.0298364324152	0.000976435121716	DLR00012709-2009-07-03_15-37-55	0.137440152394	1	103	2996.5	203.5	0.13799999757	0.579093185572	135	135
93.0	96.0	85.0	141.0	156.0	150.0	22	0.027598699984	0.000894516579701	DLR00012709-2009-07-03_15-37-55	0.114728024039	1	103	3137.5	211.5	0.113295253535	0.516010442751	135	135
92.0	95.0	85.0	141.0	158.0	153.0	23	0.0245617773989	0.00100776556315	DLR00012709-2009-07-03_15-37-55	0.141843662493	1	103	3264.5	203.5	0.141527713575	0.582076828813	135	135
91.0	94.0	84.0	137.0	151.0	146.0	24	0.0180084181363	0.000827205504494	DLR00012709-2009-07-03_15-37-55	0.102892849066	1	103	3419.5	211.5	0.105916399415	0.534551654324	135	135
90.0	92.0	81.0	141.0	157.0	153.0	1	0.0428365922532	0.00105347501734	DLR00012709-2009-07-03_15-37-55	0.160289719211	2	103	263.5	344.5	0.159302909246	0.621503543076	135	135
93.0	96.0	85.0	140.0	157.0	151.0	2	0.0525334327881	0.000983544271069	DLR00012709-2009-07-03_15-37-55	0.130068369342	2	103	409.5	337.5	0.125887012001	0.539080398529	135	135
95.0	99.0	86.0	148.0	168.0	164.0	3	0.0515211252597	0.00109197350922	DLR00012709-2009-07-03_15-37-55	0.160484990424	2	103	543.5	344.5	0.157129861652	0.599925408919	135	135
97.0	99.0	86.0	143.0	160.0	153.0	4	0.0550908412808	0.000916670199927	DLR00012709-2009-07-03_15-37-55	0.11263814403	2	103	678.5	334.5	0.109884182194	0.506207043529	135	135
97.0	100.0	86.0	147.0	167.0	162.0	5	0.0458202354947	0.0010090271853	DLR00012709-2009-07-03_15-37-55	0.13749289421	2	103	810.5	344.5	0.135170610608	0.556662581917	135	135
97.0	100.0	85.0	144.0	162.0	155.0	6	0.0476850125206	0.000923371090398	DLR00012709-2009-07-03_15-37-55	0.122755225688	2	103	944.5	344.5	0.120862230322	0.542010762427	135	135
97.0	100.0	84.0	147.0	168.0	162.0	7	0.0513080078853	0.0010074344251	DLR00012709-2009-07-03_15-37-55	0.134774123069	2	103	1086.5	344.5	0.133223238059	0.557515051415	135	135
96.0	99.0	83.0	143.0	163.0	156.0	8	0.0498694656082	0.000941499193213	DLR00012709-2009-07-03_15-37-55	0.119461142583	2	103	1226.5	344.5	0.118851680818	0.528264691779	135	135
95.0	98.0	82.0	146.0	168.0	162.0	9	0.0497096275774	0.00103030516382	DLR00012709-2009-07-03_15-37-55	0.146995360356	2	103	1357.5	343.5	0.146660070058	0.579146464916	135	135
94.0	98.0	82.0	142.0	162.0	154.0	10	0.0485374820182	0.000946875248494	DLR00012709-2009-07-03_15-37-55	0.11811007349	2	103	1497.5	344.5	0.118553619841	0.521125259737	135	135
94.0	98.0	82.0	144.0	167.0	161.0	11	0.0465128669615	0.00103459056809	DLR00012709-2009-07-03_15-37-55	0.144005249779	2	103	1636.5	344.5	0.144456872686	0.578240716074	135	135
94.0	98.0	81.0	140.0	160.0	152.0	12	0.0510416111674	0.000916456530293	DLR00012709-2009-07-03_15-37-55	0.122001633107	2	103	1771.5	341.5	0.122271269162	0.558580638287	135	135
94.0	98.0	82.0	144.0	166.0	160.0	13	0.0536522990037	0.00101828486598	DLR00012709-2009-07-03_15-37-55	0.139262159124	2	103	1900.5	335.5	0.139451819359	0.566359422452	135	135
94.0	96.0	81.0	142.0	162.0	155.0	14	0.0591933507379	0.000983945397964	DLR00012709-2009-07-03_15-37-55	0.117550616396	2	103	2046.5	335.5	0.1185221117	0.509190686771	135	135
94.0	97.0	82.0	145.0	167.0	162.0	15	0.0525867121317	0.00105968270084	DLR00012709-2009-07-03_15-37-55	0.148254197221	2	103	2181.5	344.5	0.147931720318	0.574351323992	135	135
94.0	97.0	81.0	141.0	161.0	153.0	16	0.0538121370345	0.000948884626949	DLR00012709-2009-07-03_15-37-55	0.111759945957	2	103	2317.5	344.5	0.112239797821	0.49571101284	135	135
95.0	97.0	82.0	145.0	166.0	160.0	17	0.0515211252597	0.00103663788164	DLR00012709-2009-07-03_15-37-55	0.141331511739	2	103	2458.5	339.5	0.140391018164	0.558314241569	135	135
95.0	97.0	82.0	144.0	163.0	155.0	18	0.0585007192711	0.000995635088128	DLR00012709-2009-07-03_15-37-55	0.119108726582	2	103	2591.5	344.5	0.117184543344	0.496243806276	135	135
94.0	97.0	82.0	144.0	164.0	157.0	19	0.0526399914753	0.00103005829811	DLR00012709-2009-07-03_15-37-55	0.139333332353	2	103	2730.5	344.5	0.13747085876	0.551334647557	135	135
93.0	95.0	80.0	142.0	160.0	152.0	20	0.0662795034365	0.00098524657737	DLR00012709-2009-07-03_15-37-55	0.120806097379	2	103	2866.5	344.5	0.119794172388	0.514678459161	135	135
92.0	95.0	81.0	146.0	165.0	160.0	21	0.0541850924397	0.00112439556494	DLR00012709-2009-07-03_15-37-55	0.15842242897	2	103	2998.5	344.5	0.155002041058	0.571900474186	135	135
90.0	91.0	78.0	139.0	157.0	150.0	22	0.0592999094251	0.00106214592619	DLR00012709-2009-07-03_15-37-55	0.142221292555	2	103	3137.5	344.5	0.139183624198	0.548723959721	135	135
87.0	90.0	78.0	141.0	160.0	155.0	23	0.0595130267995	0.00120374376301	DLR00012709-2009-07-03_15-37-55	0.169150666601	2	103	3274.5	344.5	0.164798179846	0.573658692525	135	135
87.0	89.0	78.0	139.0	155.0	149.0	24	0.0501358623262	0.00109675609701	DLR00012709-2009-07-03_15-37-55	0.15686310348	2	103	3414.5	344.5	0.156457521868	0.592146624754	135	135
90.0	92.0	81.0	144.0	162.0	159.0	1	0.050828493793	0.00112923983909	DLR00012709-2009-07-03_15-37-55	0.171066413777	3	103	270.5	483.5	0.169252761139	0.623208482072	135	135
92.0	95.0	83.0	145.0	164.0	161.0	2	0.05626298684	0.00108796519547	DLR00012709-2009-07-03_15-37-55	0.13979881931	3	103	409.5	483.5	0.136660240279	0.530129468805	135	135
94.0	97.0	83.0	146.0	166.0	162.0	3	0.0487505993926	0.00105834488176	DLR00012709-2009-07-03_15-37-55	0.14431291513	3	103	544.5	491.5	0.14245525942	0.556342905855	135	135
95.0	98.0	84.0	145.0	164.0	160.0	4	0.0556236347168	0.000997896434309	DLR00012709-2009-07-03_15-37-55	0.127369504063	3	103	671.5	492.5	0.125701163665	0.534125419575	135	135
95.0	99.0	84.0	147.0	168.0	164.0	5	0.0507219351058	0.00103591547159	DLR00012709-2009-07-03_15-37-55	0.14989565224	3	103	815.5	483.5	0.148995262642	0.594490915872	135	135
95.0	99.0	84.0	145.0	167.0	162.0	6	0.0497096275774	0.00100179532824	DLR00012709-2009-07-03_15-37-55	0.133195436494	3	103	952.5	477.5	0.132731869362	0.549842825936	135	135
95.0	99.0	83.0	147.0	169.0	164.0	7	0.0483776439874	0.00103444862676	DLR00012709-2009-07-03_15-37-55	0.137979864116	3	103	1090.5	477.5	0.137952988365	0.552133837711	135	135
94.0	98.0	83.0	145.0	166.0	161.0	8	0.0545047685013	0.00100091676636	DLR00012709-2009-07-03_15-37-55	0.127063961899	3	103	1217.5	483.5	0.127629673776	0.529117161277	135	135
93.0	98.0	82.0	147.0	171.0	166.0	9	0.0509883318238	0.00107862000829	DLR00012709-2009-07-03_15-37-55	0.147953066261	3	103	1367.5	483.5	0.148613449239	0.568170920134	135	135
93.0	97.0	81.0	143.0	165.0	160.0	10	0.0693164260216	0.00101120909315	DLR00012709-2009-07-03_15-37-55	0.12630234055	3	103	1497.5	476.5	0.127420245809	0.527305663594	135	135
92.0	97.0	81.0	143.0	166.0	161.0	11	0.0559433107784	0.00103466973018	DLR00012709-2009-07-03_15-37-55	0.136907193791	3	103	1642.5	477.5	0.137917345185	0.556076509137	135	135
92.0	97.0	81.0	141.0	163.0	157.0	12	0.0518408013213	0.000987664987798	DLR00012709-2009-07-03_15-37-55	0.120753557122	3	103	1766.5	483.5	0.122110050557	0.517289146998	135	135
92.0	97.0	81.0	144.0	167.0	162.0	13	0.0575416910864	0.00105182375356	DLR00012709-2009-07-03_15-37-55	0.141986966316	3	103	1898.5	483.5	0.143500559658	0.565453673611	135	135
92.0	96.0	80.0	141.0	163.0	157.0	14	0.0611114071075	0.000995832940151	DLR00012709-2009-07-03_15-37-55	0.129139055052	3	103	2048.5	476.5	0.130552332404	0.547924769567	135	135
92.0	96.0	80.0	146.0	169.0	164.0	15	0.056795780276	0.00109445305505	DLR00012709-2009-07-03_15-37-55	0.152296387855	3	103	2183.5	485.5	0.153410155293	0.577334967233	135	135
92.0	96.0	80.0	144.0	165.0	160.0	16	0.0638819329746	0.00103762855616	DLR00012709-2009-07-03_15-37-55	0.126023442045	3	103	2317.5	479.5	0.127674686224	0.517448985029	135	135
93.0	96.0	81.0	147.0	170.0	165.0	17	0.0574351323992	0.00111184743996	DLR00012709-2009-07-03_15-37-55	0.15418616021	3	103	2467.5	483.5	0.154185929547	0.569236507006	135	135
93.0	95.0	80.0	142.0	163.0	156.0	18	0.062496670041	0.00101327904544	DLR00012709-2009-07-03_15-37-55	0.112602950825	3	103	2591.5	491.5	0.113115635638	0.472268101657	135	135
92.0	95.0	80.0	148.0	170.0	166.0	19	0.0593531887687	0.0011507927547	DLR00012709-2009-07-03_15-37-55	0.161470172183	3	103	2727.5	483.5	0.160701698607	0.578986626885	135	135
92.0	95.0	80.0	142.0	160.0	153.0	20	0.0724599072939	0.00101274799314	DLR00012709-2009-07-03_15-37-55	0.125685346194	3	103	2866.5	481.5	0.124438521158	0.51968671746	135	135
92.0	94.0	79.0	147.0	167.0	162.0	21	0.0609515690767	0.00117167788434	DLR00012709-2009-07-03_15-37-55	0.164044210053	3	103	3001.5	483.5	0.161781553971	0.573498854494	135	135
90.0	91.0	78.0	140.0	159.0	153.0	22	0.0663327827801	0.00109579359673	DLR00012709-2009-07-03_15-37-55	0.144653066303	3	103	3137.5	480.5	0.141403674385	0.537801694283	135	135
87.0	89.0	77.0	144.0	164.0	160.0	23	0.0641483296926	0.00126012422763	DLR00012709-2009-07-03_15-37-55	0.184874818511	3	103	3270.5	483.5	0.180954613822	0.597794235175	135	135
87.0	89.0	77.0	142.0	161.0	156.0	24	0.0575416910864	0.00123630693418	DLR00012709-2009-07-03_15-37-55	0.185493156299	3	103	3414.5	483.5	0.18490214017	0.618679737866	135	135
91.0	92.0	81.0	146.0	165.0	161.0	1	0.0543449304705	0.00115227319015	DLR00012709-2009-07-03_15-37-55	0.178621154616	4	103	263.5	617.5	0.177446912445	0.639085726464	135	135
93.0	95.0	82.0	139.0	156.0	152.0	2	0.061697479887	0.000956857667805	DLR00012709-2009-07-03_15-37-55	0.107438864046	4	103	409.5	622.5	0.105276126664	0.466407373861	135	135
94.0	96.0	83.0	146.0	167.0	163.0	3	0.0479514092386	0.00106578231226	DLR00012709-2009-07-03_15-37-55	0.146942442769	4	103	538.5	619.5	0.145347832395	0.563855293303	135	135
95.0	98.0	84.0	141.0	159.0	152.0	4	0.0581277638659	0.000901874066619	DLR00012709-2009-07-03_15-37-55	0.102372718229	4	103	686.5	619.5	0.101260597128	0.471895146252	135	135
95.0	99.0	84.0	147.0	168.0	164.0	5	0.0488038787362	0.00102820552435	DLR00012709-2009-07-03_15-37-55	0.141219038302	4	103	816.5	621.5	0.140645995698	0.56587990836	135	135
95.0	98.0	83.0	141.0	161.0	154.0	6	0.0622835526666	0.000908677019613	DLR00012709-2009-07-03_15-37-55	0.103018900759	4	103	952.5	623.5	0.103250284038	0.475358303586	135	135
94.0	98.0	83.0	146.0	169.0	164.0	7	0.048697320049	0.00102972671601	DLR00012709-2009-07-03_15-37-55	0.138049075273	4	103	1086.5	619.5	0.138807835343	0.556715861261	135	135
93.0	98.0	82.0	140.0	161.0	154.0	8	0.0587138366455	0.000923860775692	DLR00012709-2009-07-03_15-37-55	0.0998807404059	4	103	1226.5	612.5	0.101795475636	0.464276200117	135	135
93.0	97.0	82.0	144.0	167.0	163.0	9	0.0548777239064	0.00102798208264	DLR00012709-2009-07-03_15-37-55	0.137577052691	4	103	1361.5	619.5	0.13917209475	0.555810112419	135	135
92.0	96.0	81.0	141.0	162.0	156.0	10	0.0669721349033	0.000962430230009	DLR00012709-2009-07-03_15-37-55	0.112397918859	4	103	1497.5	619.5	0.114538812044	0.501571740636	135	135
92.0	96.0	81.0	142.0	165.0	161.0	11	0.0523203154137	0.00102838181483	DLR00012709-2009-07-03_15-37-55	0.131972299926	4	103	1632.5	624.5	0.133019388894	0.53050242421	135	135
92.0	96.0	81.0	139.0	161.0	155.0	12	0.0589269540199	0.000965244488858	DLR00012709-2009-07-03_15-37-55	0.114597772589	4	103	1771.5	616.5	0.116493024768	0.500346315733	135	135
91.0	96.0	80.0	143.0	166.0	161.0	13	0.0580212051788	0.00103975201341	DLR00012709-2009-07-03_15-37-55	0.136817768688	4	103	1909.5	628.5	0.139210315125	0.55181416165	135	135
92.0	95.0	80.0	138.0	159.0	153.0	14	0.0613245244819	0.00093355852898	DLR00012709-2009-07-03_15-37-55	0.10760217028	4	103	2052.5	619.5	0.110477222818	0.495657733497	135	135
92.0	95.0	80.0	143.0	167.0	162.0	15	0.0511481698545	0.00105192825612	DLR00012709-2009-07-03_15-37-55	0.133619341959	4	103	2179.5	619.5	0.135946432133	0.535617241196	135	135
92.0	95.0	80.0	139.0	160.0	153.0	16	0.0651073578774	0.000955010165087	DLR00012709-2009-07-03_15-37-55	0.109889202005	4	103	2326.5	609.5	0.111925124634	0.491448665352	135	135
92.0	95.0	80.0	143.0	165.0	160.0	17	0.0498694656082	0.00104195558411	DLR00012709-2009-07-03_15-37-55	0.128917371255	4	103	2458.5	625.5	0.13036565865	0.513453034259	135	135
92.0	95.0	80.0	141.0	162.0	156.0	18	0.0699024988012	0.00100907323217	DLR00012709-2009-07-03_15-37-55	0.117308691575	4	103	2591.5	617.5	0.117863753915	0.497522510523	135	135
92.0	95.0	80.0	145.0	167.0	162.0	19	0.0574884117428	0.00110289277275	DLR00012709-2009-07-03_15-37-55	0.157658252726	4	103	2720.5	619.5	0.157324486447	0.587244925143	135	135
92.0	95.0	79.0	140.0	160.0	153.0	20	0.0674516489957	0.00100495060716	DLR00012709-2009-07-03_15-37-55	0.120218201921	4	103	2866.5	620.5	0.118882154126	0.502211092759	135	135
92.0	94.0	79.0	144.0	164.0	158.0	21	0.0601523789227	0.00110967718628	DLR00012709-2009-07-03_15-37-55	0.152533753558	4	103	2996.5	619.5	0.150649070461	0.566732377857	135	135
90.0	91.0	77.0	140.0	158.0	151.0	22	0.0660131067185	0.00107217997712	DLR00012709-2009-07-03_15-37-55	0.131153445837	4	103	3139.5	619.5	0.128985015823	0.517502264372	135	135
87.0	89.0	77.0	143.0	163.0	159.0	23	0.063562256913	0.00122885624282	DLR00012709-2009-07-03_15-37-55	0.182547420099	4	103	3271.5	619.5	0.179519312907	0.603814801002	135	135
88.0	90.0	78.0	143.0	161.0	156.0	24	0.0643081677234	0.00122409673448	DLR00012709-2009-07-03_15-37-55	0.181063579537	4	103	3414.5	616.5	0.180332465796	0.614204273003	135	135
91.0	92.0	81.0	144.0	162.0	159.0	1	0.0502424210134	0.00110920213918	DLR00012709-2009-07-03_15-37-55	0.172611489273	5	103	268.5	756.5	0.171476647207	0.637593904843	135	135
93.0	95.0	82.0	143.0	161.0	157.0	2	0.0563695455272	0.00102482404847	DLR00012709-2009-07-03_15-37-55	0.133669513105	5	103	409.5	756.5	0.131923683244	0.537695135596	135	135
94.0	97.0	84.0	148.0	169.0	166.0	3	0.0473120571155	0.00109504996186	DLR00012709-2009-07-03_15-37-55	0.157307784137	5	103	535.5	750.5	0.155552899746	0.589908892322	135	135
95.0	98.0	84.0	144.0	164.0	159.0	4	0.0434226650328	0.000984362489438	DLR00012709-2009-07-03_15-37-55	0.124044398859	5	103	678.5	756.5	0.123250575333	0.520592466301	135	135
95.0	98.0	83.0	147.0	169.0	164.0	5	0.0447546486227	0.00103795192079	DLR00012709-2009-07-03_15-37-55	0.139326588158	5	103	815.5	756.5	0.139165035194	0.554424849486	135	135
95.0	98.0	83.0	143.0	163.0	157.0	6	0.0498161862646	0.000952689242877	DLR00012709-2009-07-03_15-37-55	0.109140408552	5	103	952.5	746.5	0.10976625332	0.482284618254	135	135
94.0	98.0	83.0	147.0	169.0	164.0	7	0.0515744046033	0.00104798058119	DLR00012709-2009-07-03_15-37-55	0.145967930933	5	103	1082.5	756.5	0.14686975758	0.577494805264	135	135
93.0	97.0	82.0	144.0	165.0	159.0	8	0.0666524588417	0.00098715289486	DLR00012709-2009-07-03_15-37-55	0.11888200684	5	103	1226.5	748.5	0.120394306175	0.511002184453	135	135
92.0	97.0	82.0	146.0	169.0	165.0	9	0.0509350524802	0.00106106576434	DLR00012709-2009-07-03_15-37-55	0.144631666869	5	103	1363.5	753.5	0.146538014486	0.568011082103	135	135
92.0	96.0	81.0	140.0	162.0	157.0	10	0.0563695455272	0.000969750866494	DLR00012709-2009-07-03_15-37-55	0.122107662871	5	103	1497.5	746.5	0.124306456115	0.534818051042	135	135
91.0	96.0	81.0	144.0	167.0	162.0	11	0.0592466300815	0.00106010501635	DLR00012709-2009-07-03_15-37-55	0.143462420165	5	103	1636.5	750.5	0.145002493365	0.565506952954	135	135
91.0	95.0	80.0	140.0	162.0	157.0	12	0.0573818530556	0.000987376052446	DLR00012709-2009-07-03_15-37-55	0.120619314228	5	103	1771.5	765.5	0.123754254089	0.52442857904	135	135
91.0	95.0	80.0	145.0	169.0	165.0	13	0.055730193404	0.00109093928099	DLR00012709-2009-07-03_15-37-55	0.15408357336	5	103	1913.5	750.5	0.156710567762	0.584580957963	135	135
91.0	95.0	80.0	139.0	161.0	154.0	14	0.0606318930151	0.000963511294589	DLR00012709-2009-07-03_15-37-55	0.10883477687	5	103	2044.5	756.5	0.112199799161	0.492833928286	135	135
91.0	95.0	80.0	144.0	167.0	163.0	15	0.05493100325	0.00107278143664	DLR00012709-2009-07-03_15-37-55	0.144164997509	5	103	2177.5	753.5	0.146739492352	0.56454792477	135	135
91.0	95.0	80.0	141.0	162.0	156.0	16	0.0693164260216	0.000995318490982	DLR00012709-2009-07-03_15-37-55	0.122375558506	5	103	2317.5	762.5	0.124848875387	0.524002344291	135	135
91.0	95.0	79.0	144.0	166.0	161.0	17	0.0613245244819	0.00106961201928	DLR00012709-2009-07-03_15-37-55	0.144455377209	5	103	2458.5	759.5	0.146096986422	0.566252863765	135	135
92.0	95.0	79.0	140.0	160.0	153.0	18	0.0704352922372	0.000979763358733	DLR00012709-2009-07-03_15-37-55	0.114211185846	5	103	2591.5	755.5	0.115561953697	0.497415951835	135	135
92.0	95.0	80.0	145.0	167.0	161.0	19	0.0552506793116	0.00110356631193	DLR00012709-2009-07-03_15-37-55	0.149990641469	5	103	2727.5	756.5	0.149828579548	0.562576589056	135	135
92.0	95.0	79.0	141.0	161.0	154.0	20	0.0706484096116	0.0010230088723	DLR00012709-2009-07-03_15-37-55	0.133219910966	5	103	2867.5	754.5	0.131830856261	0.536842666098	135	135
92.0	94.0	79.0	141.0	160.0	154.0	21	0.0646811231286	0.00105639815663	DLR00012709-2009-07-03_15-37-55	0.132878589169	5	103	3003.5	756.5	0.130696770218	0.522084287922	135	135
90.0	91.0	76.0	139.0	157.0	150.0	22	0.0718738345144	0.0010494680855	DLR00012709-2009-07-03_15-37-55	0.125198151482	5	103	3137.5	752.5	0.124054416604	0.497522510523	135	135
88.0	90.0	76.0	142.0	162.0	157.0	23	0.0593531887687	0.00119685102631	DLR00012709-2009-07-03_15-37-55	0.167765786124	5	103	3271.5	756.5	0.165170563026	0.575203793489	135	135
88.0	90.0	77.0	144.0	162.0	157.0	24	0.0611114071075	0.00122658577841	DLR00012709-2009-07-03_15-37-55	0.170274945201	5	103	3414.5	756.5	0.169370897257	0.576802173797	135	135
91.0	93.0	81.0	145.0	164.0	161.0	1	0.0526932708189	0.00113861539836	DLR00012709-2009-07-03_15-37-55	0.174099284569	6	103	271.5	893.5	0.172537927273	0.625979007939	135	135
92.0	95.0	82.0	141.0	159.0	155.0	2	0.0543449304705	0.000994472101861	DLR00012709-2009-07-03_15-37-55	0.132148377368	6	103	409.5	890.5	0.130845411222	0.554051894081	135	135
94.0	97.0	83.0	148.0	169.0	166.0	3	0.0471522190847	0.00108975633059	DLR00012709-2009-07-03_15-37-55	0.15671528209	6	103	544.5	892.5	0.155923477374	0.589589216261	135	135
95.0	98.0	83.0	141.0	159.0	152.0	4	0.0588736746763	0.000905183219058	DLR00012709-2009-07-03_15-37-55	0.104860818118	6	103	670.5	887.5	0.103699226986	0.4814854281	135	135
95.0	99.0	83.0	148.0	169.0	165.0	5	0.0462997495871	0.00104919322583	DLR00012709-2009-07-03_15-37-55	0.145425965252	6	103	814.5	892.5	0.145131622333	0.567318450637	135	135
95.0	98.0	82.0	141.0	161.0	154.0	6	0.0493899515158	0.000917063987724	DLR00012709-2009-07-03_15-37-55	0.0942727449197	6	103	952.5	883.5	0.0958070867011	0.44403004955	135	135
93.0	97.0	82.0	146.0	168.0	162.0	7	0.0491235547978	0.00102666586175	DLR00012709-2009-07-03_15-37-55	0.126335175499	6	103	1090.5	892.5	0.128603162295	0.522617081358	135	135
93.0	97.0	82.0	140.0	161.0	154.0	8	0.0660131067185	0.000930944059495	DLR00012709-2009-07-03_15-37-55	0.105728042373	6	103	1226.5	895.5	0.107884795332	0.486813362459	135	135
92.0	97.0	82.0	144.0	167.0	162.0	9	0.0483776439874	0.00102779474468	DLR00012709-2009-07-03_15-37-55	0.129812448827	6	103	1356.5	888.5	0.132306030505	0.535936917257	135	135
92.0	96.0	81.0	137.0	157.0	150.0	10	0.0544514891577	0.000886833257243	DLR00012709-2009-07-03_15-37-55	0.0929067540822	6	103	1497.5	886.5	0.0962740351544	0.451116202248	135	135
91.0	95.0	81.0	144.0	167.0	163.0	11	0.0549842825936	0.00106681707098	DLR00012709-2009-07-03_15-37-55	0.14677142714	6	103	1643.5	890.5	0.148788568223	0.579146464916	135	135
91.0	95.0	80.0	138.0	159.0	154.0	12	0.0613245244819	0.000939958268239	DLR00012709-2009-07-03_15-37-55	0.100110816193	6	103	1771.5	885.5	0.103994674439	0.465874580425	135	135
90.0	95.0	80.0	142.0	164.0	160.0	13	0.0525867121317	0.00102549551833	DLR00012709-2009-07-03_15-37-55	0.135029431696	6	103	1907.5	899.5	0.138779164837	0.553199424583	135	135
91.0	94.0	79.0	137.0	158.0	151.0	14	0.0724066279503	0.000922194288845	DLR00012709-2009-07-03_15-37-55	0.101569527655	6	103	2038.5	892.5	0.105629576275	0.481698545474	135	135
90.0	95.0	79.0	143.0	166.0	161.0	15	0.0540252544089	0.00106064910566	DLR00012709-2009-07-03_15-37-55	0.142112608194	6	103	2174.5	891.5	0.145173882145	0.559699504502	135	135
91.0	94.0	79.0	140.0	161.0	154.0	16	0.0678778837445	0.000984362574014	DLR00012709-2009-07-03_15-37-55	0.114292222227	6	103	2312.5	892.5	0.117162407688	0.5010389472	135	135
91.0	94.0	79.0	143.0	165.0	160.0	17	0.0552506793116	0.00106128843394	DLR00012709-2009-07-03_15-37-55	0.13921737905	6	103	2458.5	892.5	0.141051458553	0.544994405669	135	135
92.0	94.0	79.0	139.0	159.0	151.0	18	0.0630827428206	0.000976534085125	DLR00012709-2009-07-03_15-37-55	0.116439951647	6	103	2591.5	895.5	0.117605036202	0.505407853375	135	135
92.0	95.0	79.0	144.0	165.0	160.0	19	0.0577548084608	0.00108290945672	DLR00012709-2009-07-03_15-37-55	0.149597358024	6	103	2731.5	898.5	0.149270081066	0.572220150248	135	135
92.0	94.0	79.0	140.0	159.0	152.0	20	0.0597261441739	0.00100329938928	DLR00012709-2009-07-03_15-37-55	0.127884169407	6	103	2866.5	891.5	0.126930466939	0.528317971123	135	135
91.0	93.0	78.0	144.0	164.0	159.0	21	0.0642016090362	0.00111904105964	DLR00012709-2009-07-03_15-37-55	0.150649307413	6	103	2997.5	892.5	0.149495762992	0.557781448133	135	135
90.0	92.0	77.0	141.0	159.0	152.0	22	0.0729394213863	0.00107808915385	DLR00012709-2009-07-03_15-37-55	0.138599481376	6	103	3137.5	886.5	0.13622118602	0.533645905482	135	135
88.0	89.0	75.0	143.0	162.0	157.0	23	0.0613245244819	0.00119205815422	DLR00012709-2009-07-03_15-37-55	0.166894489077	6	103	3274.5	892.5	0.16530442316	0.579732537695	135	135
88.0	90.0	76.0	143.0	162.0	156.0	24	0.0608450103895	0.00122137092544	DLR00012709-2009-07-03_15-37-55	0.169508926461	6	103	3404.5	890.5	0.168152788179	0.576429218392	135	135
92.0	93.0	80.0	146.0	165.0	161.0	1	0.0553572379988	0.00113241243104	DLR00012709-2009-07-03_15-37-55	0.180525710017	7	103	274.5	1031.5	0.179386090214	0.654110501359	135	135
93.0	96.0	82.0	142.0	160.0	156.0	2	0.0558367520912	0.000996901357794	DLR00012709-2009-07-03_15-37-55	0.130830893017	7	103	409.5	1031.5	0.128750377001	0.539027119186	135	135
94.0	97.0	82.0	148.0	169.0	165.0	3	0.0485907613618	0.00109327925305	DLR00012709-2009-07-03_15-37-55	0.150759429162	7	103	551.5	1031.5	0.150052892764	0.568170920134	135	135
95.0	98.0	82.0	143.0	162.0	155.0	4	0.0456603974639	0.000945368792339	DLR00012709-2009-07-03_15-37-55	0.10839013167	7	103	678.5	1034.5	0.107790747639	0.479780489104	135	135
95.0	98.0	83.0	148.0	170.0	165.0	5	0.0428898715968	0.00105548605238	DLR00012709-2009-07-03_15-37-55	0.141122669797	7	103	815.5	1022.5	0.141388208927	0.556875699291	135	135
94.0	98.0	82.0	143.0	164.0	158.0	6	0.0518940806649	0.000974716706863	DLR00012709-2009-07-03_15-37-55	0.112619668187	7	103	944.5	1023.5	0.113660099378	0.488784698173	135	135
93.0	97.0	82.0	147.0	170.0	165.0	7	0.0531195055677	0.00107088771485	DLR00012709-2009-07-03_15-37-55	0.158787889112	7	103	1085.5	1037.5	0.159958515848	0.612179657947	135	135
93.0	97.0	81.0	140.0	161.0	154.0	8	0.0572752943684	0.000941274299804	DLR00012709-2009-07-03_15-37-55	0.115853922932	7	103	1226.5	1029.5	0.118056709016	0.52517448985	135	135
92.0	96.0	81.0	145.0	168.0	164.0	9	0.0505088177314	0.00105543775504	DLR00012709-2009-07-03_15-37-55	0.134801597273	7	103	1363.5	1026.5	0.137030404814	0.539346795247	135	135
91.0	96.0	81.0	140.0	162.0	156.0	10	0.0534924609729	0.000975413962294	DLR00012709-2009-07-03_15-37-55	0.115150392231	7	103	1497.5	1030.5	0.117897987585	0.503809473067	135	135
90.0	95.0	81.0	145.0	169.0	164.0	11	0.055730193404	0.00108580371848	DLR00012709-2009-07-03_15-37-55	0.153918421968	7	103	1640.5	1036.5	0.156476472597	0.591720390005	135	135
90.0	95.0	80.0	138.0	160.0	154.0	12	0.0673983696521	0.000952189970384	DLR00012709-2009-07-03_15-37-55	0.100177963887	7	103	1771.5	1031.5	0.104592151322	0.463530289307	135	135
90.0	94.0	80.0	144.0	167.0	163.0	13	0.0558900314348	0.00107653276402	DLR00012709-2009-07-03_15-37-55	0.146235585889	7	103	1908.5	1033.5	0.14970471892	0.569502903724	135	135
90.0	94.0	79.0	137.0	157.0	151.0	14	0.0764558580638	0.000933111397209	DLR00012709-2009-07-03_15-37-55	0.105843051049	7	103	2046.5	1031.5	0.109036415896	0.489370770952	135	135
90.0	94.0	80.0	144.0	167.0	163.0	15	0.0598859822047	0.00109897293893	DLR00012709-2009-07-03_15-37-55	0.153796148439	7	103	2184.5	1033.5	0.156067151695	0.586818690394	135	135
90.0	94.0	79.0	138.0	159.0	153.0	16	0.0749107570995	0.000974500629084	DLR00012709-2009-07-03_15-37-55	0.117336910906	7	103	2314.5	1025.5	0.119523232625	0.516809632905	135	135
91.0	94.0	79.0	144.0	167.0	162.0	17	0.0571154563376	0.00109998916052	DLR00012709-2009-07-03_15-37-55	0.15242941164	7	103	2458.5	1031.5	0.153757109879	0.572273429591	135	135
91.0	94.0	78.0	139.0	159.0	152.0	18	0.063562256913	0.000988865805511	DLR00012709-2009-07-03_15-37-55	0.115423739473	7	103	2591.5	1028.5	0.116624225193	0.493899515158	135	135
91.0	94.0	79.0	144.0	166.0	160.0	19	0.0555703553732	0.00110672098727	DLR00012709-2009-07-03_15-37-55	0.153596178195	7	103	2725.5	1027.5	0.153385809202	0.570088976504	135	135
92.0	94.0	78.0	138.0	156.0	148.0	20	0.0682508391497	0.000966176834099	DLR00012709-2009-07-03_15-37-55	0.117318136526	7	103	2872.5	1031.5	0.116712157335	0.50562097075	135	135
91.0	93.0	78.0	144.0	165.0	159.0	21	0.0609515690767	0.00112474493075	DLR00012709-2009-07-03_15-37-55	0.150880167303	7	103	2999.5	1031.5	0.149832312035	0.561191326123	135	135
90.0	91.0	76.0	139.0	158.0	151.0	22	0.0635089775694	0.00106194057607	DLR00012709-2009-07-03_15-37-55	0.139643990312	7	103	3137.5	1024.5	0.138388215555	0.545047685013	135	135
88.0	90.0	76.0	143.0	162.0	156.0	23	0.0676647663701	0.0011860336417	DLR00012709-2009-07-03_15-37-55	0.165858043497	7	103	3267.5	1024.5	0.163350049746	0.575789866269	135	135
88.0	90.0	76.0	144.0	163.0	158.0	24	0.0673983696521	0.00124383106002	DLR00012709-2009-07-03_15-37-55	0.186342680949	7	103	3411.5	1031.5	0.185867156275	0.622569129948	135	135
93.0	95.0	83.0	146.0	165.0	161.0	1	0.0510948905109	0.00112033869229	DLR00012709-2009-07-03_15-37-55	0.182860848973	8	103	276.5	1172.5	0.180669346029	0.667696733976	135	135
94.0	96.0	83.0	141.0	159.0	153.0	2	0.0603654962971	0.000965324160368	DLR00012709-2009-07-03_15-37-55	0.124411152308	8	103	411.5	1167.5	0.122159788517	0.534285257606	135	135
94.0	97.0	83.0	148.0	168.0	165.0	3	0.0492833928286	0.00107912199339	DLR00012709-2009-07-03_15-37-55	0.14855391564	8	103	546.5	1155.5	0.1474451882	0.570088976504	135	135
95.0	98.0	82.0	142.0	160.0	153.0	4	0.057861367148	0.000926371128812	DLR00012709-2009-07-03_15-37-55	0.10098735161	8	103	678.5	1168.5	0.100690392025	0.461399115563	135	135
95.0	98.0	82.0	147.0	168.0	163.0	5	0.0491235547978	0.00103543100937	DLR00012709-2009-07-03_15-37-55	0.141101965103	8	103	822.5	1164.5	0.141441169324	0.559912621876	135	135
94.0	97.0	82.0	142.0	161.0	154.0	6	0.0651073578774	0.000938062341514	DLR00012709-2009-07-03_15-37-55	0.102908153796	8	103	952.5	1170.5	0.10345961742	0.467472960733	135	135
93.0	97.0	82.0	144.0	166.0	161.0	7	0.050029303639	0.00102009783786	DLR00012709-2009-07-03_15-37-55	0.143158804701	8	103	1082.5	1164.5	0.144254877388	0.579039906228	135	135
92.0	97.0	81.0	139.0	160.0	153.0	8	0.0530129468805	0.000927025406615	DLR00012709-2009-07-03_15-37-55	0.112933688485	8	103	1226.5	1157.5	0.11469387959	0.509084128084	135	135
92.0	96.0	81.0	143.0	166.0	162.0	9	0.0494432308594	0.00104320277341	DLR00012709-2009-07-03_15-37-55	0.137288807611	8	103	1358.5	1166.5	0.139254580074	0.550801854121	135	135
91.0	95.0	80.0	138.0	159.0	153.0	10	0.0660131067185	0.000944808636132	DLR00012709-2009-07-03_15-37-55	0.109206767344	8	103	1499.5	1164.5	0.111583888861	0.498534818051	135	135
91.0	95.0	80.0	143.0	166.0	161.0	11	0.0514678459161	0.00104314086151	DLR00012709-2009-07-03_15-37-55	0.129745509123	8	103	1635.5	1164.5	0.13317851136	0.529383557995	135	135
90.0	95.0	80.0	136.0	157.0	150.0	12	0.0678778837445	0.000902331443652	DLR00012709-2009-07-03_15-37-55	0.102258576948	8	103	1777.5	1157.5	0.106086125906	0.49230113485	135	135
90.0	94.0	80.0	141.0	164.0	159.0	13	0.0516809632905	0.00103243689034	DLR00012709-2009-07-03_15-37-55	0.127281019579	8	103	1903.5	1164.5	0.131304492444	0.526133518035	135	135
90.0	94.0	79.0	136.0	157.0	151.0	14	0.0656934306569	0.000939531694113	DLR00012709-2009-07-03_15-37-55	0.106761207078	8	103	2047.5	1164.5	0.110411188776	0.49304704566	135	135
90.0	94.0	79.0	141.0	164.0	159.0	15	0.0575416910864	0.00104791212626	DLR00012709-2009-07-03_15-37-55	0.142358456308	8	103	2182.5	1164.5	0.14485394541	0.571847194843	135	135
90.0	94.0	79.0	137.0	158.0	152.0	16	0.0666524588417	0.000967879521475	DLR00012709-2009-07-03_15-37-55	0.112034133216	8	103	2317.5	1164.5	0.114277638011	0.496883158399	135	135
90.0	94.0	79.0	142.0	164.0	159.0	17	0.0580744845224	0.00107607418161	DLR00012709-2009-07-03_15-37-55	0.147577547877	8	103	2452.5	1164.5	0.148825569548	0.57328573712	135	135
91.0	94.0	79.0	139.0	160.0	152.0	18	0.0617507592306	0.00100551140712	DLR00012709-2009-07-03_15-37-55	0.121967472958	8	103	2591.5	1163.5	0.122425634905	0.507911982524	135	135
91.0	94.0	78.0	142.0	163.0	157.0	19	0.0536522990037	0.00107530598645	DLR00012709-2009-07-03_15-37-55	0.144940899536	8	103	2721.5	1168.5	0.14501017993	0.562736427087	135	135
91.0	93.0	77.0	140.0	159.0	152.0	20	0.0596728648303	0.00102203233579	DLR00012709-2009-07-03_15-37-55	0.116717342804	8	103	2866.5	1164.5	0.116463845381	0.48089935532	135	135
91.0	93.0	77.0	143.0	163.0	157.0	21	0.0543982098141	0.00110769015945	DLR00012709-2009-07-03_15-37-55	0.14582629115	8	103	2996.5	1164.5	0.145265789908	0.54190420374	135	135
90.0	91.0	76.0	140.0	159.0	152.0	22	0.0579679258352	0.00108860165536	DLR00012709-2009-07-03_15-37-55	0.136533378394	8	103	3137.5	1155.5	0.13540075177	0.51910064468	135	135
88.0	90.0	75.0	143.0	163.0	158.0	23	0.05759497043	0.00119824610145	DLR00012709-2009-07-03_15-37-55	0.165530836458	8	103	3269.5	1164.5	0.163474237619	0.569716021099	135	135
88.0	89.0	76.0	143.0	161.0	156.0	24	0.0653204752517	0.00121535294195	DLR00012709-2009-07-03_15-37-55	0.176379274268	8	103	3408.5	1164.5	0.175416590418	0.604400873781	135	135
93.0	94.0	81.0	145.0	164.0	160.0	1	0.0491235547978	0.00109497239263	DLR00012709-2009-07-03_15-37-55	0.165362387222	9	103	278.5	1304.5	0.163929779048	0.616761681496	135	135
93.0	96.0	81.0	145.0	164.0	160.0	2	0.0428898715968	0.00104455760046	DLR00012709-2009-07-03_15-37-55	0.136333516535	9	103	409.5	1304.5	0.134700610079	0.536629548724	135	135
94.0	97.0	82.0	145.0	165.0	161.0	3	0.0482178059566	0.00103559223403	DLR00012709-2009-07-03_15-37-55	0.144138546758	9	103	541.5	1301.5	0.143020738184	0.571261122063	135	135
95.0	98.0	82.0	144.0	163.0	157.0	4	0.0499760242954	0.000967758350164	DLR00012709-2009-07-03_15-37-55	0.130527400952	9	103	679.5	1304.5	0.130307251498	0.559486387128	135	135
95.0	98.0	82.0	147.0	168.0	163.0	5	0.0470989397411	0.00104036990321	DLR00012709-2009-07-03_15-37-55	0.141892650287	9	103	815.5	1304.5	0.141821600187	0.568170920134	135	135
94.0	97.0	82.0	142.0	162.0	155.0	6	0.0533326229421	0.000956763823661	DLR00012709-2009-07-03_15-37-55	0.119082498842	9	103	952.5	1301.5	0.119536803792	0.526293356066	135	135
93.0	97.0	82.0	145.0	167.0	162.0	7	0.0485907613618	0.00104697751857	DLR00012709-2009-07-03_15-37-55	0.132379436298	9	103	1082.5	1304.5	0.13327891253	0.527199104907	135	135
92.0	96.0	81.0	142.0	163.0	158.0	8	0.0467792636795	0.000991936455435	DLR00012709-2009-07-03_15-37-55	0.126487218775	9	103	1233.5	1304.5	0.127711369629	0.538334487719	135	135
91.0	96.0	81.0	143.5	167.0	162.0	9	0.048164526613	0.00106183025371	DLR00012709-2009-07-03_15-37-55	0.141089714144	9	103	1354.5	1300.5	0.142497217732	0.556662581917	135	135
90.0	95.0	80.0	139.0	161.0	155.0	10	0.0523735947573	0.000973022488474	DLR00012709-2009-07-03_15-37-55	0.117498193901	9	103	1497.5	1303.5	0.120751979954	0.516010442751	135	135
90.0	95.0	80.0	143.0	166.0	162.0	11	0.057328573712	0.00105600044232	DLR00012709-2009-07-03_15-37-55	0.152907140148	9	103	1636.5	1311.5	0.155342436101	0.597794235175	135	135
90.0	94.0	79.0	136.0	157.0	150.0	12	0.0633491395386	0.000915872251198	DLR00012709-2009-07-03_15-37-55	0.101306883161	9	103	1771.5	1304.5	0.10569509798	0.482391176941	135	135
89.0	94.0	79.0	143.0	167.0	163.0	13	0.0571154563376	0.00107961696251	DLR00012709-2009-07-03_15-37-55	0.148617828398	9	103	1906.5	1310.5	0.15238247319	0.583302253716	135	135
89.0	93.0	79.0	139.0	161.0	155.0	14	0.0673450903085	0.000993822161271	DLR00012709-2009-07-03_15-37-55	0.117002397725	9	103	2039.5	1306.5	0.121345666245	0.512653844105	135	135
89.0	93.0	79.0	142.0	166.0	161.0	15	0.0591400713943	0.00110310710735	DLR00012709-2009-07-03_15-37-55	0.155573426437	9	103	2180.5	1304.5	0.157577604334	0.583781767809	135	135
89.0	93.0	78.0	137.0	158.0	151.0	16	0.0552506793116	0.000986707459799	DLR00012709-2009-07-03_15-37-55	0.108739633933	9	103	2317.5	1297.5	0.111847208898	0.475038627524	135	135
90.0	93.0	78.0	141.0	163.0	159.0	17	0.0517875219777	0.00107103492309	DLR00012709-2009-07-03_15-37-55	0.138460523405	9	103	2465.5	1304.5	0.140232911181	0.540678778837	135	135
90.0	93.0	78.0	139.0	160.0	153.0	18	0.0688369119292	0.00102901983451	DLR00012709-2009-07-03_15-37-55	0.122210446483	9	103	2591.5	1295.5	0.123133079304	0.510202994299	135	135
91.0	94.0	78.0	144.0	166.0	161.0	19	0.0582343225531	0.00112868136824	DLR00012709-2009-07-03_15-37-55	0.155124686128	9	103	2725.5	1304.5	0.154723609206	0.568437316852	135	135
91.0	93.0	77.0	139.0	159.0	152.0	20	0.0597794235175	0.00102936057424	DLR00012709-2009-07-03_15-37-55	0.127006429866	9	103	2866.5	1304.5	0.126745546822	0.515211252597	135	135
91.0	93.0	77.0	143.0	163.0	157.0	21	0.0647344024722	0.00112026850882	DLR00012709-2009-07-03_15-37-55	0.146122800848	9	103	2992.5	1304.5	0.145291341377	0.539613191965	135	135
89.0	91.0	76.0	137.0	155.0	147.0	22	0.0767222547818	0.00102221629553	DLR00012709-2009-07-03_15-37-55	0.119731613529	9	103	3143.5	1294.5	0.118396707526	0.486813362459	135	135
88.0	90.0	76.0	143.0	163.0	159.0	23	0.0578080878044	0.00120860918639	DLR00012709-2009-07-03_15-37-55	0.175307621302	9	103	3271.5	1304.5	0.172431650636	0.590281847728	135	135
88.0	90.0	76.0	144.0	162.0	157.0	24	0.0631360221642	0.00123478215201	DLR00012709-2009-07-03_15-37-55	0.176044432341	9	103	3412.5	1304.5	0.174792963869	0.594224519154	135	135
93.0	95.0	81.0	146.0	164.0	160.0	1	0.0527998295061	0.00106897550302	DLR00012709-2009-07-03_15-37-55	0.173039998783	10	103	265.5	1431.5	0.172552428265	0.664819649422	135	135
94.0	96.0	81.0	140.0	157.0	150.0	2	0.0475251744899	0.0009247499026	DLR00012709-2009-07-03_15-37-55	0.0970347774621	10	103	409.5	1438.5	0.0961206360337	0.436997176195	135	135
94.0	97.0	81.0	147.0	167.0	163.0	3	0.0459800735255	0.00106643862839	DLR00012709-2009-07-03_15-37-55	0.143717746546	10	103	544.5	1446.5	0.143198914478	0.555543715701	135	135
95.0	98.0	82.0	143.0	161.0	154.0	4	0.0540252544089	0.000936070230859	DLR00012709-2009-07-03_15-37-55	0.0995885561679	10	103	678.5	1431.5	0.099161241326	0.446800575417	135	135
94.0	98.0	83.0	148.0	169.0	165.0	5	0.0489104374234	0.00106441598315	DLR00012709-2009-07-03_15-37-55	0.141248188976	10	103	820.5	1433.5	0.141286819587	0.548830518408	135	135
94.0	97.0	82.0	142.0	162.0	156.0	6	0.0504555383878	0.000960294798514	DLR00012709-2009-07-03_15-37-55	0.116143191776	10	103	961.5	1439.5	0.116658501506	0.506473440247	135	135
92.0	97.0	81.0	145.0	167.0	163.0	7	0.0484842026746	0.00105533525388	DLR00012709-2009-07-03_15-37-55	0.141264874424	10	103	1093.5	1442.5	0.142492457929	0.556822419948	135	135
92.0	96.0	81.0	138.0	159.0	152.0	8	0.0513080078853	0.000929555243168	DLR00012709-2009-07-03_15-37-55	0.103391950288	10	103	1226.5	1438.5	0.105386949219	0.47349352656	135	135
91.0	95.0	80.0	143.0	165.0	160.0	9	0.0541318130961	0.00103989883182	DLR00012709-2009-07-03_15-37-55	0.135910757539	10	103	1355.5	1432.5	0.137912736978	0.549576429218	135	135
90.0	95.0	80.0	137.0	158.0	152.0	10	0.0514145665725	0.00094067376376	DLR00012709-2009-07-03_15-37-55	0.111674339416	10	103	1503.5	1431.5	0.115068913843	0.511321860515	135	135
90.0	95.0	80.0	141.0	163.0	158.0	11	0.0527465501625	0.00100600735822	DLR00012709-2009-07-03_15-37-55	0.129726683556	10	103	1642.5	1438.5	0.132628635633	0.543182907987	135	135
90.0	94.0	79.0	138.0	160.0	154.0	12	0.0615909211999	0.000964034652822	DLR00012709-2009-07-03_15-37-55	0.112072084842	10	103	1771.5	1438.5	0.116180508334	0.499920080985	135	135
89.0	94.0	79.0	142.0	165.0	160.0	13	0.0548244445628	0.00105585609189	DLR00012709-2009-07-03_15-37-55	0.134423334446	10	103	1904.5	1438.5	0.138144571656	0.543875539453	135	135
89.0	93.0	78.0	136.0	158.0	152.0	14	0.0625499493846	0.000959400571126	DLR00012709-2009-07-03_15-37-55	0.112571787962	10	103	2046.5	1439.5	0.115752624905	0.509403804145	135	135
89.0	93.0	78.0	141.0	164.0	159.0	15	0.0568490596196	0.00107748968849	DLR00012709-2009-07-03_15-37-55	0.146796072421	10	103	2184.5	1438.5	0.149283213691	0.571634077468	135	135
89.0	92.0	78.0	137.0	158.0	152.0	16	0.0653737545953	0.00100154120053	DLR00012709-2009-07-03_15-37-55	0.115660373277	10	103	2319.5	1438.5	0.118182533152	0.49496510203	135	135
89.0	93.0	78.0	142.0	165.0	160.0	17	0.0613245244819	0.00110734129373	DLR00012709-2009-07-03_15-37-55	0.154402229678	10	103	2462.5	1428.5	0.155857159617	0.580638286536	135	135
90.0	93.0	77.0	137.0	157.0	150.0	18	0.0743779636635	0.000987783776142	DLR00012709-2009-07-03_15-37-55	0.109102874586	10	103	2591.5	1438.5	0.110103398778	0.476423890458	135	135
90.0	93.0	77.0	141.0	162.0	156.0	19	0.0618040385742	0.00108855308583	DLR00012709-2009-07-03_15-37-55	0.145180858674	10	103	2721.5	1438.5	0.145189754619	0.552346955086	135	135
91.0	93.0	77.0	137.0	154.0	146.0	20	0.0691565879908	0.000972051731027	DLR00012709-2009-07-03_15-37-55	0.108294842702	10	103	2866.5	1435.5	0.107933464906	0.465661463051	135	135
90.0	92.0	77.0	143.0	164.0	159.0	21	0.0573818530556	0.00114627354852	DLR00012709-2009-07-03_15-37-55	0.152696305103	10	103	3003.5	1438.5	0.15156648232	0.552826469178	135	135
89.0	91.0	76.0	140.0	159.0	152.0	22	0.0674516489957	0.00109823115961	DLR00012709-2009-07-03_15-37-55	0.14148779493	10	103	3136.5	1430.5	0.139971518262	0.534924609729	135	135
87.0	90.0	76.0	143.0	163.0	159.0	23	0.0591400713943	0.0012189078003	DLR00012709-2009-07-03_15-37-55	0.175630102137	10	103	3274.5	1438.5	0.17291896946	0.589642495604	135	135
88.0	90.0	76.0	143.0	161.0	156.0	24	0.0653737545953	0.00122164982655	DLR00012709-2009-07-03_15-37-55	0.172266084921	10	103	3414.5	1438.5	0.171587001301	0.589376098886	135	135
93.0	94.0	81.0	146.0	164.0	160.0	1	0.0452341627151	0.00108990771315	DLR00012709-2009-07-03_15-37-55	0.16847976654	11	103	272.5	1578.5	0.16751425956	0.635835686504	135	135
94.0	97.0	83.0	145.0	163.0	158.0	2	0.0552506793116	0.00102816576374	DLR00012709-2009-07-03_15-37-55	0.136772934671	11	103	409.5	1577.5	0.134083915501	0.55256007246	135	135
94.0	97.0	83.0	149.0	170.0	166.0	3	0.0473120571155	0.00110963931914	DLR00012709-2009-07-03_15-37-55	0.160906246843	11	103	539.5	1580.5	0.15938758832	0.593105652938	135	135
95.0	98.0	83.0	143.0	162.0	157.0	4	0.0459800735255	0.000966898252142	DLR00012709-2009-07-03_15-37-55	0.121178199195	11	103	678.5	1578.5	0.120221725348	0.518194895839	135	135
95.0	98.0	83.0	148.0	169.0	165.0	5	0.0469923810539	0.0010630686614	DLR00012709-2009-07-03_15-37-55	0.153088114438	11	103	815.5	1578.5	0.152434822027	0.591187596569	135	135
94.0	97.0	81.0	141.0	160.0	153.0	6	0.0496030688902	0.000931976942396	DLR00012709-2009-07-03_15-37-55	0.116470047563	11	103	954.5	1576.5	0.116830416609	0.520485907614	135	135
93.0	97.0	82.0	146.0	168.0	163.0	7	0.0507219351058	0.00107694816278	DLR00012709-2009-07-03_15-37-55	0.143896090767	11	103	1090.5	1574.5	0.144247017135	0.557248654697	135	135
92.0	95.0	80.0	140.0	160.0	154.0	8	0.0577015291172	0.000966132946294	DLR00012709-2009-07-03_15-37-55	0.116709534848	11	103	1226.5	1580.5	0.118281495445	0.517235867654	135	135
91.0	95.0	80.0	144.0	167.0	163.0	9	0.0532793435985	0.00108962233135	DLR00012709-2009-07-03_15-37-55	0.15405385432	11	103	1366.5	1586.5	0.155339087879	0.592199904097	135	135
90.0	94.0	79.0	138.0	160.0	154.0	10	0.0548777239064	0.000991052986697	DLR00012709-2009-07-03_15-37-55	0.11174669273	11	103	1497.5	1578.5	0.114012257754	0.48223133891	135	135
90.0	94.0	79.0	141.0	163.0	158.0	11	0.055197399968	0.00103902970253	DLR00012709-2009-07-03_15-37-55	0.135223261986	11	103	1639.5	1571.5	0.137590561409	0.548723959721	135	135
89.0	94.0	78.0	139.0	161.0	156.0	12	0.057062176994	0.0010106541863	DLR00012709-2009-07-03_15-37-55	0.115464823582	11	103	1771.5	1569.5	0.119359199017	0.498002024615	135	135
89.0	93.0	79.0	143.0	167.0	162.0	13	0.0555703553732	0.00110126581813	DLR00012709-2009-07-03_15-37-55	0.153158233012	11	103	1908.5	1570.5	0.155930584632	0.581863711439	135	135
89.0	93.0	78.0	136.0	157.0	151.0	14	0.0619105972614	0.000962857107081	DLR00012709-2009-07-03_15-37-55	0.111375787199	11	103	2046.5	1578.5	0.114343429679	0.502797165539	135	135
88.0	93.0	78.0	141.0	164.0	159.0	15	0.0569023389632	0.00109740454189	DLR00012709-2009-07-03_15-37-55	0.145420608684	11	103	2178.5	1578.5	0.147426584596	0.555916671107	135	135
88.0	92.0	77.0	135.0	156.0	149.0	16	0.0685705152113	0.00097235718752	DLR00012709-2009-07-03_15-37-55	0.112298677795	11	103	2320.5	1575.5	0.114787913967	0.493739677127	135	135
89.0	92.0	78.0	140.0	162.0	157.0	17	0.0577548084608	0.00109007515707	DLR00012709-2009-07-03_15-37-55	0.145182517706	11	103	2458.5	1578.5	0.146062839683	0.557461772071	135	135
89.0	92.0	77.0	139.0	159.0	153.0	18	0.064361447067	0.00104025204867	DLR00012709-2009-07-03_15-37-55	0.127206722314	11	103	2591.5	1573.5	0.128575023712	0.519526879429	135	135
90.0	92.0	77.0	142.0	163.0	158.0	19	0.0634024188822	0.00111613254395	DLR00012709-2009-07-03_15-37-55	0.153442772097	11	103	2724.5	1578.5	0.153221591318	0.569076668975	135	135
90.0	92.0	77.0	139.0	157.0	150.0	20	0.0681975598061	0.00102976143452	DLR00012709-2009-07-03_15-37-55	0.116845129599	11	103	2866.5	1578.5	0.116408889894	0.482551014971	135	135
90.0	92.0	77.0	142.0	162.0	156.0	21	0.062496670041	0.00113060734916	DLR00012709-2009-07-03_15-37-55	0.149980651291	11	103	2994.5	1578.5	0.147859894083	0.545473919761	135	135
89.0	91.0	76.0	137.0	155.0	148.0	22	0.0727795833555	0.0010443372773	DLR00012709-2009-07-03_15-37-55	0.13123830907	11	103	3137.5	1571.5	0.128976795384	0.524694975758	135	135
87.0	89.0	75.0	142.0	162.0	158.0	23	0.0643081677234	0.00121685895947	DLR00012709-2009-07-03_15-37-55	0.173726491183	11	103	3272.5	1578.5	0.171599497325	0.59076136182	135	135
87.0	88.0	74.0	142.0	161.0	156.0	24	0.0670786935905	0.00123621974266	DLR00012709-2009-07-03_15-37-55	0.180531570571	11	103	3405.5	1568.5	0.179126596601	0.60807714849	135	135
93.0	95.0	82.0	146.0	164.0	161.0	1	0.0460866322127	0.00111142231372	DLR00012709-2009-07-03_15-37-55	0.175362173198	12	103	269.5	1711.5	0.173945235086	0.646864510629	135	135
94.0	96.0	82.0	141.0	158.0	153.0	2	0.0547711652192	0.00097419865837	DLR00012709-2009-07-03_15-37-55	0.122993692184	12	103	409.5	1704.5	0.120177732455	0.519580158772	135	135
94.0	97.0	82.0	147.0	167.0	163.0	3	0.0443284138739	0.00108006394595	DLR00012709-2009-07-03_15-37-55	0.146929655968	12	103	544.5	1711.5	0.145203278721	0.555863391763	135	135
95.0	98.0	83.0	142.0	160.0	153.0	4	0.0662262240929	0.000942536860633	DLR00012709-2009-07-03_15-37-55	0.11031233111	12	103	680.5	1711.5	0.108048837383	0.483989557249	135	135
95.0	98.0	83.0	147.0	168.0	163.0	5	0.0513080078853	0.00106265997956	DLR00012709-2009-07-03_15-37-55	0.146447931574	12	103	815.5	1704.5	0.145043747823	0.57003569716	135	135
94.0	97.0	81.0	139.0	159.0	151.0	6	0.0439554584688	0.000923016647028	DLR00012709-2009-07-03_15-37-55	0.109027611583	12	103	952.5	1709.5	0.109157810291	0.493420001066	135	135
93.0	97.0	81.0	144.0	166.0	162.0	7	0.0470456603975	0.00106210022936	DLR00012709-2009-07-03_15-37-55	0.143320702315	12	103	1086.5	1712.5	0.143362216934	0.560605253343	135	135
92.0	95.0	80.0	139.0	160.0	154.0	8	0.0585539986147	0.000974646882232	DLR00012709-2009-07-03_15-37-55	0.110016595955	12	103	1222.5	1711.5	0.111026329758	0.475944376365	135	135
91.0	95.0	80.0	143.0	166.0	161.0	9	0.047898129895	0.00107735122938	DLR00012709-2009-07-03_15-37-55	0.140757935653	12	103	1363.5	1711.5	0.141910038018	0.541744365709	135	135
90.0	94.0	79.0	135.0	155.0	147.0	10	0.062230273323	0.000907937705331	DLR00012709-2009-07-03_15-37-55	0.098474619152	12	103	1497.5	1711.5	0.100156005473	0.45676381267	135	135
90.0	94.0	79.0	143.0	166.0	162.0	11	0.0553572379988	0.00110281649229	DLR00012709-2009-07-03_15-37-55	0.144957228868	12	103	1634.5	1705.5	0.146718253986	0.550695295434	135	135
89.0	93.0	78.0	137.0	159.0	153.0	12	0.05759497043	0.000996054659529	DLR00012709-2009-07-03_15-37-55	0.0995359194698	12	103	1771.5	1705.5	0.10294495254	0.434812723107	135	135
89.0	92.0	78.0	139.0	161.0	156.0	13	0.05759497043	0.00104243523687	DLR00012709-2009-07-03_15-37-55	0.133837574438	12	103	1904.5	1715.5	0.136567450557	0.544728008951	135	135
88.0	92.0	77.0	137.0	158.0	152.0	14	0.0651073578774	0.00100660641758	DLR00012709-2009-07-03_15-37-55	0.117518640699	12	103	2046.5	1711.5	0.120528672527	0.501252064575	135	135
88.0	92.0	77.0	141.0	163.0	159.0	15	0.0611114071075	0.00110769348991	DLR00012709-2009-07-03_15-37-55	0.147316890003	12	103	2184.5	1711.5	0.148757264762	0.557461772071	135	135
88.0	91.0	77.0	137.0	157.0	151.0	16	0.0661729447493	0.00101789019333	DLR00012709-2009-07-03_15-37-55	0.114114308854	12	103	2317.5	1711.5	0.11600137171	0.482710853002	135	135
89.0	92.0	77.0	142.0	164.0	159.0	17	0.0688901912728	0.00112374760437	DLR00012709-2009-07-03_15-37-55	0.158155039536	12	103	2464.5	1710.5	0.158590010326	0.584261281901	135	135
89.0	91.0	76.0	138.0	158.0	152.0	18	0.0605786136715	0.00103418468209	DLR00012709-2009-07-03_15-37-55	0.125658458367	12	103	2591.5	1711.5	0.126922338491	0.518141616495	135	135
89.0	92.0	76.0	142.0	164.0	159.0	19	0.0579146464916	0.00113339063712	DLR00012709-2009-07-03_15-37-55	0.144206225643	12	103	2722.5	1711.5	0.144712303635	0.526293356066	135	135
89.0	91.0	76.0	138.0	158.0	151.0	20	0.064627843785	0.00105040785561	DLR00012709-2009-07-03_15-37-55	0.115578974576	12	103	2866.5	1715.5	0.114794755061	0.459534338537	135	135
89.0	91.0	77.0	143.0	163.0	157.0	21	0.0628163461026	0.00117058291391	DLR00012709-2009-07-03_15-37-55	0.162971940063	12	103	2999.5	1711.5	0.160791719496	0.56587990836	135	135
88.0	90.0	76.0	138.0	155.0	149.0	22	0.0767755341254	0.00106731107507	DLR00012709-2009-07-03_15-37-55	0.125403474059	12	103	3137.5	1703.5	0.122633548877	0.486174010336	135	135
86.0	88.0	75.0	139.0	159.0	154.0	23	0.0588203953327	0.00118124106343	DLR00012709-2009-07-03_15-37-55	0.161493176203	12	103	3272.5	1711.5	0.159411131035	0.560871650061	135	135
86.0	88.0	75.0	142.0	160.0	155.0	24	0.0621237146358	0.00124534050414	DLR00012709-2009-07-03_15-37-55	0.181261365682	12	103	3405.5	1703.5	0.17914191668	0.601843465289	135	135
93.0	95.0	82.0	146.0	164.0	161.0	1	0.0459267941819	0.00111813706129	DLR00012709-2009-07-03_15-37-55	0.173982458109	13	103	275.5	1858.5	0.171788077678	0.633384836699	135	135
93.0	96.0	82.0	142.0	161.0	157.0	2	0.0483243646438	0.00103414316498	DLR00012709-2009-07-03_15-37-55	0.132309953333	13	103	409.5	1847.5	0.128755942444	0.525707283286	135	135
94.0	96.0	82.0	147.0	167.0	163.0	3	0.0456071181203	0.00109509323771	DLR00012709-2009-07-03_15-37-55	0.144754173197	13	103	544.5	1850.5	0.142537739374	0.541051734243	135	135
94.0	97.0	83.0	142.0	161.0	155.0	4	0.0529063881933	0.000977083001893	DLR00012709-2009-07-03_15-37-55	0.112231812873	13	103	678.5	1853.5	0.110365264395	0.476104214396	135	135
94.0	97.0	82.0	146.0	167.0	162.0	5	0.0517875219777	0.00105545855515	DLR00012709-2009-07-03_15-37-55	0.140384416211	13	103	815.5	1850.5	0.138990394796	0.548617401034	135	135
94.0	97.0	82.0	142.0	161.0	155.0	6	0.057062176994	0.000970994242989	DLR00012709-2009-07-03_15-37-55	0.11705375695	13	103	949.5	1850.5	0.116061050239	0.505088177314	135	135
93.0	97.0	81.0	144.0	166.0	162.0	7	0.049496510203	0.00105994184012	DLR00012709-2009-07-03_15-37-55	0.147230113603	13	103	1081.5	1846.5	0.147119026754	0.57269966434	135	135
91.0	95.0	80.0	137.0	157.0	149.0	8	0.0515211252597	0.000924982294751	DLR00012709-2009-07-03_15-37-55	0.106748130352	13	103	1226.5	1850.5	0.107837838631	0.481538707443	135	135
90.0	94.0	79.0	143.0	166.0	161.0	9	0.0520006393521	0.00108190530406	DLR00012709-2009-07-03_15-37-55	0.149991525834	13	103	1367.5	1851.5	0.151083823947	0.574191485961	135	135
90.0	94.0	79.0	138.0	159.0	153.0	10	0.0613245244819	0.000983869601196	DLR00012709-2009-07-03_15-37-55	0.124320102198	13	103	1494.5	1845.5	0.125472619778	0.533645905482	135	135
89.0	93.0	79.0	143.0	165.0	161.0	11	0.0590335127071	0.0011021977816	DLR00012709-2009-07-03_15-37-55	0.15057047075	13	103	1638.5	1850.5	0.151720208791	0.565933187703	135	135
89.0	93.0	78.0	136.0	156.0	149.0	12	0.0651073578774	0.000967054058401	DLR00012709-2009-07-03_15-37-55	0.109984599056	13	103	1771.5	1850.5	0.112183424015	0.487079759177	135	135
89.0	92.0	78.0	142.0	165.0	161.0	13	0.0561031488092	0.00111775251018	DLR00012709-2009-07-03_15-37-55	0.148640422972	13	103	1908.5	1850.5	0.150376851458	0.555703553732	135	135
88.0	92.0	77.0	136.0	156.0	150.0	14	0.0709680856732	0.000992211205731	DLR00012709-2009-07-03_15-37-55	0.113405774034	13	103	2046.5	1845.5	0.115474910492	0.488731418829	135	135
88.0	91.0	77.0	141.0	163.0	159.0	15	0.0639352123182	0.00113294485514	DLR00012709-2009-07-03_15-37-55	0.150353325222	13	103	2184.5	1843.5	0.151359207526	0.557728168789	135	135
88.0	91.0	76.0	137.0	157.0	151.0	16	0.0751771538175	0.00103584265593	DLR00012709-2009-07-03_15-37-55	0.107807765726	13	103	2317.5	1841.5	0.1094527919	0.448452235068	135	135
88.0	91.0	76.0	141.0	162.0	157.0	17	0.0626032287282	0.00111503564862	DLR00012709-2009-07-03_15-37-55	0.143955792104	13	103	2458.5	1850.5	0.144176866712	0.541691086366	135	135
89.0	91.0	77.0	139.0	160.0	154.0	18	0.0797591773669	0.00107902770136	DLR00012709-2009-07-03_15-37-55	0.140723334722	13	103	2582.5	1850.5	0.140436515874	0.548777239064	135	135
89.0	91.0	76.0	143.0	164.0	159.0	19	0.0601523789227	0.0011487469904	DLR00012709-2009-07-03_15-37-55	0.150129820908	13	103	2729.5	1850.5	0.149813398209	0.542170600458	135	135
89.0	91.0	76.0	138.0	157.0	150.0	20	0.0676114870265	0.001064952772	DLR00012709-2009-07-03_15-37-55	0.130221440365	13	103	2866.5	1841.5	0.129304536425	0.50961692152	135	135
88.0	90.0	76.0	144.0	164.0	159.0	21	0.0647344024722	0.00120880164201	DLR00012709-2009-07-03_15-37-55	0.167769983263	13	103	2998.5	1850.5	0.165749715274	0.573871809899	135	135
87.0	89.0	75.0	136.0	154.0	149.0	22	0.0596728648303	0.00107813348397	DLR00012709-2009-07-03_15-37-55	0.13261362481	13	103	3137.5	1846.5	0.131248170637	0.503809473067	135	135
86.0	89.0	76.0	141.0	161.0	157.0	23	0.0663860621237	0.00124859198871	DLR00012709-2009-07-03_15-37-55	0.187537796836	13	103	3274.5	1848.5	0.183960044	0.610634556982	135	135
86.0	88.0	76.0	142.0	160.0	155.0	24	0.0677713250573	0.00126621605918	DLR00012709-2009-07-03_15-37-55	0.191274964802	13	103	3409.5	1856.5	0.188663502457	0.62688475678	135	135
93.0	94.0	82.0	146.0	165.0	161.0	1	0.048963716767	0.00114075409262	DLR00012709-2009-07-03_15-37-55	0.172394100042	14	103	277.5	1985.5	0.169636635172	0.62496670041	135	135
93.0	95.0	82.0	142.0	159.0	153.0	2	0.0629761841334	0.0010118232482	DLR00012709-2009-07-03_15-37-55	0.118692420441	14	103	409.5	1985.5	0.114231611121	0.484149395279	135	135
94.0	97.0	83.0	148.0	169.0	165.0	3	0.0491235547978	0.00112565193749	DLR00012709-2009-07-03_15-37-55	0.155480246419	14	103	540.5	1985.5	0.151892975613	0.558900314348	135	135
95.0	97.0	83.0	143.0	161.0	155.0	4	0.0624433906974	0.000975563232044	DLR00012709-2009-07-03_15-37-55	0.113043936265	14	103	678.5	1980.5	0.110328625112	0.47423943737	135	135
95.0	98.0	83.0	147.0	167.0	163.0	5	0.0489104374234	0.00106674344218	DLR00012709-2009-07-03_15-37-55	0.147384943067	14	103	814.5	1985.5	0.145171953569	0.569076668975	135	135
94.0	97.0	83.0	139.0	157.0	149.0	6	0.0620704352922	0.00091014162421	DLR00012709-2009-07-03_15-37-55	0.114224200751	14	103	952.5	1985.5	0.112025394747	0.517395705685	135	135
93.0	97.0	82.0	145.0	167.0	162.0	7	0.0499227449518	0.00107399009651	DLR00012709-2009-07-03_15-37-55	0.144485863172	14	103	1082.5	1989.5	0.1434557509	0.55522403964	135	135
92.0	95.0	80.0	139.0	159.0	152.0	8	0.0650540785338	0.000965470204214	DLR00012709-2009-07-03_15-37-55	0.107210738245	14	103	1226.5	1978.5	0.107884351531	0.475997655709	135	135
91.0	94.0	79.0	144.0	166.0	161.0	9	0.0549842825936	0.00110475074388	DLR00012709-2009-07-03_15-37-55	0.142898488822	14	103	1362.5	1985.5	0.143487151053	0.537801694283	135	135
90.0	93.0	78.0	137.0	157.0	151.0	10	0.071394320422	0.000983990242717	DLR00012709-2009-07-03_15-37-55	0.117565445745	14	103	1498.5	1985.5	0.118203338447	0.507006233683	135	135
89.0	93.0	78.0	141.0	163.0	159.0	11	0.0618040385742	0.00109462403938	DLR00012709-2009-07-03_15-37-55	0.144253984835	14	103	1633.5	1985.5	0.144899023477	0.55256007246	135	135
89.0	92.0	77.0	139.0	160.0	153.0	12	0.0746976397251	0.0010414485587	DLR00012709-2009-07-03_15-37-55	0.116659735317	14	103	1771.5	1980.5	0.117628441451	0.482923970377	135	135
89.0	92.0	77.0	142.0	164.0	159.0	13	0.064361447067	0.00112658206659	DLR00012709-2009-07-03_15-37-55	0.138424228307	14	103	1906.5	1985.5	0.139416117057	0.519580158772	135	135
88.0	91.0	77.0	137.0	156.0	149.0	14	0.0907880014918	0.00102138171435	DLR00012709-2009-07-03_15-37-55	0.120186121183	14	103	2039.5	1977.5	0.120842986132	0.496776599712	135	135
88.0	91.0	76.0	139.0	161.0	155.0	15	0.0721935105759	0.00109488967678	DLR00012709-2009-07-03_15-37-55	0.134362769583	14	103	2184.5	1993.5	0.134712632838	0.511641536576	135	135
88.0	91.0	75.0	137.0	157.0	150.0	16	0.0819436304545	0.00104802932874	DLR00012709-2009-07-03_15-37-55	0.11467397493	14	103	2317.5	1980.5	0.115066391249	0.466727049923	135	135
89.0	91.0	76.0	142.0	164.0	159.0	17	0.0605786136715	0.00116253948882	DLR00012709-2009-07-03_15-37-55	0.152914754867	14	103	2466.5	1985.5	0.152591211508	0.544141936171	135	135
89.0	91.0	76.0	137.0	156.0	149.0	18	0.090894560179	0.00102606134213	DLR00012709-2009-07-03_15-37-55	0.121624877934	14	103	2591.5	1985.5	0.121235769699	0.49762906921	135	135
89.0	91.0	76.0	140.0	160.0	153.0	19	0.0788001491822	0.00110212432423	DLR00012709-2009-07-03_15-37-55	0.129736075426	14	103	2725.5	1985.5	0.129875357043	0.504502104534	135	135
88.0	90.0	76.0	137.0	155.0	148.0	20	0.0863125366295	0.00104497908453	DLR00012709-2009-07-03_15-37-55	0.108559924156	14	103	2866.5	1983.5	0.10810628166	0.43928818797	135	135
88.0	90.0	76.0	141.0	161.0	157.0	21	0.0617507592306	0.00117046389174	DLR00012709-2009-07-03_15-37-55	0.153608129595	14	103	3004.5	1985.5	0.152007554842	0.541211572273	135	135
87.0	88.0	74.0	135.0	151.0	144.0	22	0.0904150460866	0.00104034604102	DLR00012709-2009-07-03_15-37-55	0.125093871594	14	103	3137.5	1985.5	0.123001547032	0.502264372103	135	135
85.0	86.0	73.0	140.0	159.0	155.0	23	0.0635089775694	0.00123365055169	DLR00012709-2009-07-03_15-37-55	0.168396033585	14	103	3268.5	1985.5	0.16587880803	0.560285577282	135	135
86.0	87.0	75.0	139.0	157.0	153.0	24	0.0669188555597	0.00123809788667	DLR00012709-2009-07-03_15-37-55	0.170923945487	14	103	3412.5	1985.5	0.169679961942	0.580265331131	135	135
93.0	94.0	82.0	144.0	161.0	156.0	1	0.0439021791252	0.00110718332092	DLR00012709-2009-07-03_15-37-55	0.169789286778	15	103	269.5	2127.5	0.16733017265	0.628696254462	135	135
94.0	95.0	83.0	142.0	157.0	152.0	2	0.0724599072939	0.00101010004233	DLR00012709-2009-07-03_15-37-55	0.133085224477	15	103	409.5	2124.5	0.128398649923	0.538654163781	135	135
95.0	97.0	85.0	147.0	165.0	161.0	3	0.0510416111674	0.00108301648366	DLR00012709-2009-07-03_15-37-55	0.15603101799	15	103	544.5	2122.5	0.152039275215	0.582929298311	135	135
96.0	98.0	84.0	141.0	157.0	151.0	4	0.0423570781608	0.00091899520549	DLR00012709-2009-07-03_15-37-55	0.122338796582	15	103	675.5	2123.5	0.119002399611	0.547551814162	135	135
96.0	97.0	82.0	146.0	165.0	160.0	5	0.0523735947573	0.00104710700957	DLR00012709-2009-07-03_15-37-55	0.145835281603	15	103	815.5	2129.5	0.144021865718	0.573818530556	135	135
95.0	96.0	82.0	142.0	159.0	152.0	6	0.0568490596196	0.000962270065315	DLR00012709-2009-07-03_15-37-55	0.120491007438	15	103	952.5	2124.5	0.118860673177	0.5185145719	135	135
94.0	96.0	82.0	145.0	165.0	160.0	7	0.0530129468805	0.00104533529533	DLR00012709-2009-07-03_15-37-55	0.144982260191	15	103	1090.5	2122.5	0.143743293954	0.564814321488	135	135
93.0	95.0	80.0	141.0	160.0	153.0	8	0.0703820128936	0.000988825686176	DLR00012709-2009-07-03_15-37-55	0.118204136984	15	103	1222.5	2122.5	0.117496874094	0.501252064575	135	135
92.0	94.0	79.0	144.0	165.0	160.0	9	0.0558367520912	0.00110855628991	DLR00012709-2009-07-03_15-37-55	0.151642483213	15	103	1366.5	2122.5	0.15024419319	0.554797804891	135	135
91.0	93.0	78.0	139.0	159.0	152.0	10	0.0725664659811	0.00104112348075	DLR00012709-2009-07-03_15-37-55	0.130178681404	15	103	1497.5	2122.5	0.128833859829	0.523256433481	135	135
90.0	92.0	77.0	142.0	162.0	157.0	11	0.0589802333635	0.00111650946942	DLR00012709-2009-07-03_15-37-55	0.150761485955	15	103	1630.5	2122.5	0.150215382828	0.554691246204	135	135
89.0	92.0	76.0	139.0	159.0	152.0	12	0.0669188555597	0.00105853494568	DLR00012709-2009-07-03_15-37-55	0.129590759288	15	103	1771.5	2122.5	0.130334351385	0.52101870105	135	135
89.0	91.0	76.0	141.0	162.0	157.0	13	0.0633491395386	0.00112519418478	DLR00012709-2009-07-03_15-37-55	0.148347702635	15	103	1901.5	2122.5	0.148727445605	0.550801854121	135	135
89.0	90.0	76.0	137.0	156.0	148.0	14	0.0855666258192	0.00103764084435	DLR00012709-2009-07-03_15-37-55	0.123090861371	15	103	2043.5	2122.5	0.123259587135	0.503489797006	135	135
88.0	90.0	76.0	143.0	164.0	159.0	15	0.0632425808514	0.0011831903778	DLR00012709-2009-07-03_15-37-55	0.162139138326	15	103	2189.5	2122.5	0.161522199007	0.565453673611	135	135
89.0	90.0	75.0	137.0	155.0	148.0	16	0.0844477596036	0.0010357133694	DLR00012709-2009-07-03_15-37-55	0.12050145378	15	103	2323.5	2122.5	0.119991934853	0.487825669988	135	135
89.0	91.0	76.0	143.0	163.0	158.0	17	0.0597794235175	0.00116245576759	DLR00012709-2009-07-03_15-37-55	0.152198740801	15	103	2458.5	2122.5	0.151324010199	0.539133677873	135	135
90.0	91.0	76.0	138.0	155.0	148.0	18	0.0807182055517	0.00102427212355	DLR00012709-2009-07-03_15-37-55	0.117738139088	15	103	2591.5	2128.5	0.116849106745	0.489317491609	135	135
90.0	91.0	76.0	143.0	162.0	157.0	19	0.0660663860621	0.00114027308524	DLR00012709-2009-07-03_15-37-55	0.152017527228	15	103	2730.5	2125.5	0.151290113549	0.553678938675	135	135
90.0	91.0	77.0	140.0	158.0	152.0	20	0.0639352123182	0.0010792100104	DLR00012709-2009-07-03_15-37-55	0.138052533151	15	103	2871.5	2124.5	0.136543602503	0.531195055677	135	135
89.0	90.0	77.0	144.0	163.0	158.0	21	0.0635089775694	0.00117234157763	DLR00012709-2009-07-03_15-37-55	0.153683743406	15	103	3001.5	2122.5	0.151393739946	0.539719750653	135	135
88.0	89.0	77.0	137.0	152.0	146.0	22	0.0813575576749	0.00105631483422	DLR00012709-2009-07-03_15-37-55	0.131748426843	15	103	3137.5	2122.5	0.128646297672	0.51510469391	135	135
87.0	88.0	77.0	139.0	156.0	151.0	23	0.0711812030476	0.00117741514006	DLR00012709-2009-07-03_15-37-55	0.17201611801	15	103	3264.5	2122.5	0.168678924151	0.597634397144	135	135
87.0	88.0	77.0	141.0	159.0	155.0	24	0.0615376418563	0.00126243426187	DLR00012709-2009-07-03_15-37-55	0.188881247974	15	103	3417.5	2131.5	0.187206874165	0.622622409292	135	135
95.0	97.0	87.0	147.0	162.0	159.0	1	0.0156108476744	0.000858638762112	DLR00012709-2009-07-03_15-37-55	0.109594406767	16	103	271.5	2261.5	0.111492396631	0.528211412435	135	135
98.0	100.0	89.0	146.0	159.0	155.0	2	0.0193936810698	0.00074416284368	DLR00012709-2009-07-03_15-37-55	0.0955768419765	16	103	409.5	2261.5	0.0967498758876	0.514039107038	135	135
100.0	103.0	92.0	150.0	166.0	162.0	3	0.0300495497895	0.000867413470282	DLR00012709-2009-07-03_15-37-55	0.122338937133	16	103	553.5	2261.5	0.123772899901	0.574884117428	135	135
100.0	103.0	91.0	146.0	160.0	154.0	4	0.0290905216048	0.000759300190886	DLR00012709-2009-07-03_15-37-55	0.0955742407373	16	103	678.5	2261.5	0.096659686007	0.512813682135	135	135
99.0	102.0	90.0	151.0	167.0	162.0	5	0.0360701156162	0.000917444701041	DLR00012709-2009-07-03_15-37-55	0.116940204745	16	103	815.5	2261.5	0.11819548537	0.524002344291	135	135
98.0	100.0	88.0	143.0	157.0	150.0	6	0.0447013692791	0.000817189609463	DLR00012709-2009-07-03_15-37-55	0.0888126424346	16	103	952.5	2261.5	0.0899589813461	0.456497415952	135	135
98.0	101.0	89.0	150.0	167.0	163.0	7	0.0425701955352	0.00100161437435	DLR00012709-2009-07-03_15-37-55	0.139934869606	16	103	1089.5	2261.5	0.141026599049	0.579785817039	135	135
97.0	100.0	86.0	144.0	160.0	153.0	8	0.0490169961106	0.000901070827894	DLR00012709-2009-07-03_15-37-55	0.109246417026	16	103	1226.5	2261.5	0.11064060662	0.508551334648	135	135
96.0	98.0	85.0	146.0	163.0	158.0	9	0.0532793435985	0.00102014976833	DLR00012709-2009-07-03_15-37-55	0.136781311159	16	103	1357.5	2263.5	0.139129020553	0.565027438862	135	135
95.0	97.0	85.0	141.0	156.0	149.0	10	0.0673450903085	0.000942838137138	DLR00012709-2009-07-03_15-37-55	0.117524773689	16	103	1497.5	2266.5	0.120859290578	0.530875379615	135	135
94.0	97.0	85.0	145.0	164.0	159.0	11	0.0502424210134	0.00106188033046	DLR00012709-2009-07-03_15-37-55	0.14416990381	16	103	1637.5	2261.5	0.146263768677	0.570888166658	135	135
94.0	97.0	84.0	140.0	156.0	149.0	12	0.055996590122	0.000887635862933	DLR00012709-2009-07-03_15-37-55	0.103987552959	16	103	1766.5	2261.5	0.107381134401	0.498801214769	135	135
95.0	99.0	86.0	145.0	164.0	159.0	13	0.0537588576909	0.00104567327887	DLR00012709-2009-07-03_15-37-55	0.134852295733	16	103	1904.5	2265.5	0.140245629358	0.551920720337	135	135
93.0	96.0	83.0	139.0	155.0	148.0	14	0.0541318130961	0.000921050465157	DLR00012709-2009-07-03_15-37-55	0.108680076358	16	103	2046.5	2261.5	0.112614919488	0.501678299323	135	135
94.0	97.0	84.0	143.0	162.0	156.0	15	0.0595130267995	0.00105596886342	DLR00012709-2009-07-03_15-37-55	0.13557390915	16	103	2184.5	2259.5	0.138999760347	0.540145985401	135	135
95.0	97.0	85.0	140.0	156.0	149.0	16	0.0517875219777	0.000946207534088	DLR00012709-2009-07-03_15-37-55	0.11326688426	16	103	2317.5	2261.5	0.117145615816	0.513825989664	135	135
101.0	103.0	90.0	146.0	163.0	158.0	17	0.0360168362726	0.000994830854618	DLR00012709-2009-07-03_15-37-55	0.132215101799	16	103	2463.5	2269.5	0.135169449183	0.559752783846	135	135
97.0	100.0	87.0	141.0	156.0	150.0	18	0.0368160264266	0.000893919266178	DLR00012709-2009-07-03_15-37-55	0.0964571361227	16	103	2591.5	2261.5	0.10112911732	0.4660876978	135	135
97.0	100.0	88.0	146.0	163.0	158.0	19	0.042463636848	0.000980675172685	DLR00012709-2009-07-03_15-37-55	0.127867797355	16	103	2734.5	2261.5	0.130166256253	0.535723799883	135	135
104.0	106.0	93.0	144.0	159.0	153.0	20	0.0445415312483	0.00088576657935	DLR00012709-2009-07-03_15-37-55	0.109175703917	16	103	2866.5	2270.5	0.113056796128	0.538068091001	135	135
105.0	108.0	96.0	147.0	163.0	158.0	21	0.0393201555757	0.000978844974328	DLR00012709-2009-07-03_15-37-55	0.123326314424	16	103	2995.5	2269.5	0.12668298997	0.541477968991	135	135
95.0	97.0	86.0	141.0	155.0	150.0	22	0.0364430710214	0.000934342401418	DLR00012709-2009-07-03_15-37-55	0.114780461196	16	103	3137.5	2254.5	0.118189604762	0.5164366775	135	135
102.0	105.0	95.0	144.0	160.0	156.0	23	0.0269060685172	0.00101103741716	DLR00012709-2009-07-03_15-37-55	0.128974564387	16	103	3269.5	2267.5	0.132233015987	0.548830518408	135	135
92.0	93.0	83.0	142.0	157.0	152.0	24	0.0280249347328	0.000975277279571	DLR00012709-2009-07-03_15-37-55	0.127338589703	16	103	3414.5	2251.5	0.130468278159	0.55256007246	135	135
