92.0	93.0	83.0	119.0	128.0	124.0	1	0.0444882519047	0.000169089728267	DLR00012647-2009-07-01_08-47-30	0.00100813651815	1	95	267.5	207.5	0.00374688872627	0.0675049283393	135	135
94.0	92.0	80.0	113.0	119.0	114.0	2	0.00809846022697	0.00010849206874	DLR00012647-2009-07-01_08-47-30	0.0014123524796	1	95	402.5	210.5	0.000353835480201	0.0117214555917	135	135
97.0	96.0	82.0	112.0	117.0	109.0	3	0.00612712451383	7.37741383703e-05	DLR00012647-2009-07-01_08-47-30	0.00162381530481	1	95	545.5	210.5	6.70660590291e-05	0.0034098779903	135	135
99.0	98.0	83.0	126.0	129.0	120.0	4	0.0070861526986	0.000151618254842	DLR00012647-2009-07-01_08-47-30	0.00190261638971	1	95	668.5	208.5	0.000592828035326	0.0152911716128	135	135
100.0	98.0	82.0	107.0	108.0	97.0	5	0.00325003995951	0.000170828193797	DLR00012647-2009-07-01_08-47-30	0.000618589704724	1	95	816.5	213.5	0.000302829934659	0.00596728648303	135	135
100.0	98.0	82.0	124.0	131.0	124.0	6	0.00751238744739	0.000190651161071	DLR00012647-2009-07-01_08-47-30	0.000101774916423	1	95	948.5	207.5	0.000528789035043	0.01273376312	135	135
101.0	99.0	82.0	113.0	120.0	108.0	7	0.00415578880068	7.33343963822e-05	DLR00012647-2009-07-01_08-47-30	0.00135402474222	1	95	1075.5	208.5	6.08993992025e-05	0.00293036389792	135	135
101.0	99.0	83.0	122.0	127.0	115.0	8	0.00671319729341	9.7660600155e-05	DLR00012647-2009-07-01_08-47-30	0.00171420986367	1	95	1217.5	202.5	0.000506394332097	0.0177420214183	135	135
101.0	99.0	82.0	126.0	129.0	118.0	9	0.00159838030795	0.000137878562222	DLR00012647-2009-07-01_08-47-30	0.00136697006938	1	95	1350.5	206.5	0.000350933033439	0.0107091480633	135	135
100.0	98.0	81.0	113.0	120.0	109.0	10	0.000745910810379	7.33448971046e-05	DLR00012647-2009-07-01_08-47-30	0.000858144325441	1	95	1488.5	207.5	5.67526323302e-05	0.00239757046193	135	135
99.0	98.0	81.0	112.5	119.0	108.0	11	0.000479514092386	7.15184015034e-05	DLR00012647-2009-07-01_08-47-30	0.000526776466396	1	95	1630.5	207.5	5.6517997518e-05	0.00255740849273	135	135
99.0	99.0	81.0	113.0	119.0	109.0	12	0.0	7.3129369862e-05	DLR00012647-2009-07-01_08-47-30	0.000694282072814	1	95	1771.5	207.5	7.81512118738e-05	0.00399595076989	135	135
100.0	100.0	82.0	109.0	110.0	94.0	13	0.00149182162076	9.15921339582e-05	DLR00012647-2009-07-01_08-47-30	0.00121079046484	1	95	1901.5	201.5	0.000320389380355	0.0113485001865	135	135
99.0	98.0	81.0	107.0	107.5	90.5	14	0.0	7.63214868075e-05	DLR00012647-2009-07-01_08-47-30	0.000411544917531	1	95	2048.5	207.5	3.29548456806e-05	0.00149182162076	135	135
100.0	99.0	82.0	107.0	107.0	92.0	15	0.000479514092386	8.75879719121e-05	DLR00012647-2009-07-01_08-47-30	0.000757811595235	1	95	2178.5	202.5	0.000100542046245	0.00378283339549	135	135
101.0	100.0	83.0	117.0	124.0	113.0	16	5.32793435985e-05	8.86087291327e-05	DLR00012647-2009-07-01_08-47-30	0.000871879242664	1	95	2316.5	198.5	0.000154528180873	0.00602056582663	135	135
100.0	98.0	81.0	107.5	109.5	93.5	17	0.000159838030795	8.17173117723e-05	DLR00012647-2009-07-01_08-47-30	0.000270276385625	1	95	2454.5	207.5	4.45144692679e-05	0.00181149768235	135	135
100.0	98.0	81.0	113.0	119.0	108.0	18	0.00111886621557	7.42147420144e-05	DLR00012647-2009-07-01_08-47-30	0.000528369160336	1	95	2587.5	207.5	6.01071982211e-05	0.00197133571314	135	135
99.0	97.0	80.0	107.0	106.5	94.0	19	0.000532793435985	9.61533761267e-05	DLR00012647-2009-07-01_08-47-30	-4.08804115391e-05	1	95	2726.5	207.5	3.75623555378e-05	0.00127870424636	135	135
98.0	96.0	81.0	112.0	116.0	105.0	20	0.0	7.39297519703e-05	DLR00012647-2009-07-01_08-47-30	0.000448806848773	1	95	2853.5	207.5	3.79026306288e-05	0.00191805636955	135	135
96.0	94.0	80.0	112.0	116.0	109.0	21	0.0	8.04585411052e-05	DLR00012647-2009-07-01_08-47-30	0.000367544160194	1	95	2998.5	203.5	0.000131249676263	0.00607384517023	135	135
92.0	91.0	78.0	103.0	109.0	102.0	22	0.0	7.40515344226e-05	DLR00012647-2009-07-01_08-47-30	-0.000361235007196	1	95	3133.5	207.5	4.22897594967e-05	0.00207789440034	135	135
90.0	89.0	77.0	103.0	109.0	103.0	23	0.00175821833875	7.46728585567e-05	DLR00012647-2009-07-01_08-47-30	-0.000226276819807	1	95	3270.5	204.5	0.000128932546012	0.00634024188822	135	135
88.0	89.0	79.0	110.0	120.0	116.0	24	0.0212584580958	0.00017483755723	DLR00012647-2009-07-01_08-47-30	0.000989098805373	1	95	3411.5	207.5	0.00288773352464	0.0602589376099	135	135
89.0	88.0	74.0	93.0	93.0	83.0	1	0.000159838030795	8.36265767794e-05	DLR00012647-2009-07-01_08-47-30	0.000606246546201	2	95	266.5	343.5	2.23448724864e-05	0.000905748841174	135	135
91.0	89.0	75.0	99.0	97.5	84.0	2	0.00218445308754	0.000133896899135	DLR00012647-2009-07-01_08-47-30	0.00111592400443	2	95	402.5	343.5	0.00011184337131	0.00266396717992	135	135
94.0	92.0	77.0	97.0	97.0	82.0	3	0.0	7.87780103908e-05	DLR00012647-2009-07-01_08-47-30	0.000977909292414	2	95	541.5	343.5	1.18988542763e-05	0.000586072779583	135	135
96.0	94.0	78.0	100.0	99.0	85.0	4	0.000372955405189	9.14680703324e-05	DLR00012647-2009-07-01_08-47-30	0.000835680800103	2	95	676.5	337.5	6.89378055242e-05	0.00239757046193	135	135
96.0	94.0	77.0	100.0	99.0	84.0	5	0.0	8.05002244392e-05	DLR00012647-2009-07-01_08-47-30	0.00025747574262	2	95	813.5	343.5	1.81489352132e-05	0.000852469497576	135	135
97.0	95.0	77.0	102.0	99.5	84.0	6	0.0	7.57000999106e-05	DLR00012647-2009-07-01_08-47-30	-4.83724071038e-05	2	95	947.5	343.5	6.70564697878e-06	0.000319676061591	135	135
96.0	95.0	78.0	102.0	102.0	86.0	7	0.000745910810379	0.000102309187196	DLR00012647-2009-07-01_08-47-30	0.0010183468553	2	95	1077.5	351.5	6.48822867835e-05	0.00207789440034	135	135
96.0	95.0	77.0	101.0	102.0	84.0	8	0.000159838030795	9.00281536047e-05	DLR00012647-2009-07-01_08-47-30	0.000669836072879	2	95	1214.5	343.5	5.6250214642e-05	0.00207789440034	135	135
95.0	95.0	77.0	101.0	102.0	88.0	9	0.00069263146678	0.000109037112193	DLR00012647-2009-07-01_08-47-30	7.86225257176e-05	2	95	1360.5	343.5	4.71015905813e-05	0.00133198358996	135	135
95.0	94.0	76.0	101.0	100.0	82.0	10	0.0	8.74005223023e-05	DLR00012647-2009-07-01_08-47-30	-1.36223701293e-05	2	95	1502.5	341.5	2.67322901941e-05	0.00117214555917	135	135
94.0	94.0	76.0	99.5	99.5	82.5	11	0.0	8.36956589889e-05	DLR00012647-2009-07-01_08-47-30	-0.00032605459128	2	95	1634.5	342.5	1.14703933733e-05	0.000532793435985	135	135
94.0	94.0	76.0	102.5	103.5	85.0	12	0.000639352123182	0.000129520371385	DLR00012647-2009-07-01_08-47-30	-0.000258368476258	2	95	1761.5	350.5	4.40549255668e-05	0.00117214555917	135	135
95.0	95.0	76.0	101.0	101.0	84.0	13	0.0	9.75485633628e-05	DLR00012647-2009-07-01_08-47-30	-0.000354398316784	2	95	1903.5	343.5	2.42320058761e-05	0.000959028184773	135	135
94.0	94.0	76.0	100.5	101.5	83.0	14	0.000532793435985	0.000101964516324	DLR00012647-2009-07-01_08-47-30	-0.000489609524951	2	95	2041.5	341.5	3.21299227313e-05	0.000959028184773	135	135
94.0	94.0	76.0	101.0	100.5	84.0	15	0.000372955405189	0.000102531128016	DLR00012647-2009-07-01_08-47-30	-0.000676806690535	2	95	2178.5	343.5	3.65473650782e-05	0.00117214555917	135	135
95.0	94.0	76.0	100.5	102.0	86.0	16	0.00282380521072	0.000107433982321	DLR00012647-2009-07-01_08-47-30	-0.000261812054436	2	95	2317.5	343.5	0.000234249138636	0.00660663860621	135	135
95.0	94.0	76.0	101.0	102.5	84.0	17	0.00133198358996	0.00010909031617	DLR00012647-2009-07-01_08-47-30	-0.000506098697396	2	95	2445.5	335.5	6.42000296104e-05	0.00159838030795	135	135
96.0	94.0	76.0	100.0	101.0	83.0	18	0.000159838030795	9.80446269285e-05	DLR00012647-2009-07-01_08-47-30	0.000114638122989	2	95	2590.5	337.5	3.09445511992e-05	0.00111886621557	135	135
95.0	93.0	75.0	99.0	99.0	81.0	19	0.0	7.98115640959e-05	DLR00012647-2009-07-01_08-47-30	-0.000494849843554	2	95	2720.5	342.5	1.8521061189e-05	0.000852469497576	135	135
95.0	93.0	76.0	99.0	98.0	82.0	20	0.000639352123182	8.88461731908e-05	DLR00012647-2009-07-01_08-47-30	-0.000207245076109	2	95	2861.5	343.5	6.29503214288e-05	0.00229101177473	135	135
93.0	91.0	74.0	99.0	96.5	81.5	21	0.0	7.8661345568e-05	DLR00012647-2009-07-01_08-47-30	-0.000692684070806	2	95	2990.5	343.5	8.891547585e-06	0.000426234748788	135	135
90.0	87.0	72.0	96.0	93.0	78.5	22	0.000905748841174	8.98693614062e-05	DLR00012647-2009-07-01_08-47-30	-0.000877157257741	2	95	3133.5	333.5	4.5828136826e-05	0.00159838030795	135	135
87.0	85.0	70.0	90.0	90.0	75.0	23	0.0	7.41804671266e-05	DLR00012647-2009-07-01_08-47-30	-0.000617446571442	2	95	3263.5	343.5	3.80633016584e-05	0.00191805636955	135	135
85.0	84.0	71.0	94.0	91.5	80.5	24	0.000799190153977	0.000111157356709	DLR00012647-2009-07-01_08-47-30	-0.00027691107539	2	95	3403.5	343.5	4.49648177429e-05	0.00127870424636	135	135
90.0	88.0	74.0	94.0	93.0	79.0	1	0.000745910810379	7.40142330894e-05	DLR00012647-2009-07-01_08-47-30	0.00061222535663	3	95	269.5	481.5	3.42647639927e-05	0.00111886621557	135	135
92.0	90.0	75.0	98.0	97.0	84.0	2	0.00111886621557	0.000102062763755	DLR00012647-2009-07-01_08-47-30	0.00122771842434	3	95	403.5	481.5	7.23415068171e-05	0.00207789440034	135	135
94.0	92.0	77.0	98.5	98.0	83.0	3	0.00101230752837	8.33646351631e-05	DLR00012647-2009-07-01_08-47-30	0.000874998682723	3	95	547.5	481.5	5.03186092317e-05	0.00159838030795	135	135
95.0	93.0	77.0	101.0	101.0	85.0	4	0.000532793435985	0.000105620141697	DLR00012647-2009-07-01_08-47-30	0.000763900550251	3	95	670.5	481.5	5.22909973535e-05	0.00170493899515	135	135
96.0	94.0	77.0	101.0	101.0	85.0	5	0.000319676061591	9.56534337718e-05	DLR00012647-2009-07-01_08-47-30	0.00050101524886	3	95	813.5	481.5	6.30629294869e-05	0.00218445308754	135	135
96.0	95.0	77.0	101.0	101.0	85.0	6	0.0	9.06103718792e-05	DLR00012647-2009-07-01_08-47-30	0.000827359410655	3	95	948.5	481.5	4.88535344903e-05	0.00191805636955	135	135
95.0	95.0	77.0	100.0	101.0	84.0	7	0.0	8.84545715749e-05	DLR00012647-2009-07-01_08-47-30	0.000770155248828	3	95	1075.5	481.5	3.30371293821e-05	0.00143854227716	135	135
95.0	95.0	77.0	100.0	101.0	83.0	8	0.0	8.42488489761e-05	DLR00012647-2009-07-01_08-47-30	0.000138150896486	3	95	1222.5	481.5	1.97910703759e-05	0.000799190153977	135	135
94.0	95.0	77.0	101.0	101.0	85.0	9	0.000799190153977	9.78601380333e-05	DLR00012647-2009-07-01_08-47-30	7.466963942e-05	3	95	1360.5	481.5	4.54429816686e-05	0.00149182162076	135	135
94.0	94.0	76.0	100.0	100.5	85.0	10	0.0	9.51663948274e-05	DLR00012647-2009-07-01_08-47-30	4.28884867138e-05	3	95	1495.5	481.5	5.84059609969e-05	0.00213117374394	135	135
94.0	94.0	76.0	101.0	101.0	85.0	11	0.000905748841174	0.000108418733153	DLR00012647-2009-07-01_08-47-30	-0.000396672710544	3	95	1634.5	478.5	6.26112465241e-05	0.00186477702595	135	135
94.0	94.0	76.0	100.0	101.0	81.0	12	0.0	7.75360917596e-05	DLR00012647-2009-07-01_08-47-30	-0.000105794750279	3	95	1771.5	481.5	1.9394735694e-05	0.000799190153977	135	135
94.0	94.0	76.0	98.0	100.0	81.5	13	0.0	8.06082003087e-05	DLR00012647-2009-07-01_08-47-30	0.000297322616348	3	95	1899.5	471.5	4.31217852221e-05	0.00202461505674	135	135
94.0	94.0	75.0	101.0	101.5	85.0	14	0.000639352123182	0.000115858131789	DLR00012647-2009-07-01_08-47-30	-0.000700501369555	3	95	2037.5	481.5	5.30078777165e-05	0.00170493899515	135	135
94.0	93.0	75.0	98.0	100.0	81.5	15	0.0	8.54169221362e-05	DLR00012647-2009-07-01_08-47-30	-0.00062887748853	3	95	2173.5	481.5	3.01861835388e-05	0.00127870424636	135	135
94.0	94.0	76.0	99.0	100.0	83.0	16	0.000799190153977	8.82181234832e-05	DLR00012647-2009-07-01_08-47-30	-0.000519896790355	3	95	2316.5	471.5	0.00011906246988	0.00474186158027	135	135
94.0	93.0	76.0	100.5	101.0	84.0	17	0.000799190153977	0.00010317327385	DLR00012647-2009-07-01_08-47-30	-0.000733390380067	3	95	2451.5	481.5	4.25138081031e-05	0.00117214555917	135	135
94.0	93.0	75.0	98.0	98.0	82.0	18	0.000372955405189	7.631330097e-05	DLR00012647-2009-07-01_08-47-30	5.69003604465e-05	3	95	2590.5	481.5	3.13451546934e-05	0.00127870424636	135	135
94.0	93.0	75.0	100.0	99.0	81.0	19	0.0	8.0224031867e-05	DLR00012647-2009-07-01_08-47-30	-0.00073335311479	3	95	2726.5	481.5	2.15859242379e-05	0.00101230752837	135	135
94.0	92.0	75.0	100.0	99.0	82.0	20	0.0	9.62358235409e-05	DLR00012647-2009-07-01_08-47-30	-0.000415470534015	3	95	2861.5	481.5	5.09404123008e-05	0.00186477702595	135	135
93.0	91.0	74.0	99.0	97.0	81.0	21	0.0	0.000103731684871	DLR00012647-2009-07-01_08-47-30	-0.000694750211998	3	95	2992.5	481.5	2.81453025304e-05	0.00101230752837	135	135
91.0	88.0	72.0	96.0	94.0	80.0	22	0.0	8.5660572475e-05	DLR00012647-2009-07-01_08-47-30	-0.00106028280403	3	95	3133.5	481.5	3.53579440631e-05	0.00149182162076	135	135
87.0	85.0	70.0	92.0	90.5	75.0	23	0.0	8.20654178916e-05	DLR00012647-2009-07-01_08-47-30	-0.00103292768614	3	95	3273.5	481.5	1.33130512702e-05	0.000639352123182	135	135
84.0	83.0	69.0	90.0	88.0	75.0	24	0.000905748841174	8.80369098154e-05	DLR00012647-2009-07-01_08-47-30	-0.000618370811657	3	95	3407.5	476.5	5.30735431997e-05	0.00165165965155	135	135
90.0	88.0	75.0	96.0	95.0	83.0	1	0.000372955405189	8.81806806281e-05	DLR00012647-2009-07-01_08-47-30	0.0004641593155	4	95	265.5	625.5	4.55918320661e-05	0.00170493899515	135	135
92.0	90.0	76.0	96.5	96.0	81.5	2	0.000799190153977	8.54590296166e-05	DLR00012647-2009-07-01_08-47-30	0.00118005623795	4	95	405.5	614.5	5.73506034095e-05	0.00181149768235	135	135
94.0	92.0	77.0	100.0	97.0	82.0	3	0.0	8.36982454588e-05	DLR00012647-2009-07-01_08-47-30	0.00106691580362	4	95	540.5	618.5	2.93375803766e-05	0.00127870424636	135	135
96.0	94.0	77.0	101.0	101.0	87.0	4	0.00261068783633	0.000102143377386	DLR00012647-2009-07-01_08-47-30	0.00116984656329	4	95	670.5	618.5	0.000205326644186	0.00431562683148	135	135
96.0	94.0	77.0	104.0	104.0	90.0	5	0.00165165965155	0.000145504202704	DLR00012647-2009-07-01_08-47-30	0.000478576415273	4	95	813.5	618.5	9.15365882224e-05	0.00133198358996	135	135
95.0	95.0	77.0	102.0	103.0	87.0	6	0.00149182162076	0.000132880770077	DLR00012647-2009-07-01_08-47-30	0.00072056409484	4	95	944.5	618.5	9.535497899e-05	0.00191805636955	135	135
95.0	95.0	77.0	101.0	101.5	85.0	7	0.00154510096436	9.95093804805e-05	DLR00012647-2009-07-01_08-47-30	0.000887814214987	4	95	1079.5	623.5	0.000135383201907	0.00436890617508	135	135
95.0	95.0	77.0	100.0	101.0	84.0	8	0.000213117374394	9.62399655107e-05	DLR00012647-2009-07-01_08-47-30	0.000675942648791	4	95	1224.5	623.5	6.61520168602e-05	0.00245084980553	135	135
94.0	94.0	77.0	100.0	100.0	84.0	9	0.000586072779583	8.44142017689e-05	DLR00012647-2009-07-01_08-47-30	0.000125856005274	4	95	1356.5	613.5	3.98671314696e-05	0.00143854227716	135	135
94.0	94.0	77.0	99.0	100.0	83.0	10	0.0	7.82203333777e-05	DLR00012647-2009-07-01_08-47-30	7.84559477425e-05	4	95	1485.5	618.5	1.75603723147e-05	0.000799190153977	135	135
94.0	94.0	76.0	99.0	100.0	83.0	11	0.000319676061591	8.54897000719e-05	DLR00012647-2009-07-01_08-47-30	-0.000328827612043	4	95	1631.5	618.5	2.07777596729e-05	0.00069263146678	135	135
94.0	94.0	76.0	98.0	99.5	83.0	12	0.00218445308754	8.27272100065e-05	DLR00012647-2009-07-01_08-47-30	0.00138647451354	4	95	1771.5	622.5	0.000127621517832	0.00383611273909	135	135
94.0	94.0	76.0	99.0	100.0	85.0	13	0.0	0.000103620649755	DLR00012647-2009-07-01_08-47-30	0.0027979506524	4	95	1900.5	618.5	0.00118479457761	0.0406521391656	135	135
93.0	93.0	75.0	98.0	99.0	82.0	14	0.0	7.51270359391e-05	DLR00012647-2009-07-01_08-47-30	-0.000617067056486	4	95	2041.5	618.5	2.14066723029e-05	0.000959028184773	135	135
93.0	93.0	75.0	102.0	105.0	88.0	15	0.00245084980553	0.000147716454481	DLR00012647-2009-07-01_08-47-30	-0.000806563262328	4	95	2173.5	613.5	0.000126876637098	0.00271724652352	135	135
93.0	93.0	75.0	99.5	99.5	84.5	16	0.0	9.39122421203e-05	DLR00012647-2009-07-01_08-47-30	-0.000907250419439	4	95	2322.5	618.5	2.55182713418e-06	0.000106558687197	135	135
94.0	93.0	76.0	99.0	99.0	82.0	17	5.32793435985e-05	8.33971804736e-05	DLR00012647-2009-07-01_08-47-30	-0.000659308079181	4	95	2453.5	618.5	2.87125132403e-05	0.00122542490277	135	135
94.0	93.0	75.0	98.0	99.0	83.0	18	0.000106558687197	8.19907926168e-05	DLR00012647-2009-07-01_08-47-30	9.72323056027e-05	4	95	2591.5	617.5	6.36622139689e-05	0.00271724652352	135	135
94.0	93.0	75.0	99.0	98.0	80.0	19	0.0	7.25247638971e-05	DLR00012647-2009-07-01_08-47-30	-0.000419016647474	4	95	2718.5	618.5	1.36918694703e-05	0.00069263146678	135	135
94.0	92.0	74.0	99.0	97.0	81.0	20	0.000159838030795	7.70849318076e-05	DLR00012647-2009-07-01_08-47-30	-0.000405617573555	4	95	2861.5	620.5	4.22351049565e-05	0.00197133571314	135	135
94.0	91.0	74.0	99.0	98.0	84.0	21	0.000959028184773	0.000112808494789	DLR00012647-2009-07-01_08-47-30	-0.000303498438214	4	95	2992.5	613.5	0.00011474547548	0.00319676061591	135	135
92.0	88.0	72.0	97.0	94.0	79.0	22	0.0	8.25071176947e-05	DLR00012647-2009-07-01_08-47-30	-0.000763101535216	4	95	3133.5	618.5	4.96932343805e-05	0.00218445308754	135	135
88.0	85.0	70.0	93.0	92.0	77.0	23	0.00106558687197	9.09239599946e-05	DLR00012647-2009-07-01_08-47-30	-0.00119369975775	4	95	3273.5	618.5	8.05486802306e-05	0.00239757046193	135	135
85.0	83.0	69.0	90.0	89.0	74.0	24	0.000106558687197	8.48316526411e-05	DLR00012647-2009-07-01_08-47-30	-0.000575410933057	4	95	3406.5	618.5	6.98789879408e-05	0.00298364324152	135	135
91.0	89.0	75.0	95.0	93.0	81.0	1	0.0	7.94373113508e-05	DLR00012647-2009-07-01_08-47-30	0.00137817828504	5	95	266.5	755.5	3.59667060455e-05	0.00165165965155	135	135
93.0	91.0	76.0	96.5	95.0	81.0	2	0.0	7.87715501275e-05	DLR00012647-2009-07-01_08-47-30	0.00194215024798	5	95	405.5	757.5	6.23150897543e-05	0.00298364324152	135	135
95.0	92.0	77.0	99.0	97.0	82.0	3	0.0	7.46357471546e-05	DLR00012647-2009-07-01_08-47-30	0.00143622779221	5	95	533.5	757.5	1.36299033245e-05	0.00069263146678	135	135
96.0	94.0	77.0	101.0	99.5	85.0	4	0.0	9.79432699498e-05	DLR00012647-2009-07-01_08-47-30	0.00102528680193	5	95	671.5	752.5	5.44545337053e-05	0.00191805636955	135	135
96.0	94.0	77.0	101.0	100.0	83.5	5	0.000266396717992	9.12847859662e-05	DLR00012647-2009-07-01_08-47-30	0.000973762800888	5	95	813.5	757.5	2.79740649067e-05	0.00106558687197	135	135
96.0	95.0	77.0	102.0	101.0	85.0	6	0.0	9.85273644068e-05	DLR00012647-2009-07-01_08-47-30	0.000696775453312	5	95	948.5	757.5	2.08418514841e-05	0.000799190153977	135	135
95.0	95.0	77.0	99.5	100.0	83.0	7	0.0	7.56907162551e-05	DLR00012647-2009-07-01_08-47-30	0.000441071011458	5	95	1085.5	757.5	2.1764826316e-05	0.00106558687197	135	135
94.0	94.0	77.0	100.0	100.0	84.0	8	0.000106558687197	8.68605274911e-05	DLR00012647-2009-07-01_08-47-30	0.000294245279483	5	95	1224.5	747.5	5.15052322325e-05	0.00207789440034	135	135
94.0	94.0	77.0	99.5	100.0	85.0	9	0.000159838030795	8.77192635129e-05	DLR00012647-2009-07-01_08-47-30	0.000264068835666	5	95	1360.5	757.5	4.73544475604e-05	0.00191805636955	135	135
94.0	94.0	77.0	99.0	100.0	84.0	10	5.32793435985e-05	8.83537092598e-05	DLR00012647-2009-07-01_08-47-30	0.000396503694573	5	95	1495.5	757.5	2.70585454941e-05	0.00106558687197	135	135
93.0	93.0	76.0	98.0	99.0	82.0	11	0.000532793435985	8.74255793715e-05	DLR00012647-2009-07-01_08-47-30	5.7488744189e-05	5	95	1628.5	756.5	3.71687504312e-05	0.00101230752837	135	135
93.0	93.0	76.0	99.5	99.0	82.0	12	0.000586072779583	8.1504590268e-05	DLR00012647-2009-07-01_08-47-30	-4.19134354997e-05	5	95	1766.5	750.5	3.21837779727e-05	0.00106558687197	135	135
93.0	93.0	76.0	100.0	102.0	86.0	13	0.00234429111833	0.000134335257876	DLR00012647-2009-07-01_08-47-30	0.000532484008204	5	95	1903.5	757.5	0.000584624531223	0.0160370824231	135	135
93.0	93.0	75.0	101.0	102.0	86.0	14	0.00522137567265	0.000117206236673	DLR00012647-2009-07-01_08-47-30	-0.000606612307311	5	95	2041.5	757.5	0.000546336656939	0.0111886621557	135	135
93.0	93.0	75.0	100.0	100.0	84.5	15	0.000745910810379	0.000111045607003	DLR00012647-2009-07-01_08-47-30	-0.000747277867188	5	95	2178.5	757.5	5.37313560817e-05	0.00159838030795	135	135
93.0	93.0	75.0	99.0	100.0	82.0	16	0.000159838030795	0.000101420556486	DLR00012647-2009-07-01_08-47-30	-0.000820134012737	5	95	2313.5	757.5	3.25647488118e-05	0.00117214555917	135	135
94.0	93.0	75.0	98.0	99.0	83.0	17	0.000639352123182	8.12224697573e-05	DLR00012647-2009-07-01_08-47-30	-0.000517561755947	5	95	2453.5	763.5	2.92323591196e-05	0.000905748841174	135	135
94.0	93.0	75.0	103.0	110.5	98.0	18	0.00458202354947	0.000280875662143	DLR00012647-2009-07-01_08-47-30	0.00142799314448	5	95	2590.5	754.5	0.000974112637283	0.0148116575204	135	135
95.0	93.0	75.0	102.0	106.0	91.0	19	0.00612712451383	0.000201078750018	DLR00012647-2009-07-01_08-47-30	0.00101366231394	5	95	2721.5	749.5	0.000972727926626	0.0174756247003	135	135
94.0	92.0	74.0	99.5	100.0	83.0	20	0.000266396717992	0.000109010560882	DLR00012647-2009-07-01_08-47-30	-0.000412097577047	5	95	2853.5	757.5	3.30420450289e-05	0.00106558687197	135	135
93.0	90.0	73.0	98.0	96.0	80.0	21	0.000159838030795	7.79749349616e-05	DLR00012647-2009-07-01_08-47-30	-0.000575668170431	5	95	2998.5	757.5	1.82511128672e-05	0.00069263146678	135	135
91.0	88.0	71.0	97.0	94.5	81.0	22	0.000532793435985	9.36497242348e-05	DLR00012647-2009-07-01_08-47-30	-0.000650628597156	5	95	3124.5	757.5	4.82946897136e-05	0.00170493899515	135	135
88.0	85.0	69.0	94.0	91.0	77.0	23	0.0	8.63624964184e-05	DLR00012647-2009-07-01_08-47-30	-0.00129692010485	5	95	3265.5	757.5	2.72635431392e-05	0.00111886621557	135	135
85.0	83.0	68.0	90.0	89.0	75.0	24	0.0	7.45441551694e-05	DLR00012647-2009-07-01_08-47-30	-0.00101226967727	5	95	3408.5	759.5	2.00683684169e-05	0.000959028184773	135	135
91.0	89.0	75.0	96.0	94.0	83.0	1	0.0	8.43347248991e-05	DLR00012647-2009-07-01_08-47-30	0.00114991871023	6	95	267.5	893.5	2.43327395861e-05	0.000959028184773	135	135
93.0	91.0	76.0	98.0	96.0	82.0	2	0.0	8.26291790639e-05	DLR00012647-2009-07-01_08-47-30	0.00208734121648	6	95	403.5	891.5	3.81994174287e-05	0.00170493899515	135	135
95.0	93.0	76.0	100.0	99.0	83.0	3	0.00069263146678	9.52511026882e-05	DLR00012647-2009-07-01_08-47-30	0.00180986096468	6	95	538.5	893.5	7.00271070999e-05	0.00229101177473	135	135
96.0	94.0	77.0	100.0	99.0	83.0	4	0.00069263146678	8.20065092318e-05	DLR00012647-2009-07-01_08-47-30	0.0018056433414	6	95	676.5	888.5	6.38478790995e-05	0.00229101177473	135	135
96.0	95.0	77.0	100.0	99.0	84.0	5	0.0	7.99628953416e-05	DLR00012647-2009-07-01_08-47-30	0.0012611207835	6	95	816.5	898.5	3.02372380292e-05	0.00133198358996	135	135
96.0	94.0	77.0	101.0	101.0	84.0	6	0.000852469497576	9.85273644068e-05	DLR00012647-2009-07-01_08-47-30	0.00105588307204	6	95	948.5	893.5	6.76356982744e-05	0.00207789440034	135	135
95.0	94.0	77.0	99.0	99.0	83.0	7	0.0	7.15693742438e-05	DLR00012647-2009-07-01_08-47-30	0.000951757044274	6	95	1086.5	891.5	9.15449891606e-06	0.000479514092386	135	135
94.0	94.0	77.0	99.0	100.0	84.0	8	0.00069263146678	8.60538895446e-05	DLR00012647-2009-07-01_08-47-30	-4.452395821e-05	6	95	1224.5	895.5	4.74398841722e-05	0.00159838030795	135	135
94.0	94.0	77.0	100.5	102.5	85.0	9	0.00159838030795	0.000113990853766	DLR00012647-2009-07-01_08-47-30	-0.000256074391288	6	95	1360.5	883.5	7.15591952144e-05	0.00149182162076	135	135
93.0	93.0	77.0	99.0	102.0	87.0	10	0.000532793435985	0.000108524455587	DLR00012647-2009-07-01_08-47-30	0.00040223225599	6	95	1499.5	893.5	0.000121573844386	0.0036762747083	135	135
93.0	93.0	76.0	101.0	101.0	87.0	11	0.00122542490277	0.000131065231177	DLR00012647-2009-07-01_08-47-30	8.63005778599e-05	6	95	1643.5	891.5	7.08396936918e-05	0.00186477702595	135	135
92.0	92.0	76.0	101.0	101.0	88.0	12	0.000959028184773	0.000146849765282	DLR00012647-2009-07-01_08-47-30	-0.000712834410425	6	95	1771.5	893.5	5.05061796871e-05	0.00122542490277	135	135
92.0	92.0	75.0	97.0	97.0	82.5	13	0.0	7.85082685078e-05	DLR00012647-2009-07-01_08-47-30	-0.000508502228474	6	95	1902.5	889.5	6.53261835162e-06	0.000319676061591	135	135
92.0	92.0	75.0	100.0	101.0	85.0	14	0.000639352123182	0.000105603192592	DLR00012647-2009-07-01_08-47-30	-0.000496593732804	6	95	2041.5	887.5	5.99549476104e-05	0.00191805636955	135	135
93.0	93.0	75.0	99.0	100.0	84.0	15	0.000639352123182	0.000104891030158	DLR00012647-2009-07-01_08-47-30	-0.000537748496184	6	95	2178.5	893.5	4.38831679992e-05	0.00133198358996	135	135
93.0	93.0	76.0	98.0	99.0	82.0	16	0.0	8.41294786369e-05	DLR00012647-2009-07-01_08-47-30	-0.000291179925684	6	95	2316.5	893.5	2.34302477263e-05	0.000959028184773	135	135
94.0	93.0	75.0	127.5	131.5	122.0	17	0.0163034791411	0.000267125594651	DLR00012647-2009-07-01_08-47-30	-0.00089577982956	6	95	2460.5	893.5	0.00138004745563	0.0149182162076	135	135
94.0	93.0	75.0	113.0	115.0	101.5	18	0.00266396717992	0.000145315470377	DLR00012647-2009-07-01_08-47-30	-0.0010509072304	6	95	2590.5	893.5	0.000189973639076	0.00415578880068	135	135
94.0	92.0	73.0	102.5	101.0	84.0	19	0.000639352123182	0.000135401908671	DLR00012647-2009-07-01_08-47-30	-0.00134259620696	6	95	2726.5	894.5	2.64484728851e-05	0.000639352123182	135	135
94.0	91.0	73.0	99.0	97.0	82.0	20	0.0	8.90744209516e-05	DLR00012647-2009-07-01_08-47-30	-0.000315805937219	6	95	2861.5	889.5	7.76145564235e-05	0.00325003995951	135	135
93.0	90.0	72.0	99.0	97.0	81.0	21	0.000745910810379	9.76004535119e-05	DLR00012647-2009-07-01_08-47-30	-0.000203141872224	6	95	2996.5	885.5	7.02960466799e-05	0.00239757046193	135	135
91.0	88.0	71.0	95.0	93.0	76.0	22	0.0	7.68321073509e-05	DLR00012647-2009-07-01_08-47-30	-0.00037917237087	6	95	3126.5	893.5	1.56963732737e-05	0.000799190153977	135	135
88.0	85.0	69.0	92.0	92.0	77.0	23	0.000905748841174	8.87259835372e-05	DLR00012647-2009-07-01_08-47-30	-0.000897178173517	6	95	3269.5	889.5	0.000146344066392	0.00543449304705	135	135
85.0	83.0	68.0	92.0	92.0	80.0	24	0.000852469497576	0.000141227006375	DLR00012647-2009-07-01_08-47-30	-0.00128947577932	6	95	3411.5	893.5	4.02851095768e-05	0.000959028184773	135	135
92.0	90.0	75.0	96.0	95.0	80.0	1	0.0	8.92613075836e-05	DLR00012647-2009-07-01_08-47-30	0.00138550481497	7	95	272.5	1029.5	7.22782024657e-05	0.00298364324152	135	135
94.0	91.0	75.0	100.0	97.5	82.0	2	0.00111886621557	0.000105085970958	DLR00012647-2009-07-01_08-47-30	0.00181799254714	7	95	410.5	1029.5	8.2164806003e-05	0.00234429111833	135	135
95.0	93.0	76.0	99.5	98.0	82.0	3	0.000799190153977	7.81606880713e-05	DLR00012647-2009-07-01_08-47-30	0.00188773161496	7	95	548.5	1025.5	6.98594790634e-05	0.00191805636955	135	135
96.0	94.0	76.0	100.5	100.0	83.0	4	0.00111886621557	8.64241865467e-05	DLR00012647-2009-07-01_08-47-30	0.00147648296966	7	95	676.5	1028.5	5.58339929753e-05	0.00138526293356	135	135
96.0	94.0	76.0	99.0	99.0	83.0	5	0.0	8.41605087543e-05	DLR00012647-2009-07-01_08-47-30	0.00151159864076	7	95	822.5	1029.5	2.15728121179e-05	0.00101230752837	135	135
96.0	94.0	76.0	99.0	99.0	83.0	6	0.0	7.23355435513e-05	DLR00012647-2009-07-01_08-47-30	0.00102018620222	7	95	952.5	1024.5	1.57312640489e-05	0.000799190153977	135	135
95.0	94.0	76.0	101.0	103.0	85.5	7	0.000639352123182	0.000124485496413	DLR00012647-2009-07-01_08-47-30	0.000465881056104	7	95	1081.5	1029.5	6.32506014276e-05	0.00181149768235	135	135
94.0	94.0	76.0	100.0	101.0	84.0	8	0.000639352123182	9.30143239444e-05	DLR00012647-2009-07-01_08-47-30	4.95112613051e-05	7	95	1219.5	1029.5	5.39436096752e-05	0.00165165965155	135	135
93.0	93.0	76.0	99.0	101.0	83.0	9	0.000159838030795	9.43114139568e-05	DLR00012647-2009-07-01_08-47-30	-0.000195610136243	7	95	1360.5	1029.5	4.45173843388e-05	0.00165165965155	135	135
93.0	93.0	77.0	99.0	99.0	83.0	10	0.000479514092386	9.15343515471e-05	DLR00012647-2009-07-01_08-47-30	0.000515804588149	7	95	1485.5	1027.5	4.69909422795e-05	0.00165165965155	135	135
92.0	93.0	76.0	97.0	98.0	81.0	11	0.0	7.94714099004e-05	DLR00012647-2009-07-01_08-47-30	0.000324068635011	7	95	1635.5	1024.5	7.70109360528e-06	0.000372955405189	135	135
92.0	92.0	76.0	97.0	98.0	83.0	12	0.000586072779583	8.67547181195e-05	DLR00012647-2009-07-01_08-47-30	-5.82438353769e-05	7	95	1771.5	1029.5	4.15047766338e-05	0.00143854227716	135	135
92.0	92.0	76.0	99.0	101.0	86.0	13	0.00127870424636	0.000135604256823	DLR00012647-2009-07-01_08-47-30	-0.0001217959309	7	95	1895.5	1029.5	5.75467167334e-05	0.00143854227716	135	135
92.0	92.0	75.0	100.0	100.0	86.0	14	0.00197133571314	0.000124270398563	DLR00012647-2009-07-01_08-47-30	-0.000512023708125	7	95	2041.5	1032.5	9.06639534908e-05	0.00186477702595	135	135
92.0	92.0	76.0	99.0	98.0	82.0	15	0.0	8.14758983972e-05	DLR00012647-2009-07-01_08-47-30	9.29190361989e-05	7	95	2178.5	1032.5	7.60489007934e-06	0.000372955405189	135	135
93.0	93.0	76.0	99.5	99.5	83.0	16	0.000106558687197	0.000105468030954	DLR00012647-2009-07-01_08-47-30	0.000254969535273	7	95	2316.5	1029.5	2.47553676179e-05	0.000852469497576	135	135
93.0	92.0	75.0	99.0	99.0	81.0	17	0.0	8.49649042755e-05	DLR00012647-2009-07-01_08-47-30	-0.000640331653669	7	95	2462.5	1029.5	1.43184330144e-05	0.000586072779583	135	135
93.0	91.0	73.0	99.0	99.0	81.0	18	0.000319676061591	0.000104320147872	DLR00012647-2009-07-01_08-47-30	-0.000966308974226	7	95	2590.5	1029.5	1.55580782363e-05	0.000479514092386	135	135
93.0	91.0	73.0	97.0	97.0	80.0	19	0.0	8.66341711551e-05	DLR00012647-2009-07-01_08-47-30	-0.000527664129271	7	95	2728.5	1029.5	3.03061008436e-05	0.00127870424636	135	135
93.0	91.0	73.0	99.0	98.0	81.0	20	0.00069263146678	9.48044114492e-05	DLR00012647-2009-07-01_08-47-30	-0.000403014852632	7	95	2861.5	1029.5	8.41600193299e-05	0.00287708455432	135	135
93.0	90.0	72.0	98.0	97.0	80.0	21	0.00122542490277	0.000103135922563	DLR00012647-2009-07-01_08-47-30	-9.49992011617e-05	7	95	2993.5	1029.5	8.11089087335e-05	0.00255740849273	135	135
91.0	88.0	70.0	98.0	95.0	78.0	22	0.000799190153977	9.86893970581e-05	DLR00012647-2009-07-01_08-47-30	-0.000399569108011	7	95	3133.5	1022.5	3.89789641872e-05	0.00111886621557	135	135
88.0	85.0	68.0	92.0	91.0	76.0	23	0.0	9.81418296972e-05	DLR00012647-2009-07-01_08-47-30	-0.000995070385275	7	95	3273.5	1029.5	6.84415453051e-05	0.00245084980553	135	135
85.0	83.0	68.0	90.0	90.0	78.0	24	0.0	7.611922427e-05	DLR00012647-2009-07-01_08-47-30	-0.00138427155746	7	95	3411.5	1022.5	4.12412591464e-06	0.000213117374394	135	135
93.0	90.0	75.0	97.0	95.0	79.0	1	0.0	7.78938533149e-05	DLR00012647-2009-07-01_08-47-30	0.00144819184636	8	95	267.5	1165.5	4.06505411924e-05	0.00186477702595	135	135
94.0	92.0	75.0	98.0	96.0	81.0	2	0.0	8.1550877871e-05	DLR00012647-2009-07-01_08-47-30	0.00199054578667	8	95	403.5	1158.5	5.08646598985e-05	0.00229101177473	135	135
95.0	93.0	76.0	98.0	98.0	83.0	3	0.000106558687197	8.6217035812e-05	DLR00012647-2009-07-01_08-47-30	0.00203909556674	8	95	545.5	1168.5	9.42202912214e-05	0.0035697160211	135	135
96.0	94.0	76.0	100.0	100.0	83.0	4	0.00106558687197	8.51710673052e-05	DLR00012647-2009-07-01_08-47-30	0.00190810695099	8	95	670.5	1165.5	9.61995935968e-05	0.00319676061591	135	135
96.0	94.0	76.0	101.0	100.0	81.0	5	0.0	7.74504666854e-05	DLR00012647-2009-07-01_08-47-30	0.00156208435227	8	95	813.5	1165.5	2.06497308753e-05	0.000959028184773	135	135
95.0	94.0	76.0	101.0	100.0	83.0	6	0.00111886621557	9.5741303756e-05	DLR00012647-2009-07-01_08-47-30	0.00133407447427	8	95	948.5	1161.5	7.25059561616e-05	0.00234429111833	135	135
94.0	94.0	76.0	100.0	100.0	84.0	7	0.000479514092386	9.14236121587e-05	DLR00012647-2009-07-01_08-47-30	0.000792214982885	8	95	1085.5	1167.5	6.75986983979e-05	0.00250412914913	135	135
94.0	93.0	76.0	98.0	98.0	83.0	8	0.0	9.0999873971e-05	DLR00012647-2009-07-01_08-47-30	0.000769366857751	8	95	1224.5	1167.5	2.20058119798e-05	0.000905748841174	135	135
93.0	93.0	76.0	98.0	99.0	82.0	9	0.000745910810379	8.68321359875e-05	DLR00012647-2009-07-01_08-47-30	0.000610034492722	8	95	1360.5	1166.5	4.55317945205e-05	0.00143854227716	135	135
92.0	93.0	76.0	100.0	101.0	85.0	10	0.00154510096436	0.000120521182967	DLR00012647-2009-07-01_08-47-30	0.000576051949833	8	95	1489.5	1165.5	8.07835063798e-05	0.00239757046193	135	135
92.0	92.0	76.0	97.0	97.0	82.0	11	0.000586072779583	7.91184505321e-05	DLR00012647-2009-07-01_08-47-30	0.000593379021308	8	95	1629.5	1165.5	7.30470267945e-05	0.00287708455432	135	135
92.0	92.0	76.0	98.0	98.0	84.0	12	0.000852469497576	9.77737711842e-05	DLR00012647-2009-07-01_08-47-30	0.000380468576643	8	95	1762.5	1158.5	4.81147271129e-05	0.00111886621557	135	135
92.0	92.0	76.0	98.5	98.5	81.5	13	0.0	9.93046389381e-05	DLR00012647-2009-07-01_08-47-30	-3.90955399039e-07	8	95	1903.5	1164.5	8.36766463904e-06	0.000319676061591	135	135
92.0	92.0	76.0	96.0	98.0	83.0	14	0.0	8.98390864764e-05	DLR00012647-2009-07-01_08-47-30	9.0933222052e-05	8	95	2031.5	1161.5	3.08405551617e-05	0.00127870424636	135	135
92.0	92.0	75.0	97.5	98.0	83.0	15	0.0	9.6585544424e-05	DLR00012647-2009-07-01_08-47-30	0.000155455366748	8	95	2181.5	1166.5	5.03653273127e-05	0.00191805636955	135	135
92.0	91.0	75.0	97.0	98.0	82.0	16	0.000426234748788	9.03608842584e-05	DLR00012647-2009-07-01_08-47-30	-0.000191329131793	8	95	2316.5	1155.5	8.710045127e-05	0.00314348127231	135	135
92.0	91.0	74.0	97.0	98.0	83.0	17	0.000426234748788	9.72798344486e-05	DLR00012647-2009-07-01_08-47-30	-0.000458172903482	8	95	2443.5	1162.5	4.57585709068e-05	0.00149182162076	135	135
92.0	91.0	73.0	98.0	98.5	84.0	18	0.0	8.00404629099e-05	DLR00012647-2009-07-01_08-47-30	-0.000659980164886	8	95	2590.5	1163.5	5.53250234542e-05	0.00255740849273	135	135
93.0	91.0	73.0	97.0	98.0	81.0	19	0.0	8.34031436307e-05	DLR00012647-2009-07-01_08-47-30	-0.000383889660213	8	95	2726.5	1161.5	6.65744433317e-05	0.00303692258511	135	135
93.0	90.0	72.0	98.0	97.0	79.0	20	0.00111886621557	9.62724790044e-05	DLR00012647-2009-07-01_08-47-30	-0.000106308259566	8	95	2861.5	1161.5	0.000150996062874	0.00516809632905	135	135
93.0	90.0	72.0	97.0	96.0	79.0	21	0.00101230752837	9.37013711912e-05	DLR00012647-2009-07-01_08-47-30	2.37643782325e-05	8	95	2991.5	1158.5	0.000225700766103	0.00809846022697	135	135
91.0	88.0	70.0	96.0	93.0	76.0	22	0.0	7.76149434909e-05	DLR00012647-2009-07-01_08-47-30	-0.000296827029646	8	95	3133.5	1156.5	4.17323561712e-05	0.00197133571314	135	135
87.0	85.0	68.0	92.0	89.0	74.5	23	0.0	7.77818466928e-05	DLR00012647-2009-07-01_08-47-30	-0.000809433516273	8	95	3274.5	1161.5	2.31188215611e-05	0.00106558687197	135	135
84.0	83.0	67.0	91.0	91.0	76.0	24	0.00133198358996	0.000117850284493	DLR00012647-2009-07-01_08-47-30	-0.00126015697738	8	95	3411.5	1165.5	0.000102421940231	0.00218445308754	135	135
93.0	90.0	74.0	98.5	98.0	83.0	1	0.00133198358996	0.000120620699264	DLR00012647-2009-07-01_08-47-30	0.000869192548819	9	95	269.5	1302.5	6.02533032764e-05	0.00138526293356	135	135
94.0	91.0	75.0	98.0	97.0	81.0	2	0.000372955405189	8.36484845816e-05	DLR00012647-2009-07-01_08-47-30	0.00142124288805	9	95	403.5	1301.5	0.000110247893248	0.00442218551867	135	135
95.0	93.0	75.0	99.0	98.0	83.0	3	0.000852469497576	8.91823338344e-05	DLR00012647-2009-07-01_08-47-30	0.00171684469275	9	95	544.5	1300.5	9.55910061852e-05	0.00314348127231	135	135
96.0	94.0	76.0	99.0	98.0	81.0	4	0.0	7.60455194307e-05	DLR00012647-2009-07-01_08-47-30	0.00174102752592	9	95	666.5	1301.5	2.07124300443e-05	0.00101230752837	135	135
96.0	94.0	76.0	100.0	99.0	83.0	5	5.32793435985e-05	8.01545302448e-05	DLR00012647-2009-07-01_08-47-30	0.00140787857907	9	95	813.5	1301.5	4.18477600476e-05	0.00186477702595	135	135
95.0	94.0	76.0	99.0	99.0	83.0	6	0.000213117374394	7.71869842786e-05	DLR00012647-2009-07-01_08-47-30	0.00103549283137	9	95	948.5	1301.5	3.29399780249e-05	0.00138526293356	135	135
94.0	93.0	75.0	99.5	99.5	82.0	7	0.000372955405189	9.18783624831e-05	DLR00012647-2009-07-01_08-47-30	0.000819516615279	9	95	1083.5	1301.5	5.43964853645e-05	0.00202461505674	135	135
93.0	93.0	76.0	99.0	99.5	84.0	8	0.0	7.59103007276e-05	DLR00012647-2009-07-01_08-47-30	0.000547752394718	9	95	1224.5	1301.5	5.43535044359e-05	0.00266396717992	135	135
93.0	93.0	76.0	101.0	102.0	88.0	9	0.000586072779583	8.95024664807e-05	DLR00012647-2009-07-01_08-47-30	0.00068030938155	9	95	1360.5	1306.5	0.000145861681339	0.00575416910864	135	135
94.0	94.0	78.0	100.0	103.0	88.0	10	0.000959028184773	8.41422022433e-05	DLR00012647-2009-07-01_08-47-30	0.000948159983563	9	95	1495.5	1301.5	0.00030441617621	0.0120944109969	135	135
95.0	95.0	79.0	102.0	105.0	92.0	11	0.00069263146678	8.74482675683e-05	DLR00012647-2009-07-01_08-47-30	0.00135646011068	9	95	1634.5	1301.5	0.000560483006431	0.0228568384038	135	135
94.0	95.0	79.0	101.0	104.0	90.0	12	0.000745910810379	8.43134818479e-05	DLR00012647-2009-07-01_08-47-30	0.000751336614427	9	95	1764.5	1310.5	0.000492791796111	0.020565826629	135	135
93.0	94.0	78.0	100.0	105.0	90.0	13	0.00111886621557	7.924240641e-05	DLR00012647-2009-07-01_08-47-30	0.000750404918411	9	95	1912.5	1301.5	0.000417677391627	0.0189141669775	135	135
94.0	95.0	79.0	100.0	103.0	89.0	14	5.32793435985e-05	8.31058239355e-05	DLR00012647-2009-07-01_08-47-30	0.000684286622654	9	95	2036.5	1301.5	0.000239941592007	0.0108157067505	135	135
93.0	94.0	78.0	101.0	106.0	93.0	15	0.000745910810379	8.5761994125e-05	DLR00012647-2009-07-01_08-47-30	0.000793642800057	9	95	2169.5	1301.5	0.000487859991493	0.020832223347	135	135
94.0	95.0	78.0	100.0	103.0	88.0	16	0.000852469497576	9.22716882278e-05	DLR00012647-2009-07-01_08-47-30	0.000339263569655	9	95	2307.5	1301.5	0.000168947694707	0.00596728648303	135	135
93.0	93.0	76.0	101.0	103.0	89.0	17	0.00069263146678	8.57075716078e-05	DLR00012647-2009-07-01_08-47-30	3.92178271439e-05	9	95	2444.5	1301.5	0.000418594003707	0.0173690660131	135	135
94.0	93.0	76.0	100.0	103.0	88.0	18	0.000213117374394	8.22345901731e-05	DLR00012647-2009-07-01_08-47-30	4.85970052048e-05	9	95	2587.5	1292.5	0.000462071760555	0.0205125472854	135	135
93.0	91.0	73.0	98.0	98.0	81.0	19	0.00143854227716	9.24541283982e-05	DLR00012647-2009-07-01_08-47-30	-0.00071496567103	9	95	2721.5	1301.5	0.000100486685757	0.00330331930311	135	135
92.0	90.0	72.0	96.0	97.0	81.0	20	0.000213117374394	0.000104972171154	DLR00012647-2009-07-01_08-47-30	-0.000501721190764	9	95	2861.5	1301.5	0.000159417804709	0.00575416910864	135	135
92.0	89.0	71.0	98.0	95.5	79.0	21	0.00106558687197	9.11372018777e-05	DLR00012647-2009-07-01_08-47-30	-0.000440250683958	9	95	2998.5	1301.5	5.86300008649e-05	0.00138526293356	135	135
90.0	87.0	70.0	95.0	93.0	77.0	22	0.000426234748788	8.77415736975e-05	DLR00012647-2009-07-01_08-47-30	-0.000704905400319	9	95	3134.5	1302.5	4.93067056563e-05	0.00191805636955	135	135
87.0	84.0	68.0	89.5	88.0	73.0	23	0.0	7.52215933593e-05	DLR00012647-2009-07-01_08-47-30	-0.00092178762736	9	95	3273.5	1301.5	4.12547686362e-05	0.00202461505674	135	135
84.0	82.0	67.0	89.0	89.0	75.0	24	0.000639352123182	9.77496410152e-05	DLR00012647-2009-07-01_08-47-30	-0.000923197758046	9	95	3414.5	1295.5	5.43456296755e-05	0.00165165965155	135	135
93.0	90.0	75.0	97.0	96.0	82.0	1	0.000106558687197	9.00815543623e-05	DLR00012647-2009-07-01_08-47-30	0.00115214471369	10	95	263.5	1444.5	6.18193786208e-05	0.00229101177473	135	135
93.0	91.0	75.0	98.0	96.0	81.0	2	0.000266396717992	8.12893276447e-05	DLR00012647-2009-07-01_08-47-30	0.00127677993328	10	95	403.5	1441.5	7.21557303245e-05	0.00314348127231	135	135
94.0	92.0	75.0	97.0	98.0	81.0	3	0.000426234748788	7.93436598908e-05	DLR00012647-2009-07-01_08-47-30	0.00162996125141	10	95	537.5	1447.5	5.15140042839e-05	0.00213117374394	135	135
95.0	94.0	76.0	100.0	99.0	82.0	4	0.0	8.12355585823e-05	DLR00012647-2009-07-01_08-47-30	0.00226824106374	10	95	676.5	1440.5	5.98314028237e-05	0.00271724652352	135	135
96.0	94.0	76.0	100.0	100.0	85.0	5	0.000905748841174	8.86450059123e-05	DLR00012647-2009-07-01_08-47-30	0.00190758723256	10	95	809.5	1439.5	0.000114971877869	0.00378283339549	135	135
95.0	94.0	76.0	102.0	102.0	86.0	6	0.00271724652352	0.000134460291946	DLR00012647-2009-07-01_08-47-30	0.00157927959588	10	95	948.5	1431.5	0.000161585298728	0.00404923011349	135	135
94.0	93.0	75.0	98.5	98.0	82.0	7	5.32793435985e-05	8.69043770929e-05	DLR00012647-2009-07-01_08-47-30	0.000931616330106	10	95	1076.5	1436.5	1.72939743552e-05	0.000745910810379	135	135
93.0	93.0	75.0	97.0	98.0	81.0	8	0.0	8.31300379199e-05	DLR00012647-2009-07-01_08-47-30	0.0014903189419	10	95	1224.5	1440.5	3.67044912028e-05	0.00149182162076	135	135
93.0	92.0	76.0	97.0	97.0	81.0	9	0.0	7.86224094133e-05	DLR00012647-2009-07-01_08-47-30	0.00149260095041	10	95	1360.5	1437.5	3.09216386527e-05	0.00143854227716	135	135
93.0	93.0	77.0	99.0	100.0	84.5	10	0.000213117374394	9.42548569042e-05	DLR00012647-2009-07-01_08-47-30	0.00119003676276	10	95	1487.5	1435.5	0.000126394942755	0.00458202354947	135	135
93.0	93.0	77.0	100.0	102.0	87.0	11	0.000213117374394	8.67059506303e-05	DLR00012647-2009-07-01_08-47-30	0.00118702075384	10	95	1634.5	1435.5	0.000264512774595	0.0112419414993	135	135
91.0	92.0	75.0	96.0	97.0	81.0	12	0.0	8.38062296456e-05	DLR00012647-2009-07-01_08-47-30	0.000434350044038	10	95	1771.5	1440.5	2.7765305079e-05	0.00122542490277	135	135
91.0	92.0	75.0	97.0	97.0	82.0	13	0.0	7.46277449071e-05	DLR00012647-2009-07-01_08-47-30	0.000246487006889	10	95	1908.5	1435.5	5.08086199273e-06	0.000266396717992	135	135
91.0	91.0	74.0	97.0	98.0	81.5	14	0.000426234748788	7.86448086168e-05	DLR00012647-2009-07-01_08-47-30	-0.00024449084965	10	95	2041.5	1448.5	3.85214176319e-05	0.00159838030795	135	135
90.0	90.0	74.0	95.0	96.0	80.0	15	0.0	8.74792515828e-05	DLR00012647-2009-07-01_08-47-30	-0.00038968706012	10	95	2178.5	1440.5	4.75968194083e-05	0.00186477702595	135	135
90.0	90.0	73.0	97.0	98.0	82.0	16	0.00170493899515	0.000111698414539	DLR00012647-2009-07-01_08-47-30	-0.000228573844752	10	95	2316.5	1438.5	0.000148154146228	0.00415578880068	135	135
91.0	90.0	72.0	97.0	97.0	84.0	17	0.00149182162076	0.000110755740354	DLR00012647-2009-07-01_08-47-30	-0.00078798128487	10	95	2453.5	1440.5	9.81623119284e-05	0.00207789440034	135	135
91.0	90.0	72.0	96.0	96.0	80.0	18	0.0	8.40353784584e-05	DLR00012647-2009-07-01_08-47-30	-0.0007198532835	10	95	2590.5	1440.5	2.71027191884e-05	0.00117214555917	135	135
92.0	90.0	72.0	97.0	98.0	82.0	19	0.00245084980553	9.27082217919e-05	DLR00012647-2009-07-01_08-47-30	-0.000332061766612	10	95	2721.5	1436.5	0.00014136008934	0.00415578880068	135	135
92.0	89.0	71.0	100.0	100.0	84.0	20	0.00101230752837	0.000137470152243	DLR00012647-2009-07-01_08-47-30	-0.000954712868545	10	95	2861.5	1442.5	0.000147579549849	0.00415578880068	135	135
91.0	89.0	71.0	96.0	94.0	77.0	21	0.0	8.13124915575e-05	DLR00012647-2009-07-01_08-47-30	-0.000453438135795	10	95	2994.5	1435.5	4.97502690434e-05	0.00213117374394	135	135
90.0	88.0	71.0	94.0	94.0	78.0	22	0.000319676061591	8.09612483168e-05	DLR00012647-2009-07-01_08-47-30	-0.000219853168744	10	95	3133.5	1442.5	0.000143918003898	0.00580744845224	135	135
86.0	84.0	68.0	90.0	90.0	75.0	23	0.000479514092386	9.15286367752e-05	DLR00012647-2009-07-01_08-47-30	-0.000920633943572	10	95	3273.5	1434.5	4.48148585678e-05	0.00159838030795	135	135
83.0	82.0	67.0	91.0	92.0	79.0	24	0.00149182162076	0.000120607435908	DLR00012647-2009-07-01_08-47-30	-0.000542465834311	10	95	3407.5	1440.5	0.00010403864111	0.00261068783633	135	135
92.0	90.0	74.0	97.0	94.0	80.0	1	0.0	8.2437092955e-05	DLR00012647-2009-07-01_08-47-30	0.000947575339789	11	95	267.5	1574.5	4.15747973644e-05	0.00165165965155	135	135
93.0	91.0	75.0	98.0	97.0	80.0	2	0.0	8.62814985698e-05	DLR00012647-2009-07-01_08-47-30	0.00171279306927	11	95	406.5	1574.5	1.73935481202e-05	0.000799190153977	135	135
94.0	92.0	75.0	98.0	96.0	81.5	3	0.0	7.75549192153e-05	DLR00012647-2009-07-01_08-47-30	0.00218727501193	11	95	541.5	1574.5	4.51773823866e-05	0.00213117374394	135	135
95.0	93.0	76.0	100.0	98.0	82.0	4	0.000479514092386	9.1640297e-05	DLR00012647-2009-07-01_08-47-30	0.00227309071453	11	95	676.5	1574.5	8.39928163936e-05	0.00314348127231	135	135
95.0	94.0	76.0	100.0	100.0	85.0	5	0.00277052586712	0.000109405938127	DLR00012647-2009-07-01_08-47-30	0.00272774494582	11	95	813.5	1574.5	0.000260682253677	0.00665991794981	135	135
95.0	94.0	76.0	99.0	99.0	81.0	6	0.0	8.39986399566e-05	DLR00012647-2009-07-01_08-47-30	0.00211119072101	11	95	948.5	1571.5	4.44533869429e-05	0.00191805636955	135	135
94.0	93.0	75.0	99.0	99.0	83.0	7	0.000213117374394	9.32158974514e-05	DLR00012647-2009-07-01_08-47-30	0.0020398108182	11	95	1082.5	1574.5	7.12506015955e-05	0.00277052586712	135	135
93.0	92.0	75.0	98.0	98.5	82.5	8	0.000799190153977	9.84126215769e-05	DLR00012647-2009-07-01_08-47-30	0.00115993483798	11	95	1224.5	1574.5	5.18906053256e-05	0.00159838030795	135	135
92.0	92.0	74.0	97.0	97.0	81.5	9	0.000159838030795	8.63194690337e-05	DLR00012647-2009-07-01_08-47-30	0.000394632786881	11	95	1355.5	1574.5	2.09632788691e-05	0.000745910810379	135	135
91.0	91.0	75.0	99.0	100.0	84.0	10	0.00239757046193	0.00011656342909	DLR00012647-2009-07-01_08-47-30	0.000621643879496	11	95	1495.5	1574.5	0.000125539179149	0.00314348127231	135	135
91.0	91.0	75.0	96.0	97.0	84.0	11	0.0	9.31957697945e-05	DLR00012647-2009-07-01_08-47-30	0.000622651622429	11	95	1625.5	1574.5	8.023396769e-05	0.00314348127231	135	135
91.0	91.0	74.0	97.0	98.0	83.0	12	0.000639352123182	8.67661267799e-05	DLR00012647-2009-07-01_08-47-30	0.000443589102303	11	95	1767.5	1572.5	7.6538628988e-05	0.00298364324152	135	135
90.0	91.0	74.0	96.0	97.0	80.0	13	0.000106558687197	9.10867494364e-05	DLR00012647-2009-07-01_08-47-30	1.77252690856e-05	11	95	1912.5	1574.5	1.84997843166e-05	0.00069263146678	135	135
90.0	90.0	73.0	96.0	98.0	82.0	14	0.000745910810379	0.000115831457182	DLR00012647-2009-07-01_08-47-30	-0.000205979784639	11	95	2041.5	1574.5	7.08384271837e-05	0.00213117374394	135	135
90.0	90.0	73.0	97.5	98.5	82.5	15	0.000372955405189	0.000124196250697	DLR00012647-2009-07-01_08-47-30	-0.000667924910137	11	95	2178.5	1574.5	1.95579377624e-05	0.000532793435985	135	135
90.0	89.0	72.0	95.0	95.0	79.0	16	0.0	8.80887054706e-05	DLR00012647-2009-07-01_08-47-30	-0.000782520278668	11	95	2316.5	1574.5	4.04247673249e-05	0.00175821833875	135	135
90.0	89.0	72.0	95.0	95.0	80.0	17	0.000586072779583	8.95593409001e-05	DLR00012647-2009-07-01_08-47-30	-0.000922583128894	11	95	2454.5	1574.5	4.86415057914e-05	0.00159838030795	135	135
91.0	90.0	73.0	97.0	97.0	82.0	18	0.000799190153977	8.56022213876e-05	DLR00012647-2009-07-01_08-47-30	-0.000533232492105	11	95	2589.5	1574.5	6.43995247581e-05	0.00223773243114	135	135
91.0	89.0	71.0	96.0	95.0	79.0	19	0.0	8.9526741037e-05	DLR00012647-2009-07-01_08-47-30	-0.000821261213073	11	95	2726.5	1574.5	9.35833217281e-05	0.00372955405189	135	135
91.0	89.0	71.0	98.0	100.0	83.0	20	0.000532793435985	0.000122501316367	DLR00012647-2009-07-01_08-47-30	-0.000666732634106	11	95	2859.5	1574.5	0.000442381421699	0.0142788640844	135	135
91.0	88.0	70.0	92.0	93.0	75.0	21	0.0	7.39212055541e-05	DLR00012647-2009-07-01_08-47-30	-0.0005315866378	11	95	2998.5	1574.5	5.24273840212e-06	0.000266396717992	135	135
90.0	88.0	72.0	95.0	95.0	80.0	22	0.000106558687197	8.00333370794e-05	DLR00012647-2009-07-01_08-47-30	-0.000233435046782	11	95	3135.5	1574.5	0.000193984922917	0.00836485694496	135	135
85.0	83.0	68.0	91.5	91.0	74.0	23	0.0	7.75915863593e-05	DLR00012647-2009-07-01_08-47-30	-0.00125343520923	11	95	3273.5	1574.5	2.87968078533e-05	0.00127870424636	135	135
82.0	81.0	66.0	86.0	86.5	71.0	24	0.0	7.81010237694e-05	DLR00012647-2009-07-01_08-47-30	-0.00114233425375	11	95	3408.5	1574.5	4.45360003996e-06	0.000213117374394	135	135
92.0	89.0	74.0	97.0	95.0	81.5	1	0.000426234748788	0.000104905772318	DLR00012647-2009-07-01_08-47-30	0.00103499056357	12	95	267.5	1715.5	3.8492818064e-05	0.00117214555917	135	135
92.0	90.0	74.0	96.0	96.0	81.0	2	0.0	8.53631136083e-05	DLR00012647-2009-07-01_08-47-30	0.0020780955492	12	95	403.5	1710.5	7.11705896735e-05	0.00293036389792	135	135
94.0	92.0	75.0	97.0	96.0	80.5	3	0.0	8.07305692394e-05	DLR00012647-2009-07-01_08-47-30	0.00243342917723	12	95	538.5	1713.5	3.34256261779e-05	0.00159838030795	135	135
95.0	93.0	76.0	99.0	98.0	82.0	4	0.000372955405189	8.97116212364e-05	DLR00012647-2009-07-01_08-47-30	0.00237210108727	12	95	667.5	1713.5	6.09047999059e-05	0.00229101177473	135	135
95.0	93.0	76.0	100.5	99.0	83.0	5	0.000532793435985	9.26839086255e-05	DLR00012647-2009-07-01_08-47-30	0.00183754326398	12	95	808.5	1718.5	3.39361911358e-05	0.00106558687197	135	135
95.0	93.0	75.0	99.0	98.0	81.0	6	0.0	8.29421918528e-05	DLR00012647-2009-07-01_08-47-30	0.00172695147111	12	95	948.5	1711.5	3.47609771719e-05	0.00149182162076	135	135
94.0	93.0	75.0	98.0	98.0	80.5	7	0.0	8.75942508509e-05	DLR00012647-2009-07-01_08-47-30	0.00124471411761	12	95	1081.5	1705.5	4.69365436845e-06	0.000213117374394	135	135
92.0	92.0	74.0	98.5	98.0	82.0	8	0.000266396717992	9.74887765985e-05	DLR00012647-2009-07-01_08-47-30	0.00119829760782	12	95	1224.5	1708.5	2.5172925634e-05	0.000852469497576	135	135
92.0	91.0	74.0	96.0	96.0	80.0	9	0.0	7.34077409036e-05	DLR00012647-2009-07-01_08-47-30	0.000736435911098	12	95	1361.5	1715.5	2.03915919548e-05	0.00106558687197	135	135
91.0	91.0	74.0	96.0	96.0	80.0	10	0.0	8.02018198867e-05	DLR00012647-2009-07-01_08-47-30	0.000782912801587	12	95	1504.5	1710.5	4.34021654961e-05	0.00181149768235	135	135
91.0	91.0	74.0	95.0	96.0	80.0	11	0.0	7.94061438181e-05	DLR00012647-2009-07-01_08-47-30	0.00055293915831	12	95	1634.5	1707.5	3.23859597011e-05	0.00138526293356	135	135
90.0	90.0	73.0	96.0	97.0	81.0	12	0.000905748841174	9.43244438301e-05	DLR00012647-2009-07-01_08-47-30	0.000427871009413	12	95	1768.5	1710.5	5.61348610873e-05	0.00170493899515	135	135
90.0	90.0	73.0	95.0	96.5	80.5	13	0.000266396717992	8.19379314037e-05	DLR00012647-2009-07-01_08-47-30	5.07621059458e-05	12	95	1906.5	1704.5	2.54015529237e-05	0.000852469497576	135	135
90.0	89.0	73.0	95.0	96.0	82.0	14	0.000106558687197	0.000103111638362	DLR00012647-2009-07-01_08-47-30	-0.000314461898245	12	95	2041.5	1703.5	8.36330539187e-05	0.00314348127231	135	135
89.0	89.0	72.0	95.0	95.0	81.0	15	0.000266396717992	9.89300634906e-05	DLR00012647-2009-07-01_08-47-30	-0.000405060690397	12	95	2175.5	1705.5	5.63440153585e-05	0.00202461505674	135	135
89.0	89.0	72.0	95.0	96.0	80.0	16	0.0	8.93831050329e-05	DLR00012647-2009-07-01_08-47-30	-0.000615066449542	12	95	2316.5	1710.5	6.01787156285e-05	0.00245084980553	135	135
90.0	88.0	72.0	95.0	95.0	79.0	17	5.32793435985e-05	9.4548010644e-05	DLR00012647-2009-07-01_08-47-30	-0.000941032635483	12	95	2448.5	1710.5	2.94373795467e-05	0.00111886621557	135	135
91.0	89.0	72.0	97.0	97.0	83.0	18	5.32793435985e-05	8.23800336926e-05	DLR00012647-2009-07-01_08-47-30	-0.000299478604275	12	95	2590.5	1710.5	0.000116286767558	0.00500825829826	135	135
91.0	89.0	72.0	98.0	98.0	83.0	19	0.0	8.37894937613e-05	DLR00012647-2009-07-01_08-47-30	-0.000690799669016	12	95	2724.5	1701.5	0.000132390866285	0.00591400713943	135	135
91.0	88.0	71.0	95.0	94.5	79.0	20	0.000586072779583	8.83661393335e-05	DLR00012647-2009-07-01_08-47-30	-1.83956274033e-06	12	95	2861.5	1710.5	0.000101789922965	0.00394267142629	135	135
90.0	87.0	70.0	95.0	94.0	79.0	21	0.000372955405189	8.78612785912e-05	DLR00012647-2009-07-01_08-47-30	-0.000994842723514	12	95	2998.5	1706.5	0.000100683559632	0.00388939208269	135	135
88.0	86.0	70.0	95.0	95.0	82.0	22	0.0	9.67971613353e-05	DLR00012647-2009-07-01_08-47-30	-0.00061328529023	12	95	3133.5	1710.5	0.000265730784674	0.00969684053492	135	135
85.0	83.0	68.0	92.0	91.0	76.0	23	5.32793435985e-05	7.66402544731e-05	DLR00012647-2009-07-01_08-47-30	-0.000927564680648	12	95	3264.5	1710.5	5.10228010878e-05	0.00229101177473	135	135
82.0	80.0	66.0	86.0	86.5	76.5	24	0.000586072779583	0.000127107268549	DLR00012647-2009-07-01_08-47-30	-0.000585528407363	12	95	3408.5	1705.5	6.35217678481e-05	0.00170493899515	135	135
91.0	88.0	74.0	95.0	93.0	78.0	1	0.0	7.55676111873e-05	DLR00012647-2009-07-01_08-47-30	0.00220009361326	13	95	271.5	1853.5	5.52959575851e-05	0.00261068783633	135	135
92.0	89.0	74.0	96.0	93.5	79.0	2	0.0	8.01254851298e-05	DLR00012647-2009-07-01_08-47-30	0.00248925277984	13	95	403.5	1849.5	7.22091041294e-05	0.00330331930311	135	135
93.0	91.0	75.0	97.0	96.0	80.0	3	0.00106558687197	8.50239497935e-05	DLR00012647-2009-07-01_08-47-30	0.00269415092424	13	95	541.5	1850.5	0.000142331872349	0.00500825829826	135	135
94.0	92.0	75.0	97.0	96.0	81.0	4	0.0	7.86053210577e-05	DLR00012647-2009-07-01_08-47-30	0.00208622431532	13	95	679.5	1850.5	3.1852249608e-05	0.00154510096436	135	135
94.0	93.0	76.0	98.0	97.5	81.0	5	0.000479514092386	7.69614791365e-05	DLR00012647-2009-07-01_08-47-30	0.00181670743188	13	95	808.5	1850.5	5.60480441544e-05	0.00213117374394	135	135
94.0	93.0	75.0	98.0	98.0	82.5	6	0.000905748841174	8.66437878796e-05	DLR00012647-2009-07-01_08-47-30	0.00185134718805	13	95	948.5	1850.5	5.81552511717e-05	0.00191805636955	135	135
93.0	92.0	75.0	97.0	102.0	95.0	7	0.000639352123182	0.000136779309886	DLR00012647-2009-07-01_08-47-30	0.00175600704919	13	95	1080.5	1850.5	0.000199124739094	0.00543449304705	135	135
92.0	91.0	74.0	96.0	96.0	81.0	8	0.0	7.83908371027e-05	DLR00012647-2009-07-01_08-47-30	0.00121797428259	13	95	1224.5	1850.5	2.02198991056e-05	0.000905748841174	135	135
91.0	91.0	74.0	96.0	97.0	82.0	9	0.000959028184773	9.95256899963e-05	DLR00012647-2009-07-01_08-47-30	0.00132253221751	13	95	1364.5	1850.5	0.000289889385642	0.0100697959401	135	135
91.0	91.0	74.0	96.0	95.0	80.0	10	0.0	7.89199142444e-05	DLR00012647-2009-07-01_08-47-30	0.00074445464254	13	95	1495.5	1841.5	2.56353587771e-05	0.00111886621557	135	135
90.0	90.0	74.0	96.0	96.0	80.0	11	0.000426234748788	9.43710400127e-05	DLR00012647-2009-07-01_08-47-30	0.000564333744526	13	95	1628.5	1850.5	2.82251299183e-05	0.000959028184773	135	135
90.0	90.0	73.0	102.0	103.0	90.5	12	0.0035697160211	0.000200430955877	DLR00012647-2009-07-01_08-47-30	0.000383115979497	13	95	1771.5	1855.5	0.000184865699262	0.00277052586712	135	135
89.0	89.0	73.0	95.0	96.0	80.0	13	0.000479514092386	9.97396037179e-05	DLR00012647-2009-07-01_08-47-30	0.000161958624848	13	95	1903.5	1850.5	3.40633531931e-05	0.00111886621557	135	135
89.0	89.0	73.0	95.0	95.0	80.0	14	0.0	8.99367606402e-05	DLR00012647-2009-07-01_08-47-30	-0.000222489093893	13	95	2044.5	1840.5	2.72587063432e-05	0.00101230752837	135	135
89.0	88.0	72.0	97.5	98.0	84.5	15	0.00127870424636	0.000137413546148	DLR00012647-2009-07-01_08-47-30	-0.000482289161814	13	95	2184.5	1850.5	6.03070859924e-05	0.00127870424636	135	135
89.0	88.0	72.0	94.0	94.0	79.0	16	0.000213117374394	8.27413917346e-05	DLR00012647-2009-07-01_08-47-30	-0.000641588194964	13	95	2316.5	1840.5	6.07284005529e-05	0.00229101177473	135	135
89.0	88.0	71.0	93.0	93.0	78.0	17	0.0	7.41823943284e-05	DLR00012647-2009-07-01_08-47-30	-0.000732338471112	13	95	2455.5	1850.5	3.43896338338e-06	0.000159838030795	135	135
90.0	88.0	71.0	96.0	97.0	81.0	18	0.0	8.40167059281e-05	DLR00012647-2009-07-01_08-47-30	-0.000415334031303	13	95	2589.5	1850.5	0.000108604971788	0.00463530289307	135	135
90.0	89.0	72.0	96.0	96.0	81.0	19	0.000159838030795	0.000108582427445	DLR00012647-2009-07-01_08-47-30	-0.000796214585877	13	95	2722.5	1850.5	8.94611633826e-05	0.00303692258511	135	135
89.0	87.0	71.0	96.0	94.0	80.0	20	0.000213117374394	0.00010050154579	DLR00012647-2009-07-01_08-47-30	-0.0018440288374	13	95	2861.5	1840.5	2.12575069732e-05	0.000799190153977	135	135
88.0	86.0	70.0	94.0	94.0	79.0	21	0.0	0.000125149075114	DLR00012647-2009-07-01_08-47-30	-0.000957102027146	13	95	3007.5	1850.5	6.80311965439e-05	0.00218445308754	135	135
87.0	84.0	69.0	93.0	91.0	77.0	22	5.32793435985e-05	8.65937703736e-05	DLR00012647-2009-07-01_08-47-30	-0.00121529416566	13	95	3133.5	1850.5	4.89058330658e-05	0.00186477702595	135	135
84.0	81.0	67.0	90.0	87.0	74.0	23	0.000213117374394	8.37269146483e-05	DLR00012647-2009-07-01_08-47-30	-0.000868576272565	13	95	3273.5	1850.5	6.61029720763e-05	0.00271724652352	135	135
81.0	79.0	65.0	85.0	85.0	72.0	24	0.000372955405189	7.85663596092e-05	DLR00012647-2009-07-01_08-47-30	-0.00097131927945	13	95	3405.5	1842.5	3.23507642554e-05	0.00122542490277	135	135
90.0	88.0	73.0	94.0	92.0	78.0	1	0.0	7.93620183895e-05	DLR00012647-2009-07-01_08-47-30	0.00288047535931	14	95	270.5	1992.5	5.25714997272e-05	0.00250412914913	135	135
91.0	88.0	73.0	95.0	92.0	78.0	2	0.0	7.68427815195e-05	DLR00012647-2009-07-01_08-47-30	0.00296801300401	14	95	412.5	1986.5	7.60682433628e-05	0.0036229953647	135	135
93.0	90.0	74.0	96.0	95.0	81.0	3	0.000372955405189	9.04310175411e-05	DLR00012647-2009-07-01_08-47-30	0.00272715094595	14	95	541.5	1986.5	0.000180710228268	0.00655335926261	135	135
94.0	92.0	76.0	98.0	96.0	81.0	4	0.0	7.988928394e-05	DLR00012647-2009-07-01_08-47-30	0.0025189068159	14	95	676.5	1986.5	4.40815303699e-05	0.00197133571314	135	135
94.0	92.0	75.0	99.0	98.0	83.0	5	0.000213117374394	9.51995916865e-05	DLR00012647-2009-07-01_08-47-30	0.00231317228273	14	95	814.5	1986.5	8.50256157882e-05	0.00298364324152	135	135
94.0	92.0	75.0	97.0	97.0	81.0	6	0.0	8.21193559661e-05	DLR00012647-2009-07-01_08-47-30	0.00191749131866	14	95	948.5	1981.5	2.80670639741e-05	0.00127870424636	135	135
93.0	92.0	74.0	99.0	98.0	83.0	7	0.000959028184773	9.75206706982e-05	DLR00012647-2009-07-01_08-47-30	0.00146711968055	14	95	1091.5	1986.5	0.000136269039047	0.00410250945708	135	135
92.0	91.0	74.0	97.0	96.0	79.0	8	0.0	8.33841966252e-05	DLR00012647-2009-07-01_08-47-30	0.00142529851062	14	95	1215.5	1986.5	4.29511412578e-05	0.00181149768235	135	135
91.0	90.0	73.0	96.0	95.0	79.5	9	0.0	8.13133315353e-05	DLR00012647-2009-07-01_08-47-30	0.0011191172944	14	95	1359.5	1986.5	2.55085118149e-05	0.00117214555917	135	135
90.0	90.0	73.0	94.5	95.5	77.0	10	0.0	8.14720600091e-05	DLR00012647-2009-07-01_08-47-30	0.000726609370213	14	95	1495.5	1986.5	1.09093547157e-05	0.000532793435985	135	135
90.0	90.0	73.0	95.0	95.0	80.0	11	0.000319676061591	9.17469666113e-05	DLR00012647-2009-07-01_08-47-30	0.00108035569253	14	95	1637.5	1986.5	0.000136425212484	0.00516809632905	135	135
89.0	89.0	73.0	94.0	94.0	80.0	12	0.000799190153977	9.14130385519e-05	DLR00012647-2009-07-01_08-47-30	0.000585517757106	14	95	1771.5	1976.5	7.5511257676e-05	0.00250412914913	135	135
89.0	89.0	72.0	95.0	98.0	83.0	13	0.000905748841174	0.000128778574523	DLR00012647-2009-07-01_08-47-30	5.49709624443e-05	14	95	1904.5	1982.5	5.80636557997e-05	0.00143854227716	135	135
89.0	88.0	72.0	93.0	93.0	77.5	14	0.0	7.6385396393e-05	DLR00012647-2009-07-01_08-47-30	-0.000119144849928	14	95	2033.5	1977.5	1.03685772066e-05	0.000532793435985	135	135
88.0	88.0	72.0	99.0	107.0	95.0	15	0.00538121370345	0.000148319168789	DLR00012647-2009-07-01_08-47-30	-0.000503868416386	14	95	2181.5	1979.5	0.000577272566926	0.0140124673664	135	135
88.0	88.0	71.0	92.0	92.0	78.0	16	0.0	8.15403014411e-05	DLR00012647-2009-07-01_08-47-30	-0.0004384695539	14	95	2316.5	1979.5	4.26833089353e-05	0.00197133571314	135	135
89.0	87.0	71.0	94.0	94.0	78.0	17	0.000426234748788	9.49356242066e-05	DLR00012647-2009-07-01_08-47-30	-0.000862721173579	14	95	2448.5	1977.5	4.04599153354e-05	0.00143854227716	135	135
89.0	88.0	71.0	93.5	92.5	76.0	18	0.0	7.26202524601e-05	DLR00012647-2009-07-01_08-47-30	-0.00036858462102	14	95	2592.5	1986.5	3.94452316685e-06	0.000213117374394	135	135
89.0	88.0	71.0	95.0	93.0	78.0	19	0.000372955405189	9.20303862933e-05	DLR00012647-2009-07-01_08-47-30	-0.000371753857528	14	95	2732.5	1986.5	4.57393531718e-05	0.00170493899515	135	135
89.0	87.0	71.0	95.0	96.0	81.0	20	0.000372955405189	0.000121165179563	DLR00012647-2009-07-01_08-47-30	-0.00104373645965	14	95	2865.5	1981.5	0.000125567519616	0.0035697160211	135	135
88.0	86.0	70.0	95.0	95.0	81.0	21	0.00069263146678	0.000115967911123	DLR00012647-2009-07-01_08-47-30	-0.00083861226025	14	95	2995.5	1982.5	9.04246415653e-05	0.00255740849273	135	135
87.0	84.0	68.0	91.0	88.0	76.0	22	0.000905748841174	8.54375994225e-05	DLR00012647-2009-07-01_08-47-30	-0.000807915523311	14	95	3133.5	1986.5	5.5000470673e-05	0.00159838030795	135	135
83.0	81.0	66.0	90.5	88.0	75.0	23	0.00117214555917	0.000111925093669	DLR00012647-2009-07-01_08-47-30	-0.000957730121111	14	95	3273.5	1979.5	6.95459921785e-05	0.00202461505674	135	135
81.0	79.0	66.0	87.0	90.0	78.0	24	0.0036229953647	0.000138951973852	DLR00012647-2009-07-01_08-47-30	-0.00118206275793	14	95	3411.5	1986.5	0.000218746508739	0.00410250945708	135	135
90.0	87.0	73.0	94.0	91.0	78.0	1	5.32793435985e-05	8.15233943516e-05	DLR00012647-2009-07-01_08-47-30	0.00279621163863	15	95	272.5	2122.5	0.000135249064781	0.00570088976504	135	135
91.0	87.0	73.0	95.0	92.5	77.0	2	0.0	8.15703138768e-05	DLR00012647-2009-07-01_08-47-30	0.00265149558999	15	95	403.5	2122.5	7.85583310481e-05	0.0034098779903	135	135
93.0	89.0	74.0	97.0	95.0	81.0	3	0.00111886621557	9.44570599006e-05	DLR00012647-2009-07-01_08-47-30	0.00206963859068	15	95	547.5	2124.5	0.000115692581834	0.00372955405189	135	135
94.0	91.0	75.0	98.5	96.0	80.0	4	0.0	8.47061493137e-05	DLR00012647-2009-07-01_08-47-30	0.0020354129608	15	95	670.5	2128.5	4.82573455135e-05	0.00202461505674	135	135
94.0	91.0	75.0	98.0	97.0	81.0	5	0.00186477702595	8.71457292569e-05	DLR00012647-2009-07-01_08-47-30	0.00234625123149	15	95	810.5	2125.5	0.00021694836881	0.0070861526986	135	135
93.0	91.0	74.0	97.5	95.0	80.0	6	0.0	7.89749614819e-05	DLR00012647-2009-07-01_08-47-30	0.00169177871098	15	95	948.5	2122.5	3.81857667293e-05	0.00170493899515	135	135
93.0	91.0	74.0	98.0	96.5	80.0	7	0.0	8.40203947432e-05	DLR00012647-2009-07-01_08-47-30	0.00156533893683	15	95	1075.5	2122.5	3.03853685599e-05	0.00127870424636	135	135
93.0	91.0	73.0	96.0	95.5	78.0	8	0.0	7.99341721309e-05	DLR00012647-2009-07-01_08-47-30	0.00117331575372	15	95	1221.5	2112.5	1.81985880881e-05	0.000852469497576	135	135
92.0	89.0	72.0	97.0	95.0	78.0	9	0.0	8.43886392058e-05	DLR00012647-2009-07-01_08-47-30	0.000734410111244	15	95	1359.5	2122.5	2.49755408525e-05	0.00111886621557	135	135
90.0	89.0	72.0	94.0	93.0	78.0	10	0.0	7.71987029604e-05	DLR00012647-2009-07-01_08-47-30	0.000530019148455	15	95	1496.5	2123.5	1.8523534288e-05	0.000905748841174	135	135
89.0	88.0	72.0	100.5	102.0	88.0	11	0.00186477702595	0.000194729379424	DLR00012647-2009-07-01_08-47-30	0.000451867929985	15	95	1636.5	2123.5	9.27933376334e-05	0.00170493899515	135	135
89.0	88.0	71.0	96.0	94.0	77.5	12	5.32793435985e-05	9.80184833192e-05	DLR00012647-2009-07-01_08-47-30	0.000190830683078	15	95	1771.5	2125.5	2.89870764846e-05	0.00106558687197	135	135
89.0	88.0	71.0	94.5	94.0	78.0	13	0.0	9.09858155342e-05	DLR00012647-2009-07-01_08-47-30	-0.00054443124048	15	95	1903.5	2122.5	4.52179704897e-05	0.00181149768235	135	135
88.0	87.0	70.0	93.5	93.0	76.5	14	0.0	8.78274964498e-05	DLR00012647-2009-07-01_08-47-30	-0.000925100787151	15	95	2047.5	2122.5	1.16169918603e-05	0.000532793435985	135	135
88.0	87.0	70.0	93.0	92.0	78.0	15	0.000479514092386	9.11934024695e-05	DLR00012647-2009-07-01_08-47-30	-0.000509499926679	15	95	2178.5	2122.5	0.000211590239506	0.00836485694496	135	135
89.0	87.0	70.0	94.0	93.0	76.5	16	0.0	9.47415333915e-05	DLR00012647-2009-07-01_08-47-30	-0.00087817359191	15	95	2316.5	2122.5	4.31085463511e-05	0.00159838030795	135	135
89.0	87.0	70.0	95.0	95.0	80.0	17	0.00127870424636	0.00010605129968	DLR00012647-2009-07-01_08-47-30	-0.000681983131548	15	95	2453.5	2122.5	9.28214162222e-05	0.00271724652352	135	135
89.0	87.0	70.0	96.0	97.0	82.0	18	0.00245084980553	0.000157060282455	DLR00012647-2009-07-01_08-47-30	-0.000350334165994	15	95	2590.5	2122.5	0.000238851958272	0.00506153764186	135	135
89.0	87.0	71.0	93.0	94.0	81.0	19	5.32793435985e-05	0.000105150781222	DLR00012647-2009-07-01_08-47-30	-0.000826014525801	15	95	2734.5	2116.5	7.61291069292e-05	0.00261068783633	135	135
89.0	86.0	71.0	93.0	92.0	78.0	20	0.0	8.06228133514e-05	DLR00012647-2009-07-01_08-47-30	-0.000473382074609	15	95	2866.5	2122.5	4.16222941424e-05	0.00191805636955	135	135
89.0	86.0	70.0	93.0	91.5	77.0	21	0.0	7.83938893091e-05	DLR00012647-2009-07-01_08-47-30	-0.00100161588821	15	95	3006.5	2122.5	6.73143702253e-06	0.000319676061591	135	135
87.0	84.0	69.0	91.0	88.0	73.0	22	0.0	6.85943312392e-05	DLR00012647-2009-07-01_08-47-30	-0.00116127149348	15	95	3133.5	2122.5	9.31938540466e-07	5.32793435985e-05	135	135
84.0	81.0	67.0	88.0	86.0	72.0	23	0.0	7.39910649036e-05	DLR00012647-2009-07-01_08-47-30	-0.00124484193411	15	95	3268.5	2130.5	2.00681346713e-05	0.00101230752837	135	135
82.0	80.0	67.0	85.0	84.0	70.0	24	0.0	6.94263038009e-05	DLR00012647-2009-07-01_08-47-30	-0.000798923253789	15	95	3414.5	2122.5	1.88648382644e-06	0.000106558687197	135	135
101.0	104.0	96.0	155.0	169.0	167.0	1	0.0462464702435	0.000247711394492	DLR00012647-2009-07-01_08-47-30	0.00371382858361	16	95	267.5	2300.5	0.0074054957043	0.120730992594	135	135
105.0	107.0	98.0	162.0	178.0	178.0	2	0.0395332729501	0.00024344723889	DLR00012647-2009-07-01_08-47-30	0.0032296074448	16	95	403.5	2300.5	0.00741475422831	0.120358037189	135	135
106.0	108.0	99.0	164.0	179.0	176.0	3	0.0415046086632	0.000247424836841	DLR00012647-2009-07-01_08-47-30	0.00225778759921	16	95	541.5	2300.5	0.00698546652781	0.120358037189	135	135
109.0	110.0	100.0	165.0	182.0	180.0	4	0.0513612872289	0.000250076642799	DLR00012647-2009-07-01_08-47-30	0.00249589948617	16	95	676.5	2300.5	0.00707978102301	0.125366295487	135	135
108.0	110.0	99.0	156.0	170.0	168.0	5	0.0620171559486	0.00022047663532	DLR00012647-2009-07-01_08-47-30	0.00376799309927	16	95	813.5	2300.5	0.00711005157078	0.131120464596	135	135
108.0	110.0	99.0	151.0	164.0	163.0	6	0.0317012094411	0.000259439578731	DLR00012647-2009-07-01_08-47-30	0.00392694625204	16	95	948.5	2300.5	0.00613128492954	0.112739091054	135	135
108.0	110.0	99.0	152.0	167.0	165.0	7	0.0310618573179	0.000263472214934	DLR00012647-2009-07-01_08-47-30	0.003822286468	16	95	1080.5	2300.5	0.00597841695228	0.103841440673	135	135
107.0	110.0	98.0	155.0	175.0	172.0	8	0.0408119771964	0.000257907990636	DLR00012647-2009-07-01_08-47-30	0.00364199663187	16	95	1224.5	2300.5	0.00687237929538	0.126272044328	135	135
106.0	109.0	97.0	162.0	179.5	176.0	9	0.0459800735255	0.000261369646656	DLR00012647-2009-07-01_08-47-30	0.00263659535479	16	95	1350.5	2300.5	0.00660463674699	0.110714475998	135	135
104.0	107.0	94.0	159.0	179.0	176.0	10	0.050295700357	0.000256479774143	DLR00012647-2009-07-01_08-47-30	0.00128280852982	16	95	1495.5	2300.5	0.0062130480651	0.0962757738825	135	135
103.0	106.0	93.0	160.0	179.0	176.0	11	0.0481112472694	0.000265074940487	DLR00012647-2009-07-01_08-47-30	0.00131964486673	16	95	1624.5	2300.5	0.00637676656808	0.0964888912569	135	135
103.0	106.0	93.0	162.0	181.0	177.0	12	0.0520539186957	0.000253291129192	DLR00012647-2009-07-01_08-47-30	0.00292354621049	16	95	1771.5	2300.5	0.00739534640672	0.124886781395	135	135
102.0	104.0	91.0	163.0	180.0	176.0	13	0.0623368320102	0.000199093120573	DLR00012647-2009-07-01_08-47-30	0.00249487546274	16	95	1903.5	2300.5	0.00819367064807	0.151579732538	135	135
102.0	103.0	90.0	154.0	173.0	166.0	14	0.0561031488092	0.000215683421896	DLR00012647-2009-07-01_08-47-30	0.00218177570743	16	95	2041.5	2300.5	0.00747134938783	0.130640950503	135	135
102.0	103.0	90.0	160.0	179.0	174.0	15	0.0448079279663	0.000247187268899	DLR00012647-2009-07-01_08-47-30	0.00156548509653	16	95	2171.5	2300.5	0.0070802175882	0.120464595876	135	135
102.0	103.0	89.0	158.0	177.0	173.0	16	0.0509883318238	0.000250574960773	DLR00012647-2009-07-01_08-47-30	0.0014882415109	16	95	2323.5	2300.5	0.00717541007468	0.122915445682	135	135
102.0	103.0	89.0	153.0	170.0	166.5	17	0.0478448505514	0.000221823432344	DLR00012647-2009-07-01_08-47-30	0.00138291047925	16	95	2453.5	2300.5	0.00731758051873	0.132772124247	135	135
102.0	103.0	90.0	159.0	178.0	176.0	18	0.0501358623262	0.000264857136761	DLR00012647-2009-07-01_08-47-30	0.000694816977482	16	95	2590.5	2300.5	0.0071645308005	0.124460546646	135	135
103.0	103.0	90.0	162.0	179.0	176.0	19	0.0417710053812	0.000283097871789	DLR00012647-2009-07-01_08-47-30	0.000366001150877	16	95	2726.5	2300.5	0.00627105998614	0.104214396079	135	135
103.0	103.0	91.0	156.0	172.0	168.0	20	0.0459267941819	0.000232959147338	DLR00012647-2009-07-01_08-47-30	0.00125684172418	16	95	2861.5	2300.5	0.00699650467287	0.127870424636	135	135
104.0	104.0	92.0	159.0	175.0	173.0	21	0.0645212850978	0.000223456333133	DLR00012647-2009-07-01_08-47-30	0.00073494444112	16	95	2998.5	2300.5	0.00762620326922	0.131759816719	135	135
102.0	103.0	92.0	160.0	178.0	177.0	22	0.056529383558	0.000246293085304	DLR00012647-2009-07-01_08-47-30	0.000532673279383	16	95	3123.5	2300.5	0.0071865895846	0.109968565187	135	135
101.0	102.0	92.0	159.0	178.0	177.0	23	0.0733123767915	0.000245646887542	DLR00012647-2009-07-01_08-47-30	0.000227710048783	16	95	3279.5	2300.5	0.0076977885441	0.114017795301	135	135
99.0	101.0	92.0	146.0	167.0	168.0	24	0.0619105972614	0.000238988306799	DLR00012647-2009-07-01_08-47-30	0.000254325178452	16	95	3411.5	2300.5	0.00764007570543	0.121050668656	135	135
