95.0	94.0	82.0	121.0	127.0	123.0	1	0.0337258244978	0.000312327023129	DLR00012709-2009-06-30_22-37-19	-0.000123110656998	1	103	271.5	212.5	0.00148688872557	0.0155575683308	135	135
97.0	96.0	82.0				2	0.000213117374394		DLR00012709-2009-06-30_22-37-19	0.000642568813693	1	103	413.5	215.5	0.0	0.0	135	135
101.0	99.0	85.0				3	0.0		DLR00012709-2009-06-30_22-37-19	0.000534037673426	1	103	544.5	212.5	0.0	0.0	135	135
103.0	101.0	86.0	131.0	137.0	131.0	4	0.0071927113858	0.000234377591219	DLR00012709-2009-06-30_22-37-19	0.000604110386	1	103	678.5	207.5	0.00032454421226	0.00538121370345	135	135
104.0	102.0	85.0	115.0	117.0	103.0	5	0.000745910810379	0.000223735589746	DLR00012709-2009-06-30_22-37-19	-3.48419314591e-05	1	103	815.5	211.5	3.46953500659e-05	0.000586072779583	135	135
105.0	103.0	86.0				6	0.00596728648303		DLR00012709-2009-06-30_22-37-19	0.00018917338982	1	103	952.5	207.5	0.0	0.0	135	135
105.0	103.0	85.0				7	0.0		DLR00012709-2009-06-30_22-37-19	7.09960370661e-05	1	103	1082.5	211.5	0.0	0.0	135	135
105.0	103.0	86.0	127.5	132.0	116.0	8	0.00159838030795	0.000252940433243	DLR00012709-2009-06-30_22-37-19	0.000497249019806	1	103	1221.5	206.5	6.87301512887e-06	0.000106558687197	135	135
104.0	103.0	85.0				9	0.00106558687197		DLR00012709-2009-06-30_22-37-19	0.00059031292756	1	103	1354.5	205.5	0.0	0.0	135	135
104.0	103.0	85.0	136.0	137.5	123.0	10	0.00245084980553	0.000550751606308	DLR00012709-2009-06-30_22-37-19	-0.000278948072493	1	103	1492.5	203.5	3.16964805657e-05	0.000213117374394	135	135
104.0	103.0	85.0				11	0.0		DLR00012709-2009-06-30_22-37-19	-0.000127088518949	1	103	1626.5	207.5	0.0	0.0	135	135
104.0	104.0	86.0				12	0.000213117374394		DLR00012709-2009-06-30_22-37-19	-0.000193113974199	1	103	1778.5	201.5	0.0	0.0	135	135
103.0	103.0	85.0	123.0	126.0	111.0	13	0.000532793435985	0.000265230697946	DLR00012709-2009-06-30_22-37-19	-0.000359546794013	1	103	1908.5	211.5	2.04710567011e-05	0.000319676061591	135	135
102.0	102.0	84.0				14	0.0		DLR00012709-2009-06-30_22-37-19	-0.00066476626512	1	103	2046.5	211.5	0.0	0.0	135	135
103.0	102.0	85.0				15	0.0		DLR00012709-2009-06-30_22-37-19	5.15856096297e-06	1	103	2184.5	204.5	0.0	0.0	135	135
103.0	102.0	84.0	119.5	122.5	107.5	16	0.000426234748788	0.000256307303973	DLR00012709-2009-06-30_22-37-19	-0.000511800541753	1	103	2316.5	211.5	6.96450130675e-06	0.000106558687197	135	135
104.0	103.0	85.0	115.0	116.0	100.0	17	5.32793435985e-05	0.00022237424121	DLR00012709-2009-06-30_22-37-19	-0.000120720453025	1	103	2449.5	201.5	3.02122816925e-06	5.32793435985e-05	135	135
104.0	102.0	85.0	120.0	119.0	105.0	18	0.00069263146678	0.000278029857789	DLR00012709-2009-06-30_22-37-19	-0.000493845230882	1	103	2591.5	202.5	1.0399676547e-05	0.000159838030795	135	135
103.0	101.0	84.0				19	0.0		DLR00012709-2009-06-30_22-37-19	-0.000449379439019	1	103	2730.5	204.5	0.0	0.0	135	135
102.0	99.0	83.0	115.5	113.5	99.5	20	0.000639352123182	0.000264047652253	DLR00012709-2009-06-30_22-37-19	-0.000674025358758	1	103	2866.5	211.5	7.17482565129e-06	0.000106558687197	135	135
100.0	98.0	83.0				21	0.0		DLR00012709-2009-06-30_22-37-19	-0.000415387151247	1	103	2996.5	203.5	0.0	0.0	135	135
95.0	94.0	80.0	104.0	103.5	88.5	22	0.000372955405189	0.000209089670798	DLR00012709-2009-06-30_22-37-19	-0.000890277960443	1	103	3137.5	211.5	5.68148181081e-06	0.000106558687197	135	135
93.0	93.0	80.0				23	0.00069263146678		DLR00012709-2009-06-30_22-37-19	-0.00020203557744	1	103	3264.5	203.5	0.0	0.0	135	135
93.0	94.0	84.0	161.0	187.0	187.0	24	0.0260003196761	0.000249509715375	DLR00012709-2009-06-30_22-37-19	0.000928898971127	1	103	3419.5	211.5	0.00149684305409	0.0176354627311	135	135
93.0	92.0	78.0				1	0.0		DLR00012709-2009-06-30_22-37-19	0.00107531796859	2	103	263.5	344.5	0.0	0.0	135	135
96.0	94.0	79.0	109.0	109.0	97.5	2	0.00111886621557	0.000263735329466	DLR00012709-2009-06-30_22-37-19	0.00138509440257	2	103	409.5	337.5	2.92917487332e-05	0.000426234748788	135	135
98.0	97.0	81.0				3	0.0		DLR00012709-2009-06-30_22-37-19	0.000994411005299	2	103	543.5	344.5	0.0	0.0	135	135
100.0	98.0	82.0	112.5	112.5	100.5	4	0.000106558687197	0.000220995350445	DLR00012709-2009-06-30_22-37-19	0.000439456339699	2	103	678.5	334.5	6.00498847711e-06	0.000106558687197	135	135
101.0	99.0	82.0				5	0.0		DLR00012709-2009-06-30_22-37-19	0.000104112000186	2	103	810.5	344.5	0.0	0.0	135	135
101.0	100.0	82.0	117.0	116.0	102.0	6	0.000213117374394	0.000256025109363	DLR00012709-2009-06-30_22-37-19	-3.0982701927e-05	2	103	944.5	344.5	3.47841669176e-06	5.32793435985e-05	135	135
101.0	100.0	82.0	113.0	116.0	101.0	7	0.000532793435985	0.000216842264879	DLR00012709-2009-06-30_22-37-19	-0.000135360386809	2	103	1086.5	344.5	2.94606945198e-06	5.32793435985e-05	135	135
100.0	100.0	81.0	118.0	119.0	104.0	8	0.00127870424636	0.000271915167636	DLR00012709-2009-06-30_22-37-19	-0.00025377458133	2	103	1226.5	344.5	3.9504557389e-05	0.000479514092386	135	135
99.0	99.0	81.0				9	0.0		DLR00012709-2009-06-30_22-37-19	-0.000265935344539	2	103	1357.5	343.5	0.0	0.0	135	135
99.0	99.0	80.0				10	5.32793435985e-05		DLR00012709-2009-06-30_22-37-19	-0.000315020305221	2	103	1497.5	344.5	0.0	0.0	135	135
99.0	98.0	80.0	115.0	117.0	98.0	11	0.000745910810379	0.000252518679821	DLR00012709-2009-06-30_22-37-19	-0.000264580015035	2	103	1636.5	344.5	1.00984500034e-05	0.000159838030795	135	135
99.0	99.0	80.0				12	0.000159838030795		DLR00012709-2009-06-30_22-37-19	-0.000235804630178	2	103	1771.5	341.5	0.0	0.0	135	135
98.0	98.0	80.0	115.0	117.0	98.0	13	0.00106558687197	0.000267648138882	DLR00012709-2009-06-30_22-37-19	-0.000360553927152	2	103	1900.5	335.5	1.46953764382e-05	0.000213117374394	135	135
98.0	98.0	79.0				14	0.0		DLR00012709-2009-06-30_22-37-19	-0.000772525593663	2	103	2046.5	335.5	0.0	0.0	135	135
98.0	97.0	79.0				15	0.0		DLR00012709-2009-06-30_22-37-19	-0.000899669477817	2	103	2181.5	344.5	0.0	0.0	135	135
98.0	98.0	79.0	114.0	116.0	100.0	16	0.00287708455432	0.0002754248945	DLR00012709-2009-06-30_22-37-19	-0.000713441471323	2	103	2317.5	344.5	7.02985642743e-05	0.000852469497576	135	135
99.0	98.0	79.0	114.0	112.0	94.0	17	0.000106558687197	0.000220333875333	DLR00012709-2009-06-30_22-37-19	-0.000553651525407	2	103	2458.5	339.5	2.99350728382e-06	5.32793435985e-05	135	135
99.0	97.0	79.0	110.0	111.0	95.0	18	0.000319676061591	0.000215566651376	DLR00012709-2009-06-30_22-37-19	-0.000406102178687	2	103	2591.5	344.5	2.92873867019e-06	5.32793435985e-05	135	135
98.0	96.0	78.0	115.0	115.0	100.0	19	0.000852469497576	0.000270047835589	DLR00012709-2009-06-30_22-37-19	-0.000451685742915	2	103	2730.5	344.5	1.49982759017e-05	0.000213117374394	135	135
98.0	95.0	78.0				20	0.0		DLR00012709-2009-06-30_22-37-19	-0.000627352582107	2	103	2866.5	344.5	0.0	0.0	135	135
96.0	93.0	76.0				21	0.000159838030795		DLR00012709-2009-06-30_22-37-19	-0.000309186961782	2	103	2998.5	344.5	0.0	0.0	135	135
93.0	90.0	74.0	109.0	108.0	94.0	22	0.00143854227716	0.000271242007114	DLR00012709-2009-06-30_22-37-19	-0.000591507867134	2	103	3137.5	344.5	3.59251951444e-05	0.000479514092386	135	135
90.0	88.0	73.0				23	0.0		DLR00012709-2009-06-30_22-37-19	-0.000116718295354	2	103	3274.5	344.5	0.0	0.0	135	135
89.0	89.0	75.0	110.5	110.0	96.0	24	0.00149182162076	0.000379581154588	DLR00012709-2009-06-30_22-37-19	0.000638366702736	2	103	3414.5	344.5	3.13584203541e-05	0.000319676061591	135	135
93.0	92.0	78.0	109.0	110.5	98.0	1	0.00186477702595	0.000240674115669	DLR00012709-2009-06-30_22-37-19	0.00111623153069	3	103	270.5	483.5	5.52207004021e-05	0.000745910810379	135	135
96.0	95.0	80.0	114.0	114.0	100.0	2	0.00069263146678	0.000276863342924	DLR00012709-2009-06-30_22-37-19	0.00143212273086	3	103	409.5	483.5	1.46346236113e-05	0.000213117374394	135	135
98.0	97.0	81.0				3	0.0		DLR00012709-2009-06-30_22-37-19	0.00108622038074	3	103	544.5	491.5	0.0	0.0	135	135
100.0	98.0	81.0	115.0	116.0	104.0	4	0.000639352123182	0.000273575351783	DLR00012709-2009-06-30_22-37-19	0.000954302750202	3	103	671.5	492.5	1.21343212418e-05	0.000159838030795	135	135
100.0	99.0	81.0				5	0.0		DLR00012709-2009-06-30_22-37-19	0.000246287715946	3	103	815.5	483.5	0.0	0.0	135	135
100.0	100.0	81.0				6	0.0		DLR00012709-2009-06-30_22-37-19	0.000178482740203	3	103	952.5	477.5	0.0	0.0	135	135
99.0	100.0	81.0	126.0	127.0	111.0	7	0.000372955405189	0.000405352125451	DLR00012709-2009-06-30_22-37-19	-5.30906402656e-05	3	103	1090.5	477.5	5.50720826842e-06	5.32793435985e-05	135	135
99.0	99.0	81.0				8	5.32793435985e-05		DLR00012709-2009-06-30_22-37-19	-0.000109487298495	3	103	1217.5	483.5	0.0	0.0	135	135
98.0	99.0	80.0	114.5	115.0	98.5	9	0.000532793435985	0.000246210511297	DLR00012709-2009-06-30_22-37-19	-0.000279133893332	3	103	1367.5	483.5	6.69014655876e-06	0.000106558687197	135	135
98.0	98.0	80.0	114.0	115.0	98.0	10	0.00069263146678	0.000242620245224	DLR00012709-2009-06-30_22-37-19	-5.48154050146e-05	3	103	1497.5	476.5	1.35285668616e-05	0.000213117374394	135	135
98.0	98.0	79.0	117.0	117.5	101.5	11	0.000745910810379	0.000298893106952	DLR00012709-2009-06-30_22-37-19	5.21999223816e-05	3	103	1642.5	477.5	8.12166255771e-06	0.000106558687197	135	135
98.0	98.0	79.0	115.0	117.0	101.0	12	0.00143854227716	0.000266982390571	DLR00012709-2009-06-30_22-37-19	9.44965340736e-05	3	103	1766.5	483.5	2.91545430416e-05	0.000372955405189	135	135
97.0	98.0	79.0	113.0	116.0	100.0	13	0.000959028184773	0.000264411009431	DLR00012709-2009-06-30_22-37-19	5.40102123241e-05	3	103	1898.5	483.5	2.31985128672e-05	0.000266396717992	135	135
97.0	98.0	79.0				14	0.0		DLR00012709-2009-06-30_22-37-19	-0.000195463708028	3	103	2048.5	476.5	0.0	0.0	135	135
97.0	97.0	79.0				15	0.0		DLR00012709-2009-06-30_22-37-19	-0.00065066161022	3	103	2183.5	485.5	0.0	0.0	135	135
97.0	97.0	79.0	118.0	119.0	103.0	16	0.00159838030795	0.000317263950211	DLR00012709-2009-06-30_22-37-19	-0.000408745187778	3	103	2317.5	479.5	4.38988229554e-05	0.000479514092386	135	135
97.0	97.0	78.0				17	0.0		DLR00012709-2009-06-30_22-37-19	-0.000697485314956	3	103	2467.5	483.5	0.0	0.0	135	135
97.0	96.0	78.0	115.0	113.0	95.0	18	0.000319676061591	0.000250646877428	DLR00012709-2009-06-30_22-37-19	-0.000793937432359	3	103	2591.5	491.5	3.40534678161e-06	5.32793435985e-05	135	135
97.0	96.0	78.0	112.0	112.0	94.0	19	0.000852469497576	0.000232103659053	DLR00012709-2009-06-30_22-37-19	-4.39778258557e-05	3	103	2727.5	483.5	1.62243600234e-05	0.000266396717992	135	135
97.0	95.0	77.0				20	5.32793435985e-05		DLR00012709-2009-06-30_22-37-19	-0.00010520536384	3	103	2866.5	481.5	0.0	0.0	135	135
96.0	93.0	76.0	113.0	113.0	97.0	21	0.000319676061591	0.000299115787066	DLR00012709-2009-06-30_22-37-19	-0.000285085934887	3	103	3001.5	483.5	1.11684984976e-05	0.000159838030795	135	135
94.0	91.0	74.0	108.5	106.5	95.0	22	0.00069263146678	0.000277282208504	DLR00012709-2009-06-30_22-37-19	-0.000281687832657	3	103	3137.5	480.5	1.46111490769e-05	0.000213117374394	135	135
91.0	88.0	72.0	104.0	103.0	89.0	23	0.000799190153977	0.000227523001011	DLR00012709-2009-06-30_22-37-19	-0.000451888473427	3	103	3270.5	483.5	1.58540324093e-05	0.000266396717992	135	135
89.0	87.0	73.0				24	0.0		DLR00012709-2009-06-30_22-37-19	0.000319677963816	3	103	3414.5	483.5	0.0	0.0	135	135
94.0	92.0	78.0	107.0	108.0	97.0	1	0.0	0.000220174937803	DLR00012709-2009-06-30_22-37-19	0.000629653292551	4	103	263.5	617.5	1.50014107488e-05	0.000266396717992	135	135
96.0	95.0	80.0	115.0	112.0	98.0	2	0.000266396717992	0.000254902630547	DLR00012709-2009-06-30_22-37-19	0.000694051101468	4	103	409.5	622.5	3.46316643345e-06	5.32793435985e-05	135	135
98.0	97.0	81.0				3	0.0		DLR00012709-2009-06-30_22-37-19	0.000451084675944	4	103	538.5	619.5	0.0	0.0	135	135
100.0	98.0	81.0	114.5	114.0	99.0	4	0.000426234748788	0.000225038573518	DLR00012709-2009-06-30_22-37-19	0.000283084977787	4	103	686.5	619.5	6.1148528155e-06	0.000106558687197	135	135
100.0	99.0	81.0	114.0	115.0	99.0	5	0.000266396717992	0.000231629218847	DLR00012709-2009-06-30_22-37-19	-0.000170399903343	4	103	816.5	621.5	3.1469684483e-06	5.32793435985e-05	135	135
100.0	99.0	81.0				6	0.0		DLR00012709-2009-06-30_22-37-19	-0.000218277591082	4	103	952.5	623.5	0.0	0.0	135	135
99.0	99.0	81.0				7	0.000213117374394		DLR00012709-2009-06-30_22-37-19	-0.000524349785274	4	103	1086.5	619.5	0.0	0.0	135	135
99.0	99.0	81.0	116.5	118.0	100.5	8	0.000426234748788	0.000271493680398	DLR00012709-2009-06-30_22-37-19	-0.000655913715285	4	103	1226.5	612.5	7.37715259221e-06	0.000106558687197	135	135
98.0	99.0	80.0	118.0	119.0	103.0	9	0.000639352123182	0.00029760373999	DLR00012709-2009-06-30_22-37-19	-0.000537662123739	4	103	1361.5	619.5	1.25342741164e-05	0.000159838030795	135	135
98.0	98.0	80.0	112.0	113.0	97.0	10	0.000319676061591	0.000222211767454	DLR00012709-2009-06-30_22-37-19	-0.000171810727507	4	103	1497.5	619.5	3.019020763e-06	5.32793435985e-05	135	135
97.0	98.0	79.0				11	0.0		DLR00012709-2009-06-30_22-37-19	9.08735150776e-05	4	103	1632.5	624.5	0.0	0.0	135	135
97.0	98.0	79.0				12	0.0		DLR00012709-2009-06-30_22-37-19	-8.47081168722e-05	4	103	1771.5	616.5	0.0	0.0	135	135
97.0	98.0	79.0				13	0.0		DLR00012709-2009-06-30_22-37-19	-0.000633589518556	4	103	1909.5	628.5	0.0	0.0	135	135
97.0	97.0	79.0	113.0	115.0	97.0	14	0.000959028184773	0.000251983386485	DLR00012709-2009-06-30_22-37-19	-0.000682591238433	4	103	2052.5	619.5	1.39180128012e-05	0.000213117374394	135	135
97.0	97.0	79.0	115.5	118.0	104.0	15	0.00245084980553	0.000304697887889	DLR00012709-2009-06-30_22-37-19	-0.000893422373202	4	103	2179.5	619.5	6.41045798053e-05	0.000745910810379	135	135
97.0	97.0	78.0	110.5	111.5	95.5	16	0.000426234748788	0.000219848931487	DLR00012709-2009-06-30_22-37-19	-0.00151455186107	4	103	2326.5	609.5	5.97383744784e-06	0.000106558687197	135	135
97.0	96.0	78.0	109.5	110.0	95.0	17	0.000106558687197	0.000211838450703	DLR00012709-2009-06-30_22-37-19	-0.00163887947757	4	103	2458.5	625.5	5.75617293722e-06	0.000106558687197	135	135
97.0	96.0	78.0				18	0.0		DLR00012709-2009-06-30_22-37-19	-0.00106991526175	4	103	2591.5	617.5	0.0	0.0	135	135
97.0	96.0	77.0				19	0.0		DLR00012709-2009-06-30_22-37-19	-0.000493613178194	4	103	2720.5	619.5	0.0	0.0	135	135
97.0	95.0	76.0				20	0.0		DLR00012709-2009-06-30_22-37-19	-0.000417833695768	4	103	2866.5	620.5	0.0	0.0	135	135
96.0	93.0	75.0	110.5	110.5	93.5	21	0.000372955405189	0.000255419858565	DLR00012709-2009-06-30_22-37-19	-0.000419778768338	4	103	2996.5	619.5	1.40912016217e-05	0.000213117374394	135	135
94.0	91.0	74.0	110.0	109.0	95.0	22	0.000959028184773	0.000301773437854	DLR00012709-2009-06-30_22-37-19	-0.000158962426082	4	103	3139.5	619.5	2.07604422001e-05	0.000266396717992	135	135
91.0	88.0	72.0				23	0.000159838030795		DLR00012709-2009-06-30_22-37-19	-0.000650028835123	4	103	3271.5	619.5	0.0	0.0	135	135
90.0	88.0	73.0	104.0	103.5	88.5	24	0.000745910810379	0.000257049388076	DLR00012709-2009-06-30_22-37-19	-0.000159290532272	4	103	3414.5	616.5	1.38395098112e-05	0.000213117374394	135	135
94.0	92.0	78.0	110.5	110.5	98.5	1	0.00069263146678	0.000285634342383	DLR00012709-2009-06-30_22-37-19	0.000693624997442	5	103	268.5	756.5	1.57042473792e-05	0.000213117374394	135	135
97.0	95.0	80.0				2	0.0		DLR00012709-2009-06-30_22-37-19	0.000932034569921	5	103	409.5	756.5	0.0	0.0	135	135
99.0	97.0	81.0	110.0	111.0	95.0	3	0.000106558687197	0.000212839377014	DLR00012709-2009-06-30_22-37-19	0.000429695516197	5	103	535.5	750.5	2.8916852863e-06	5.32793435985e-05	135	135
100.0	99.0	81.0				4	0.0		DLR00012709-2009-06-30_22-37-19	0.000562114620956	5	103	678.5	756.5	0.0	0.0	135	135
100.0	99.0	81.0	117.5	118.5	102.5	5	0.000479514092386	0.000278745343176	DLR00012709-2009-06-30_22-37-19	0.000327165087033	5	103	815.5	756.5	7.57419814693e-06	0.000106558687197	135	135
99.0	99.0	81.0				6	0.0		DLR00012709-2009-06-30_22-37-19	9.75458657142e-05	5	103	952.5	746.5	0.0	0.0	135	135
99.0	99.0	81.0	119.0	119.0	105.0	7	0.00069263146678	0.000304546931822	DLR00012709-2009-06-30_22-37-19	-3.15902657506e-05	5	103	1082.5	756.5	8.27529091744e-06	0.000106558687197	135	135
98.0	99.0	81.0	113.5	114.5	98.5	8	0.000372955405189	0.000230844153171	DLR00012709-2009-06-30_22-37-19	-2.20486705556e-05	5	103	1226.5	748.5	6.2726047268e-06	0.000106558687197	135	135
98.0	99.0	81.0				9	0.0		DLR00012709-2009-06-30_22-37-19	0.000161830714175	5	103	1363.5	753.5	0.0	0.0	135	135
97.0	98.0	80.0				10	0.0		DLR00012709-2009-06-30_22-37-19	0.000319223718768	5	103	1497.5	746.5	0.0	0.0	135	135
97.0	97.0	80.0				11	0.0		DLR00012709-2009-06-30_22-37-19	0.00091065261385	5	103	1636.5	750.5	0.0	0.0	135	135
97.0	97.0	79.0	114.0	116.0	99.0	12	0.000639352123182	0.000279164795585	DLR00012709-2009-06-30_22-37-19	-0.000760433967724	5	103	1771.5	765.5	1.06551140363e-05	0.000159838030795	135	135
97.0	97.0	79.0	118.0	120.0	101.0	13	0.000532793435985	0.000321837492283	DLR00012709-2009-06-30_22-37-19	-0.000663374658847	5	103	1913.5	750.5	8.74511807044e-06	0.000106558687197	135	135
97.0	97.0	79.0	116.0	117.0	102.0	14	0.00202461505674	0.000276898704244	DLR00012709-2009-06-30_22-37-19	-0.000735816211203	5	103	2044.5	756.5	5.2693340348e-05	0.000586072779583	135	135
97.0	97.0	79.0	116.0	118.0	104.0	15	0.000959028184773	0.000325401642094	DLR00012709-2009-06-30_22-37-19	-0.000741113052426	5	103	2177.5	753.5	3.73087990009e-05	0.000372955405189	135	135
96.0	96.0	79.0				16	0.0		DLR00012709-2009-06-30_22-37-19	-0.00116318437772	5	103	2317.5	762.5	0.0	0.0	135	135
96.0	96.0	78.0	115.0	114.0	102.0	17	0.000745910810379	0.000283549593236	DLR00012709-2009-06-30_22-37-19	-0.00122933571261	5	103	2458.5	759.5	1.22866430637e-05	0.000159838030795	135	135
97.0	96.0	77.0	115.0	116.0	100.0	18	0.000852469497576	0.000299947067686	DLR00012709-2009-06-30_22-37-19	-0.000991452289515	5	103	2591.5	755.5	2.22122576842e-05	0.000266396717992	135	135
97.0	95.0	77.0	110.0	112.0	93.0	19	0.000372955405189	0.000232878519577	DLR00012709-2009-06-30_22-37-19	-0.000641280503577	5	103	2727.5	756.5	6.32788347723e-06	0.000106558687197	135	135
97.0	95.0	76.0	109.0	108.0	94.0	20	0.000213117374394	0.000211713802062	DLR00012709-2009-06-30_22-37-19	-0.000570233993924	5	103	2867.5	754.5	2.87639296318e-06	5.32793435985e-05	135	135
96.0	93.0	75.0	116.0	114.0	96.0	21	0.000745910810379	0.000315284130861	DLR00012709-2009-06-30_22-37-19	-0.000373842080685	5	103	3003.5	756.5	1.75594606718e-05	0.000213117374394	135	135
94.0	91.0	74.0	107.0	108.0	95.0	22	0.00607384517023	0.000264694627378	DLR00012709-2009-06-30_22-37-19	0.000461418034337	5	103	3137.5	752.5	0.000323573085517	0.00452874420587	135	135
92.0	89.0	73.0	123.0	122.0	108.0	23	0.00106558687197	0.00050716867587	DLR00012709-2009-06-30_22-37-19	-0.000460942540267	5	103	3271.5	756.5	3.07361171232e-05	0.000266396717992	135	135
91.0	88.0	73.0				24	0.0		DLR00012709-2009-06-30_22-37-19	-0.000330292525974	5	103	3414.5	756.5	0.0	0.0	135	135
95.0	93.0	78.0				1	0.0		DLR00012709-2009-06-30_22-37-19	0.000414580381625	6	103	271.5	893.5	0.0	0.0	135	135
97.0	95.0	80.0	109.0	111.0	99.0	2	0.00111886621557	0.000240642229963	DLR00012709-2009-06-30_22-37-19	0.000748265473384	6	103	409.5	890.5	3.37858530168e-05	0.000532793435985	135	135
99.0	97.0	80.0	113.0	113.0	99.0	3	0.000639352123182	0.000243397599631	DLR00012709-2009-06-30_22-37-19	0.000432711483531	6	103	544.5	892.5	1.07180213532e-05	0.000159838030795	135	135
100.0	99.0	81.0	114.0	114.5	99.0	4	0.00069263146678	0.000231916012442	DLR00012709-2009-06-30_22-37-19	6.70546094526e-05	6	103	670.5	887.5	1.25839620082e-05	0.000213117374394	135	135
100.0	99.0	81.0				5	5.32793435985e-05		DLR00012709-2009-06-30_22-37-19	0.000163508357582	6	103	814.5	892.5	0.0	0.0	135	135
100.0	99.0	81.0	113.0	116.0	101.0	6	0.000905748841174	0.000259717898491	DLR00012709-2009-06-30_22-37-19	0.000172377155379	6	103	952.5	883.5	2.50168721937e-05	0.000372955405189	135	135
99.0	99.0	81.0	116.5	118.5	99.5	7	0.000426234748788	0.000276468734049	DLR00012709-2009-06-30_22-37-19	2.16108906178e-05	6	103	1090.5	892.5	7.51233706458e-06	0.000106558687197	135	135
98.0	99.0	81.0	112.0	114.0	95.0	8	0.000479514092386	0.000213296505874	DLR00012709-2009-06-30_22-37-19	-8.64710111225e-05	6	103	1226.5	895.5	8.69598684194e-06	0.000159838030795	135	135
98.0	98.0	81.0				9	0.0		DLR00012709-2009-06-30_22-37-19	-7.35597656103e-05	6	103	1356.5	888.5	0.0	0.0	135	135
97.0	98.0	80.0	114.0	116.0	97.0	10	0.000213117374394	0.000252965803661	DLR00012709-2009-06-30_22-37-19	0.000415293610651	6	103	1497.5	886.5	3.43685225284e-06	5.32793435985e-05	135	135
97.0	97.0	80.0	108.5	112.0	98.0	11	0.000479514092386	0.000247398277079	DLR00012709-2009-06-30_22-37-19	0.00120254410031	6	103	1643.5	890.5	2.03096425247e-05	0.000319676061591	135	135
97.0	97.0	80.0	108.0	112.0	98.0	12	0.000586072779583	0.000241624139153	DLR00012709-2009-06-30_22-37-19	3.79922727729e-05	6	103	1771.5	885.5	1.67729505699e-05	0.000266396717992	135	135
97.0	97.0	79.0	113.0	112.0	98.0	13	0.000905748841174	0.000234411782751	DLR00012709-2009-06-30_22-37-19	-0.000419512707297	6	103	1907.5	899.5	2.60969710361e-05	0.000372955405189	135	135
96.0	97.0	79.0	111.0	111.0	95.0	14	0.000106558687197	0.000214368555451	DLR00012709-2009-06-30_22-37-19	-0.00108885166378	6	103	2038.5	892.5	2.91246106026e-06	5.32793435985e-05	135	135
96.0	96.0	79.0	110.0	112.0	96.0	15	0.000213117374394	0.000229950787177	DLR00012709-2009-06-30_22-37-19	-0.00112826520837	6	103	2174.5	891.5	6.24832977037e-06	0.000106558687197	135	135
96.0	96.0	78.0	111.5	112.5	97.0	16	0.00101230752837	0.000243361531701	DLR00012709-2009-06-30_22-37-19	-0.00113312829908	6	103	2312.5	892.5	1.37813275205e-05	0.000213117374394	135	135
96.0	96.0	78.0	109.0	114.0	100.5	17	0.00170493899515	0.000277980138482	DLR00012709-2009-06-30_22-37-19	-0.000888100348678	6	103	2458.5	892.5	7.27239806948e-05	0.000959028184773	135	135
97.0	95.0	77.0				18	0.000106558687197		DLR00012709-2009-06-30_22-37-19	-0.00109781360558	6	103	2591.5	895.5	0.0	0.0	135	135
97.0	95.0	77.0				19	0.0		DLR00012709-2009-06-30_22-37-19	-0.000529379674378	6	103	2731.5	898.5	0.0	0.0	135	135
97.0	95.0	76.0				20	0.0		DLR00012709-2009-06-30_22-37-19	-0.000510766902939	6	103	2866.5	891.5	0.0	0.0	135	135
96.0	93.0	75.0				21	0.0		DLR00012709-2009-06-30_22-37-19	-0.000455621549677	6	103	2997.5	892.5	0.0	0.0	135	135
95.0	92.0	74.0	110.5	107.5	93.0	22	0.00069263146678	0.000251548590993	DLR00012709-2009-06-30_22-37-19	-0.000248030753007	6	103	3137.5	886.5	1.38853786123e-05	0.000213117374394	135	135
92.0	90.0	72.0	104.0	103.0	91.0	23	0.000799190153977	0.000213709210091	DLR00012709-2009-06-30_22-37-19	-0.000463381982785	6	103	3274.5	892.5	1.55965035805e-05	0.000266396717992	135	135
91.0	88.0	72.0	106.0	106.0	94.0	24	0.000745910810379	0.000291543717712	DLR00012709-2009-06-30_22-37-19	-0.000537612957389	6	103	3404.5	890.5	1.95708728906e-05	0.000266396717992	135	135
95.0	93.0	78.0				1	0.0		DLR00012709-2009-06-30_22-37-19	0.000574499760874	7	103	274.5	1031.5	0.0	0.0	135	135
98.0	96.0	79.0				2	0.0		DLR00012709-2009-06-30_22-37-19	0.000346528802555	7	103	409.5	1031.5	0.0	0.0	135	135
99.0	98.0	80.0				3	0.0		DLR00012709-2009-06-30_22-37-19	0.000594071773599	7	103	551.5	1031.5	0.0	0.0	135	135
100.0	99.0	81.0				4	0.0		DLR00012709-2009-06-30_22-37-19	0.000431680318963	7	103	678.5	1034.5	0.0	0.0	135	135
100.0	99.0	81.0				5	0.0		DLR00012709-2009-06-30_22-37-19	0.000459626708119	7	103	815.5	1022.5	0.0	0.0	135	135
100.0	99.0	81.0				6	0.0		DLR00012709-2009-06-30_22-37-19	0.000432217481889	7	103	944.5	1023.5	0.0	0.0	135	135
99.0	99.0	81.0	113.0	113.0	97.0	7	0.000106558687197	0.000209727298483	DLR00012709-2009-06-30_22-37-19	0.000520076267791	7	103	1085.5	1037.5	2.84940386346e-06	5.32793435985e-05	135	135
98.0	99.0	81.0	122.0	123.0	107.0	8	0.000959028184773	0.000362425300469	DLR00012709-2009-06-30_22-37-19	0.000497368893891	7	103	1226.5	1029.5	2.07954318154e-05	0.000213117374394	135	135
98.0	98.0	80.0	117.5	117.5	103.5	9	0.00159838030795	0.000294000415424	DLR00012709-2009-06-30_22-37-19	0.000595148270171	7	103	1363.5	1026.5	3.45679084712e-05	0.000426234748788	135	135
97.0	97.0	80.0	111.0	111.0	97.0	10	0.000159838030795	0.000212638681042	DLR00012709-2009-06-30_22-37-19	0.000475190324644	7	103	1497.5	1030.5	2.88895858414e-06	5.32793435985e-05	135	135
97.0	97.0	80.0				11	0.0		DLR00012709-2009-06-30_22-37-19	0.000352543420151	7	103	1640.5	1036.5	0.0	0.0	135	135
96.0	97.0	80.0	119.0	119.0	105.0	12	0.00117214555917	0.000327520838702	DLR00012709-2009-06-30_22-37-19	0.000290857154753	7	103	1771.5	1031.5	3.6458250856e-05	0.000372955405189	135	135
96.0	97.0	80.0	118.0	118.5	103.5	13	0.00101230752837	0.000332843457698	DLR00012709-2009-06-30_22-37-19	3.77540334055e-05	7	103	1908.5	1033.5	1.87382699579e-05	0.000213117374394	135	135
96.0	96.0	79.0	116.0	116.0	102.0	14	0.00122542490277	0.000301407222562	DLR00012709-2009-06-30_22-37-19	-0.000122008121083	7	103	2046.5	1031.5	3.09466547569e-05	0.000372955405189	135	135
96.0	96.0	79.0	108.0	112.0	99.0	15	0.00106558687197	0.000263646384634	DLR00012709-2009-06-30_22-37-19	-0.00066036123622	7	103	2184.5	1033.5	5.95188299542e-05	0.000905748841174	135	135
96.0	96.0	78.0	111.5	112.5	96.5	16	0.000586072779583	0.000243192675329	DLR00012709-2009-06-30_22-37-19	-0.00119527451058	7	103	2314.5	1025.5	6.60814451583e-06	0.000106558687197	135	135
96.0	95.0	77.0	112.5	112.5	94.5	17	0.000532793435985	0.000258598337971	DLR00012709-2009-06-30_22-37-19	-0.000999090076427	7	103	2458.5	1031.5	7.02675434839e-06	0.000106558687197	135	135
96.0	95.0	77.0	110.0	111.0	95.0	18	0.000959028184773	0.000244424951137	DLR00012709-2009-06-30_22-37-19	-0.000830195701055	7	103	2591.5	1028.5	2.34277174815e-05	0.000319676061591	135	135
96.0	95.0	76.0				19	0.0		DLR00012709-2009-06-30_22-37-19	-0.000571965986813	7	103	2725.5	1027.5	0.0	0.0	135	135
96.0	94.0	76.0	108.0	110.0	94.0	20	0.000959028184773	0.000251439357504	DLR00012709-2009-06-30_22-37-19	0.000787738428609	7	103	2872.5	1031.5	5.2324900037e-05	0.000799190153977	135	135
96.0	93.0	75.0	114.0	114.5	100.5	21	0.00117214555917	0.000318082770828	DLR00012709-2009-06-30_22-37-19	-0.000169990744909	7	103	2999.5	1031.5	3.42396344131e-05	0.000426234748788	135	135
95.0	92.0	74.0	106.0	106.0	89.0	22	0.000213117374394	0.00022169687012	DLR00012709-2009-06-30_22-37-19	0.000191479553659	7	103	3137.5	1024.5	6.0240504961e-06	0.000106558687197	135	135
92.0	90.0	72.0				23	0.0		DLR00012709-2009-06-30_22-37-19	-0.000151442565672	7	103	3267.5	1024.5	0.0	0.0	135	135
91.0	89.0	72.0	101.5	104.5	89.0	24	0.000106558687197	0.000226560365529	DLR00012709-2009-06-30_22-37-19	-0.000466002027226	7	103	3411.5	1031.5	1.23131143762e-05	0.000213117374394	135	135
96.0	94.0	78.0	111.0	111.0	97.0	1	0.000426234748788	0.000252987984237	DLR00012709-2009-06-30_22-37-19	0.000684960690115	8	103	276.5	1172.5	3.4371536033e-06	5.32793435985e-05	135	135
98.0	96.0	79.0				2	0.0		DLR00012709-2009-06-30_22-37-19	0.000107218682435	8	103	411.5	1167.5	0.0	0.0	135	135
99.0	98.0	80.0	119.0	119.0	103.0	3	0.00069263146678	0.000315518425865	DLR00012709-2009-06-30_22-37-19	0.000306319036831	8	103	546.5	1155.5	1.19331380737e-05	0.000159838030795	135	135
100.0	99.0	80.0				4	0.0		DLR00012709-2009-06-30_22-37-19	0.000351280312315	8	103	678.5	1168.5	0.0	0.0	135	135
100.0	99.0	80.0				5	0.0		DLR00012709-2009-06-30_22-37-19	0.00050543912628	8	103	822.5	1164.5	0.0	0.0	135	135
99.0	99.0	80.0				6	0.0		DLR00012709-2009-06-30_22-37-19	0.000867912594714	8	103	952.5	1170.5	0.0	0.0	135	135
99.0	99.0	80.0	116.0	116.0	102.0	7	0.000959028184773	0.000266413692493	DLR00012709-2009-06-30_22-37-19	0.000907304095741	8	103	1082.5	1164.5	3.03757003539e-05	0.000372955405189	135	135
98.0	98.0	80.0				8	0.0		DLR00012709-2009-06-30_22-37-19	0.000616557760237	8	103	1226.5	1157.5	0.0	0.0	135	135
97.0	98.0	80.0				9	0.0		DLR00012709-2009-06-30_22-37-19	0.000346859861626	8	103	1358.5	1166.5	0.0	0.0	135	135
97.0	97.0	80.0				10	0.0		DLR00012709-2009-06-30_22-37-19	0.000309859812318	8	103	1499.5	1164.5	0.0	0.0	135	135
96.0	97.0	80.0	117.0	122.0	111.0	11	0.00468858223667	0.000334536839417	DLR00012709-2009-06-30_22-37-19	0.000181555896602	8	103	1635.5	1164.5	0.00019955861657	0.00218445308754	135	135
96.0	97.0	80.0	111.0	116.0	102.0	12	0.00101230752837	0.000243084879677	DLR00012709-2009-06-30_22-37-19	-0.000356929139767	8	103	1777.5	1157.5	4.77576741783e-05	0.000745910810379	135	135
96.0	97.0	80.0	111.0	112.0	96.0	13	5.32793435985e-05	0.000235524657845	DLR00012709-2009-06-30_22-37-19	0.000178574688121	8	103	1903.5	1164.5	3.19989278866e-06	5.32793435985e-05	135	135
96.0	96.0	79.0	109.5	110.5	94.5	14	0.000106558687197	0.00021450017706	DLR00012709-2009-06-30_22-37-19	0.000114213984975	8	103	2047.5	1164.5	5.8284986041e-06	0.000106558687197	135	135
95.0	96.0	78.0				15	0.0		DLR00012709-2009-06-30_22-37-19	-0.000634407023766	8	103	2182.5	1164.5	0.0	0.0	135	135
95.0	95.0	78.0	117.5	121.5	106.5	16	0.00154510096436	0.000377416168098	DLR00012709-2009-06-30_22-37-19	-0.00105337057516	8	103	2317.5	1164.5	5.68360060225e-05	0.000532793435985	135	135
95.0	95.0	77.0	106.5	109.5	94.5	17	0.000266396717992	0.000217556851972	DLR00012709-2009-06-30_22-37-19	-0.00102609489145	8	103	2452.5	1164.5	5.91155599688e-06	0.000106558687197	135	135
96.0	95.0	76.0				18	0.0		DLR00012709-2009-06-30_22-37-19	-0.000968708580366	8	103	2591.5	1163.5	0.0	0.0	135	135
96.0	94.0	76.0				19	0.0		DLR00012709-2009-06-30_22-37-19	-0.000870559186135	8	103	2721.5	1168.5	0.0	0.0	135	135
96.0	94.0	75.0	111.5	112.5	96.5	20	0.000799190153977	0.000292481214092	DLR00012709-2009-06-30_22-37-19	-0.000479751788479	8	103	2866.5	1164.5	1.71668003843e-05	0.000213117374394	135	135
96.0	93.0	75.0	115.0	114.0	98.0	21	0.00122542490277	0.00030841577348	DLR00012709-2009-06-30_22-37-19	-0.000303570942316	8	103	2996.5	1164.5	2.14819502063e-05	0.000266396717992	135	135
95.0	92.0	74.0	105.5	105.5	87.5	22	0.000106558687197	0.000227081844685	DLR00012709-2009-06-30_22-37-19	0.000706092351014	8	103	3137.5	1155.5	6.17037353025e-06	0.000106558687197	135	135
92.0	90.0	72.0	103.5	103.5	89.5	23	0.000266396717992	0.000239618662093	DLR00012709-2009-06-30_22-37-19	0.00044198982671	8	103	3269.5	1164.5	6.51102976543e-06	0.000106558687197	135	135
91.0	89.0	72.0	102.0	104.0	90.0	24	0.000159838030795	0.000222469814995	DLR00012709-2009-06-30_22-37-19	-0.000254133810966	8	103	3408.5	1164.5	9.09309417036e-06	0.000159838030795	135	135
96.0	94.0	78.0	111.0	111.0	93.0	1	0.000319676061591	0.000224124798869	DLR00012709-2009-06-30_22-37-19	-0.000207086534091	9	103	278.5	1304.5	3.04501165281e-06	5.32793435985e-05	135	135
98.0	96.0	79.0	111.0	112.5	97.5	2	0.00170493899515	0.000241884489761	DLR00012709-2009-06-30_22-37-19	0.00062097700101	9	103	409.5	1304.5	4.66143979746e-05	0.000639352123182	135	135
99.0	98.0	80.0	113.5	113.5	97.5	3	0.000426234748788	0.000238554204983	DLR00012709-2009-06-30_22-37-19	0.000792415373069	9	103	541.5	1301.5	6.48210584162e-06	0.000106558687197	135	135
100.0	99.0	80.0	117.0	116.0	101.0	4	0.00175821833875	0.000267037702095	DLR00012709-2009-06-30_22-37-19	0.00060652381704	9	103	679.5	1304.5	3.25906794837e-05	0.000479514092386	135	135
100.0	99.0	81.0	113.0	116.0	101.0	5	0.000266396717992	0.000234822966311	DLR00012709-2009-06-30_22-37-19	0.00111402399275	9	103	815.5	1304.5	1.141483246e-05	0.000159838030795	135	135
99.0	99.0	80.0	114.0	114.0	97.0	6	0.000799190153977	0.000224397322537	DLR00012709-2009-06-30_22-37-19	0.000919818029807	9	103	952.5	1301.5	1.1141624912e-05	0.000159838030795	135	135
98.0	99.0	80.0				7	0.0		DLR00012709-2009-06-30_22-37-19	0.0016843855287	9	103	1082.5	1304.5	0.0	0.0	135	135
98.0	98.0	80.0	111.0	113.0	98.0	8	0.000639352123182	0.000238029394778	DLR00012709-2009-06-30_22-37-19	0.00102701367792	9	103	1233.5	1304.5	1.00961698034e-05	0.000159838030795	135	135
97.0	97.0	80.0	111.0	111.0	99.0	9	5.32793435985e-05	0.000229101101557	DLR00012709-2009-06-30_22-37-19	0.000306326645528	9	103	1354.5	1300.5	3.1126208587e-06	5.32793435985e-05	135	135
96.0	97.0	80.0	115.0	121.0	102.0	10	0.000799190153977	0.000330813475995	DLR00012709-2009-06-30_22-37-19	0.000506069311426	9	103	1497.5	1303.5	2.10543144584e-05	0.000266396717992	135	135
96.0	97.0	80.0	112.0	112.5	97.5	11	0.00165165965155	0.000238733379375	DLR00012709-2009-06-30_22-37-19	0.000407004128537	9	103	1636.5	1311.5	3.51566221326e-05	0.000532793435985	135	135
96.0	97.0	80.0	111.0	112.5	97.5	12	0.000586072779583	0.000239999894587	DLR00012709-2009-06-30_22-37-19	0.000130073464726	9	103	1771.5	1304.5	1.30491796532e-05	0.000213117374394	135	135
96.0	96.0	79.0	113.0	114.0	99.0	13	0.00250412914913	0.000261435087293	DLR00012709-2009-06-30_22-37-19	-0.000143021570719	9	103	1906.5	1310.5	6.97605809196e-05	0.000852469497576	135	135
95.0	96.0	79.0	113.0	116.0	101.0	14	0.00106558687197	0.000288576559275	DLR00012709-2009-06-30_22-37-19	-0.000419364029337	9	103	2039.5	1306.5	3.37406467793e-05	0.000372955405189	135	135
94.0	95.0	78.0	113.0	114.0	98.0	15	0.000639352123182	0.000286666685605	DLR00012709-2009-06-30_22-37-19	-5.27132081157e-05	9	103	2180.5	1304.5	1.10650868859e-05	0.000159838030795	135	135
94.0	94.0	77.0	112.5	116.5	101.5	16	0.00154510096436	0.000327008547555	DLR00012709-2009-06-30_22-37-19	-0.000734755659128	9	103	2317.5	1297.5	2.59953773369e-05	0.000319676061591	135	135
95.0	94.0	77.0	109.0	110.0	95.0	17	0.00106558687197	0.000230262977093	DLR00012709-2009-06-30_22-37-19	-0.00111161785895	9	103	2465.5	1304.5	2.9814782512e-05	0.000479514092386	135	135
95.0	94.0	76.0	114.5	115.0	97.5	18	0.00165165965155	0.000311793010199	DLR00012709-2009-06-30_22-37-19	-0.000876129238498	9	103	2591.5	1295.5	4.76698409993e-05	0.000532793435985	135	135
96.0	94.0	76.0				19	0.000106558687197		DLR00012709-2009-06-30_22-37-19	-0.000636468713328	9	103	2725.5	1304.5	0.0	0.0	135	135
96.0	94.0	75.0	113.0	113.0	95.0	20	0.000639352123182	0.000293854383424	DLR00012709-2009-06-30_22-37-19	-0.000649654675151	9	103	2866.5	1304.5	1.20099449564e-05	0.000159838030795	135	135
95.0	93.0	75.0	112.5	113.0	97.0	21	0.000532793435985	0.000308752681405	DLR00012709-2009-06-30_22-37-19	-0.000370232031121	9	103	2992.5	1304.5	8.38957150175e-06	0.000106558687197	135	135
94.0	92.0	74.0	109.0	107.0	90.0	22	0.00133198358996	0.000231575855438	DLR00012709-2009-06-30_22-37-19	0.000588859834984	9	103	3143.5	1294.5	2.63582294811e-05	0.000372955405189	135	135
92.0	90.0	73.0	104.0	106.0	91.5	23	0.00143854227716	0.000268590214965	DLR00012709-2009-06-30_22-37-19	0.000721368192787	9	103	3271.5	1304.5	5.3223435677e-05	0.000745910810379	135	135
91.0	89.0	73.0				24	5.32793435985e-05		DLR00012709-2009-06-30_22-37-19	0.000476604610137	9	103	3412.5	1304.5	0.0	0.0	135	135
96.0	94.0	79.0	107.0	113.0	110.0	1	0.000479514092386	0.000226037480649	DLR00012709-2009-06-30_22-37-19	-0.00115494059985	10	103	265.5	1431.5	3.94011198811e-05	0.00069263146678	135	135
98.0	96.0	79.0	112.0	112.0	96.0	2	0.000319676061591	0.000244020240651	DLR00012709-2009-06-30_22-37-19	0.000327329413343	10	103	409.5	1438.5	3.31531575289e-06	5.32793435985e-05	135	135
99.0	98.0	80.0	120.5	121.0	106.0	3	0.00191805636955	0.000353713798025	DLR00012709-2009-06-30_22-37-19	0.000694094685103	10	103	544.5	1446.5	6.3384091641e-05	0.000639352123182	135	135
100.0	99.0	80.0	115.0	117.0	99.0	4	0.00111886621557	0.000250787803067	DLR00012709-2009-06-30_22-37-19	0.000846370798055	10	103	678.5	1431.5	2.38462312465e-05	0.000372955405189	135	135
100.0	99.0	81.0	114.0	116.0	101.0	5	0.00101230752837	0.000250400916856	DLR00012709-2009-06-30_22-37-19	0.000939488899451	10	103	820.5	1433.5	4.77191612628e-05	0.000639352123182	135	135
99.0	99.0	80.0				6	0.0		DLR00012709-2009-06-30_22-37-19	0.000964819185524	10	103	961.5	1439.5	0.0	0.0	135	135
98.0	99.0	81.0	113.0	114.5	97.0	7	0.000479514092386	0.000244565690703	DLR00012709-2009-06-30_22-37-19	0.00310325717383	10	103	1093.5	1442.5	6.64545272837e-06	0.000106558687197	135	135
98.0	98.0	80.0	114.0	114.0	96.0	8	0.000266396717992	0.00024264093933	DLR00012709-2009-06-30_22-37-19	0.00261809470778	10	103	1226.5	1438.5	3.29657624429e-06	5.32793435985e-05	135	135
97.0	97.0	79.0	114.0	114.0	96.0	9	0.000266396717992	0.00024264093933	DLR00012709-2009-06-30_22-37-19	0.00043143649047	10	103	1355.5	1432.5	3.29657624429e-06	5.32793435985e-05	135	135
96.0	97.0	80.0	112.0	115.0	104.0	10	0.00159838030795	0.000273493497237	DLR00012709-2009-06-30_22-37-19	0.000519906929541	10	103	1503.5	1431.5	3.58018219588e-05	0.000479514092386	135	135
96.0	97.0	80.0	112.0	113.5	99.0	11	0.000426234748788	0.000236064703603	DLR00012709-2009-06-30_22-37-19	0.000765008931028	10	103	1642.5	1438.5	6.41445995192e-06	0.000106558687197	135	135
96.0	97.0	79.0	112.5	115.5	99.5	12	0.000426234748788	0.00027784691707	DLR00012709-2009-06-30_22-37-19	0.000303588462121	10	103	1771.5	1438.5	7.54978569479e-06	0.000106558687197	135	135
95.0	96.0	79.0	111.5	113.5	95.5	13	0.000905748841174	0.000248558867828	DLR00012709-2009-06-30_22-37-19	0.000310665881139	10	103	1904.5	1438.5	1.55557591553e-05	0.000213117374394	135	135
95.0	96.0	78.0	115.0	117.0	98.0	14	0.000905748841174	0.000312606998354	DLR00012709-2009-06-30_22-37-19	-0.000299506448912	10	103	2046.5	1439.5	1.21279335984e-05	0.000159838030795	135	135
94.0	95.0	77.0	117.0	125.5	113.5	15	0.00287708455432	0.000434037804052	DLR00012709-2009-06-30_22-37-19	-0.000493475937604	10	103	2184.5	1438.5	0.000157780590238	0.00138526293356	135	135
94.0	94.0	77.0	112.0	112.0	97.5	16	0.00101230752837	0.000268158481158	DLR00012709-2009-06-30_22-37-19	-0.000675125478044	10	103	2319.5	1438.5	1.53734937114e-05	0.000213117374394	135	135
94.0	94.0	77.0	106.0	109.0	96.0	17	0.000372955405189	0.000215852786015	DLR00012709-2009-06-30_22-37-19	-0.000792457841696	10	103	2462.5	1428.5	1.58949464119e-05	0.000266396717992	135	135
95.0	94.0	76.0	110.0	111.0	97.0	18	0.00197133571314	0.000258872140841	DLR00012709-2009-06-30_22-37-19	-0.00120589353531	10	103	2591.5	1438.5	5.4875599918e-05	0.000799190153977	135	135
95.0	93.0	75.0	116.0	116.5	102.5	19	0.00143854227716	0.00038176458891	DLR00012709-2009-06-30_22-37-19	-0.000655281571969	10	103	2721.5	1438.5	5.4454139832e-05	0.000532793435985	135	135
95.0	93.0	75.0	109.0	110.0	92.0	20	0.00149182162076	0.000230169468015	DLR00012709-2009-06-30_22-37-19	-0.000883327194858	10	103	2866.5	1435.5	3.90932371181e-05	0.000586072779583	135	135
95.0	92.0	74.0				21	0.0		DLR00012709-2009-06-30_22-37-19	-0.00048897035682	10	103	3003.5	1438.5	0.0	0.0	135	135
93.0	91.0	73.0	107.0	108.0	92.0	22	0.000639352123182	0.000266048653845	DLR00012709-2009-06-30_22-37-19	5.88210596067e-05	10	103	3136.5	1430.5	1.80438726076e-05	0.000266396717992	135	135
91.0	89.0	73.0	107.0	108.0	97.0	23	0.00149182162076	0.000310665288567	DLR00012709-2009-06-30_22-37-19	0.000265507825481	10	103	3274.5	1438.5	4.04089384068e-05	0.000532793435985	135	135
90.0	88.0	73.0	102.0	102.0	88.0	24	0.00069263146678	0.000231392443814	DLR00012709-2009-06-30_22-37-19	4.43859777735e-05	10	103	3414.5	1438.5	1.06398902427e-05	0.000159838030795	135	135
96.0	94.0	79.0	113.0	111.5	99.0	1	0.00069263146678	0.000280616435975	DLR00012709-2009-06-30_22-37-19	0.000229841177406	11	103	272.5	1578.5	1.65092485351e-05	0.000213117374394	135	135
97.0	96.0	80.0	112.5	113.5	97.5	2	0.000479514092386	0.000256698026167	DLR00012709-2009-06-30_22-37-19	0.000707940393644	11	103	409.5	1577.5	6.97511819198e-06	0.000106558687197	135	135
99.0	98.0	80.0	114.5	114.5	100.5	3	0.000372955405189	0.000265891984451	DLR00012709-2009-06-30_22-37-19	0.000973231781262	11	103	539.5	1580.5	7.22494070381e-06	0.000106558687197	135	135
99.0	98.0	80.0	113.5	115.0	98.5	4	0.00069263146678	0.000246918212318	DLR00012709-2009-06-30_22-37-19	0.00127524403541	11	103	678.5	1578.5	1.44529577518e-05	0.000213117374394	135	135
100.0	99.0	81.0	112.5	112.5	99.5	5	0.000372955405189	0.000219771797157	DLR00012709-2009-06-30_22-37-19	0.00142231937058	11	103	815.5	1578.5	1.240731686e-05	0.000213117374394	135	135
99.0	98.0	80.0				6	0.0		DLR00012709-2009-06-30_22-37-19	0.000902495771813	11	103	954.5	1576.5	0.0	0.0	135	135
98.0	98.0	80.0	114.0	114.0	99.0	7	0.00165165965155	0.00026615983989	DLR00012709-2009-06-30_22-37-19	0.00121408764028	11	103	1090.5	1574.5	2.42407206876e-05	0.000372955405189	135	135
97.0	97.0	79.0	111.0	111.0	97.0	8	0.00111886621557	0.000223112122243	DLR00012709-2009-06-30_22-37-19	0.00154516429372	11	103	1226.5	1580.5	2.31844415154e-05	0.000372955405189	135	135
96.0	97.0	79.0	109.0	112.0	96.0	9	0.000745910810379	0.000229159955377	DLR00012709-2009-06-30_22-37-19	0.000605701958855	11	103	1366.5	1586.5	1.96814169493e-05	0.000266396717992	135	135
96.0	96.0	79.0	118.0	120.0	101.0	10	0.00223773243114	0.000353885369528	DLR00012709-2009-06-30_22-37-19	0.000660761976727	11	103	1497.5	1578.5	7.83756788672e-05	0.000799190153977	135	135
96.0	96.0	79.0	118.0	118.0	106.0	11	0.000745910810379	0.000352726378385	DLR00012709-2009-06-30_22-37-19	0.000930084139059	11	103	1639.5	1571.5	1.38829836852e-05	0.000159838030795	135	135
95.0	96.0	78.0	110.0	111.0	95.0	12	0.000639352123182	0.000220519563984	DLR00012709-2009-06-30_22-37-19	-0.000333401170817	11	103	1771.5	1569.5	9.3300309647e-06	0.000159838030795	135	135
95.0	95.0	78.0	109.5	110.5	94.5	13	0.000213117374394	0.000223069912179	DLR00012709-2009-06-30_22-37-19	-0.000541401605875	11	103	1908.5	1570.5	6.06135943372e-06	0.000106558687197	135	135
94.0	95.0	77.0	116.5	118.5	106.0	14	0.00245084980553	0.000348037206054	DLR00012709-2009-06-30_22-37-19	2.255349712e-05	11	103	2046.5	1578.5	0.000119265576674	0.000959028184773	135	135
94.0	94.0	77.0	110.0	110.0	96.0	15	0.000159838030795	0.000249798978881	DLR00012709-2009-06-30_22-37-19	-0.000312127743857	11	103	2178.5	1578.5	3.39382703472e-06	5.32793435985e-05	135	135
93.0	94.0	77.0	113.0	113.0	99.0	16	0.00111886621557	0.000304505190968	DLR00012709-2009-06-30_22-37-19	-0.000226272079443	11	103	2320.5	1575.5	3.24177629283e-05	0.000372955405189	135	135
94.0	93.0	76.0	108.5	110.0	95.5	17	0.000639352123182	0.000259570637588	DLR00012709-2009-06-30_22-37-19	-0.000174740181391	11	103	2458.5	1578.5	1.40879437033e-05	0.000213117374394	135	135
94.0	93.0	75.0	107.5	110.5	94.5	18	0.000426234748788	0.000257488570887	DLR00012709-2009-06-30_22-37-19	-0.000529712700615	11	103	2591.5	1573.5	1.46225721793e-05	0.000213117374394	135	135
95.0	93.0	75.0				19	0.0		DLR00012709-2009-06-30_22-37-19	-0.00023414081198	11	103	2724.5	1578.5	0.0	0.0	135	135
94.0	92.0	75.0	107.0	108.0	92.0	20	0.000213117374394	0.000210696827967	DLR00012709-2009-06-30_22-37-19	-0.000109069244059	11	103	2866.5	1578.5	5.7251522331e-06	0.000106558687197	135	135
94.0	92.0	74.0				21	0.0		DLR00012709-2009-06-30_22-37-19	-0.000150393631364	11	103	2994.5	1578.5	0.0	0.0	135	135
93.0	91.0	73.0				22	0.0		DLR00012709-2009-06-30_22-37-19	-0.000406699800082	11	103	3137.5	1571.5	0.0	0.0	135	135
91.0	89.0	73.0	104.0	105.0	89.0	23	0.000586072779583	0.000248777098224	DLR00012709-2009-06-30_22-37-19	-0.000530083560425	11	103	3272.5	1578.5	1.33426794471e-05	0.000213117374394	135	135
90.0	87.0	72.0	103.5	103.5	89.5	24	0.000639352123182	0.000256332628859	DLR00012709-2009-06-30_22-37-19	-0.000239536036227	11	103	3405.5	1568.5	1.39294173569e-05	0.000213117374394	135	135
96.0	94.0	79.0	115.0	115.0	99.0	1	0.000905748841174	0.000324492149044	DLR00012709-2009-06-30_22-37-19	0.000516634077269	12	103	269.5	1711.5	2.26241816879e-05	0.000266396717992	135	135
97.0	96.0	79.0	113.0	113.0	97.0	2	0.000266396717992	0.000268353523969	DLR00012709-2009-06-30_22-37-19	0.000817021510167	12	103	409.5	1704.5	3.6459134004e-06	5.32793435985e-05	135	135
98.0	97.0	79.0	114.5	114.5	100.5	3	0.000319676061591	0.000265891984451	DLR00012709-2009-06-30_22-37-19	0.000779874937529	12	103	544.5	1711.5	7.22494070381e-06	0.000106558687197	135	135
99.0	98.0	80.0	112.0	113.0	97.0	4	5.32793435985e-05	0.000221891867422	DLR00012709-2009-06-30_22-37-19	0.0015930389516	12	103	680.5	1711.5	3.01467452675e-06	5.32793435985e-05	135	135
99.0	98.0	80.0				5	0.0		DLR00012709-2009-06-30_22-37-19	0.00258073052872	12	103	815.5	1704.5	0.0	0.0	135	135
98.0	98.0	80.0				6	0.0		DLR00012709-2009-06-30_22-37-19	0.00069091610513	12	103	952.5	1709.5	0.0	0.0	135	135
98.0	97.0	79.0	110.0	115.0	100.0	7	0.00106558687197	0.000251315860851	DLR00012709-2009-06-30_22-37-19	0.00148561072563	12	103	1086.5	1712.5	3.45771712101e-05	0.000479514092386	135	135
97.0	97.0	79.0				8	0.0		DLR00012709-2009-06-30_22-37-19	0.00159490021444	12	103	1222.5	1711.5	0.0	0.0	135	135
96.0	96.0	78.0	115.0	116.0	100.0	9	0.00197133571314	0.00031027045565	DLR00012709-2009-06-30_22-37-19	0.000584947633502	12	103	1363.5	1711.5	4.42203212118e-05	0.000532793435985	135	135
95.0	96.0	78.0	119.0	120.0	108.0	10	0.000852469497576	0.000377883338861	DLR00012709-2009-06-30_22-37-19	0.00058712003147	12	103	1497.5	1711.5	2.59086383406e-05	0.000266396717992	135	135
95.0	95.0	78.0	114.0	117.0	101.0	11	0.00111886621557	0.000314002327742	DLR00012709-2009-06-30_22-37-19	0.00106838954439	12	103	1634.5	1705.5	3.6369338892e-05	0.000479514092386	135	135
94.0	95.0	78.0	112.0	112.0	98.0	12	0.000799190153977	0.000272771624714	DLR00012709-2009-06-30_22-37-19	5.17385756259e-05	12	103	1771.5	1705.5	1.10209949857e-05	0.000159838030795	135	135
94.0	94.0	77.0				13	0.0		DLR00012709-2009-06-30_22-37-19	-0.000487500683265	12	103	1904.5	1715.5	0.0	0.0	135	135
94.0	94.0	76.0	109.0	110.0	95.0	14	0.00122542490277	0.000247318754071	DLR00012709-2009-06-30_22-37-19	-0.000695092474303	12	103	2046.5	1711.5	1.9601567972e-05	0.000266396717992	135	135
93.0	93.0	76.0	114.0	116.0	106.0	15	0.00287708455432	0.000351335203433	DLR00012709-2009-06-30_22-37-19	-0.000382923721555	12	103	2184.5	1711.5	0.000104865233415	0.00111886621557	135	135
93.0	93.0	76.0	110.5	112.5	96.5	16	0.00234429111833	0.000296647328998	DLR00012709-2009-06-30_22-37-19	-0.000427514437502	12	103	2317.5	1711.5	5.29819625213e-05	0.000639352123182	135	135
93.0	93.0	75.0	109.0	110.0	94.0	17	0.000586072779583	0.000269556830788	DLR00012709-2009-06-30_22-37-19	-0.000654211013183	12	103	2464.5	1710.5	1.07675441442e-05	0.000159838030795	135	135
94.0	93.0	75.0				18	5.32793435985e-05		DLR00012709-2009-06-30_22-37-19	-0.000896538208747	12	103	2591.5	1711.5	0.0	0.0	135	135
94.0	93.0	75.0				19	0.0		DLR00012709-2009-06-30_22-37-19	-0.000514605706147	12	103	2722.5	1711.5	0.0	0.0	135	135
93.0	92.0	74.0	105.0	106.0	90.0	20	0.0	0.000209845890196	DLR00012709-2009-06-30_22-37-19	-0.000331717311294	12	103	2866.5	1715.5	2.85101507805e-06	5.32793435985e-05	135	135
93.0	91.0	74.0	106.0	107.0	91.0	21	0.00181149768235	0.000251505913088	DLR00012709-2009-06-30_22-37-19	-0.000298210196171	12	103	2999.5	1711.5	4.14542897394e-05	0.000586072779583	135	135
92.0	90.0	73.0	104.0	105.0	91.0	22	0.00127870424636	0.000239024055394	DLR00012709-2009-06-30_22-37-19	-0.00101209127775	12	103	3137.5	1703.5	3.27141849861e-05	0.000479514092386	135	135
90.0	88.0	72.0				23	0.0		DLR00012709-2009-06-30_22-37-19	-0.00113354664975	12	103	3272.5	1711.5	0.0	0.0	135	135
89.0	87.0	72.0				24	0.0		DLR00012709-2009-06-30_22-37-19	-0.000558567059487	12	103	3405.5	1703.5	0.0	0.0	135	135
95.0	94.0	78.0				1	0.0		DLR00012709-2009-06-30_22-37-19	0.000595305765659	13	103	275.5	1858.5	0.0	0.0	135	135
97.0	95.0	79.0	110.0	109.0	95.0	2	0.000319676061591	0.000223958961165	DLR00012709-2009-06-30_22-37-19	0.000675155319591	13	103	409.5	1847.5	3.04275854318e-06	5.32793435985e-05	135	135
97.0	96.0	79.0	113.0	113.0	99.5	3	0.00277052586712	0.000262598045043	DLR00012709-2009-06-30_22-37-19	0.000991522746538	13	103	544.5	1850.5	8.99751881783e-05	0.00127870424636	135	135
98.0	97.0	80.0	115.0	116.0	100.0	4	0.00117214555917	0.000278312052786	DLR00012709-2009-06-30_22-37-19	0.0014765860068	13	103	678.5	1853.5	2.87051056278e-05	0.000372955405189	135	135
99.0	98.0	80.0	112.5	113.5	97.5	5	0.000479514092386	0.000244396274615	DLR00012709-2009-06-30_22-37-19	0.00193410813427	13	103	815.5	1850.5	6.64084927558e-06	0.000106558687197	135	135
98.0	98.0	80.0				6	0.0		DLR00012709-2009-06-30_22-37-19	0.00135062063992	13	103	949.5	1850.5	0.0	0.0	135	135
97.0	97.0	79.0	99.5	112.0	114.0	7	0.0	0.000231104715149	DLR00012709-2009-06-30_22-37-19	0.00111216608121	13	103	1081.5	1846.5	3.1830709371e-05	0.000532793435985	135	135
97.0	97.0	79.0	113.5	113.5	96.5	8	0.000532793435985	0.000259649802148	DLR00012709-2009-06-30_22-37-19	0.00160199120426	13	103	1226.5	1850.5	7.0553252222e-06	0.000106558687197	135	135
96.0	96.0	78.0	108.0	110.0	98.0	9	0.000532793435985	0.000217862967946	DLR00012709-2009-06-30_22-37-19	0.000560317173601	13	103	1367.5	1851.5	2.73504484683e-05	0.000479514092386	135	135
95.0	95.0	78.0	112.0	112.0	97.0	10	0.00069263146678	0.000257551384822	DLR00012709-2009-06-30_22-37-19	0.000585441611957	13	103	1494.5	1845.5	6.99830605037e-06	0.000106558687197	135	135
95.0	95.0	78.0	109.0	111.0	97.0	11	0.00111886621557	0.000252936901338	DLR00012709-2009-06-30_22-37-19	0.000715060673927	13	103	1638.5	1850.5	3.99420415507e-05	0.000586072779583	135	135
94.0	94.0	78.0	112.5	116.5	105.5	12	0.00181149768235	0.000336415025959	DLR00012709-2009-06-30_22-37-19	0.000760116425994	13	103	1771.5	1850.5	8.75120699167e-05	0.000852469497576	135	135
94.0	94.0	77.0	109.0	110.0	94.0	13	0.00069263146678	0.000244633217581	DLR00012709-2009-06-30_22-37-19	0.000297862145807	13	103	1908.5	1850.5	1.43486376961e-05	0.000213117374394	135	135
93.0	93.0	76.0	110.0	111.0	95.0	14	0.00159838030795	0.000269987297698	DLR00012709-2009-06-30_22-37-19	-0.000810835767657	13	103	2046.5	1845.5	3.92690259919e-05	0.000532793435985	135	135
92.0	92.0	76.0	107.5	109.5	97.5	15	0.00154510096436	0.000263609559944	DLR00012709-2009-06-30_22-37-19	-0.000488135931966	13	103	2184.5	1843.5	3.72834223631e-05	0.000532793435985	135	135
92.0	92.0	75.0	105.0	107.0	94.0	16	0.00181149768235	0.000239296786249	DLR00012709-2009-06-30_22-37-19	-0.000387281822296	13	103	2317.5	1841.5	7.01230937262e-05	0.00111886621557	135	135
93.0	92.0	75.0	110.5	110.0	97.0	17	0.000745910810379	0.000289437960341	DLR00012709-2009-06-30_22-37-19	-0.00114088614505	13	103	2458.5	1850.5	1.62452772107e-05	0.000213117374394	135	135
93.0	92.0	74.0	109.0	109.0	95.0	18	0.00133198358996	0.00027083486206	DLR00012709-2009-06-30_22-37-19	-0.000782886783791	13	103	2582.5	1850.5	2.63403806516e-05	0.000372955405189	135	135
93.0	92.0	74.0	107.0	108.5	91.0	19	0.000319676061591	0.000256279215546	DLR00012709-2009-06-30_22-37-19	-0.000738619656776	13	103	2729.5	1850.5	6.96373807492e-06	0.000106558687197	135	135
92.0	91.0	74.0				20	0.0		DLR00012709-2009-06-30_22-37-19	-0.00166272904849	13	103	2866.5	1841.5	0.0	0.0	135	135
92.0	90.0	74.0				21	5.32793435985e-05		DLR00012709-2009-06-30_22-37-19	-0.000490327527506	13	103	2998.5	1850.5	0.0	0.0	135	135
91.0	89.0	73.0	106.0	105.5	89.5	22	0.000905748841174	0.000265589048056	DLR00012709-2009-06-30_22-37-19	-0.000508886379754	13	103	3137.5	1846.5	6.46022833996e-05	0.000959028184773	135	135
89.0	87.0	72.0				23	0.0		DLR00012709-2009-06-30_22-37-19	-0.000862321977969	13	103	3274.5	1848.5	0.0	0.0	135	135
88.0	86.0	71.0				24	0.0		DLR00012709-2009-06-30_22-37-19	-0.000164217913511	13	103	3409.5	1856.5	0.0	0.0	135	135
95.0	93.0	78.0				1	0.0		DLR00012709-2009-06-30_22-37-19	0.000744221948976	14	103	277.5	1985.5	0.0	0.0	135	135
96.0	94.0	78.0	111.5	112.0	97.5	2	0.00170493899515	0.000262386886119	DLR00012709-2009-06-30_22-37-19	0.000964243245249	14	103	409.5	1985.5	5.73102029752e-05	0.000745910810379	135	135
98.0	96.0	80.0				3	0.000213117374394		DLR00012709-2009-06-30_22-37-19	0.000965825593016	14	103	540.5	1985.5	0.0	0.0	135	135
98.0	97.0	80.0	119.0	120.0	104.0	4	0.00106558687197	0.000339021081169	DLR00012709-2009-06-30_22-37-19	0.00109080124827	14	103	678.5	1980.5	2.28583176994e-05	0.000266396717992	135	135
99.0	97.0	80.0	111.0	112.0	99.0	5	0.000426234748788	0.00024713468873	DLR00012709-2009-06-30_22-37-19	0.00140741538844	14	103	814.5	1985.5	2.94113008989e-05	0.000479514092386	135	135
98.0	97.0	80.0	116.0	115.0	101.0	6	0.00069263146678	0.00028167940982	DLR00012709-2009-06-30_22-37-19	0.00137925179215	14	103	952.5	1985.5	1.16482576782e-05	0.000159838030795	135	135
97.0	97.0	79.0				7	0.0		DLR00012709-2009-06-30_22-37-19	0.00140737622482	14	103	1082.5	1989.5	0.0	0.0	135	135
97.0	96.0	79.0				8	0.0		DLR00012709-2009-06-30_22-37-19	0.00145288230826	14	103	1226.5	1978.5	0.0	0.0	135	135
95.0	95.0	78.0				9	0.0		DLR00012709-2009-06-30_22-37-19	0.000891889712663	14	103	1362.5	1985.5	0.0	0.0	135	135
95.0	95.0	77.0	111.5	111.5	95.0	10	0.00234429111833	0.000265091359193	DLR00012709-2009-06-30_22-37-19	0.00108601534917	14	103	1498.5	1985.5	5.48568680949e-05	0.000745910810379	135	135
94.0	94.0	77.0	109.0	112.0	95.0	11	0.00165165965155	0.000271114538327	DLR00012709-2009-06-30_22-37-19	0.00108893954798	14	103	1633.5	1985.5	3.53880773716e-05	0.000479514092386	135	135
94.0	94.0	77.0				12	0.0		DLR00012709-2009-06-30_22-37-19	0.000802472546104	14	103	1771.5	1980.5	0.0	0.0	135	135
93.0	93.0	76.0				13	0.0		DLR00012709-2009-06-30_22-37-19	1.56378490136e-05	14	103	1906.5	1985.5	0.0	0.0	135	135
92.0	92.0	75.0	106.0	106.0	90.0	14	0.000106558687197	0.00020660850972	DLR00012709-2009-06-30_22-37-19	-0.000602127084113	14	103	2039.5	1977.5	2.80703127384e-06	5.32793435985e-05	135	135
92.0	92.0	75.0	110.0	118.0	108.0	15	0.00495497895466	0.000279189343496	DLR00012709-2009-06-30_22-37-19	-0.000425676977954	14	103	2184.5	1993.5	0.000235036363094	0.00314348127231	135	135
92.0	91.0	74.0				16	5.32793435985e-05		DLR00012709-2009-06-30_22-37-19	-0.000719861561719	14	103	2317.5	1980.5	0.0	0.0	135	135
92.0	91.0	74.0				17	0.0		DLR00012709-2009-06-30_22-37-19	-0.000996372120188	14	103	2466.5	1985.5	0.0	0.0	135	135
93.0	92.0	74.0				18	0.0		DLR00012709-2009-06-30_22-37-19	-0.000699250401947	14	103	2591.5	1985.5	0.0	0.0	135	135
93.0	91.0	74.0				19	0.0		DLR00012709-2009-06-30_22-37-19	-0.000338450797639	14	103	2725.5	1985.5	0.0	0.0	135	135
92.0	90.0	74.0	105.0	107.0	94.0	20	0.000852469497576	0.000248355435121	DLR00012709-2009-06-30_22-37-19	-0.000776095634882	14	103	2866.5	1983.5	4.97124718486e-05	0.000799190153977	135	135
92.0	90.0	74.0	105.5	106.5	92.0	21	0.000426234748788	0.000230853033828	DLR00012709-2009-06-30_22-37-19	-0.000803762875106	14	103	3004.5	1985.5	3.24484691179e-05	0.000532793435985	135	135
91.0	88.0	72.0				22	0.000106558687197		DLR00012709-2009-06-30_22-37-19	-0.00109527307302	14	103	3137.5	1985.5	0.0	0.0	135	135
89.0	86.0	71.0	101.5	100.0	86.5	23	0.000159838030795	0.000225293661251	DLR00012709-2009-06-30_22-37-19	-0.000544718991355	14	103	3268.5	1985.5	1.22458434562e-05	0.000213117374394	135	135
88.0	85.0	71.0				24	0.0		DLR00012709-2009-06-30_22-37-19	7.32975761334e-06	14	103	3412.5	1985.5	0.0	0.0	135	135
94.0	92.0	78.0				1	0.0		DLR00012709-2009-06-30_22-37-19	0.00115981163846	15	103	269.5	2127.5	0.0	0.0	135	135
96.0	93.0	78.0				2	0.0		DLR00012709-2009-06-30_22-37-19	0.00135768761505	15	103	409.5	2124.5	0.0	0.0	135	135
98.0	96.0	79.0	116.5	119.0	103.5	3	0.00175821833875	0.000353115226697	DLR00012709-2009-06-30_22-37-19	0.00150420339272	15	103	544.5	2122.5	4.61448168713e-05	0.000532793435985	135	135
100.0	97.0	80.0				4	0.0		DLR00012709-2009-06-30_22-37-19	0.00148832303438	15	103	675.5	2123.5	0.0	0.0	135	135
99.0	97.0	80.0	113.5	112.0	97.5	5	0.000586072779583	0.000234707950425	DLR00012709-2009-06-30_22-37-19	0.00162118232114	15	103	815.5	2129.5	1.28033138173e-05	0.000213117374394	135	135
98.0	97.0	79.0				6	0.0		DLR00012709-2009-06-30_22-37-19	0.00132839416163	15	103	952.5	2124.5	0.0	0.0	135	135
98.0	97.0	79.0	120.5	121.0	105.0	7	0.000852469497576	0.000346321552737	DLR00012709-2009-06-30_22-37-19	0.00104133119131	15	103	1090.5	2122.5	2.66665960571e-05	0.000319676061591	135	135
97.0	96.0	78.0	109.5	109.0	95.0	8	0.000213117374394	0.000220621585925	DLR00012709-2009-06-30_22-37-19	0.0012407992631	15	103	1222.5	2122.5	5.99483237369e-06	0.000106558687197	135	135
96.0	94.0	77.0	110.5	111.0	94.0	9	0.000319676061591	0.00024529134274	DLR00012709-2009-06-30_22-37-19	0.00154328183752	15	103	1366.5	2122.5	6.6651704831e-06	0.000106558687197	135	135
94.0	94.0	76.0				10	0.0		DLR00012709-2009-06-30_22-37-19	0.00184349490511	15	103	1497.5	2122.5	0.0	0.0	135	135
94.0	93.0	75.0	106.0	106.0	92.0	11	0.000106558687197	0.000217180009089	DLR00012709-2009-06-30_22-37-19	0.00110204537916	15	103	1630.5	2122.5	2.95065812337e-06	5.32793435985e-05	135	135
94.0	93.0	75.0				12	0.0		DLR00012709-2009-06-30_22-37-19	-1.92646557178e-06	15	103	1771.5	2122.5	0.0	0.0	135	135
93.0	92.0	75.0	108.5	109.0	94.0	13	0.000745910810379	0.000254428666578	DLR00012709-2009-06-30_22-37-19	-0.000816389868238	15	103	1901.5	2122.5	2.36683134537e-05	0.000319676061591	135	135
93.0	91.0	74.0				14	0.0		DLR00012709-2009-06-30_22-37-19	-0.000524440539699	15	103	2043.5	2122.5	0.0	0.0	135	135
92.0	91.0	74.0				15	0.000213117374394		DLR00012709-2009-06-30_22-37-19	-0.000679466080504	15	103	2189.5	2122.5	0.0	0.0	135	135
93.0	91.0	74.0	111.0	111.0	97.0	16	0.000426234748788	0.000323456566496	DLR00012709-2009-06-30_22-37-19	-0.000924743219579	15	103	2323.5	2122.5	4.39455615411e-06	5.32793435985e-05	135	135
93.0	91.0	74.0				17	0.0		DLR00012709-2009-06-30_22-37-19	-0.00068446642285	15	103	2458.5	2122.5	0.0	0.0	135	135
93.0	92.0	74.0	108.5	108.0	93.0	18	0.000479514092386	0.000261450213957	DLR00012709-2009-06-30_22-37-19	-0.00068454090542	15	103	2591.5	2128.5	7.10424684948e-06	0.000106558687197	135	135
93.0	91.0	75.0				19	0.000106558687197		DLR00012709-2009-06-30_22-37-19	-9.5184218614e-05	15	103	2730.5	2125.5	0.0	0.0	135	135
93.0	91.0	75.0				20	0.0		DLR00012709-2009-06-30_22-37-19	-2.54555408166e-05	15	103	2871.5	2124.5	0.0	0.0	135	135
93.0	90.0	74.0				21	0.0		DLR00012709-2009-06-30_22-37-19	-0.000784042102145	15	103	3001.5	2122.5	0.0	0.0	135	135
91.0	88.0	73.0	105.0	102.0	88.0	22	0.000586072779583	0.000209965960545	DLR00012709-2009-06-30_22-37-19	-0.00101159519622	15	103	3137.5	2122.5	9.81337223373e-06	0.000159838030795	135	135
89.0	86.0	72.0				23	0.0		DLR00012709-2009-06-30_22-37-19	-0.000784078616687	15	103	3264.5	2122.5	0.0	0.0	135	135
88.0	86.0	72.0				24	0.0		DLR00012709-2009-06-30_22-37-19	-9.69018525508e-05	15	103	3417.5	2131.5	0.0	0.0	135	135
99.0	98.0	87.0	126.0	130.0	125.0	1	0.0160903617667	0.00020661246655	DLR00012709-2009-06-30_22-37-19	-0.00135392056089	16	103	271.5	2261.5	2.80708503225e-06	5.32793435985e-05	135	135
101.0	100.0	88.0	114.0	113.0	99.0	2	0.0163034791411	0.000258408512945	DLR00012709-2009-06-30_22-37-19	-0.00185808846986	16	103	409.5	2261.5	1.4246898937e-05	0.000213117374394	135	135
102.0	101.0	88.0	132.5	138.0	131.0	3	0.0108689860941	0.000327875276128	DLR00012709-2009-06-30_22-37-19	-0.00136380706636	16	103	553.5	2261.5	0.000338285070909	0.00234429111833	135	135
104.0	102.0	88.0	174.0	188.0	187.5	4	0.00159838030795	0.000393176015828	DLR00012709-2009-06-30_22-37-19	-0.00123829510723	16	103	678.5	2261.5	4.90025677887e-05	0.000532793435985	135	135
102.0	100.0	85.0	177.0	194.0	192.0	5	0.00825829825777	0.000436800675727	DLR00012709-2009-06-30_22-37-19	-0.00084585749418	16	103	815.5	2261.5	0.000537251003536	0.00495497895466	135	135
101.0	99.0	84.0	131.5	132.0	121.5	6	0.00159838030795	0.000447277546059	DLR00012709-2009-06-30_22-37-19	-0.000799376703846	16	103	952.5	2261.5	7.45784007907e-05	0.000532793435985	135	135
100.0	99.0	83.0	112.5	112.5	98.5	7	0.000372955405189	0.000241169708834	DLR00012709-2009-06-30_22-37-19	-0.000686415878231	16	103	1089.5	2261.5	6.55317552909e-06	0.000106558687197	135	135
100.0	98.0	81.0				8	0.000159838030795		DLR00012709-2009-06-30_22-37-19	-0.000923380840985	16	103	1226.5	2261.5	0.0	0.0	135	135
99.0	96.0	80.0				9	0.000213117374394		DLR00012709-2009-06-30_22-37-19	-0.000637930635539	16	103	1357.5	2263.5	0.0	0.0	135	135
97.0	95.0	79.0	113.0	112.0	97.0	10	0.00293036389792	0.00026957675539	DLR00012709-2009-06-30_22-37-19	-0.00127738774199	16	103	1497.5	2266.5	1.13998220515e-05	0.000159838030795	135	135
97.0	95.0	79.0				11	0.00293036389792		DLR00012709-2009-06-30_22-37-19	-0.000976594405104	16	103	1637.5	2261.5	0.0	0.0	135	135
97.0	96.0	79.0	119.0	125.0	115.0	12	0.00815173957057	0.000234819646456	DLR00012709-2009-06-30_22-37-19	-0.00157563773991	16	103	1766.5	2261.5	0.000128698147489	0.00165165965155	135	135
97.0	95.0	79.0	180.0	199.0	195.0	13	0.020299429911	0.000387953602786	DLR00012709-2009-06-30_22-37-19	-0.0025436052987	16	103	1904.5	2265.5	0.000584057323285	0.00538121370345	135	135
96.0	94.0	78.0	99.0	115.0	110.0	14	0.0107091480633	0.000297586176591	DLR00012709-2009-06-30_22-37-19	-0.00216203465578	16	103	2046.5	2261.5	0.000206649847651	0.00250412914913	135	135
96.0	94.0	78.0	117.0	121.0	110.0	15	0.00319676061591	0.000228337482753	DLR00012709-2009-06-30_22-37-19	-0.00232478296556	16	103	2184.5	2259.5	3.102246156e-06	5.32793435985e-05	135	135
97.0	94.0	78.0	116.0	121.0	112.0	16	0.00325003995951	0.000221243693463	DLR00012709-2009-06-30_22-37-19	-0.00324534391199	16	103	2317.5	2261.5	6.01173656913e-06	0.000106558687197	135	135
98.0	96.0	80.0	161.0	180.0	178.0	17	0.0191805636955	0.000227327260194	DLR00012709-2009-06-30_22-37-19	-0.000597056302274	16	103	2463.5	2269.5	0.00238566327058	0.0403324631041	135	135
98.0	96.0	80.0	160.0	179.0	175.0	18	0.0174756247003	0.000230769598555	DLR00012709-2009-06-30_22-37-19	-0.00330335820096	16	103	2591.5	2261.5	0.000161426407209	0.00271724652352	135	135
98.0	96.0	81.0	161.0	180.0	177.0	19	0.0191272843519	0.000233598163649	DLR00012709-2009-06-30_22-37-19	-0.0026311059978	16	103	2734.5	2261.5	0.000441196521949	0.00724599072939	135	135
99.0	97.0	83.0	166.0	184.0	181.0	20	0.0361766743034	0.000262279941916	DLR00012709-2009-06-30_22-37-19	0.00162675235661	16	103	2866.5	2270.5	0.00428994382542	0.0602056582663	135	135
99.0	97.0	83.0	171.0	188.0	185.0	21	0.0337258244978	0.00026445955026	DLR00012709-2009-06-30_22-37-19	0.000382499605315	16	103	2995.5	2269.5	0.00374971196078	0.0491235547978	135	135
95.0	93.0	79.0	107.0	106.0	92.0	22	0.000745910810379	0.000236471323805	DLR00012709-2009-06-30_22-37-19	-0.00360128991487	16	103	3137.5	2254.5	1.58195963865e-05	0.000266396717992	135	135
95.0	93.0	81.0	174.0	194.0	193.0	23	0.0427833129096	0.000303274087672	DLR00012709-2009-06-30_22-37-19	0.00166401255017	16	103	3269.5	2267.5	0.00550078404608	0.0600990995791	135	135
93.0	91.0	80.0	119.0	125.0	122.0	24	0.00681975598061	0.000222131768095	DLR00012709-2009-06-30_22-37-19	-0.00273675238597	16	103	3414.5	2251.5	0.000123365492929	0.00213117374394	135	135
