95.0	96.0	86.0	122.0	131.0	128.0	1	0.0440620171559	0.000155575022772	DLR00012647-2009-06-30_22-38-46	0.000863655943561	1	95	267.5	207.5	0.00360791867441	0.0669188555597	135	135
97.0	96.0	83.0	115.0	122.0	117.0	2	0.00836485694496	9.67503066238e-05	DLR00012647-2009-06-30_22-38-46	0.00151201778535	1	95	402.5	210.5	0.00029581396303	0.0104960306889	135	135
100.0	99.0	85.0	115.0	121.0	113.5	3	0.00596728648303	7.26132980676e-05	DLR00012647-2009-06-30_22-38-46	0.00134782838413	1	95	545.5	210.5	3.91147863287e-05	0.00202461505674	135	135
102.0	101.0	86.0	129.0	132.0	122.0	4	0.0070861526986	0.000128643582713	DLR00012647-2009-06-30_22-38-46	0.00143465187849	1	95	668.5	208.5	0.000567846073091	0.0154510096436	135	135
103.0	102.0	85.0	108.0	108.0	93.5	5	0.000639352123182	0.00011311091233	DLR00012647-2009-06-30_22-38-46	0.000792907891871	1	95	816.5	213.5	7.43997060178e-05	0.00213117374394	135	135
104.0	102.0	86.0	126.0	133.0	126.0	6	0.0068730353242	0.000172375778101	DLR00012647-2009-06-30_22-38-46	0.00108919030031	1	95	948.5	207.5	0.000472330527951	0.0125739250892	135	135
104.0	103.0	85.0	116.0	124.0	114.0	7	0.00218445308754	7.75059142058e-05	DLR00012647-2009-06-30_22-38-46	0.000680480084657	1	95	1075.5	208.5	4.76235859755e-05	0.00229101177473	135	135
104.0	103.0	86.0	126.0	131.0	120.0	8	0.00522137567265	9.9284292161e-05	DLR00012647-2009-06-30_22-38-46	0.00109333462528	1	95	1217.5	202.5	0.00042717954587	0.0149182162076	135	135
104.0	103.0	85.0	128.0	133.0	122.0	9	0.00149182162076	0.000130070801924	DLR00012647-2009-06-30_22-38-46	0.000691469000113	1	95	1350.5	206.5	0.000302662429085	0.00932388512974	135	135
103.0	102.0	84.0	116.0	124.0	114.0	10	0.000532793435985	7.31554462373e-05	DLR00012647-2009-06-30_22-38-46	0.000299795466143	1	95	1488.5	207.5	4.11879661522e-05	0.00165165965155	135	135
102.0	102.0	84.0	115.0	124.0	113.0	11	0.000266396717992	7.20579842687e-05	DLR00012647-2009-06-30_22-38-46	0.00018546840978	1	95	1630.5	207.5	3.53353966548e-05	0.00154510096436	135	135
102.0	102.0	84.0	118.0	125.0	115.0	12	0.0	7.58506772647e-05	DLR00012647-2009-06-30_22-38-46	0.00012428060277	1	95	1771.5	207.5	2.87005195014e-05	0.00143854227716	135	135
103.0	103.0	85.0	120.0	128.0	116.0	13	0.0	7.63075318557e-05	DLR00012647-2009-06-30_22-38-46	0.000316298941845	1	95	1901.5	201.5	6.19113241505e-05	0.00303692258511	135	135
102.0	102.0	84.0	107.0	109.0	90.5	14	5.32793435985e-05	8.55176958574e-05	DLR00012647-2009-06-30_22-38-46	0.000167803525548	1	95	2048.5	207.5	2.4848324757e-05	0.00106558687197	135	135
103.0	103.0	85.0	108.0	109.0	92.0	15	0.000319676061591	8.09469142991e-05	DLR00012647-2009-06-30_22-38-46	0.000202901018984	1	95	2178.5	202.5	9.39573731703e-05	0.0036229953647	135	135
104.0	103.0	86.0	122.0	129.0	120.5	16	0.0	9.89216372785e-05	DLR00012647-2009-06-30_22-38-46	0.000121527447921	1	95	2316.5	198.5	0.000110357718711	0.00415578880068	135	135
103.0	102.0	84.0	111.0	112.0	96.0	17	0.000106558687197	7.81634113974e-05	DLR00012647-2009-06-30_22-38-46	-0.000119277259968	1	95	2454.5	207.5	2.99192455646e-05	0.00117214555917	135	135
103.0	101.0	84.0	114.5	121.0	105.0	18	0.00111886621557	8.97506893206e-05	DLR00012647-2009-06-30_22-38-46	-9.84488422904e-05	1	95	2587.5	207.5	5.00352922456e-05	0.00138526293356	135	135
102.0	100.0	84.0	109.5	112.0	96.0	19	0.000745910810379	8.98190867808e-05	DLR00012647-2009-06-30_22-38-46	-0.000364148008575	1	95	2726.5	207.5	3.28601887421e-05	0.00106558687197	135	135
101.0	100.0	84.0	111.5	115.5	103.5	20	0.0	7.40297419353e-05	DLR00012647-2009-06-30_22-38-46	-0.000206418553002	1	95	2853.5	207.5	1.71679655791e-05	0.000852469497576	135	135
99.0	98.0	84.0	115.5	121.0	113.0	21	0.0	7.99568403941e-05	DLR00012647-2009-06-30_22-38-46	-5.29989602786e-05	1	95	2998.5	203.5	8.78581041785e-05	0.00404923011349	135	135
95.0	95.0	81.0	106.0	112.0	103.0	22	0.0	7.91784487311e-05	DLR00012647-2009-06-30_22-38-46	-0.000706385568015	1	95	3133.5	207.5	3.56908168615e-05	0.00165165965155	135	135
92.0	92.0	80.0	104.0	108.0	98.0	23	0.000959028184773	8.0755166669e-05	DLR00012647-2009-06-30_22-38-46	-0.000393091677656	1	95	3270.5	204.5	5.72203659761e-05	0.00229101177473	135	135
91.0	92.0	82.0	114.0	123.0	120.0	24	0.020565826629	0.000171418795257	DLR00012647-2009-06-30_22-38-46	0.000633338270444	1	95	3411.5	207.5	0.00265768965131	0.0558367520912	135	135
92.0	91.0	78.0	97.0	97.0	85.0	1	0.0	8.73528903838e-05	DLR00012647-2009-06-30_22-38-46	0.00132829196214	2	95	266.5	343.5	1.78819784973e-05	0.000745910810379	135	135
94.0	93.0	78.0	100.5	100.5	87.0	2	0.00149182162076	0.000118472850842	DLR00012647-2009-06-30_22-38-46	0.00137283146937	2	95	402.5	343.5	8.20461100659e-05	0.00223773243114	135	135
97.0	96.0	80.0	102.0	100.0	85.0	3	0.0	7.26363037375e-05	DLR00012647-2009-06-30_22-38-46	0.00114433125305	2	95	541.5	343.5	8.16726043281e-06	0.000372955405189	135	135
99.0	97.0	81.0	104.0	103.0	90.0	4	0.000213117374394	9.63668486342e-05	DLR00012647-2009-06-30_22-38-46	0.000938215312208	2	95	676.5	337.5	6.39614504429e-05	0.00218445308754	135	135
99.0	98.0	81.0	103.0	104.0	88.0	5	0.0	8.31843137954e-05	DLR00012647-2009-06-30_22-38-46	0.000748432426258	2	95	813.5	343.5	1.25091034828e-05	0.000586072779583	135	135
99.0	99.0	81.0	103.0	103.0	89.0	6	0.0	7.34825430613e-05	DLR00012647-2009-06-30_22-38-46	0.000388381109089	2	95	947.5	343.5	1.04158852622e-05	0.000479514092386	135	135
99.0	99.0	81.0	104.0	105.0	89.0	7	0.000372955405189	9.31908026956e-05	DLR00012647-2009-06-30_22-38-46	0.000350843773792	2	95	1077.5	351.5	5.34914792579e-05	0.00186477702595	135	135
99.0	99.0	81.0	104.5	105.0	89.5	8	0.0	9.34558782102e-05	DLR00012647-2009-06-30_22-38-46	0.000204723597135	2	95	1214.5	343.5	3.07579452517e-05	0.00117214555917	135	135
98.0	99.0	80.0	106.0	108.0	89.0	9	0.000639352123182	0.000111168358978	DLR00012647-2009-06-30_22-38-46	8.60832391928e-05	2	95	1360.5	343.5	4.63217370083e-05	0.00138526293356	135	135
98.0	98.0	80.0	102.5	103.0	86.5	10	0.0	8.74895478869e-05	DLR00012647-2009-06-30_22-38-46	-8.94346713499e-06	2	95	1502.5	341.5	1.97919190885e-05	0.000852469497576	135	135
97.0	97.0	79.0	102.5	103.0	87.0	11	0.0	8.16071566427e-05	DLR00012647-2009-06-30_22-38-46	-0.000170981113684	2	95	1634.5	342.5	6.52573277821e-06	0.000319676061591	135	135
97.0	98.0	79.0	103.0	105.0	88.0	12	0.000905748841174	9.97104008854e-05	DLR00012647-2009-06-30_22-38-46	-0.000171540332002	2	95	1761.5	350.5	6.28047792953e-05	0.00207789440034	135	135
98.0	98.0	80.0	102.0	104.0	87.0	13	0.0	8.00468790438e-05	DLR00012647-2009-06-30_22-38-46	-0.000342273561026	2	95	1903.5	343.5	1.61801348347e-05	0.00069263146678	135	135
97.0	97.0	79.0	105.0	106.0	87.0	14	0.000745910810379	0.000115599154953	DLR00012647-2009-06-30_22-38-46	-0.000676728280832	2	95	2041.5	341.5	3.22719239788e-05	0.000852469497576	135	135
97.0	98.0	79.0	103.0	105.0	87.0	15	0.000319676061591	9.89547368393e-05	DLR00012647-2009-06-30_22-38-46	-0.000579744120953	2	95	2178.5	343.5	4.24114146753e-05	0.00138526293356	135	135
98.0	98.0	79.0	106.0	109.0	94.0	16	0.00218445308754	0.00014151585303	DLR00012647-2009-06-30_22-38-46	-0.000610735847034	2	95	2317.5	343.5	0.000111813848267	0.00207789440034	135	135
98.0	98.0	79.0	104.0	105.0	89.0	17	0.00143854227716	0.000112168674978	DLR00012647-2009-06-30_22-38-46	-0.000534286155809	2	95	2445.5	335.5	6.21614162308e-05	0.00149182162076	135	135
98.0	97.0	79.0	104.0	104.0	86.0	18	0.0	8.9432849984e-05	DLR00012647-2009-06-30_22-38-46	-0.000564777590951	2	95	2590.5	337.5	1.08896264812e-05	0.000426234748788	135	135
98.0	97.0	79.0	103.0	103.0	87.0	19	0.0	9.27276926993e-05	DLR00012647-2009-06-30_22-38-46	-0.0004519653414	2	95	2720.5	342.5	9.92066119626e-06	0.000426234748788	135	135
98.0	96.0	79.0	105.0	103.5	87.0	20	0.000372955405189	0.000106159931315	DLR00012647-2009-06-30_22-38-46	-0.000464970948979	2	95	2861.5	343.5	4.62836325472e-05	0.00149182162076	135	135
96.0	94.0	77.0	101.0	100.0	86.0	21	0.0	8.55852797487e-05	DLR00012647-2009-06-30_22-38-46	-0.000801950022435	2	95	2990.5	343.5	2.32556303862e-06	0.000106558687197	135	135
93.0	91.0	75.0	98.0	98.5	83.0	22	0.000426234748788	9.26614324581e-05	DLR00012647-2009-06-30_22-38-46	-0.000793367317636	2	95	3133.5	333.5	3.71382490156e-05	0.00127870424636	135	135
90.0	88.0	73.0	93.0	93.5	78.0	23	0.0	8.47214123288e-05	DLR00012647-2009-06-30_22-38-46	-0.000609104369306	2	95	3263.5	343.5	2.25824124817e-05	0.000959028184773	135	135
88.0	87.0	74.0	97.0	94.0	86.0	24	0.00127870424636	0.000112736625893	DLR00012647-2009-06-30_22-38-46	-0.000178142006553	2	95	3403.5	343.5	4.6157883716e-05	0.00122542490277	135	135
93.0	92.0	78.0	98.0	97.5	85.5	1	0.000745910810379	9.67596531509e-05	DLR00012647-2009-06-30_22-38-46	0.00131088419812	3	95	269.5	481.5	2.89781586934e-05	0.000639352123182	135	135
94.0	94.0	79.0	102.0	102.0	89.0	2	0.00069263146678	0.000111183105516	DLR00012647-2009-06-30_22-38-46	0.00143665360674	3	95	403.5	481.5	6.70418476089e-05	0.00202461505674	135	135
97.0	96.0	80.0	102.0	102.0	87.0	3	0.000905748841174	0.00010399000374	DLR00012647-2009-06-30_22-38-46	0.00110794476453	3	95	547.5	481.5	4.6369904014e-05	0.00133198358996	135	135
98.0	97.0	81.0	104.0	104.0	88.0	4	0.00069263146678	9.68209510335e-05	DLR00012647-2009-06-30_22-38-46	0.000961874139598	3	95	670.5	481.5	5.01102939603e-05	0.00165165965155	135	135
98.0	98.0	81.0	104.0	105.0	88.0	5	0.000372955405189	0.000102182290059	DLR00012647-2009-06-30_22-38-46	0.000496349780371	3	95	813.5	481.5	6.17437372622e-05	0.00213117374394	135	135
98.0	98.0	80.0	104.5	105.0	87.5	6	0.0	9.07816766693e-05	DLR00012647-2009-06-30_22-38-46	0.000345811623501	3	95	948.5	481.5	2.99032900782e-05	0.00117214555917	135	135
98.0	98.0	80.0	104.0	104.0	87.0	7	0.0	8.15930480989e-05	DLR00012647-2009-06-30_22-38-46	0.000292937884161	3	95	1075.5	481.5	8.08562918271e-06	0.000372955405189	135	135
98.0	98.0	80.0	104.0	104.0	87.0	8	0.0	7.74448725564e-05	DLR00012647-2009-06-30_22-38-46	0.00015857287401	3	95	1222.5	481.5	2.34029695454e-05	0.00101230752837	135	135
98.0	98.0	80.0	104.0	104.5	87.5	9	0.000159838030795	9.61591048685e-05	DLR00012647-2009-06-30_22-38-46	0.000271462825311	3	95	1360.5	481.5	6.34119702281e-05	0.00234429111833	135	135
97.0	98.0	80.0	103.0	105.0	88.0	10	0.0	9.95507244126e-05	DLR00012647-2009-06-30_22-38-46	0.000144689560075	3	95	1495.5	481.5	5.68151694312e-05	0.00213117374394	135	135
97.0	98.0	79.0	104.0	104.0	88.0	11	0.000959028184773	0.000101202192498	DLR00012647-2009-06-30_22-38-46	-0.000141808773827	3	95	1634.5	478.5	6.41125395879e-05	0.00213117374394	135	135
97.0	98.0	79.0	104.0	106.0	87.0	12	0.0	0.000115514032445	DLR00012647-2009-06-30_22-38-46	-0.000359209351637	3	95	1771.5	481.5	1.06456553955e-05	0.000372955405189	135	135
97.0	98.0	79.0	101.5	103.5	85.0	13	0.0	7.77052149216e-05	DLR00012647-2009-06-30_22-38-46	-0.000477854745472	3	95	1899.5	471.5	6.50068270109e-06	0.000319676061591	135	135
97.0	97.0	79.0	103.0	104.0	86.0	14	0.000479514092386	9.78349606081e-05	DLR00012647-2009-06-30_22-38-46	-0.000509554871607	3	95	2037.5	481.5	5.79615944279e-05	0.00202461505674	135	135
97.0	97.0	79.0	102.0	103.0	87.0	15	0.0	8.94183953801e-05	DLR00012647-2009-06-30_22-38-46	-0.000661054461125	3	95	2173.5	481.5	2.16160007188e-05	0.000905748841174	135	135
97.0	97.0	79.0	104.0	104.0	87.0	16	0.000586072779583	9.66402828803e-05	DLR00012647-2009-06-30_22-38-46	-0.000787047801049	3	95	2316.5	471.5	5.2643131408e-05	0.00165165965155	135	135
97.0	97.0	79.0	106.5	106.0	90.5	17	0.000852469497576	0.000133815835724	DLR00012647-2009-06-30_22-38-46	-0.000710059737767	3	95	2451.5	481.5	4.39033696653e-05	0.00106558687197	135	135
97.0	97.0	78.0	102.0	103.0	87.0	18	0.0	8.77684566203e-05	DLR00012647-2009-06-30_22-38-46	-0.000662668374287	3	95	2590.5	481.5	3.67905420749e-05	0.00149182162076	135	135
97.0	96.0	78.0	104.0	103.0	85.0	19	0.0	9.58822004838e-05	DLR00012647-2009-06-30_22-38-46	-0.000584502096811	3	95	2726.5	481.5	1.17560129741e-05	0.000479514092386	135	135
97.0	96.0	78.0	103.0	101.5	85.0	20	0.0	8.74552730129e-05	DLR00012647-2009-06-30_22-38-46	-0.000602452625642	3	95	2861.5	481.5	2.20344093836e-05	0.000959028184773	135	135
96.0	94.0	77.0	102.0	101.5	85.0	21	0.0	0.000106345109783	DLR00012647-2009-06-30_22-38-46	-0.000584767290947	3	95	2992.5	481.5	2.72860566106e-05	0.000959028184773	135	135
94.0	92.0	75.0	98.5	97.5	83.0	22	0.0	8.87841843473e-05	DLR00012647-2009-06-30_22-38-46	-0.000879043702668	3	95	3133.5	481.5	4.29628706704e-05	0.00170493899515	135	135
90.0	88.0	73.0	95.0	94.0	78.0	23	0.0	7.2801378056e-05	DLR00012647-2009-06-30_22-38-46	-0.000625451081969	3	95	3273.5	481.5	1.50069304789e-05	0.00069263146678	135	135
87.0	87.0	72.0	93.0	92.5	79.0	24	0.00069263146678	0.000109709898372	DLR00012647-2009-06-30_22-38-46	-0.000244535226124	3	95	3407.5	476.5	3.82414027863e-05	0.00117214555917	135	135
93.0	92.0	78.0	99.0	99.0	87.0	1	0.0	0.00010016486286	DLR00012647-2009-06-30_22-38-46	0.00107816644547	4	95	265.5	625.5	4.56672912065e-05	0.00165165965155	135	135
95.0	94.0	79.0	101.5	100.0	88.0	2	0.000745910810379	0.000111017637509	DLR00012647-2009-06-30_22-38-46	0.00141570292274	4	95	405.5	614.5	4.90520676722e-05	0.00138526293356	135	135
97.0	96.0	80.0	102.0	100.5	86.5	3	0.0	8.32385973242e-05	DLR00012647-2009-06-30_22-38-46	0.00105497130776	4	95	540.5	618.5	2.33683571387e-05	0.00106558687197	135	135
98.0	97.0	80.0	105.0	109.0	98.0	4	0.00261068783633	0.000150281250555	DLR00012647-2009-06-30_22-38-46	0.000746022220042	4	95	670.5	618.5	0.000178316827513	0.00314348127231	135	135
98.0	98.0	80.0	108.0	108.0	92.0	5	0.00181149768235	0.000153462670467	DLR00012647-2009-06-30_22-38-46	0.00047854177533	4	95	813.5	618.5	9.96370696489e-05	0.00165165965155	135	135
98.0	98.0	80.0	103.0	104.0	86.0	6	0.0	7.10731729496e-05	DLR00012647-2009-06-30_22-38-46	0.000231161516218	4	95	944.5	618.5	3.03471470608e-06	0.000159838030795	135	135
98.0	98.0	80.0	104.0	105.0	88.0	7	5.32793435985e-05	9.87997477523e-05	DLR00012647-2009-06-30_22-38-46	0.000265077128637	4	95	1079.5	623.5	3.69526554855e-05	0.00138526293356	135	135
98.0	98.0	80.0	103.0	104.0	88.0	8	0.000266396717992	9.04806500544e-05	DLR00012647-2009-06-30_22-38-46	0.000266337873107	4	95	1224.5	623.5	5.71227829897e-05	0.00218445308754	135	135
97.0	98.0	80.0	105.0	105.0	89.0	9	0.000586072779583	0.000109121846923	DLR00012647-2009-06-30_22-38-46	0.000183407509717	4	95	1356.5	613.5	3.37240676973e-05	0.00101230752837	135	135
97.0	98.0	80.0	102.0	104.0	87.0	10	0.0	7.86211409337e-05	DLR00012647-2009-06-30_22-38-46	0.000232580393675	4	95	1485.5	618.5	2.39496379153e-05	0.00106558687197	135	135
97.0	97.0	79.0	103.0	104.0	86.0	11	0.000159838030795	8.79386848469e-05	DLR00012647-2009-06-30_22-38-46	-0.000149536367423	4	95	1631.5	618.5	2.65396867453e-05	0.000905748841174	135	135
97.0	97.0	79.0	104.0	105.0	90.0	12	0.00239757046193	0.000116991272526	DLR00012647-2009-06-30_22-38-46	-7.8504037411e-05	4	95	1771.5	622.5	9.43511649713e-05	0.00197133571314	135	135
97.0	97.0	79.0	102.0	104.0	86.0	13	0.0	9.35292263028e-05	DLR00012647-2009-06-30_22-38-46	-0.000366829303263	4	95	1900.5	618.5	9.26276528314e-06	0.000372955405189	135	135
97.0	97.0	79.0	102.0	103.0	86.0	14	0.0	8.84511988976e-05	DLR00012647-2009-06-30_22-38-46	-0.000375998737704	4	95	2041.5	618.5	1.08096575294e-05	0.000426234748788	135	135
97.0	97.0	79.0	107.0	108.5	94.0	15	0.00229101177473	0.000167555137055	DLR00012647-2009-06-30_22-38-46	-0.000638399714578	4	95	2173.5	613.5	0.00012403292092	0.00234429111833	135	135
96.0	97.0	79.0	105.5	102.5	88.5	16	0.0	9.69553939183e-05	DLR00012647-2009-06-30_22-38-46	-0.000774918226406	4	95	2322.5	618.5	2.63451707061e-06	0.000106558687197	135	135
97.0	97.0	79.0	104.0	104.0	87.0	17	0.0	0.000105907543591	DLR00012647-2009-06-30_22-38-46	-0.000831912319461	4	95	2453.5	618.5	2.39393600393e-05	0.000852469497576	135	135
97.0	96.0	78.0	102.0	103.0	86.0	18	0.000532793435985	8.21117845821e-05	DLR00012647-2009-06-30_22-38-46	-0.000743344655898	4	95	2591.5	617.5	2.65284292113e-05	0.000905748841174	135	135
97.0	96.0	78.0	100.0	101.0	85.0	19	0.0	6.91056102371e-05	DLR00012647-2009-06-30_22-38-46	-0.000446873667774	4	95	2718.5	618.5	4.79149685826e-06	0.000266396717992	135	135
97.0	96.0	78.0	101.0	101.0	84.0	20	0.000106558687197	7.85551417062e-05	DLR00012647-2009-06-30_22-38-46	-0.00025561642004	4	95	2861.5	620.5	5.20217731872e-05	0.00239757046193	135	135
97.0	95.0	77.0	102.0	100.5	84.0	21	0.0	7.6837132483e-05	DLR00012647-2009-06-30_22-38-46	-0.000478272528744	4	95	2992.5	613.5	7.00537126417e-06	0.000319676061591	135	135
94.0	92.0	75.0	100.0	99.0	82.0	22	0.0	8.8649685255e-05	DLR00012647-2009-06-30_22-38-46	-0.000553117082912	4	95	3133.5	618.5	3.10074723111e-05	0.00122542490277	135	135
90.0	88.0	73.0	97.0	96.0	81.0	23	0.00106558687197	0.000104422262954	DLR00012647-2009-06-30_22-38-46	-0.000931673118478	4	95	3273.5	618.5	8.28033442035e-05	0.00218445308754	135	135
87.0	86.0	72.0	93.0	94.0	81.0	24	0.0	0.00010417236536	DLR00012647-2009-06-30_22-38-46	-0.000355582648257	4	95	3406.5	618.5	5.08986923925e-05	0.00175821833875	135	135
94.0	92.0	78.0	98.0	97.0	83.0	1	0.0	7.64563990195e-05	DLR00012647-2009-06-30_22-38-46	0.00112525454479	5	95	266.5	755.5	7.69259950757e-06	0.000372955405189	135	135
96.0	94.0	79.0	101.0	99.0	87.0	2	0.0	8.97960221938e-05	DLR00012647-2009-06-30_22-38-46	0.00145599794547	5	95	405.5	757.5	2.897559365e-05	0.00122542490277	135	135
97.0	96.0	80.0	101.0	100.0	84.5	3	0.0	7.07963271983e-05	DLR00012647-2009-06-30_22-38-46	0.00101846129285	5	95	533.5	757.5	5.93176583725e-06	0.000319676061591	135	135
99.0	97.0	80.0	104.0	104.0	88.0	4	0.000106558687197	8.84457527639e-05	DLR00012647-2009-06-30_22-38-46	0.000727054917036	5	95	671.5	752.5	6.64987079514e-05	0.00250412914913	135	135
99.0	98.0	80.0	105.0	104.0	88.0	5	0.0	9.29060639606e-05	DLR00012647-2009-06-30_22-38-46	0.000496564574579	5	95	813.5	757.5	1.22808591828e-05	0.000426234748788	135	135
98.0	98.0	80.0	104.0	104.0	87.0	6	0.0	9.15802756996e-05	DLR00012647-2009-06-30_22-38-46	3.26612635749e-05	5	95	948.5	757.5	1.325157609e-05	0.000532793435985	135	135
98.0	98.0	80.0	103.0	104.0	87.0	7	0.0	8.3213850537e-05	DLR00012647-2009-06-30_22-38-46	7.28087524663e-06	5	95	1085.5	757.5	1.88424330921e-05	0.000799190153977	135	135
98.0	98.0	80.0	104.0	104.5	88.0	8	0.0	9.3225259204e-05	DLR00012647-2009-06-30_22-38-46	2.75138071111e-05	5	95	1224.5	747.5	3.15691141053e-05	0.00117214555917	135	135
97.0	98.0	80.0	102.0	104.0	86.0	9	0.0	7.83003337753e-05	DLR00012647-2009-06-30_22-38-46	0.000181448918234	5	95	1360.5	757.5	1.51641417777e-05	0.000745910810379	135	135
97.0	98.0	80.0	103.0	104.0	88.0	10	0.000266396717992	0.000103980204169	DLR00012647-2009-06-30_22-38-46	0.000179674860739	5	95	1495.5	757.5	4.15150006144e-05	0.00143854227716	135	135
96.0	97.0	79.0	105.0	106.0	90.0	11	0.000745910810379	0.000142301705497	DLR00012647-2009-06-30_22-38-46	0.000107708583878	5	95	1628.5	756.5	3.23722401437e-05	0.000639352123182	135	135
96.0	97.0	79.0	103.0	104.0	88.0	12	0.000532793435985	0.000108872146876	DLR00012647-2009-06-30_22-38-46	-0.000241646093452	5	95	1766.5	750.5	2.52000660506e-05	0.000745910810379	135	135
96.0	97.0	79.0	101.5	102.5	86.5	13	0.00069263146678	8.87873896213e-05	DLR00012647-2009-06-30_22-38-46	-0.000470944598391	5	95	1903.5	757.5	2.86836679845e-05	0.000852469497576	135	135
96.0	97.0	79.0	104.0	106.0	90.0	14	0.00506153764186	0.000119001135135	DLR00012647-2009-06-30_22-38-46	-0.000389982667464	5	95	2041.5	757.5	0.000594519601985	0.0129468804944	135	135
96.0	96.0	78.0	102.0	104.0	86.0	15	0.000852469497576	9.90553277849e-05	DLR00012647-2009-06-30_22-38-46	-0.00069030881282	5	95	2178.5	757.5	5.51510575632e-05	0.00175821833875	135	135
96.0	96.0	78.0	103.0	101.5	87.0	16	0.000372955405189	8.67746655733e-05	DLR00012647-2009-06-30_22-38-46	-0.000750286726601	5	95	2313.5	757.5	2.70333265389e-05	0.000959028184773	135	135
97.0	96.0	78.0	103.0	106.0	88.0	17	0.000426234748788	0.0001206226453	DLR00012647-2009-06-30_22-38-46	-0.000837676470791	5	95	2453.5	763.5	2.06569950046e-05	0.000586072779583	135	135
97.0	96.0	78.0	102.0	102.0	86.0	18	0.0	7.98996748191e-05	DLR00012647-2009-06-30_22-38-46	-0.000677002660934	5	95	2590.5	754.5	8.10868349457e-06	0.000372955405189	135	135
98.0	96.0	78.0	106.5	107.0	88.0	19	0.00138526293356	0.000134221820141	DLR00012647-2009-06-30_22-38-46	-0.0002956072152	5	95	2721.5	749.5	6.09550573051e-05	0.00159838030795	135	135
97.0	96.0	77.0	104.0	104.5	86.0	20	0.0	0.000118844415769	DLR00012647-2009-06-30_22-38-46	-0.000507189843379	5	95	2853.5	757.5	3.06810911756e-05	0.000959028184773	135	135
96.0	94.0	76.0	101.0	99.0	84.0	21	0.000266396717992	9.40088022479e-05	DLR00012647-2009-06-30_22-38-46	-0.000302779896733	5	95	2998.5	757.5	1.8976664544e-05	0.000586072779583	135	135
94.0	92.0	75.0	100.0	99.0	84.5	22	0.000532793435985	0.000110236438541	DLR00012647-2009-06-30_22-38-46	-0.000581591729492	5	95	3124.5	757.5	3.96190776931e-05	0.00127870424636	135	135
91.0	89.0	72.0	96.0	96.0	81.0	23	0.0	0.000104812371317	DLR00012647-2009-06-30_22-38-46	-0.000920538623708	5	95	3265.5	757.5	2.4130768973e-05	0.000905748841174	135	135
88.0	87.0	71.0	92.5	92.0	76.5	24	0.0	8.41488022518e-05	DLR00012647-2009-06-30_22-38-46	-0.000804452369393	5	95	3408.5	759.5	1.16690422828e-05	0.000532793435985	135	135
94.0	92.0	78.0	100.0	97.0	84.0	1	0.0	7.33650893919e-05	DLR00012647-2009-06-30_22-38-46	0.00102784977483	6	95	267.5	893.5	4.99877900485e-06	0.000266396717992	135	135
96.0	94.0	79.0	100.0	100.0	84.0	2	0.0	7.85463438412e-05	DLR00012647-2009-06-30_22-38-46	0.00140824278111	6	95	403.5	891.5	8.64543571127e-06	0.000426234748788	135	135
98.0	96.0	79.0	102.0	102.0	86.0	3	0.0	8.78161587023e-05	DLR00012647-2009-06-30_22-38-46	0.00121515679548	6	95	538.5	893.5	3.86058101947e-05	0.00159838030795	135	135
99.0	97.0	80.0	105.0	105.0	88.5	4	0.00069263146678	0.000115746693034	DLR00012647-2009-06-30_22-38-46	0.000920096570008	6	95	676.5	888.5	2.68039491816e-05	0.000639352123182	135	135
99.0	98.0	80.0	103.5	104.0	85.0	5	0.0	8.60755228027e-05	DLR00012647-2009-06-30_22-38-46	0.000695175891656	6	95	816.5	898.5	1.21604169616e-05	0.000532793435985	135	135
98.0	98.0	80.0	105.0	105.0	88.0	6	0.000852469497576	0.000105798245536	DLR00012647-2009-06-30_22-38-46	0.000389203005649	6	95	948.5	893.5	6.68334769679e-05	0.00202461505674	135	135
98.0	98.0	80.0	103.5	102.0	87.0	7	0.0	7.39781571382e-05	DLR00012647-2009-06-30_22-38-46	6.6484052252e-05	6	95	1086.5	891.5	2.010168903e-06	0.000106558687197	135	135
97.0	98.0	80.0	104.0	105.0	88.0	8	0.000745910810379	9.83016689585e-05	DLR00012647-2009-06-30_22-38-46	0.000166953791434	6	95	1224.5	895.5	4.94765606632e-05	0.00154510096436	135	135
97.0	98.0	80.0	104.5	106.0	88.5	9	0.00159838030795	0.000115745531894	DLR00012647-2009-06-30_22-38-46	0.000364359346414	6	95	1360.5	883.5	6.83859389989e-05	0.00149182162076	135	135
96.0	97.0	80.0	104.0	106.0	93.0	10	0.000532793435985	0.000132713814124	DLR00012647-2009-06-30_22-38-46	0.000445939645913	6	95	1499.5	893.5	0.000112048059783	0.00325003995951	135	135
96.0	96.0	79.0	103.0	105.0	88.5	11	0.00106558687197	0.000128023742423	DLR00012647-2009-06-30_22-38-46	0.000200590730664	6	95	1643.5	891.5	6.77615921849e-05	0.00181149768235	135	135
96.0	96.0	79.0	103.0	105.0	87.0	12	0.000799190153977	0.000119390833007	DLR00012647-2009-06-30_22-38-46	0.000123702414534	6	95	1771.5	893.5	5.17612404311e-05	0.00133198358996	135	135
96.0	96.0	79.0	101.0	102.0	85.0	13	0.0	8.0157903884e-05	DLR00012647-2009-06-30_22-38-46	-0.000280426482287	6	95	1902.5	889.5	1.03294920552e-05	0.000479514092386	135	135
96.0	96.0	78.0	103.0	105.0	89.0	14	0.000266396717992	0.000122570540361	DLR00012647-2009-06-30_22-38-46	-0.000555490545917	6	95	2041.5	887.5	7.91981098908e-05	0.00245084980553	135	135
96.0	96.0	79.0	102.0	103.5	88.0	15	0.000745910810379	0.000105443362429	DLR00012647-2009-06-30_22-38-46	-0.00061261487177	6	95	2178.5	893.5	4.58748973242e-05	0.00138526293356	135	135
96.0	96.0	78.0	102.5	103.0	86.5	16	0.0	9.00974738382e-05	DLR00012647-2009-06-30_22-38-46	-0.000660188381668	6	95	2316.5	893.5	1.94791794575e-05	0.000745910810379	135	135
97.0	97.0	79.0	131.0	136.5	126.0	17	0.0163567584847	0.000276680297394	DLR00012647-2009-06-30_22-38-46	-0.000991920844373	6	95	2460.5	893.5	0.00135489703306	0.014598540146	135	135
97.0	96.0	78.0	119.0	121.0	107.0	18	0.00293036389792	0.000163493552746	DLR00012647-2009-06-30_22-38-46	-0.00144047040633	6	95	2590.5	893.5	0.000174332462789	0.0035697160211	135	135
96.0	95.0	77.0	105.0	106.0	90.0	19	0.00069263146678	0.000161244943396	DLR00012647-2009-06-30_22-38-46	-0.00129981172035	6	95	2726.5	894.5	2.1676476907e-05	0.000532793435985	135	135
97.0	95.0	76.0	100.0	100.0	86.0	20	5.32793435985e-05	8.40463120858e-05	DLR00012647-2009-06-30_22-38-46	-0.000345131921839	6	95	2861.5	889.5	6.97361985427e-05	0.00298364324152	135	135
96.0	94.0	76.0	101.0	101.0	85.0	21	0.000959028184773	0.000108688545372	DLR00012647-2009-06-30_22-38-46	-0.000249700816078	6	95	2996.5	885.5	7.33496613713e-05	0.00229101177473	135	135
94.0	92.0	74.0	96.0	96.0	79.0	22	0.0	7.9560728291e-05	DLR00012647-2009-06-30_22-38-46	-0.000350518690163	6	95	3126.5	893.5	1.55779568532e-05	0.000745910810379	135	135
91.0	89.0	72.0	96.0	95.0	80.0	23	0.000959028184773	9.35409481254e-05	DLR00012647-2009-06-30_22-38-46	-0.00077079858294	6	95	3269.5	889.5	0.000134254616314	0.00490169961106	135	135
88.0	87.0	71.0	94.0	96.0	80.0	24	0.000745910810379	0.000133061815926	DLR00012647-2009-06-30_22-38-46	-0.000663011688239	6	95	3411.5	893.5	3.89348843145e-05	0.000959028184773	135	135
95.0	93.0	78.0	99.0	99.0	83.0	1	0.000372955405189	8.95768269413e-05	DLR00012647-2009-06-30_22-38-46	0.00112863263745	7	95	272.5	1029.5	5.59953009761e-05	0.00207789440034	135	135
96.0	95.0	78.0	101.5	102.0	86.0	2	0.000905748841174	0.000113460932909	DLR00012647-2009-06-30_22-38-46	0.00128470575151	7	95	410.5	1029.5	6.12650478341e-05	0.00159838030795	135	135
98.0	96.0	79.0	101.5	100.0	85.0	3	0.0	7.21948872385e-05	DLR00012647-2009-06-30_22-38-46	0.00125703754491	7	95	548.5	1025.5	1.22408610547e-05	0.000639352123182	135	135
99.0	97.0	79.0	106.0	107.0	89.0	4	0.00101230752837	0.000133824314158	DLR00012647-2009-06-30_22-38-46	0.00106225828413	7	95	676.5	1028.5	5.01256320801e-05	0.00101230752837	135	135
99.0	98.0	79.0	103.0	103.0	85.0	5	0.0	7.30924734323e-05	DLR00012647-2009-06-30_22-38-46	0.000822016632674	7	95	822.5	1029.5	9.35297480041e-06	0.000479514092386	135	135
98.0	98.0	79.0	103.0	103.0	85.0	6	0.0	7.39292319838e-05	DLR00012647-2009-06-30_22-38-46	0.000408218499741	7	95	952.5	1024.5	8.01641005649e-06	0.000426234748788	135	135
97.0	98.0	79.0	104.0	105.0	90.0	7	0.00106558687197	0.000112543233551	DLR00012647-2009-06-30_22-38-46	0.000306714743741	7	95	1081.5	1029.5	0.000102655033783	0.00298364324152	135	135
97.0	97.0	79.0	104.5	104.0	86.0	8	0.00069263146678	9.39835931347e-05	DLR00012647-2009-06-30_22-38-46	0.000341504881662	7	95	1219.5	1029.5	4.48400868491e-05	0.00127870424636	135	135
96.0	97.0	79.0	103.0	103.0	87.0	9	0.00111886621557	9.71372489016e-05	DLR00012647-2009-06-30_22-38-46	0.000360943164734	7	95	1360.5	1029.5	0.000102718045232	0.00314348127231	135	135
96.0	97.0	79.0	102.0	103.0	88.0	10	0.000319676061591	9.5326547027e-05	DLR00012647-2009-06-30_22-38-46	0.000365098532596	7	95	1485.5	1027.5	6.56389793222e-05	0.00229101177473	135	135
96.0	96.0	79.0	100.0	101.0	86.0	11	0.0	7.19669057217e-05	DLR00012647-2009-06-30_22-38-46	0.000187619231573	7	95	1635.5	1024.5	6.48323127582e-06	0.000319676061591	135	135
95.0	96.0	79.0	100.5	102.0	86.0	12	0.000213117374394	9.01339017688e-05	DLR00012647-2009-06-30_22-38-46	0.000120995500371	7	95	1771.5	1029.5	3.75929120904e-05	0.00138526293356	135	135
95.0	96.0	79.0	102.0	102.0	88.0	13	0.00117214555917	9.85336914301e-05	DLR00012647-2009-06-30_22-38-46	-0.000161410062517	7	95	1895.5	1029.5	6.03027613107e-05	0.00165165965155	135	135
95.0	95.0	79.0	101.0	101.0	87.0	14	0.00159838030795	9.11964962005e-05	DLR00012647-2009-06-30_22-38-46	-0.000436575687007	7	95	2041.5	1032.5	0.000100844019889	0.00271724652352	135	135
95.0	96.0	78.0	101.5	102.0	86.0	15	0.0	8.92386040784e-05	DLR00012647-2009-06-30_22-38-46	-0.000470098337493	7	95	2178.5	1032.5	9.54757563055e-06	0.000426234748788	135	135
96.0	96.0	79.0	102.0	103.0	85.5	16	0.000213117374394	9.69040002566e-05	DLR00012647-2009-06-30_22-38-46	-0.000574319218347	7	95	2316.5	1029.5	2.64661330763e-05	0.000959028184773	135	135
96.0	96.0	78.0	100.5	103.0	87.0	17	0.0	0.000101472176169	DLR00012647-2009-06-30_22-38-46	-0.000965243071844	7	95	2462.5	1029.5	1.52596162438e-05	0.000532793435985	135	135
95.0	95.0	76.0	102.0	102.0	84.0	18	0.000159838030795	9.87774201007e-05	DLR00012647-2009-06-30_22-38-46	-0.00101350110288	7	95	2590.5	1029.5	1.75290839037e-05	0.000586072779583	135	135
96.0	95.0	76.0	101.0	101.0	85.0	19	0.000106558687197	9.59884672259e-05	DLR00012647-2009-06-30_22-38-46	-0.00045127187525	7	95	2728.5	1029.5	1.6326571335e-05	0.000586072779583	135	135
96.0	94.0	76.0	102.0	101.0	84.0	20	0.000745910810379	9.57906991934e-05	DLR00012647-2009-06-30_22-38-46	-0.000315172625554	7	95	2861.5	1029.5	9.97372920076e-05	0.0034098779903	135	135
95.0	93.0	75.0	102.0	100.0	84.0	21	0.000639352123182	0.000102855189504	DLR00012647-2009-06-30_22-38-46	-0.000319864645807	7	95	2993.5	1029.5	6.98084072567e-05	0.00239757046193	135	135
94.0	91.0	73.0	102.0	100.0	84.0	22	0.000852469497576	0.00012418528662	DLR00012647-2009-06-30_22-38-46	-0.000408960943966	7	95	3133.5	1022.5	3.70141013823e-05	0.000905748841174	135	135
90.0	88.0	71.0	97.0	96.0	76.0	23	0.0	7.96956339017e-05	DLR00012647-2009-06-30_22-38-46	-0.000739317614354	7	95	3273.5	1029.5	6.48884750607e-06	0.000319676061591	135	135
87.0	86.0	71.0	91.0	92.0	80.5	24	0.0	7.79672941997e-05	DLR00012647-2009-06-30_22-38-46	-0.000836662722294	7	95	3411.5	1022.5	1.14669620471e-05	0.000532793435985	135	135
96.0	94.0	78.0	100.0	99.0	83.0	1	0.0	8.45675547286e-05	DLR00012647-2009-06-30_22-38-46	0.00136697908241	8	95	267.5	1165.5	1.80260744587e-05	0.000799190153977	135	135
97.0	95.0	78.0	101.0	100.5	84.5	2	0.0	8.26191013956e-05	DLR00012647-2009-06-30_22-38-46	0.00120844685173	8	95	403.5	1158.5	1.53422141871e-05	0.000639352123182	135	135
98.0	96.0	78.0	101.0	101.0	85.0	3	0.0	7.88358757206e-05	DLR00012647-2009-06-30_22-38-46	0.00142427723919	8	95	545.5	1168.5	2.41995772914e-05	0.00111886621557	135	135
99.0	97.0	79.0	104.0	104.0	87.0	4	0.000852469497576	9.13492142343e-05	DLR00012647-2009-06-30_22-38-46	0.00151058777354	8	95	670.5	1165.5	8.51517197355e-05	0.00261068783633	135	135
99.0	98.0	79.0	103.0	102.0	85.0	5	0.0	7.04802284049e-05	DLR00012647-2009-06-30_22-38-46	0.00116472238786	8	95	813.5	1165.5	1.33636750887e-05	0.00069263146678	135	135
98.0	97.0	79.0	104.0	104.0	88.0	6	0.00143854227716	0.000106130185198	DLR00012647-2009-06-30_22-38-46	0.000854384344674	8	95	948.5	1161.5	7.55938535346e-05	0.00223773243114	135	135
97.0	97.0	79.0	102.0	103.0	86.0	7	0.000213117374394	8.53481981627e-05	DLR00012647-2009-06-30_22-38-46	0.000562270641406	8	95	1085.5	1167.5	6.72303816403e-05	0.00266396717992	135	135
97.0	97.0	79.0	103.5	104.5	88.5	8	0.00111886621557	0.000113136345973	DLR00012647-2009-06-30_22-38-46	0.000560913152243	8	95	1224.5	1167.5	6.69175671339e-05	0.00159838030795	135	135
96.0	97.0	79.0	102.0	103.0	86.5	9	0.00069263146678	9.89910663045e-05	DLR00012647-2009-06-30_22-38-46	0.000458219310874	8	95	1360.5	1166.5	4.22278606292e-05	0.00138526293356	135	135
96.0	96.0	79.0	102.0	103.0	88.0	10	0.00117214555917	9.7862084183e-05	DLR00012647-2009-06-30_22-38-46	0.000344026314318	8	95	1489.5	1165.5	6.00350957443e-05	0.00186477702595	135	135
95.0	96.0	79.0	101.0	102.0	86.0	11	0.000532793435985	9.50417100432e-05	DLR00012647-2009-06-30_22-38-46	0.000387957233546	8	95	1629.5	1165.5	3.82994885465e-05	0.00122542490277	135	135
95.0	96.0	79.0	101.0	101.5	88.0	12	0.000852469497576	8.93174722411e-05	DLR00012647-2009-06-30_22-38-46	0.000321849368907	8	95	1762.5	1158.5	4.7369134166e-05	0.00106558687197	135	135
95.0	95.0	79.0	99.0	101.0	84.0	13	0.0	7.5316358056e-05	DLR00012647-2009-06-30_22-38-46	0.000108752404129	8	95	1903.5	1164.5	5.66894285836e-06	0.000266396717992	135	135
95.0	95.0	79.0	99.0	101.0	85.0	14	0.0	8.51426687488e-05	DLR00012647-2009-06-30_22-38-46	-2.12665946711e-05	8	95	2031.5	1161.5	3.44769296358e-05	0.00149182162076	135	135
95.0	95.0	78.0	100.0	101.0	86.0	15	0.0	9.09932890325e-05	DLR00012647-2009-06-30_22-38-46	-7.18681595243e-05	8	95	2181.5	1166.5	4.66443011444e-05	0.00181149768235	135	135
95.0	95.0	77.0	101.0	102.0	84.0	16	0.000266396717992	9.17947624444e-05	DLR00012647-2009-06-30_22-38-46	-0.000647809071412	8	95	2316.5	1155.5	8.84252269106e-05	0.0033565986467	135	135
95.0	95.0	77.0	100.5	102.0	84.5	17	0.000426234748788	0.000104793203537	DLR00012647-2009-06-30_22-38-46	-0.000965690225643	8	95	2443.5	1162.5	4.83581105711e-05	0.00159838030795	135	135
95.0	95.0	76.0	101.0	103.0	85.0	18	0.0	8.07991977628e-05	DLR00012647-2009-06-30_22-38-46	-0.000818008150624	8	95	2590.5	1163.5	5.69381396336e-05	0.00271724652352	135	135
96.0	94.0	76.0	102.0	103.0	87.0	19	0.0	9.34423615721e-05	DLR00012647-2009-06-30_22-38-46	-0.000450317363092	8	95	2726.5	1161.5	3.61723160874e-05	0.00149182162076	135	135
96.0	94.0	75.0	102.0	102.0	83.0	20	0.000959028184773	0.00011360295817	DLR00012647-2009-06-30_22-38-46	-0.000205567571074	8	95	2861.5	1161.5	7.67750781094e-05	0.00229101177473	135	135
95.0	93.0	75.0	99.0	99.0	82.0	21	0.00138526293356	9.96860657391e-05	DLR00012647-2009-06-30_22-38-46	-0.000228723192472	8	95	2991.5	1158.5	0.000197874544795	0.00681975598061	135	135
93.0	91.0	73.0	98.0	96.0	79.0	22	0.0	7.47549135495e-05	DLR00012647-2009-06-30_22-38-46	-0.000533251547548	8	95	3133.5	1156.5	1.24537006292e-05	0.000586072779583	135	135
90.0	88.0	71.0	94.0	93.0	78.0	23	0.0	7.68536775696e-05	DLR00012647-2009-06-30_22-38-46	-0.000744378977821	8	95	3274.5	1161.5	1.72854571592e-05	0.000799190153977	135	135
87.0	86.0	70.0	93.0	93.0	79.0	24	0.00127870424636	0.000117900616234	DLR00012647-2009-06-30_22-38-46	-0.000643093187788	8	95	3411.5	1165.5	0.000107213939112	0.00229101177473	135	135
95.0	94.0	77.0	104.0	105.0	88.5	1	0.00138526293356	0.000161571663168	DLR00012647-2009-06-30_22-38-46	0.000255478278914	9	95	269.5	1302.5	5.02903366184e-05	0.000959028184773	135	135
96.0	95.0	78.0	101.0	101.0	85.5	2	0.000426234748788	9.16710325678e-05	DLR00012647-2009-06-30_22-38-46	0.000970594143215	9	95	403.5	1301.5	0.00010364163762	0.00383611273909	135	135
97.0	96.0	78.0	103.0	103.0	86.0	3	0.000639352123182	0.000101169297684	DLR00012647-2009-06-30_22-38-46	0.00109711445387	9	95	544.5	1300.5	3.31252992396e-05	0.000905748841174	135	135
98.0	97.0	79.0	102.0	101.0	83.0	4	0.0	7.17064498014e-05	DLR00012647-2009-06-30_22-38-46	0.00117213083093	9	95	666.5	1301.5	6.94366764177e-06	0.000372955405189	135	135
98.0	98.0	79.0	104.0	104.0	87.0	5	0.0	8.80882080425e-05	DLR00012647-2009-06-30_22-38-46	0.000991441048577	9	95	813.5	1301.5	5.64611743688e-05	0.00234429111833	135	135
98.0	97.0	79.0	104.0	104.0	87.0	6	0.000159838030795	9.99966135032e-05	DLR00012647-2009-06-30_22-38-46	0.000654654043947	9	95	948.5	1301.5	2.48392347348e-05	0.000959028184773	135	135
97.0	97.0	79.0	102.0	103.0	87.0	7	0.000159838030795	9.64186918623e-05	DLR00012647-2009-06-30_22-38-46	0.000463151852896	9	95	1083.5	1301.5	3.5742857203e-05	0.00127870424636	135	135
96.0	97.0	79.0	101.0	103.0	87.0	8	0.0	8.06055866199e-05	DLR00012647-2009-06-30_22-38-46	0.000335114318558	9	95	1224.5	1301.5	5.11976714271e-05	0.00245084980553	135	135
96.0	97.0	80.0	103.0	106.0	91.0	9	5.32793435985e-05	8.64494773446e-05	DLR00012647-2009-06-30_22-38-46	0.000786773549379	9	95	1360.5	1306.5	0.000143968691775	0.00607384517023	135	135
97.0	98.0	81.0	103.0	106.0	92.0	10	0.000905748841174	8.79753171054e-05	DLR00012647-2009-06-30_22-38-46	0.000791773652819	9	95	1495.5	1301.5	0.000308383330318	0.0120944109969	135	135
97.0	99.0	82.0	105.0	110.0	95.0	11	0.000532793435985	8.77596936717e-05	DLR00012647-2009-06-30_22-38-46	0.000826370158163	9	95	1634.5	1301.5	0.000478037172945	0.0192871223827	135	135
97.0	98.0	82.0	103.0	107.0	93.0	12	0.000639352123182	8.46037244174e-05	DLR00012647-2009-06-30_22-38-46	0.000500741299749	9	95	1764.5	1310.5	0.000430169127673	0.0178485801055	135	135
96.0	97.0	81.0	103.0	108.0	94.0	13	0.000905748841174	7.91931035756e-05	DLR00012647-2009-06-30_22-38-46	0.000553023520689	9	95	1912.5	1301.5	0.000394388817441	0.0177953007619	135	135
97.0	98.0	82.0	103.0	107.0	94.0	14	0.0	7.86788610813e-05	DLR00012647-2009-06-30_22-38-46	0.00024730941349	9	95	2036.5	1301.5	0.000140556070011	0.00660663860621	135	135
96.0	97.0	81.0	104.0	110.0	97.0	15	0.0	8.33622123616e-05	DLR00012647-2009-06-30_22-38-46	0.000266646397951	9	95	2169.5	1301.5	0.000380672600382	0.0173690660131	135	135
97.0	98.0	82.0	103.0	106.5	92.0	16	0.000852469497576	9.60773395348e-05	DLR00012647-2009-06-30_22-38-46	0.000279145952727	9	95	2307.5	1301.5	0.000175302963411	0.00628696254462	135	135
96.0	96.0	79.0	103.0	107.0	92.0	17	0.000905748841174	8.39272189391e-05	DLR00012647-2009-06-30_22-38-46	-0.000206186326585	9	95	2444.5	1301.5	0.000419864505342	0.0177420214183	135	135
97.0	97.0	79.0	103.0	106.0	91.0	18	5.32793435985e-05	7.95244506206e-05	DLR00012647-2009-06-30_22-38-46	-0.000314071699926	9	95	2587.5	1292.5	0.000394793966727	0.0177953007619	135	135
96.0	95.0	76.0	101.0	101.0	84.0	19	0.00149182162076	9.07578274742e-05	DLR00012647-2009-06-30_22-38-46	-0.000738167456186	9	95	2721.5	1301.5	9.33935993913e-05	0.00293036389792	135	135
95.0	94.0	75.0	101.0	101.0	85.0	20	0.000319676061591	0.000112666161475	DLR00012647-2009-06-30_22-38-46	-0.000389468426252	9	95	2861.5	1301.5	0.000142402954401	0.00452874420587	135	135
94.0	92.0	74.0	101.0	99.0	82.5	21	0.00106558687197	0.000107589775035	DLR00012647-2009-06-30_22-38-46	-0.000481187857954	9	95	2998.5	1301.5	5.65497174155e-05	0.00127870424636	135	135
93.0	91.0	73.0	97.0	97.0	81.0	22	0.000319676061591	8.91804091667e-05	DLR00012647-2009-06-30_22-38-46	-0.000771224078197	9	95	3134.5	1302.5	3.94675401789e-05	0.00149182162076	135	135
89.0	88.0	71.0	94.0	92.5	77.5	23	0.0	7.98154249773e-05	DLR00012647-2009-06-30_22-38-46	-0.000864605470794	9	95	3273.5	1301.5	3.37619892974e-05	0.00149182162076	135	135
86.0	86.0	70.0	92.5	94.0	79.0	24	0.000852469497576	0.000109110015352	DLR00012647-2009-06-30_22-38-46	-0.000777090749515	9	95	3414.5	1295.5	6.43201789206e-05	0.00181149768235	135	135
95.0	93.0	78.0	102.0	101.0	87.0	1	0.0	8.36127674942e-05	DLR00012647-2009-06-30_22-38-46	-0.00015471178317	10	95	263.5	1444.5	1.91214703086e-05	0.000799190153977	135	135
96.0	95.0	78.0	102.0	100.0	84.0	2	0.000266396717992	8.03277268184e-05	DLR00012647-2009-06-30_22-38-46	0.000855057629676	10	95	403.5	1441.5	3.80886436349e-05	0.00143854227716	135	135
97.0	96.0	78.0	101.0	100.0	85.0	3	0.0	8.24021032219e-05	DLR00012647-2009-06-30_22-38-46	0.00138727765905	10	95	537.5	1447.5	3.10818150604e-05	0.00133198358996	135	135
98.0	97.0	79.0	102.0	102.0	85.0	4	0.0	7.75593729242e-05	DLR00012647-2009-06-30_22-38-46	0.00152434347467	10	95	676.5	1440.5	2.15566098637e-05	0.00101230752837	135	135
98.0	97.0	79.0	105.5	107.0	91.0	5	0.000266396717992	0.000125484961488	DLR00012647-2009-06-30_22-38-46	0.00120094634242	10	95	809.5	1439.5	9.15480286924e-05	0.00266396717992	135	135
98.0	97.0	79.0	105.0	106.0	90.0	6	0.00223773243114	0.000132919544521	DLR00012647-2009-06-30_22-38-46	0.00101872799236	10	95	948.5	1431.5	0.000156534976264	0.00383611273909	135	135
97.0	97.0	78.0	101.0	102.0	85.0	7	0.0	8.35231346007e-05	DLR00012647-2009-06-30_22-38-46	0.000685575828454	10	95	1076.5	1436.5	1.66614962716e-05	0.000745910810379	135	135
96.0	96.0	78.0	102.0	103.0	85.0	8	0.000426234748788	9.66702394262e-05	DLR00012647-2009-06-30_22-38-46	0.000574231600552	10	95	1224.5	1440.5	5.32557005298e-05	0.00175821833875	135	135
95.0	96.0	78.0	100.0	101.0	86.0	9	0.0	7.57371325412e-05	DLR00012647-2009-06-30_22-38-46	0.00048563432008	10	95	1360.5	1437.5	1.6754665305e-05	0.000799190153977	135	135
96.0	96.0	80.0	103.0	104.0	89.0	10	0.000159838030795	9.80483608607e-05	DLR00012647-2009-06-30_22-38-46	0.000881294671748	10	95	1487.5	1435.5	7.94993243904e-05	0.00282380521072	135	135
96.0	97.0	80.0	103.0	106.0	92.0	11	0.000532793435985	8.26246814738e-05	DLR00012647-2009-06-30_22-38-46	0.000892563253886	10	95	1634.5	1435.5	0.000262962431053	0.0115083382173	135	135
95.0	95.0	78.0	100.0	101.0	85.0	12	0.0	8.2951099182e-05	DLR00012647-2009-06-30_22-38-46	0.000314770572964	10	95	1771.5	1440.5	2.0175602401e-05	0.000905748841174	135	135
94.0	95.0	78.0	100.0	103.0	87.0	13	0.0	7.12642127696e-05	DLR00012647-2009-06-30_22-38-46	6.33159914448e-05	10	95	1908.5	1435.5	5.23200103163e-06	0.000266396717992	135	135
94.0	94.0	78.0	98.0	100.0	86.0	14	0.000213117374394	7.58949149111e-05	DLR00012647-2009-06-30_22-38-46	8.69434362248e-05	10	95	2041.5	1448.5	4.96765555601e-05	0.00223773243114	135	135
93.0	94.0	77.0	99.0	100.0	84.0	15	0.000266396717992	8.59474423576e-05	DLR00012647-2009-06-30_22-38-46	-0.000113212863798	10	95	2178.5	1440.5	5.82819133027e-05	0.00229101177473	135	135
93.0	93.0	76.0	99.5	101.0	85.0	16	0.00101230752837	0.000106040577558	DLR00012647-2009-06-30_22-38-46	-0.000247249167834	10	95	2316.5	1438.5	8.52686865953e-05	0.00255740849273	135	135
93.0	93.0	76.0	98.0	99.0	83.0	17	0.0	8.33150496338e-05	DLR00012647-2009-06-30_22-38-46	-0.000636992760245	10	95	2453.5	1440.5	4.38292293976e-05	0.00197133571314	135	135
94.0	93.0	75.0	100.0	99.0	83.0	18	5.32793435985e-05	8.98465045973e-05	DLR00012647-2009-06-30_22-38-46	-0.000672269538505	10	95	2590.5	1440.5	2.17123370904e-05	0.000852469497576	135	135
95.0	94.0	75.0	101.0	101.0	85.0	19	0.00234429111833	9.84185392248e-05	DLR00012647-2009-06-30_22-38-46	-0.000530179320182	10	95	2721.5	1436.5	0.000136481162992	0.00404923011349	135	135
94.0	93.0	74.0	102.0	102.0	87.0	20	0.00069263146678	0.000122699951947	DLR00012647-2009-06-30_22-38-46	-0.00055305122983	10	95	2861.5	1442.5	0.000151273530635	0.00452874420587	135	135
94.0	92.0	74.0	98.0	98.0	80.5	21	0.000159838030795	8.91115462621e-05	DLR00012647-2009-06-30_22-38-46	-0.000646267029262	10	95	2994.5	1435.5	3.0330657381e-05	0.00117214555917	135	135
93.0	91.0	74.0	98.0	97.0	80.0	22	0.000213117374394	9.13298434858e-05	DLR00012647-2009-06-30_22-38-46	-0.000520988562832	10	95	3133.5	1442.5	3.97132983608e-05	0.00143854227716	135	135
89.0	88.0	71.0	93.0	93.0	78.0	23	0.000426234748788	9.29896044173e-05	DLR00012647-2009-06-30_22-38-46	-0.000831322925076	10	95	3273.5	1434.5	5.10444454517e-05	0.00170493899515	135	135
86.0	85.0	70.0	94.0	98.0	83.0	24	0.00143854227716	0.000153933886331	DLR00012647-2009-06-30_22-38-46	-0.000532272803738	10	95	3407.5	1440.5	0.00010122616139	0.00229101177473	135	135
95.0	93.0	77.0	99.0	98.0	84.0	1	0.000213117374394	8.27575252158e-05	DLR00012647-2009-06-30_22-38-46	0.000481414064526	11	95	267.5	1574.5	2.4232321337e-05	0.000905748841174	135	135
96.0	94.0	77.0	102.0	102.0	86.0	2	0.0	0.000102994306576	DLR00012647-2009-06-30_22-38-46	0.00103695015984	11	95	406.5	1574.5	2.37723548122e-05	0.000852469497576	135	135
97.0	96.0	78.0	102.0	101.0	85.0	3	0.0	8.2086840729e-05	DLR00012647-2009-06-30_22-38-46	0.00148036396182	11	95	541.5	1574.5	1.76188815978e-05	0.00069263146678	135	135
98.0	97.0	79.0	103.0	103.0	85.0	4	0.000479514092386	8.79785610586e-05	DLR00012647-2009-06-30_22-38-46	0.00137628386531	11	95	676.5	1574.5	9.36777005858e-05	0.0035164366775	135	135
98.0	97.0	79.0	104.0	104.0	88.0	5	0.000639352123182	0.000104060041111	DLR00012647-2009-06-30_22-38-46	0.0012670082051	11	95	813.5	1574.5	6.403217562e-05	0.00207789440034	135	135
98.0	97.0	79.0	102.0	102.0	85.5	6	5.32793435985e-05	8.69795359121e-05	DLR00012647-2009-06-30_22-38-46	0.00105395732493	11	95	948.5	1571.5	3.15153995953e-05	0.00127870424636	135	135
97.0	96.0	78.0	101.5	102.0	85.0	7	0.0	8.52490792774e-05	DLR00012647-2009-06-30_22-38-46	0.00082527246249	11	95	1082.5	1574.5	2.32077436869e-05	0.000959028184773	135	135
96.0	96.0	78.0	101.0	101.0	85.0	8	0.000745910810379	8.45236906509e-05	DLR00012647-2009-06-30_22-38-46	0.000588280645936	11	95	1224.5	1574.5	5.27647536231e-05	0.00175821833875	135	135
95.0	95.0	77.0	100.0	100.5	84.5	9	0.000159838030795	8.50432930176e-05	DLR00012647-2009-06-30_22-38-46	0.00019908073268	11	95	1355.5	1574.5	1.72252620266e-05	0.000639352123182	135	135
94.0	95.0	78.0	102.0	103.0	88.0	10	0.00239757046193	0.00012002735424	DLR00012647-2009-06-30_22-38-46	0.000404710191821	11	95	1495.5	1574.5	0.000165893734347	0.00447546486227	135	135
94.0	95.0	78.0	99.0	101.0	89.0	11	5.32793435985e-05	0.000102941522858	DLR00012647-2009-06-30_22-38-46	0.000514238744919	11	95	1625.5	1574.5	8.10090910525e-05	0.00293036389792	135	135
94.0	95.0	78.0	100.0	101.0	86.0	12	0.000426234748788	8.30670901755e-05	DLR00012647-2009-06-30_22-38-46	0.0005099939066	11	95	1767.5	1572.5	6.22025116783e-05	0.00245084980553	135	135
94.0	94.0	77.0	100.0	101.0	83.0	13	0.0	0.000101098897175	DLR00012647-2009-06-30_22-38-46	0.000124296460891	11	95	1912.5	1574.5	1.91408202276e-05	0.000799190153977	135	135
93.0	94.0	77.0	99.0	100.0	86.0	14	0.000959028184773	0.000103068021005	DLR00012647-2009-06-30_22-38-46	9.92487349337e-05	11	95	2041.5	1574.5	6.73734904986e-05	0.00197133571314	135	135
93.0	93.0	76.0	100.0	100.0	86.0	15	0.000426234748788	0.000110791517095	DLR00012647-2009-06-30_22-38-46	-0.000527750777181	11	95	2178.5	1574.5	2.1285750791e-05	0.000586072779583	135	135
93.0	93.0	76.0	99.0	99.0	83.0	16	0.0	8.6362109839e-05	DLR00012647-2009-06-30_22-38-46	-0.000514906922477	11	95	2316.5	1574.5	4.58955375235e-05	0.00191805636955	135	135
93.0	92.0	75.0	99.0	99.0	83.0	17	0.000639352123182	0.000101059654557	DLR00012647-2009-06-30_22-38-46	-0.000865824001331	11	95	2454.5	1574.5	3.9816319953e-05	0.00133198358996	135	135
94.0	93.0	76.0	100.0	100.0	86.0	18	0.000745910810379	8.05970498327e-05	DLR00012647-2009-06-30_22-38-46	-0.000527719820017	11	95	2589.5	1574.5	6.0351256219e-05	0.00197133571314	135	135
94.0	93.0	74.0	99.0	99.0	82.0	19	0.0	8.81379090902e-05	DLR00012647-2009-06-30_22-38-46	-0.000548992317926	11	95	2726.5	1574.5	9.70145421292e-05	0.00388939208269	135	135
94.0	92.0	74.0	102.0	103.0	87.0	20	0.000586072779583	0.00011792151562	DLR00012647-2009-06-30_22-38-46	-0.000636231270972	11	95	2859.5	1574.5	0.000397051485729	0.0128403218072	135	135
93.0	91.0	73.0	99.0	96.0	81.0	21	0.0	9.39241392438e-05	DLR00012647-2009-06-30_22-38-46	-0.000700210082621	11	95	2998.5	1574.5	4.00514978724e-06	0.000159838030795	135	135
93.0	91.0	74.0	98.0	99.0	84.0	22	0.0	8.1924184112e-05	DLR00012647-2009-06-30_22-38-46	-0.000681989613629	11	95	3135.5	1574.5	0.000116867797754	0.00527465501625	135	135
88.0	86.0	71.0	94.0	95.0	80.0	23	0.0	8.88316760627e-05	DLR00012647-2009-06-30_22-38-46	-0.00095833934583	11	95	3273.5	1574.5	2.68564749087e-05	0.00111886621557	135	135
85.0	84.0	69.0	89.5	89.5	73.5	24	0.0	8.13067309556e-05	DLR00012647-2009-06-30_22-38-46	-0.000696547286292	11	95	3408.5	1574.5	2.20930432028e-06	0.000106558687197	135	135
94.0	92.0	77.0	100.0	98.0	83.0	1	0.000319676061591	9.65782500707e-05	DLR00012647-2009-06-30_22-38-46	0.00102940639455	12	95	267.5	1715.5	4.66751287588e-05	0.00159838030795	135	135
95.0	94.0	77.0	99.5	99.0	85.5	2	5.32793435985e-05	9.14000530976e-05	DLR00012647-2009-06-30_22-38-46	0.00151862804413	12	95	403.5	1710.5	4.58092233881e-05	0.00170493899515	135	135
96.0	95.0	78.0	100.5	99.5	84.0	3	0.0	8.8109374916e-05	DLR00012647-2009-06-30_22-38-46	0.0014227292878	12	95	538.5	1713.5	2.44894676389e-05	0.00106558687197	135	135
98.0	96.0	78.0	103.0	103.0	87.0	4	0.0	9.88776668037e-05	DLR00012647-2009-06-30_22-38-46	0.00151910066804	12	95	667.5	1713.5	3.62262474268e-05	0.00127870424636	135	135
98.0	97.0	79.0	105.0	103.0	85.0	5	0.000532793435985	8.61055437333e-05	DLR00012647-2009-06-30_22-38-46	0.00125463536049	12	95	808.5	1718.5	3.45058679009e-05	0.00111886621557	135	135
97.0	96.0	78.0	102.0	102.0	86.0	6	0.0	8.69572750493e-05	DLR00012647-2009-06-30_22-38-46	0.000992898829859	12	95	948.5	1711.5	1.1245191061e-05	0.000479514092386	135	135
96.0	96.0	78.0	101.0	101.0	83.5	7	0.0	7.4400380144e-05	DLR00012647-2009-06-30_22-38-46	0.00063713927166	12	95	1081.5	1705.5	6.42695428176e-06	0.000319676061591	135	135
95.0	95.0	77.0	100.5	100.5	84.5	8	0.0	8.55949776035e-05	DLR00012647-2009-06-30_22-38-46	0.000598052542653	12	95	1224.5	1708.5	2.32582655324e-06	0.000106558687197	135	135
95.0	95.0	77.0	99.0	99.0	83.0	9	0.0	6.89227744364e-05	DLR00012647-2009-06-30_22-38-46	0.000200720856831	12	95	1361.5	1715.5	7.12909464658e-06	0.000372955405189	135	135
94.0	94.0	77.0	101.0	101.0	83.5	10	0.0	9.34116036227e-05	DLR00012647-2009-06-30_22-38-46	0.000268253547667	12	95	1504.5	1710.5	2.95230998706e-05	0.00106558687197	135	135
94.0	94.0	77.0	99.0	100.0	83.5	11	0.0	8.94613284662e-05	DLR00012647-2009-06-30_22-38-46	0.000211796782681	12	95	1634.5	1707.5	3.60938276501e-05	0.00149182162076	135	135
93.0	94.0	76.0	99.0	100.0	84.0	12	0.000639352123182	9.95666141818e-05	DLR00012647-2009-06-30_22-38-46	0.000282210771636	12	95	1768.5	1710.5	4.56966447895e-05	0.00133198358996	135	135
93.0	93.0	76.0	100.0	100.0	83.0	13	0.000372955405189	8.64856829286e-05	DLR00012647-2009-06-30_22-38-46	-7.21068404519e-05	12	95	1906.5	1704.5	2.56939507195e-05	0.000799190153977	135	135
93.0	93.0	76.0	99.0	99.0	84.0	14	5.32793435985e-05	9.61408260521e-05	DLR00012647-2009-06-30_22-38-46	-0.000303488787042	12	95	2041.5	1703.5	6.77766945166e-05	0.00266396717992	135	135
92.0	93.0	75.0	97.0	98.0	82.0	15	0.000372955405189	8.44414350667e-05	DLR00012647-2009-06-30_22-38-46	-0.000345749587478	12	95	2175.5	1705.5	6.60486753738e-05	0.00239757046193	135	135
92.0	92.0	75.0	97.0	99.0	83.0	16	0.0	8.81213939523e-05	DLR00012647-2009-06-30_22-38-46	-0.000582537025723	12	95	2316.5	1710.5	6.36552997658e-05	0.00271724652352	135	135
92.0	92.0	74.0	98.0	98.5	82.0	17	0.000426234748788	9.38486657891e-05	DLR00012647-2009-06-30_22-38-46	-0.000930611297771	12	95	2448.5	1710.5	3.05169842716e-05	0.00106558687197	135	135
93.0	93.0	75.0	100.0	101.0	86.0	18	0.000106558687197	9.05913071667e-05	DLR00012647-2009-06-30_22-38-46	-0.000530497209717	12	95	2590.5	1710.5	0.000154032502626	0.00612712451383	135	135
94.0	93.0	75.0	101.0	102.0	86.0	19	0.0	8.55618439026e-05	DLR00012647-2009-06-30_22-38-46	-0.00063062553441	12	95	2724.5	1701.5	0.000115392541362	0.00495497895466	135	135
93.0	92.0	74.0	99.0	99.0	84.0	20	0.000372955405189	9.51553634999e-05	DLR00012647-2009-06-30_22-38-46	-0.000700340487261	12	95	2861.5	1710.5	7.58568282972e-05	0.00282380521072	135	135
93.0	90.0	73.0	100.0	101.0	85.0	21	0.000852469497576	0.000119765565913	DLR00012647-2009-06-30_22-38-46	-0.00079654357688	12	95	2998.5	1706.5	0.000145278343159	0.00442218551867	135	135
91.0	90.0	73.0	97.0	99.0	85.0	22	0.0	9.88978044481e-05	DLR00012647-2009-06-30_22-38-46	-0.000764805833547	12	95	3133.5	1710.5	0.000281396719651	0.0100165165965	135	135
88.0	86.0	71.0	94.0	93.0	78.0	23	5.32793435985e-05	7.9721957845e-05	DLR00012647-2009-06-30_22-38-46	-0.00087717434026	12	95	3264.5	1710.5	6.49964559471e-05	0.00282380521072	135	135
84.0	83.0	69.0	88.0	88.0	72.5	24	0.0	6.94563565251e-05	DLR00012647-2009-06-30_22-38-46	-0.000615276933454	12	95	3408.5	1705.5	5.93689064966e-06	0.000319676061591	135	135
94.0	92.0	77.0	98.0	97.0	83.0	1	0.000159838030795	9.33690281649e-05	DLR00012647-2009-06-30_22-38-46	0.00158123088716	13	95	271.5	1853.5	3.24092294503e-05	0.00122542490277	135	135
94.0	93.0	77.0	98.0	97.0	82.0	2	0.0	7.9448663534e-05	DLR00012647-2009-06-30_22-38-46	0.00181448752625	13	95	403.5	1849.5	1.14338440639e-05	0.000532793435985	135	135
96.0	94.0	77.0	103.0	104.0	91.0	3	0.00101230752837	0.000151561474399	DLR00012647-2009-06-30_22-38-46	0.00192315598976	13	95	541.5	1850.5	6.04152189974e-05	0.00138526293356	135	135
97.0	96.0	78.0	100.0	100.0	84.0	4	0.0	8.08450897227e-05	DLR00012647-2009-06-30_22-38-46	0.00155908732286	13	95	679.5	1850.5	2.83916532619e-05	0.00133198358996	135	135
97.0	96.0	78.0	102.0	102.0	86.0	5	0.000639352123182	9.42987735307e-05	DLR00012647-2009-06-30_22-38-46	0.00120236346394	13	95	808.5	1850.5	4.21721303048e-05	0.00127870424636	135	135
97.0	96.0	78.0	103.0	103.0	86.0	6	0.00069263146678	0.000108973865466	DLR00012647-2009-06-30_22-38-46	0.00117362150165	13	95	948.5	1850.5	4.15849203695e-05	0.00122542490277	135	135
96.0	96.0	77.0	100.0	106.0	100.0	7	0.000372955405189	0.000149345392743	DLR00012647-2009-06-30_22-38-46	0.000757544519376	13	95	1080.5	1850.5	0.000177144845062	0.00474186158027	135	135
95.0	95.0	77.0	100.0	100.0	85.0	8	0.0	9.7598392701e-05	DLR00012647-2009-06-30_22-38-46	0.000686775797751	13	95	1224.5	1850.5	2.01806034407e-05	0.000799190153977	135	135
94.0	94.0	77.0	99.0	100.0	85.0	9	0.000959028184773	0.000105256241779	DLR00012647-2009-06-30_22-38-46	0.00115119696535	13	95	1364.5	1850.5	0.000289668028485	0.00985667856572	135	135
94.0	94.0	77.0	99.5	101.0	84.0	10	0.0	0.000102919782605	DLR00012647-2009-06-30_22-38-46	0.00075551775399	13	95	1495.5	1841.5	1.7478867717e-05	0.000639352123182	135	135
93.0	94.0	77.0	100.0	100.0	84.0	11	0.000426234748788	0.000104252032107	DLR00012647-2009-06-30_22-38-46	0.00056643765897	13	95	1628.5	1850.5	2.79283050699e-05	0.000905748841174	135	135
93.0	93.0	76.0	104.0	107.0	92.0	12	0.00330331930311	0.000203465830366	DLR00012647-2009-06-30_22-38-46	0.00043043130895	13	95	1771.5	1855.5	0.000182414976394	0.00277052586712	135	135
92.0	93.0	76.0	99.0	100.0	83.0	13	0.000532793435985	0.000108299820194	DLR00012647-2009-06-30_22-38-46	0.000246007756207	13	95	1903.5	1850.5	3.811198849e-05	0.00122542490277	135	135
92.0	92.0	76.0	98.0	99.0	82.0	14	0.0	9.77188095836e-05	DLR00012647-2009-06-30_22-38-46	-0.000157106248821	13	95	2044.5	1840.5	2.30785113015e-05	0.000905748841174	135	135
92.0	92.0	75.0	100.0	104.0	92.0	15	0.00122542490277	0.000181491812187	DLR00012647-2009-06-30_22-38-46	-0.000321687644123	13	95	2184.5	1850.5	5.69207147382e-05	0.00111886621557	135	135
92.0	92.0	74.0	97.0	97.0	82.0	16	0.0	9.15790017608e-05	DLR00012647-2009-06-30_22-38-46	-0.000517510272017	13	95	2316.5	1840.5	5.02394896934e-05	0.00197133571314	135	135
92.0	91.0	74.0	96.5	97.0	80.0	17	0.0	7.86585939266e-05	DLR00012647-2009-06-30_22-38-46	-0.000810563780113	13	95	2455.5	1850.5	4.70480191687e-06	0.000213117374394	135	135
93.0	92.0	74.0	100.0	100.0	86.0	18	0.0	8.47700937858e-05	DLR00012647-2009-06-30_22-38-46	-0.000570320486798	13	95	2589.5	1850.5	7.65979652922e-05	0.0035697160211	135	135
93.0	92.0	75.0	99.0	99.0	84.0	19	0.000639352123182	0.000102912001445	DLR00012647-2009-06-30_22-38-46	-0.000750730448314	13	95	2722.5	1850.5	8.19936806349e-05	0.00266396717992	135	135
92.0	91.0	73.0	97.0	96.0	81.0	20	0.000159838030795	7.73903221999e-05	DLR00012647-2009-06-30_22-38-46	-0.00280217276983	13	95	2861.5	1840.5	1.51898576323e-05	0.00069263146678	135	135
91.0	90.0	73.0	97.0	97.0	83.0	21	0.000319676061591	0.000127601567964	DLR00012647-2009-06-30_22-38-46	-0.00119014346347	13	95	3007.5	1850.5	0.000114092669826	0.0034098779903	135	135
90.0	88.0	72.0	96.0	94.0	79.0	22	0.0	8.53133538947e-05	DLR00012647-2009-06-30_22-38-46	-0.00110371814551	13	95	3133.5	1850.5	4.717949702e-05	0.00197133571314	135	135
86.0	85.0	69.0	93.0	91.0	78.0	23	0.000266396717992	8.80372777009e-05	DLR00012647-2009-06-30_22-38-46	-0.000585460870119	13	95	3273.5	1850.5	4.94053767343e-05	0.00175821833875	135	135
84.0	82.0	68.0	90.0	89.0	76.0	24	5.32793435985e-05	8.56162861212e-05	DLR00012647-2009-06-30_22-38-46	-0.000492248602301	13	95	3405.5	1842.5	1.90719267974e-05	0.00069263146678	135	135
93.0	91.0	76.0	96.5	95.0	82.0	1	0.0	7.92549019797e-05	DLR00012647-2009-06-30_22-38-46	0.00208647459261	14	95	270.5	1992.5	3.95777002213e-05	0.00181149768235	135	135
94.0	92.0	76.0	97.0	96.0	82.0	2	0.0	8.11119183546e-05	DLR00012647-2009-06-30_22-38-46	0.00196013231884	14	95	412.5	1986.5	6.81690982515e-06	0.000319676061591	135	135
95.0	93.0	77.0	99.0	99.0	84.0	3	0.0	9.32915870211e-05	DLR00012647-2009-06-30_22-38-46	0.00193298559021	14	95	541.5	1986.5	0.000123305959471	0.00447546486227	135	135
97.0	95.0	78.0	100.0	100.0	85.0	4	0.0	8.21816900458e-05	DLR00012647-2009-06-30_22-38-46	0.00163068301236	14	95	676.5	1986.5	2.88811767282e-05	0.00133198358996	135	135
97.0	96.0	78.0	102.0	104.0	89.0	5	0.000799190153977	0.000115045335384	DLR00012647-2009-06-30_22-38-46	0.00148460188237	14	95	814.5	1986.5	4.58920797202e-05	0.00122542490277	135	135
96.0	95.0	78.0	100.0	102.0	83.0	6	0.0	9.17079750143e-05	DLR00012647-2009-06-30_22-38-46	0.000843768264857	14	95	948.5	1981.5	8.87669712639e-06	0.000372955405189	135	135
96.0	95.0	77.0	102.0	102.0	85.5	7	0.000745910810379	9.88161895386e-05	DLR00012647-2009-06-30_22-38-46	0.000750375844976	14	95	1091.5	1986.5	5.03789874893e-05	0.00138526293356	135	135
95.0	95.0	77.0	99.0	99.0	83.0	8	0.0	7.78747930706e-05	DLR00012647-2009-06-30_22-38-46	0.000797419002437	14	95	1215.5	1986.5	3.16089771164e-06	0.000159838030795	135	135
94.0	94.0	76.0	99.0	100.0	83.5	9	0.0	8.97314203182e-05	DLR00012647-2009-06-30_22-38-46	0.000638269776315	14	95	1359.5	1986.5	9.9162830781e-06	0.000426234748788	135	135
93.0	93.0	76.0	99.0	101.0	85.0	10	0.000319676061591	0.00012129450503	DLR00012647-2009-06-30_22-38-46	0.000532033352155	14	95	1495.5	1986.5	4.6890791287e-05	0.00133198358996	135	135
93.0	93.0	76.0	98.0	99.0	83.5	11	0.000319676061591	9.4176414615e-05	DLR00012647-2009-06-30_22-38-46	0.000449290703277	14	95	1637.5	1986.5	0.000117919985493	0.00436890617508	135	135
92.0	93.0	76.0	97.0	98.0	83.0	12	0.000532793435985	9.59141075633e-05	DLR00012647-2009-06-30_22-38-46	0.000540655062157	14	95	1771.5	1976.5	7.01073912715e-05	0.00250412914913	135	135
92.0	92.0	75.0	98.0	101.0	87.0	13	0.00143854227716	0.000119495966079	DLR00012647-2009-06-30_22-38-46	9.00848120576e-05	14	95	1904.5	1982.5	7.60229858445e-05	0.00165165965155	135	135
91.0	92.0	75.0	96.0	97.0	80.5	14	0.0	7.59446171662e-05	DLR00012647-2009-06-30_22-38-46	-4.63550181174e-06	14	95	2033.5	1977.5	6.20704546731e-06	0.000319676061591	135	135
91.0	91.0	74.0	102.0	110.0	100.0	15	0.00410250945708	0.000153369618514	DLR00012647-2009-06-30_22-38-46	-0.000372472536483	14	95	2181.5	1979.5	0.000553607162504	0.0128936011508	135	135
91.0	91.0	74.0				16	0.0		DLR00012647-2009-06-30_22-38-46	-0.000505659671971	14	95	2316.5	1979.5	0.0	0.0	135	135
91.0	91.0	73.0	97.0	97.0	81.0	17	0.000479514092386	9.35378167693e-05	DLR00012647-2009-06-30_22-38-46	-0.000886502514833	14	95	2448.5	1977.5	3.77574041783e-05	0.00122542490277	135	135
92.0	91.0	74.0				18	0.0		DLR00012647-2009-06-30_22-38-46	-0.000545000344836	14	95	2592.5	1986.5	0.0	0.0	135	135
92.0	91.0	74.0	97.0	97.0	81.0	19	0.000159838030795	8.67797377927e-05	DLR00012647-2009-06-30_22-38-46	-0.000839511208045	14	95	2732.5	1986.5	3.33617286792e-05	0.00133198358996	135	135
91.0	90.0	73.0	98.0	99.0	85.0	20	0.00069263146678	0.000115977519777	DLR00012647-2009-06-30_22-38-46	-0.00178438175174	14	95	2865.5	1981.5	0.000116096555066	0.00325003995951	135	135
91.0	89.0	73.0	97.0	98.0	85.0	21	0.000852469497576	0.000111236231469	DLR00012647-2009-06-30_22-38-46	-0.00137290474086	14	95	2995.5	1982.5	8.21138052696e-05	0.00218445308754	135	135
89.0	87.0	71.0	95.0	95.0	81.0	22	0.000852469497576	0.000132463519097	DLR00012647-2009-06-30_22-38-46	-0.000768786754791	14	95	3133.5	1986.5	4.03033170352e-05	0.000745910810379	135	135
86.0	84.0	69.0	90.0	90.0	76.0	23	0.00133198358996	0.000109743872216	DLR00012647-2009-06-30_22-38-46	-0.000769072448856	14	95	3273.5	1979.5	8.82220969298e-05	0.00266396717992	135	135
83.0	82.0	68.0	91.0	92.0	81.0	24	0.00330331930311	0.000139438124234	DLR00012647-2009-06-30_22-38-46	-0.000668713846706	14	95	3411.5	1986.5	0.000211370923877	0.00399595076989	135	135
92.0	90.0	76.0	97.0	95.0	81.0	1	0.000372955405189	9.33222687249e-05	DLR00012647-2009-06-30_22-38-46	0.00181510638609	15	95	272.5	2122.5	5.4171922553e-05	0.00197133571314	135	135
94.0	91.0	76.0	95.5	95.5	81.5	2	0.0	8.25764102447e-05	DLR00012647-2009-06-30_22-38-46	0.00166972090233	15	95	403.5	2122.5	2.24380463662e-06	0.000106558687197	135	135
96.0	93.0	77.0	100.0	99.0	85.0	3	0.00138526293356	0.000107835603804	DLR00012647-2009-06-30_22-38-46	0.00136191134775	15	95	547.5	2124.5	0.000109180765656	0.00282380521072	135	135
97.0	94.0	78.0	102.0	100.0	85.0	4	0.0	9.35862649339e-05	DLR00012647-2009-06-30_22-38-46	0.00142742514954	15	95	670.5	2128.5	9.48773460831e-05	0.0036229953647	135	135
97.0	95.0	77.0	100.0	101.0	84.0	5	0.00186477702595	8.55059768776e-05	DLR00012647-2009-06-30_22-38-46	0.00158272710711	15	95	810.5	2125.5	0.000178231206914	0.00538121370345	135	135
96.0	94.0	77.0	101.0	100.0	84.0	6	0.000106558687197	9.37059588108e-05	DLR00012647-2009-06-30_22-38-46	0.00121628320737	15	95	948.5	2122.5	4.81326217706e-05	0.00186477702595	135	135
96.0	94.0	77.0	102.0	102.0	85.5	7	0.000319676061591	0.000108862134382	DLR00012647-2009-06-30_22-38-46	0.000832958105201	15	95	1075.5	2122.5	5.15391857829e-05	0.00159838030795	135	135
95.0	94.0	76.0	98.0	98.0	82.0	8	0.0	7.46598447048e-05	DLR00012647-2009-06-30_22-38-46	0.000635810794469	15	95	1221.5	2112.5	4.26311129164e-06	0.000213117374394	135	135
94.0	93.0	75.0	100.0	99.0	82.0	9	0.0	9.48382234809e-05	DLR00012647-2009-06-30_22-38-46	0.00049585035581	15	95	1359.5	2122.5	3.13839193352e-05	0.00127870424636	135	135
93.0	92.0	75.0	97.0	98.0	84.0	10	0.0	9.79095259094e-05	DLR00012647-2009-06-30_22-38-46	0.000357664691926	15	95	1496.5	2123.5	6.58046436979e-05	0.00229101177473	135	135
92.0	91.0	74.0	101.0	104.0	90.0	11	0.00170493899515	0.000167230009955	DLR00012647-2009-06-30_22-38-46	-6.13459972728e-05	15	95	1636.5	2123.5	9.50506844732e-05	0.00186477702595	135	135
92.0	91.0	74.0	99.0	99.0	83.0	12	5.32793435985e-05	0.00012370365161	DLR00012647-2009-06-30_22-38-46	-0.000245126138601	15	95	1771.5	2125.5	1.90665885306e-05	0.000586072779583	135	135
91.0	91.0	74.0	97.0	98.0	80.5	13	0.0	9.69229944129e-05	DLR00012647-2009-06-30_22-38-46	-0.000635711876129	15	95	1903.5	2122.5	3.97253017544e-05	0.00149182162076	135	135
91.0	90.0	73.0	98.5	96.0	81.5	14	0.0	9.50769392554e-05	DLR00012647-2009-06-30_22-38-46	-0.00102903862001	15	95	2047.5	2122.5	7.70210247778e-06	0.000319676061591	135	135
91.0	90.0	73.0	96.0	97.0	82.0	15	0.000532793435985	0.000100756612928	DLR00012647-2009-06-30_22-38-46	-0.000587292511988	15	95	2178.5	2122.5	9.55527359319e-05	0.00330331930311	135	135
91.0	90.0	73.0	98.0	96.0	80.0	16	0.000159838030795	9.93892037187e-05	DLR00012647-2009-06-30_22-38-46	-0.000664406953399	15	95	2316.5	2122.5	4.55835104015e-05	0.00165165965155	135	135
92.0	90.0	73.0	99.0	98.0	83.0	17	0.00127870424636	9.99312144961e-05	DLR00012647-2009-06-30_22-38-46	-0.000653999336224	15	95	2453.5	2122.5	8.16608173883e-05	0.00239757046193	135	135
92.0	91.0	73.0	97.5	96.0	81.0	18	0.0	8.35168967393e-05	DLR00012647-2009-06-30_22-38-46	-0.000709949209655	15	95	2590.5	2122.5	2.14304762096e-05	0.000959028184773	135	135
92.0	90.0	73.0	97.0	97.0	82.0	19	0.0	9.39687839012e-05	DLR00012647-2009-06-30_22-38-46	-0.00102606230437	15	95	2734.5	2116.5	5.17445015839e-05	0.00197133571314	135	135
92.0	90.0	73.0	96.0	96.0	80.0	20	0.0	7.84300563022e-05	DLR00012647-2009-06-30_22-38-46	-0.000801769437429	15	95	2866.5	2122.5	3.62381730663e-05	0.00175821833875	135	135
92.0	89.0	73.0	97.0	94.0	80.0	21	0.0	7.96656461529e-05	DLR00012647-2009-06-30_22-38-46	-0.00101294586884	15	95	3006.5	2122.5	3.29473514889e-06	0.000159838030795	135	135
90.0	87.0	72.0				22	0.0		DLR00012647-2009-06-30_22-38-46	-0.00108191026546	15	95	3133.5	2122.5	0.0	0.0	135	135
87.0	85.0	70.0	91.5	91.0	76.0	23	0.0	9.04225721733e-05	DLR00012647-2009-06-30_22-38-46	-0.000897911365467	15	95	3268.5	2130.5	4.91430315511e-06	0.000213117374394	135	135
85.0	83.0	70.0	92.0	91.0	81.0	24	0.0	8.17346538647e-05	DLR00012647-2009-06-30_22-38-46	-0.000519830651333	15	95	3414.5	2122.5	1.11046602033e-06	5.32793435985e-05	135	135
105.0	107.0	100.0	159.0	175.0	174.0	1	0.0468858223667	0.000268694223439	DLR00012647-2009-06-30_22-38-46	0.00205187795369	16	95	267.5	2300.5	0.00686946882608	0.110714475998	135	135
107.0	111.0	101.0	166.0	184.0	183.0	2	0.0384676860781	0.00023218270716	DLR00012647-2009-06-30_22-38-46	0.00110835491793	16	95	403.5	2300.5	0.0069142942079	0.113325163834	135	135
109.0	112.0	102.0	167.0	184.0	181.0	3	0.0415046086632	0.00023761644901	DLR00012647-2009-06-30_22-38-46	-0.000180729144471	16	95	541.5	2300.5	0.00640135968819	0.11460386808	135	135
111.0	114.0	104.0	169.0	187.0	185.0	4	0.0509350524802	0.00024139209863	DLR00012647-2009-06-30_22-38-46	9.40497709608e-05	16	95	676.5	2300.5	0.00633490093709	0.113218605147	135	135
111.0	113.0	102.0	159.0	174.0	172.0	5	0.0582343225531	0.000210059918276	DLR00012647-2009-06-30_22-38-46	0.00165598190794	16	95	813.5	2300.5	0.00643275622232	0.122702328307	135	135
111.0	113.0	102.0	155.0	169.0	167.0	6	0.0297831530716	0.000254975635198	DLR00012647-2009-06-30_22-38-46	0.00187562676501	16	95	948.5	2300.5	0.00556649994981	0.103681602643	135	135
111.0	114.0	103.0	155.0	172.0	169.0	7	0.034631573339	0.00026071164786	DLR00012647-2009-06-30_22-38-46	0.00196255477094	16	95	1080.5	2300.5	0.00558679058092	0.0942511588257	135	135
110.0	113.0	102.0	162.0	184.0	180.0	8	0.0431562683148	0.000256109053285	DLR00012647-2009-06-30_22-38-46	0.00146853642739	16	95	1224.5	2300.5	0.00630451803094	0.115456337578	135	135
109.0	112.0	101.0	166.0	184.0	182.0	9	0.0462464702435	0.000250773904027	DLR00012647-2009-06-30_22-38-46	0.000871400367042	16	95	1350.5	2300.5	0.00617212298628	0.105706217699	135	135
107.0	110.0	99.0	162.0	183.0	180.0	10	0.0506153764186	0.000239372598661	DLR00012647-2009-06-30_22-38-46	-0.000165658510979	16	95	1495.5	2300.5	0.00585303468862	0.0951569076669	135	135
106.0	109.0	97.0	163.0	183.0	180.0	11	0.0490702754542	0.000250244770729	DLR00012647-2009-06-30_22-38-46	-0.000361519285011	16	95	1624.5	2300.5	0.00596986594778	0.092492940487	135	135
107.0	109.0	97.0	166.0	185.0	183.0	12	0.0532260642549	0.000244398325512	DLR00012647-2009-06-30_22-38-46	0.00112708997062	16	95	1771.5	2300.5	0.0068659691075	0.117747349353	135	135
105.0	108.0	95.0	167.0	185.0	181.0	13	0.0605253343279	0.00018987702048	DLR00012647-2009-06-30_22-38-46	0.000579868654518	16	95	1903.5	2300.5	0.00749532754558	0.142149288721	135	135
105.0	107.0	94.0	160.0	178.0	172.0	14	0.0540252544089	0.000206224120056	DLR00012647-2009-06-30_22-38-46	0.000560244113791	16	95	2041.5	2300.5	0.00699873014152	0.125526133518	135	135
105.0	107.0	93.0	164.0	186.0	182.0	15	0.0426767542224	0.000244989699294	DLR00012647-2009-06-30_22-38-46	0.000149139841575	16	95	2171.5	2300.5	0.00665502906203	0.115829292983	135	135
105.0	106.0	93.0	163.0	184.0	180.0	16	0.0522137567265	0.000242203304252	DLR00012647-2009-06-30_22-38-46	2.3711413588e-05	16	95	2323.5	2300.5	0.00673832475673	0.118280142789	135	135
105.0	107.0	93.0	161.0	180.0	175.0	17	0.0491235547978	0.000222109046887	DLR00012647-2009-06-30_22-38-46	-9.60724216416e-05	16	95	2453.5	2300.5	0.00685294171511	0.12850977676	135	135
105.0	107.0	94.0	163.0	184.0	181.5	18	0.0512014491981	0.000253861797395	DLR00012647-2009-06-30_22-38-46	-0.000777751439436	16	95	2590.5	2300.5	0.00673011680613	0.120411316533	135	135
106.0	107.0	94.0	165.0	183.0	181.0	19	0.0420374020992	0.000269443867736	DLR00012647-2009-06-30_22-38-46	-0.00109552441379	16	95	2726.5	2300.5	0.00587472951191	0.100484842027	135	135
106.0	107.0	95.0	161.5	178.0	173.0	20	0.0456603974639	0.000232719360217	DLR00012647-2009-06-30_22-38-46	-0.000168843474891	16	95	2861.5	2300.5	0.00649979053723	0.121903138153	135	135
107.0	108.0	96.0	163.0	180.0	178.5	21	0.0626032287282	0.000215293179217	DLR00012647-2009-06-30_22-38-46	-0.000932941724699	16	95	2998.5	2300.5	0.00700978158134	0.125313016144	135	135
105.0	106.0	96.0	164.0	183.0	181.0	22	0.0550908412808	0.000235567880203	DLR00012647-2009-06-30_22-38-46	-0.00102187401757	16	95	3123.5	2300.5	0.00676191497225	0.106718525228	135	135
103.0	106.0	96.0	162.0	183.0	182.0	23	0.0718738345144	0.000236197373227	DLR00012647-2009-06-30_22-38-46	-0.00133769931155	16	95	3279.5	2300.5	0.00723130930294	0.111087431403	135	135
102.0	104.0	96.0	151.0	172.0	172.0	24	0.0607917310459	0.000232673191173	DLR00012647-2009-06-30_22-38-46	-0.00105836035216	16	95	3411.5	2300.5	0.00727476108013	0.119026053599	135	135
