95.0	97.0	87.0	142.0	161.0	157.0	1	0.0173690660131	0.000963090049954	DLR00012709-2009-07-04_09-30-05	0.143224352937	1	103	271.5	212.5	0.143819873724	0.627577388247	135	135
97.0	101.0	90.0	145.0	163.0	159.0	2	0.0200863125366	0.000989811858808	DLR00012709-2009-07-04_09-30-05	0.149972766917	1	103	413.5	215.5	0.148688103184	0.61830678246	135	135
100.0	104.0	93.0	149.0	169.0	165.0	3	0.0215781341574	0.000987817455423	DLR00012709-2009-07-04_09-30-05	0.138723632066	1	103	544.5	212.5	0.138055130815	0.573125899089	135	135
102.0	106.0	94.0	150.0	169.0	165.0	4	0.0237093079013	0.000941452105301	DLR00012709-2009-07-04_09-30-05	0.130915037575	1	103	678.5	207.5	0.130728299426	0.575203793489	135	135
102.0	106.0	94.0	152.0	172.0	167.0	5	0.0267462304864	0.000951966894782	DLR00012709-2009-07-04_09-30-05	0.145546935621	1	103	815.5	211.5	0.14581256749	0.625979007939	135	135
103.0	107.0	93.0	149.0	169.0	164.0	6	0.0271191858916	0.000898988552386	DLR00012709-2009-07-04_09-30-05	0.12411106882	1	103	952.5	207.5	0.12502891823	0.572646384997	135	135
104.0	108.0	94.0	151.0	172.0	167.0	7	0.0292503596356	0.000952778677342	DLR00012709-2009-07-04_09-30-05	0.139213233112	1	103	1082.5	211.5	0.140138848482	0.598646704673	135	135
103.0	108.0	94.0	150.0	170.0	165.0	8	0.0263199957377	0.000903925860657	DLR00012709-2009-07-04_09-30-05	0.132960868106	1	103	1221.5	206.5	0.133359935688	0.600458202355	135	135
104.0	108.0	95.0	150.0	172.0	166.0	9	0.02813149342	0.000933696811232	DLR00012709-2009-07-04_09-30-05	0.133322592853	1	103	1354.5	205.5	0.13408722416	0.591880228036	135	135
103.0	108.0	94.0	147.0	167.0	161.0	10	0.0271724652352	0.000856135859245	DLR00012709-2009-07-04_09-30-05	0.119655606472	1	103	1492.5	203.5	0.121134850694	0.578293995418	135	135
103.0	108.0	95.0	149.0	171.0	166.0	11	0.0321807235335	0.000929063230022	DLR00012709-2009-07-04_09-30-05	0.138699555799	1	103	1626.5	207.5	0.139922292815	0.619958442112	135	135
104.0	110.0	97.0	149.0	170.0	165.0	12	0.0270126272044	0.000904590208401	DLR00012709-2009-07-04_09-30-05	0.120458250355	1	103	1778.5	201.5	0.122561282656	0.555863391763	135	135
100.0	106.0	93.0	150.0	172.0	167.0	13	0.0221109275934	0.000926165276064	DLR00012709-2009-07-04_09-30-05	0.140920875001	1	103	1908.5	211.5	0.14059479031	0.623528158133	135	135
99.0	105.0	90.0	147.0	167.0	161.0	14	0.0224838829986	0.000848569435582	DLR00012709-2009-07-04_09-30-05	0.111496957506	1	103	2046.5	211.5	0.112069888897	0.537588576909	135	135
103.0	107.0	94.0	150.0	172.0	167.0	15	0.02946347701	0.000957987551067	DLR00012709-2009-07-04_09-30-05	0.133193463911	1	103	2184.5	204.5	0.134965898313	0.578400554105	135	135
100.0	106.0	92.0	149.0	170.0	164.0	16	0.0289839629176	0.00089957145655	DLR00012709-2009-07-04_09-30-05	0.12209235965	1	103	2316.5	211.5	0.122585072065	0.554424849486	135	135
104.0	109.0	97.0	151.0	172.0	167.0	17	0.0290372422612	0.000947635421868	DLR00012709-2009-07-04_09-30-05	0.135438849159	1	103	2449.5	201.5	0.136728036573	0.589855612979	135	135
104.0	108.0	95.0	149.0	169.0	163.0	18	0.0289839629176	0.00090505835488	DLR00012709-2009-07-04_09-30-05	0.123796815429	1	103	2591.5	202.5	0.124228905204	0.563802013959	135	135
102.0	106.0	94.0	151.0	171.0	166.0	19	0.0262667163941	0.000950610684683	DLR00012709-2009-07-04_09-30-05	0.13967182298	1	103	2730.5	204.5	0.139458821847	0.593265490969	135	135
99.0	103.0	90.0	148.0	168.0	163.0	20	0.0245617773989	0.000946138510864	DLR00012709-2009-07-04_09-30-05	0.121950930596	1	103	2866.5	211.5	0.121931044713	0.540252544089	135	135
100.0	104.0	93.0	149.0	169.0	164.0	21	0.0251478501785	0.00102002407302	DLR00012709-2009-07-04_09-30-05	0.149083492241	1	103	2996.5	203.5	0.148820495566	0.598433587298	135	135
94.0	99.0	88.0	144.0	162.0	158.0	22	0.0257872023017	0.00096049325653	DLR00012709-2009-07-04_09-30-05	0.129166832094	1	103	3137.5	211.5	0.12644103181	0.537375459534	135	135
94.0	98.0	88.0	144.0	163.0	159.0	23	0.0219510895626	0.00106076602044	DLR00012709-2009-07-04_09-30-05	0.15717334108	1	103	3264.5	203.5	0.155706965343	0.611327188449	135	135
94.0	97.0	87.0	140.0	158.0	153.0	24	0.0166231552027	0.000885647912768	DLR00012709-2009-07-04_09-30-05	0.120448475994	1	103	3419.5	211.5	0.122218968711	0.579253023603	135	135
92.0	95.0	84.0	143.0	162.0	159.0	1	0.0390537588577	0.00110079607009	DLR00012709-2009-07-04_09-30-05	0.179667325736	2	103	263.5	344.5	0.178363010069	0.666737705791	135	135
94.0	99.0	87.0	144.0	164.0	160.0	2	0.0523735947573	0.00105721468809	DLR00012709-2009-07-04_09-30-05	0.145737968471	2	103	409.5	337.5	0.141765885338	0.566306143108	135	135
96.0	101.0	89.0	150.0	173.0	169.0	3	0.0504555383878	0.00112968213738	DLR00012709-2009-07-04_09-30-05	0.171181778283	2	103	543.5	344.5	0.167979012519	0.617401033619	135	135
98.0	101.0	88.0	147.0	166.0	161.0	4	0.0594597474559	0.000981024517756	DLR00012709-2009-07-04_09-30-05	0.124690337504	2	103	678.5	334.5	0.12225300558	0.526133518035	135	135
98.0	102.0	88.0	150.0	172.0	168.0	5	0.0452874420587	0.00105008960002	DLR00012709-2009-07-04_09-30-05	0.146353889257	2	103	810.5	344.5	0.144570924792	0.569875859129	135	135
98.0	102.0	87.0	147.0	168.0	162.0	6	0.050029303639	0.000981982936184	DLR00012709-2009-07-04_09-30-05	0.133156860378	2	103	944.5	344.5	0.131618698501	0.554318290799	135	135
97.0	102.0	87.0	150.0	173.0	168.0	7	0.0514678459161	0.00104707194821	DLR00012709-2009-07-04_09-30-05	0.143595961808	2	103	1086.5	344.5	0.142542842937	0.571154563376	135	135
96.0	101.0	85.0	146.0	169.0	163.0	8	0.0523735947573	0.000994111764993	DLR00012709-2009-07-04_09-30-05	0.128748885183	2	103	1226.5	344.5	0.128822401717	0.540039426714	135	135
96.0	100.0	84.0	149.0	173.0	168.0	9	0.0491768341414	0.00106648438731	DLR00012709-2009-07-04_09-30-05	0.154831162323	2	103	1357.5	343.5	0.154988101078	0.590122009697	135	135
95.0	99.0	84.0	145.0	167.0	162.0	10	0.0514145665725	0.00100442290267	DLR00012709-2009-07-04_09-30-05	0.127726470188	2	103	1497.5	344.5	0.128521911287	0.531301614364	135	135
95.0	100.0	84.0	147.0	171.0	167.0	11	0.0470989397411	0.00106981347036	DLR00012709-2009-07-04_09-30-05	0.152063486486	2	103	1636.5	344.5	0.152886926637	0.589535936917	135	135
95.0	100.0	84.0	143.0	166.0	160.0	12	0.055463796686	0.000975286341013	DLR00012709-2009-07-04_09-30-05	0.132933325098	2	103	1771.5	341.5	0.133486246945	0.571847194843	135	135
95.0	100.0	84.0	147.0	171.0	166.0	13	0.0536522990037	0.00106603563446	DLR00012709-2009-07-04_09-30-05	0.148421430168	2	103	1900.5	335.5	0.148909187331	0.577388246577	135	135
95.0	99.0	82.0	145.0	168.0	163.0	14	0.0600990995791	0.00104089685784	DLR00012709-2009-07-04_09-30-05	0.127539656916	2	103	2046.5	335.5	0.128718735309	0.520965421706	135	135
95.0	99.0	84.0	148.0	172.0	167.0	15	0.0508817731366	0.0011014734798	DLR00012709-2009-07-04_09-30-05	0.157321325287	2	103	2181.5	344.5	0.15696742862	0.584208002557	135	135
95.0	99.0	83.0	145.0	167.0	160.0	16	0.0561564281528	0.00101110732563	DLR00012709-2009-07-04_09-30-05	0.122437894418	2	103	2317.5	344.5	0.122729978521	0.507805423837	135	135
96.0	100.0	84.0	148.0	172.0	166.0	17	0.050029303639	0.00108652283801	DLR00012709-2009-07-04_09-30-05	0.151236010275	2	103	2458.5	339.5	0.150070937446	0.568330758165	135	135
96.0	100.0	84.0	147.0	169.0	163.0	18	0.0606851723587	0.00105762072509	DLR00012709-2009-07-04_09-30-05	0.129997702798	2	103	2591.5	344.5	0.127692522624	0.508338217273	135	135
95.0	99.0	85.0	147.0	169.0	164.0	19	0.0520539186957	0.0010873056172	DLR00012709-2009-07-04_09-30-05	0.150449645633	2	103	2730.5	344.5	0.147959038389	0.561990516277	135	135
95.0	98.0	83.0	146.0	166.0	160.0	20	0.0672385316213	0.00105356912886	DLR00012709-2009-07-04_09-30-05	0.133334911505	2	103	2866.5	344.5	0.131568353399	0.527572060312	135	135
94.0	98.0	83.0	149.0	170.0	166.0	21	0.0530129468805	0.00117620284219	DLR00012709-2009-07-04_09-30-05	0.170127291249	2	103	2998.5	344.5	0.165955643526	0.584154723214	135	135
91.0	94.0	80.0	144.0	164.0	159.0	22	0.0586072779583	0.00114575752683	DLR00012709-2009-07-04_09-30-05	0.15800750639	2	103	3137.5	344.5	0.153893476353	0.563482337898	135	135
89.0	93.0	81.0	145.0	166.0	162.0	23	0.0596195854867	0.00126883087935	DLR00012709-2009-07-04_09-30-05	0.185919810507	2	103	3274.5	344.5	0.180632242066	0.594863871277	135	135
90.0	92.0	82.0	142.0	162.0	157.0	24	0.0399062283553	0.00117402010215	DLR00012709-2009-07-04_09-30-05	0.183664624002	2	103	3414.5	344.5	0.181745072638	0.642016090362	135	135
92.0	95.0	84.0	146.0	167.0	164.0	1	0.0467792636795	0.00117221378008	DLR00012709-2009-07-04_09-30-05	0.190155195593	3	103	270.5	483.5	0.188272929082	0.666204912355	135	135
93.0	98.0	85.0	148.0	170.0	167.0	2	0.0516276839469	0.00114477575851	DLR00012709-2009-07-04_09-30-05	0.15273811431	3	103	409.5	483.5	0.149775653852	0.55122808887	135	135
95.0	99.0	85.0	149.0	172.0	168.0	3	0.0482178059566	0.00110921974395	DLR00012709-2009-07-04_09-30-05	0.154435847509	3	103	544.5	491.5	0.15296770687	0.570088976504	135	135
96.0	100.0	86.0	149.0	170.0	167.0	4	0.0542916511269	0.00105353032286	DLR00012709-2009-07-04_09-30-05	0.137689565255	3	103	671.5	492.5	0.136235607826	0.546752624008	135	135
96.0	101.0	86.0	150.0	174.0	170.0	5	0.0488038787362	0.0010773072749	DLR00012709-2009-07-04_09-30-05	0.158277509748	3	103	815.5	483.5	0.157759861017	0.604187756407	135	135
96.0	101.0	86.0	148.0	172.0	168.0	6	0.0505088177314	0.00104655320525	DLR00012709-2009-07-04_09-30-05	0.141312361076	3	103	952.5	477.5	0.141448965328	0.559166711066	135	135
95.0	101.0	85.0	149.0	174.0	170.0	7	0.0495497895466	0.00107284497972	DLR00012709-2009-07-04_09-30-05	0.144879382368	3	103	1090.5	477.5	0.145709092204	0.560818370718	135	135
94.0	100.0	84.0	148.0	172.0	167.0	8	0.055463796686	0.00105092966457	DLR00012709-2009-07-04_09-30-05	0.134464331378	3	103	1217.5	483.5	0.136030549759	0.538600884437	135	135
93.0	99.0	84.0	149.0	175.0	171.0	9	0.0501891416698	0.00110735117463	DLR00012709-2009-07-04_09-30-05	0.154128327291	3	103	1367.5	483.5	0.155575774657	0.576748894454	135	135
93.0	99.0	83.0	146.0	171.0	166.0	10	0.0665991794981	0.00106190094174	DLR00012709-2009-07-04_09-30-05	0.134585907611	3	103	1497.5	476.5	0.136260160059	0.536736107411	135	135
93.0	99.0	83.0	146.0	171.0	167.0	11	0.0550908412808	0.00108176842424	DLR00012709-2009-07-04_09-30-05	0.145077556481	3	103	1642.5	477.5	0.146737806185	0.565133997549	135	135
93.0	99.0	83.0	145.0	169.0	164.0	12	0.0537055783473	0.00104204281554	DLR00012709-2009-07-04_09-30-05	0.129225220783	3	103	1766.5	483.5	0.131066664866	0.526133518035	135	135
93.0	99.0	83.0	147.0	173.0	168.0	13	0.055730193404	0.00109577663476	DLR00012709-2009-07-04_09-30-05	0.149765677766	3	103	1898.5	483.5	0.151718010254	0.573072619745	135	135
93.0	98.0	82.0	145.0	169.0	164.0	14	0.0616442005434	0.00105330077772	DLR00012709-2009-07-04_09-30-05	0.138891757464	3	103	2048.5	476.5	0.140396242838	0.556129788481	135	135
93.0	98.0	82.0	148.0	174.0	170.0	15	0.0552506793116	0.0011349927277	DLR00012709-2009-07-04_09-30-05	0.160436621756	3	103	2183.5	485.5	0.16169410783	0.585007192711	135	135
93.0	98.0	82.0	147.0	171.0	167.0	16	0.0612712451383	0.00109319546916	DLR00012709-2009-07-04_09-30-05	0.135229224974	3	103	2317.5	479.5	0.13698257972	0.526613032127	135	135
93.0	98.0	83.0	149.0	175.0	170.0	17	0.0552506793116	0.00115082556967	DLR00012709-2009-07-04_09-30-05	0.162075250063	3	103	2467.5	483.5	0.162218733902	0.578080878044	135	135
94.0	98.0	82.0	146.0	169.0	164.0	18	0.0619105972614	0.00107419241214	DLR00012709-2009-07-04_09-30-05	0.12217748283	3	103	2591.5	491.5	0.122543710292	0.481698545474	135	135
94.0	98.0	83.0	150.0	175.0	171.0	19	0.0580212051788	0.00119303502856	DLR00012709-2009-07-04_09-30-05	0.170413029218	3	103	2727.5	483.5	0.169454518909	0.587990835953	135	135
94.0	97.0	82.0	145.0	167.0	161.0	20	0.0714475997656	0.00108064436245	DLR00012709-2009-07-04_09-30-05	0.137290785948	3	103	2866.5	481.5	0.135611306126	0.529916351431	135	135
93.0	96.0	81.0	150.0	173.0	168.0	21	0.0586072779583	0.00122371796466	DLR00012709-2009-07-04_09-30-05	0.174735710359	3	103	3001.5	483.5	0.171945375868	0.583035856998	135	135
91.0	94.0	80.0	144.0	165.0	161.0	22	0.0649475198466	0.00117016774171	DLR00012709-2009-07-04_09-30-05	0.158587839485	3	103	3137.5	480.5	0.154779625356	0.552400234429	135	135
89.0	92.0	79.0	147.0	170.0	166.0	23	0.0620704352922	0.00132405796267	DLR00012709-2009-07-04_09-30-05	0.200997863632	3	103	3270.5	483.5	0.196657718383	0.618519899835	135	135
89.0	92.0	80.0	146.0	167.0	163.0	24	0.0547178858756	0.00131136389318	DLR00012709-2009-07-04_09-30-05	0.212069114266	3	103	3414.5	483.5	0.210420573171	0.665192604827	135	135
92.0	95.0	84.0	148.0	170.0	167.0	1	0.0482710853002	0.00119237423948	DLR00012709-2009-07-04_09-30-05	0.198150143066	4	103	263.5	617.5	0.196998432686	0.684692844584	135	135
94.0	97.0	84.0	144.0	164.0	161.0	2	0.0597794235175	0.00104297545174	DLR00012709-2009-07-04_09-30-05	0.121956710296	4	103	409.5	622.5	0.120026940426	0.488731418829	135	135
95.0	98.0	85.0	149.0	172.0	169.0	3	0.0470456603975	0.00111278414604	DLR00012709-2009-07-04_09-30-05	0.156666538059	4	103	538.5	619.5	0.155557551296	0.577814481326	135	135
96.0	100.0	86.0	144.0	165.0	160.0	4	0.0599925408919	0.000961607333259	DLR00012709-2009-07-04_09-30-05	0.11189054288	4	103	686.5	619.5	0.111357654128	0.486333848367	135	135
96.0	100.0	86.0	149.0	173.0	169.0	5	0.0491768341414	0.00107029535897	DLR00012709-2009-07-04_09-30-05	0.148416602971	4	103	816.5	621.5	0.148788780213	0.574724279397	135	135
95.0	100.0	85.0	145.0	166.0	161.0	6	0.0631360221642	0.000964441747638	DLR00012709-2009-07-04_09-30-05	0.110693770558	4	103	952.5	623.5	0.11207696348	0.48489530609	135	135
95.0	100.0	85.0	149.0	173.0	169.0	7	0.048963716767	0.00106710379061	DLR00012709-2009-07-04_09-30-05	0.144513120993	4	103	1086.5	619.5	0.146316821843	0.565720070329	135	135
94.0	99.0	84.0	144.0	167.0	161.0	8	0.0605253343279	0.000978261009502	DLR00012709-2009-07-04_09-30-05	0.107233023001	4	103	1226.5	612.5	0.110310107938	0.474026319996	135	135
93.0	99.0	84.0	147.0	172.0	168.0	9	0.0553572379988	0.00106862635981	DLR00012709-2009-07-04_09-30-05	0.144286650132	4	103	1361.5	619.5	0.146677945198	0.563695455272	135	135
93.0	98.0	83.0	144.0	168.0	163.0	10	0.0671852522777	0.00101578031185	DLR00012709-2009-07-04_09-30-05	0.120208760889	4	103	1497.5	619.5	0.123252039619	0.511268581171	135	135
92.0	98.0	83.0	145.0	171.0	167.0	11	0.0512014491981	0.0010750071622	DLR00012709-2009-07-04_09-30-05	0.139024248067	4	103	1632.5	624.5	0.140757726828	0.537535297565	135	135
93.0	98.0	83.0	142.0	167.0	162.0	12	0.0592466300815	0.00102017794659	DLR00012709-2009-07-04_09-30-05	0.122861582459	4	103	1771.5	616.5	0.125284437103	0.508391496617	135	135
92.0	98.0	82.0	145.0	171.0	167.0	13	0.057062176994	0.00108389014673	DLR00012709-2009-07-04_09-30-05	0.144342048756	4	103	1909.5	628.5	0.147246279619	0.558740476317	135	135
93.0	97.0	82.0	142.0	165.0	160.0	14	0.0622835526666	0.000992037560624	DLR00012709-2009-07-04_09-30-05	0.116722764462	4	103	2052.5	619.5	0.119843255951	0.504075869785	135	135
92.0	98.0	82.0	146.0	172.0	167.0	15	0.0507752144494	0.00109667539871	DLR00012709-2009-07-04_09-30-05	0.141250712326	4	103	2179.5	619.5	0.143830319694	0.542809952581	135	135
93.0	97.0	82.0	143.0	166.0	160.0	16	0.0684639565241	0.00101714285226	DLR00012709-2009-07-04_09-30-05	0.119381015884	4	103	2326.5	609.5	0.12162702023	0.502104534072	135	135
93.0	98.0	82.0	146.0	171.0	167.0	17	0.0504555383878	0.0010950085312	DLR00012709-2009-07-04_09-30-05	0.137069962986	4	103	2458.5	625.5	0.138678123212	0.521071980393	135	135
93.0	97.0	82.0	145.0	168.0	163.0	18	0.070861526986	0.0010672737468	DLR00012709-2009-07-04_09-30-05	0.126705594934	4	103	2591.5	617.5	0.127358160519	0.506153764186	135	135
93.0	97.0	82.0	148.0	173.0	168.0	19	0.0548777239064	0.00115304623195	DLR00012709-2009-07-04_09-30-05	0.166921850588	4	103	2720.5	619.5	0.166489855279	0.59417123981	135	135
94.0	97.0	81.0	144.0	166.0	160.0	20	0.070062336832	0.00106969593414	DLR00012709-2009-07-04_09-30-05	0.130696352495	4	103	2866.5	620.5	0.128954829159	0.51169481592	135	135
93.0	96.0	81.0	147.0	170.0	165.0	21	0.0591933507379	0.00116890038693	DLR00012709-2009-07-04_09-30-05	0.163455208165	4	103	2996.5	619.5	0.161018597999	0.574937396771	135	135
91.0	94.0	79.0	144.0	164.0	159.0	22	0.0685172358677	0.00114638701038	DLR00012709-2009-07-04_09-30-05	0.144446885843	4	103	3139.5	619.5	0.141669391566	0.530662262241	135	135
89.0	92.0	79.0	146.0	169.0	165.0	23	0.0612712451383	0.0012923102164	DLR00012709-2009-07-04_09-30-05	0.198578617916	4	103	3271.5	619.5	0.195029463534	0.623901113538	135	135
90.0	93.0	81.0	146.0	168.0	164.0	24	0.0598327028611	0.00130065305694	DLR00012709-2009-07-04_09-30-05	0.20906944489	4	103	3414.5	616.5	0.207250252193	0.662795034365	135	135
93.0	95.0	83.0	147.0	168.0	165.0	1	0.0462997495871	0.00116301873611	DLR00012709-2009-07-04_09-30-05	0.192809869843	5	103	268.5	756.5	0.191720488429	0.678352602696	135	135
93.0	97.0	84.0	146.0	168.0	165.0	2	0.0522670360701	0.00109123450175	DLR00012709-2009-07-04_09-30-05	0.146772333566	5	103	409.5	756.5	0.145346133496	0.555863391763	135	135
94.0	99.0	86.0	150.0	174.0	171.0	3	0.0475784538334	0.00113084902627	DLR00012709-2009-07-04_09-30-05	0.165969070242	5	103	535.5	750.5	0.16470105959	0.60408119772	135	135
96.0	100.0	85.0	147.0	170.0	166.0	4	0.0439554584688	0.00103263310213	DLR00012709-2009-07-04_09-30-05	0.131668281123	5	103	678.5	756.5	0.131869530858	0.530342586179	135	135
96.0	100.0	85.0	150.0	174.0	169.0	5	0.0444882519047	0.00107387198265	DLR00012709-2009-07-04_09-30-05	0.145700613218	5	103	815.5	756.5	0.146439624957	0.562949544462	135	135
95.0	100.0	85.0	146.0	169.0	164.0	6	0.0521071980393	0.00100572020056	DLR00012709-2009-07-04_09-30-05	0.116189441478	5	103	952.5	746.5	0.117858853454	0.491395386009	135	135
94.0	100.0	85.0	149.0	174.0	170.0	7	0.0506686557622	0.0010847676118	DLR00012709-2009-07-04_09-30-05	0.152465093917	5	103	1082.5	756.5	0.154272441747	0.585326868773	135	135
94.0	99.0	84.0	147.0	170.0	165.0	8	0.0660131067185	0.0010346511432	DLR00012709-2009-07-04_09-30-05	0.126346908318	5	103	1226.5	748.5	0.12879962185	0.521071980393	135	135
93.0	99.0	83.0	148.0	174.0	170.0	9	0.0509883318238	0.00109517362598	DLR00012709-2009-07-04_09-30-05	0.15015575837	5	103	1363.5	753.5	0.15313885877	0.574511162022	135	135
92.0	98.0	83.0	144.0	168.0	163.0	10	0.0557834727476	0.0010220747926	DLR00012709-2009-07-04_09-30-05	0.129859677023	5	103	1497.5	746.5	0.133088236743	0.542383717833	135	135
92.0	98.0	83.0	146.0	172.0	168.0	11	0.0581277638659	0.00110151934383	DLR00012709-2009-07-04_09-30-05	0.150586188323	5	103	1636.5	750.5	0.152945880288	0.573498854494	135	135
91.0	97.0	82.0	143.0	168.0	163.0	12	0.0578080878044	0.00103628945195	DLR00012709-2009-07-04_09-30-05	0.128669209116	5	103	1771.5	765.5	0.132540995264	0.532473759923	135	135
92.0	97.0	82.0	148.0	174.0	170.0	13	0.0550375619372	0.00112946154386	DLR00012709-2009-07-04_09-30-05	0.160637839843	5	103	1913.5	750.5	0.163810658982	0.591933507379	135	135
92.0	97.0	82.0	143.0	167.0	162.0	14	0.0639884916618	0.00101987896699	DLR00012709-2009-07-04_09-30-05	0.117194762817	5	103	2044.5	756.5	0.121148592812	0.501731578667	135	135
92.0	97.0	82.0	147.0	172.0	168.0	15	0.0536522990037	0.0011139065757	DLR00012709-2009-07-04_09-30-05	0.151663721705	5	103	2177.5	753.5	0.154515251473	0.570941446001	135	135
92.0	97.0	81.0	144.0	168.0	162.0	16	0.0696361020832	0.00104938100323	DLR00012709-2009-07-04_09-30-05	0.131407202983	5	103	2317.5	762.5	0.13416501181	0.532899994672	135	135
92.0	97.0	81.0	147.0	171.0	167.0	17	0.0589802333635	0.00111681134763	DLR00012709-2009-07-04_09-30-05	0.153031888056	5	103	2458.5	759.5	0.154820198442	0.573552133838	135	135
93.0	97.0	81.0	144.0	166.0	160.0	18	0.070861526986	0.00104138656907	DLR00012709-2009-07-04_09-30-05	0.123905030689	5	103	2591.5	755.5	0.125127151324	0.50636688156	135	135
93.0	97.0	82.0	148.0	172.0	167.0	19	0.0527465501625	0.00115300415926	DLR00012709-2009-07-04_09-30-05	0.158823918487	5	103	2727.5	756.5	0.158488445343	0.569556183068	135	135
94.0	97.0	81.0	145.0	167.0	161.0	20	0.0710746443604	0.00108409988213	DLR00012709-2009-07-04_09-30-05	0.143273867637	5	103	2867.5	754.5	0.141936981763	0.544621450264	135	135
93.0	96.0	81.0	145.0	167.0	161.0	21	0.0652671959081	0.0011211954319	DLR00012709-2009-07-04_09-30-05	0.143726899461	5	103	3003.5	756.5	0.141162565206	0.530608982897	135	135
91.0	94.0	79.0	143.0	164.0	158.0	22	0.0693697053652	0.0011257267765	DLR00012709-2009-07-04_09-30-05	0.138464861003	5	103	3137.5	752.5	0.136641607821	0.511055463797	135	135
89.0	92.0	79.0	146.0	168.0	164.0	23	0.0581810432095	0.00126650646808	DLR00012709-2009-07-04_09-30-05	0.18408804036	5	103	3271.5	756.5	0.180947635304	0.595449944057	135	135
90.0	93.0	80.0	147.0	169.0	165.0	24	0.0597794235175	0.00130339594108	DLR00012709-2009-07-04_09-30-05	0.197462916285	5	103	3414.5	756.5	0.195500549994	0.625659331877	135	135
93.0	95.0	83.0	148.0	169.0	166.0	1	0.0485907613618	0.00118189006029	DLR00012709-2009-07-04_09-30-05	0.193480353762	6	103	271.5	893.5	0.192086973532	0.671692684746	135	135
93.0	97.0	84.0	145.0	166.0	163.0	2	0.0519473600085	0.00106474731872	DLR00012709-2009-07-04_09-30-05	0.146118793165	6	103	409.5	890.5	0.145231990495	0.574191485961	135	135
94.0	98.0	85.0	150.0	174.0	170.0	3	0.0453940007459	0.00112708401079	DLR00012709-2009-07-04_09-30-05	0.165055261271	6	103	544.5	892.5	0.165012042126	0.603868080345	135	135
96.0	100.0	85.0	145.0	165.0	160.0	4	0.0603654962971	0.000960461209112	DLR00012709-2009-07-04_09-30-05	0.113263426643	6	103	670.5	887.5	0.11315398444	0.494538867281	135	135
96.0	100.0	85.0	150.0	174.0	170.0	5	0.0467259843359	0.00108297169766	DLR00012709-2009-07-04_09-30-05	0.151587320214	6	103	814.5	892.5	0.152278452671	0.575150514146	135	135
95.0	100.0	84.0	144.0	166.0	161.0	6	0.0512014491981	0.000971580494001	DLR00012709-2009-07-04_09-30-05	0.10126321685	6	103	952.5	883.5	0.103876227481	0.453407214023	135	135
94.0	99.0	84.0	148.0	173.0	168.0	7	0.0493899515158	0.00106828428061	DLR00012709-2009-07-04_09-30-05	0.133019900132	6	103	1090.5	892.5	0.135975634218	0.530981938303	135	135
93.0	99.0	83.0	144.0	167.0	161.0	8	0.0668655762161	0.0009836919101	DLR00012709-2009-07-04_09-30-05	0.113666604675	6	103	1226.5	895.5	0.116590090637	0.495497895466	135	135
92.0	98.0	83.0	147.0	172.0	168.0	9	0.0476850125206	0.00106793336248	DLR00012709-2009-07-04_09-30-05	0.136207715221	6	103	1356.5	888.5	0.139593400976	0.543076349299	135	135
92.0	98.0	82.0	140.0	163.0	157.0	10	0.0587671159891	0.000950088301561	DLR00012709-2009-07-04_09-30-05	0.100409502952	6	103	1497.5	886.5	0.104938182043	0.460013852629	135	135
91.0	97.0	82.0	146.0	172.0	168.0	11	0.0562097074964	0.00110275676113	DLR00012709-2009-07-04_09-30-05	0.153585069279	6	103	1643.5	890.5	0.156372260456	0.586658852363	135	135
91.0	97.0	82.0	141.0	165.0	160.0	12	0.0655868719697	0.000995196808939	DLR00012709-2009-07-04_09-30-05	0.107899240623	6	103	1771.5	885.5	0.112659250503	0.475251744899	135	135
91.0	97.0	82.0	145.0	170.0	165.0	13	0.0530129468805	0.00107177415693	DLR00012709-2009-07-04_09-30-05	0.142359498619	6	103	1907.5	899.5	0.146688441392	0.559859342533	135	135
91.0	96.0	81.0	141.0	164.0	158.0	14	0.0735254941659	0.000981809404174	DLR00012709-2009-07-04_09-30-05	0.1103374689	6	103	2038.5	892.5	0.114971199947	0.492247855506	135	135
91.0	97.0	82.0	146.0	171.0	167.0	15	0.0527465501625	0.00110304870446	DLR00012709-2009-07-04_09-30-05	0.149583065653	6	103	2174.5	891.5	0.153016968604	0.567425009324	135	135
92.0	97.0	81.0	143.0	166.0	161.0	16	0.0684106771805	0.00104032554272	DLR00012709-2009-07-04_09-30-05	0.122981440975	6	103	2312.5	892.5	0.126206423227	0.509830038894	135	135
92.0	97.0	81.0	146.0	170.0	166.0	17	0.0534391816293	0.00111133609111	DLR00012709-2009-07-04_09-30-05	0.147530544301	6	103	2458.5	892.5	0.149455488333	0.55197399968	135	135
93.0	97.0	81.0	143.0	165.0	158.0	18	0.0659065480313	0.0010356436874	DLR00012709-2009-07-04_09-30-05	0.125952939885	6	103	2591.5	895.5	0.127160436045	0.514785017849	135	135
93.0	97.0	81.0	147.0	171.0	166.0	19	0.057062176994	0.00113703741568	DLR00012709-2009-07-04_09-30-05	0.158592287732	6	103	2731.5	898.5	0.158390428578	0.579093185572	135	135
93.0	97.0	81.0	144.0	165.0	159.0	20	0.0608982897331	0.0010640371138	DLR00012709-2009-07-04_09-30-05	0.137671108155	6	103	2866.5	891.5	0.136544644085	0.533113112046	135	135
93.0	96.0	80.0	148.0	170.0	165.0	21	0.0626565080718	0.00117597121458	DLR00012709-2009-07-04_09-30-05	0.161011636739	6	103	2997.5	892.5	0.15951693487	0.565933187703	135	135
92.0	94.0	80.0	145.0	165.0	160.0	22	0.0729927007299	0.00115012683546	DLR00012709-2009-07-04_09-30-05	0.152424550248	6	103	3137.5	886.5	0.149351665786	0.550695295434	135	135
89.0	92.0	78.0	146.0	169.0	164.0	23	0.0626565080718	0.00126187461822	DLR00012709-2009-07-04_09-30-05	0.183376147839	6	103	3274.5	892.5	0.181169609885	0.601950023976	135	135
89.0	93.0	79.0	147.0	168.0	164.0	24	0.0592999094251	0.00129824606107	DLR00012709-2009-07-04_09-30-05	0.196834081586	6	103	3404.5	890.5	0.194367354494	0.626192125313	135	135
93.0	95.0	83.0	148.0	170.0	166.0	1	0.048430923331	0.00117346603486	DLR00012709-2009-07-04_09-30-05	0.20006443957	7	103	274.5	1031.5	0.198828319897	0.698705311951	135	135
94.0	98.0	85.0	145.0	167.0	163.0	2	0.0547711652192	0.00106500406464	DLR00012709-2009-07-04_09-30-05	0.144203000736	7	103	409.5	1031.5	0.142678497494	0.561191326123	135	135
95.0	98.0	84.0	151.0	174.0	171.0	3	0.0467259843359	0.00112992788367	DLR00012709-2009-07-04_09-30-05	0.159059238003	7	103	551.5	1031.5	0.159121434545	0.581064521285	135	135
96.0	100.0	84.0	146.0	167.0	162.0	4	0.0480579679258	0.00100001184663	DLR00012709-2009-07-04_09-30-05	0.116247722851	7	103	678.5	1034.5	0.116771284504	0.491501944696	135	135
95.0	100.0	84.0	150.0	174.0	170.0	5	0.0422505194736	0.00108982085851	DLR00012709-2009-07-04_09-30-05	0.147143688829	7	103	815.5	1022.5	0.148609944809	0.564867600831	135	135
95.0	99.0	84.0	146.0	170.0	165.0	6	0.0536522990037	0.00102346294131	DLR00012709-2009-07-04_09-30-05	0.119525492432	7	103	944.5	1023.5	0.121715365345	0.499014332143	135	135
94.0	99.0	84.0	149.0	174.0	170.0	7	0.0517875219777	0.00110215717819	DLR00012709-2009-07-04_09-30-05	0.165283310247	7	103	1085.5	1037.5	0.167192065667	0.620278118174	135	135
93.0	98.0	83.0	144.0	167.0	161.0	8	0.0593531887687	0.00099014693499	DLR00012709-2009-07-04_09-30-05	0.123834934727	7	103	1226.5	1029.5	0.126955744351	0.534231978262	135	135
92.0	98.0	83.0	147.0	173.0	168.0	9	0.050295700357	0.00108906656627	DLR00012709-2009-07-04_09-30-05	0.140655794001	7	103	1363.5	1026.5	0.143880278737	0.546912462038	135	135
92.0	97.0	82.0	143.0	167.0	163.0	10	0.0560498694656	0.00102637942052	DLR00012709-2009-07-04_09-30-05	0.122376975433	7	103	1497.5	1030.5	0.126126761175	0.511854653951	135	135
91.0	97.0	82.0	147.0	173.0	169.0	11	0.0556236347168	0.00111558995408	DLR00012709-2009-07-04_09-30-05	0.160205235338	7	103	1640.5	1036.5	0.163525867617	0.598699984016	135	135
91.0	96.0	82.0	142.0	166.0	161.0	12	0.07032873355	0.00100432930191	DLR00012709-2009-07-04_09-30-05	0.107850800933	7	103	1771.5	1031.5	0.113100775692	0.47349352656	135	135
90.0	96.0	82.0	146.0	172.0	168.0	13	0.0542916511269	0.00111426091677	DLR00012709-2009-07-04_09-30-05	0.152951645682	7	103	1908.5	1033.5	0.157150580272	0.577494805264	135	135
91.0	96.0	81.0	141.0	164.0	158.0	14	0.0793862219617	0.000993750268358	DLR00012709-2009-07-04_09-30-05	0.11458912893	7	103	2046.5	1031.5	0.118477643128	0.49970696361	135	135
91.0	96.0	82.0	147.0	172.0	168.0	15	0.0589802333635	0.00113841076801	DLR00012709-2009-07-04_09-30-05	0.161126986411	7	103	2184.5	1033.5	0.163813957084	0.594224519154	135	135
91.0	96.0	81.0	142.0	165.0	160.0	16	0.0777878416538	0.00103290913505	DLR00012709-2009-07-04_09-30-05	0.126605785131	7	103	2314.5	1025.5	0.129145618188	0.526666311471	135	135
91.0	96.0	81.0	147.0	172.0	167.0	17	0.055197399968	0.00114232541844	DLR00012709-2009-07-04_09-30-05	0.160216446426	7	103	2458.5	1031.5	0.161802958638	0.579253023603	135	135
92.0	96.0	81.0	143.0	165.0	159.0	18	0.0653204752517	0.00105257707383	DLR00012709-2009-07-04_09-30-05	0.124523142105	7	103	2591.5	1028.5	0.125801858553	0.5010389472	135	135
93.0	96.0	81.0	147.0	171.0	166.0	19	0.0550908412808	0.00115637977424	DLR00012709-2009-07-04_09-30-05	0.162466446583	7	103	2725.5	1027.5	0.162289387304	0.576802173797	135	135
93.0	96.0	80.0	142.0	163.0	155.0	20	0.0707549682988	0.00103461517971	DLR00012709-2009-07-04_09-30-05	0.127876615731	7	103	2872.5	1031.5	0.127130233306	0.515957163408	135	135
93.0	96.0	80.0	148.0	170.0	165.0	21	0.0580212051788	0.00118243969222	DLR00012709-2009-07-04_09-30-05	0.161502801069	7	103	2999.5	1031.5	0.159995745876	0.570142255847	135	135
91.0	94.0	79.0	144.0	164.0	158.0	22	0.0611646864511	0.00113336202798	DLR00012709-2009-07-04_09-30-05	0.153555638628	7	103	3137.5	1024.5	0.15148721065	0.558047844851	135	135
90.0	93.0	79.0	146.0	168.0	164.0	23	0.0671852522777	0.0012571151019	DLR00012709-2009-07-04_09-30-05	0.183086148479	7	103	3267.5	1024.5	0.179747094496	0.600511481699	135	135
90.0	93.0	79.0	148.0	170.0	165.0	24	0.0645745644414	0.00131320148853	DLR00012709-2009-07-04_09-30-05	0.21373106773	7	103	3411.5	1031.5	0.212263402144	0.674889445362	135	135
94.0	98.0	86.0	149.0	170.0	166.0	1	0.0464063082743	0.0011613138094	DLR00012709-2009-07-04_09-30-05	0.202787478935	8	103	276.5	1172.5	0.200692962229	0.713090734722	135	135
94.0	98.0	85.0	145.0	166.0	161.0	2	0.0584474399275	0.00103642046692	DLR00012709-2009-07-04_09-30-05	0.139075548647	8	103	411.5	1167.5	0.137135067183	0.559646225159	135	135
95.0	99.0	85.0	150.0	174.0	170.0	3	0.0468858223667	0.00112048576083	DLR00012709-2009-07-04_09-30-05	0.157765601162	8	103	546.5	1155.5	0.157163341296	0.583835047152	135	135
96.0	99.0	84.0	145.0	166.0	161.0	4	0.0597794235175	0.000981700171981	DLR00012709-2009-07-04_09-30-05	0.109226197433	8	103	678.5	1168.5	0.109848845606	0.474026319996	135	135
95.0	100.0	84.0	149.0	173.0	168.0	5	0.047631733177	0.00107486590592	DLR00012709-2009-07-04_09-30-05	0.148218591502	8	103	822.5	1164.5	0.14930189274	0.57003569716	135	135
95.0	99.0	84.0	145.0	167.0	161.0	6	0.0675049283393	0.000989132777103	DLR00012709-2009-07-04_09-30-05	0.110529525317	8	103	952.5	1170.5	0.111923338732	0.477915712078	135	135
94.0	99.0	84.0	147.0	171.0	167.0	7	0.0490169961106	0.00106212146664	DLR00012709-2009-07-04_09-30-05	0.15013315296	8	103	1082.5	1164.5	0.152106159053	0.586445734989	135	135
93.0	98.0	83.0	142.0	165.0	160.0	8	0.0550375619372	0.000981002204392	DLR00012709-2009-07-04_09-30-05	0.120819054774	8	103	1226.5	1157.5	0.123555922807	0.518248175182	135	135
92.0	98.0	83.0	146.0	171.0	167.0	9	0.0495497895466	0.0010814489384	DLR00012709-2009-07-04_09-30-05	0.143770358833	8	103	1358.5	1166.5	0.146566220598	0.557408492727	135	135
92.0	97.0	82.0	142.0	165.0	160.0	10	0.0688369119292	0.00100098449587	DLR00012709-2009-07-04_09-30-05	0.11728323013	8	103	1499.5	1164.5	0.12070003639	0.508498055304	135	135
91.0	97.0	82.0	145.0	171.0	167.0	11	0.0528531088497	0.00108116712087	DLR00012709-2009-07-04_09-30-05	0.136173517577	8	103	1635.5	1164.5	0.140380932677	0.536150034632	135	135
91.0	96.0	82.0	140.0	163.0	158.0	12	0.0707549682988	0.00096354319106	DLR00012709-2009-07-04_09-30-05	0.111151897062	8	103	1777.5	1157.5	0.115664332854	0.504395545847	135	135
90.0	96.0	82.0	144.0	169.0	165.0	13	0.0516809632905	0.00107789431247	DLR00012709-2009-07-04_09-30-05	0.134565564668	8	103	1903.5	1164.5	0.139100946709	0.533645905482	135	135
90.0	96.0	81.0	140.0	163.0	158.0	14	0.0691565879908	0.000999516471411	DLR00012709-2009-07-04_09-30-05	0.115593158942	8	103	2047.5	1164.5	0.11976559164	0.502051254729	135	135
90.0	96.0	81.0	144.0	169.0	165.0	15	0.057062176994	0.00109784829082	DLR00012709-2009-07-04_09-30-05	0.150832433899	8	103	2182.5	1164.5	0.153619285086	0.579039906228	135	135
91.0	96.0	81.0	141.0	164.0	159.0	16	0.0708082476424	0.00102802997864	DLR00012709-2009-07-04_09-30-05	0.121262398764	8	103	2317.5	1164.5	0.123682793589	0.506153764186	135	135
91.0	96.0	81.0	145.0	170.0	165.0	17	0.0571687356812	0.00112603284565	DLR00012709-2009-07-04_09-30-05	0.156565157781	8	103	2452.5	1164.5	0.157853272731	0.581011241941	135	135
92.0	96.0	81.0	143.0	165.0	159.0	18	0.0634024188822	0.0010639996719	DLR00012709-2009-07-04_09-30-05	0.131438904911	8	103	2591.5	1163.5	0.131827461679	0.515957163408	135	135
92.0	96.0	80.0	145.0	169.0	164.0	19	0.0535990196601	0.00113117375076	DLR00012709-2009-07-04_09-30-05	0.154860267536	8	103	2721.5	1168.5	0.154662112838	0.568543875539	135	135
93.0	96.0	80.0	143.0	165.0	159.0	20	0.0613245244819	0.00108372175891	DLR00012709-2009-07-04_09-30-05	0.126677175204	8	103	2866.5	1164.5	0.125878160434	0.489530608983	135	135
93.0	95.0	80.0	147.0	169.0	164.0	21	0.0540252544089	0.00116728426671	DLR00012709-2009-07-04_09-30-05	0.15662368162	8	103	2996.5	1164.5	0.155325514214	0.550588736747	135	135
92.0	94.0	79.0	144.0	166.0	160.0	22	0.0570088976504	0.00116136721818	DLR00012709-2009-07-04_09-30-05	0.150041732399	8	103	3137.5	1155.5	0.147685828135	0.531141776333	135	135
89.0	92.0	78.0	146.0	169.0	164.0	23	0.05626298684	0.00126436297527	DLR00012709-2009-07-04_09-30-05	0.181551077404	8	103	3269.5	1164.5	0.178586589327	0.589962171666	135	135
90.0	92.0	79.0	147.0	168.0	164.0	24	0.0592999094251	0.00129531807205	DLR00012709-2009-07-04_09-30-05	0.204812957103	8	103	3408.5	1164.5	0.202595654805	0.65443017742	135	135
94.0	97.0	84.0	148.0	169.0	166.0	1	0.0458202354947	0.00113723457843	DLR00012709-2009-07-04_09-30-05	0.184364736048	9	103	278.5	1304.5	0.18289844469	0.662315520273	135	135
94.0	98.0	84.0	148.0	170.0	166.0	2	0.0438488997816	0.00110280627562	DLR00012709-2009-07-04_09-30-05	0.14857871782	9	103	409.5	1304.5	0.147300937772	0.555916671107	135	135
95.0	99.0	84.0	148.0	171.0	167.0	3	0.0460866322127	0.00108570051563	DLR00012709-2009-07-04_09-30-05	0.153754227939	9	103	541.5	1301.5	0.153377209947	0.585113751399	135	135
95.0	100.0	84.0	147.0	169.0	164.0	4	0.0488038787362	0.00102010202105	DLR00012709-2009-07-04_09-30-05	0.139447179694	9	103	679.5	1304.5	0.139946030713	0.569449624381	135	135
95.0	100.0	84.0	149.0	173.0	168.0	5	0.0469391017103	0.00108000592004	DLR00012709-2009-07-04_09-30-05	0.148961969967	9	103	815.5	1304.5	0.149706339424	0.576375939048	135	135
94.0	99.0	84.0	145.0	167.0	162.0	6	0.0542916511269	0.0010054871884	DLR00012709-2009-07-04_09-30-05	0.127145994695	9	103	952.5	1301.5	0.128501730663	0.536842666098	135	135
93.0	99.0	83.0	147.0	172.0	168.0	7	0.0484842026746	0.00108558149805	DLR00012709-2009-07-04_09-30-05	0.138126139046	9	103	1082.5	1304.5	0.140359120865	0.534977889072	135	135
92.0	98.0	83.0	145.0	169.0	164.0	8	0.0494432308594	0.00103971973937	DLR00012709-2009-07-04_09-30-05	0.133738806988	9	103	1233.5	1304.5	0.13608380699	0.546113271884	135	135
92.0	98.0	83.0	146.0	171.0	167.0	9	0.0493899515158	0.00109615759101	DLR00012709-2009-07-04_09-30-05	0.147253780785	9	103	1354.5	1300.5	0.149560383635	0.564388086739	135	135
91.0	97.0	82.0	142.0	166.0	161.0	10	0.0530129468805	0.00102255250515	DLR00012709-2009-07-04_09-30-05	0.125012001657	9	103	1497.5	1303.5	0.129061817702	0.524535137727	135	135
90.0	97.0	82.0	146.0	171.0	167.0	11	0.0562097074964	0.00109400263622	DLR00012709-2009-07-04_09-30-05	0.159864122454	9	103	1636.5	1311.5	0.163019453782	0.605626298684	135	135
90.0	96.0	81.0	140.0	163.0	158.0	12	0.0639884916618	0.000975573092288	DLR00012709-2009-07-04_09-30-05	0.109496996183	9	103	1771.5	1304.5	0.114641124062	0.490169961106	135	135
90.0	96.0	81.0	146.0	171.0	168.0	13	0.0573818530556	0.00111477886916	DLR00012709-2009-07-04_09-30-05	0.155460205202	9	103	1906.5	1310.5	0.159899667535	0.590494965102	135	135
89.0	95.0	80.0	142.0	166.0	162.0	14	0.0678246044009	0.00104590945263	DLR00012709-2009-07-04_09-30-05	0.125128764404	9	103	2039.5	1306.5	0.130192886295	0.521125259737	135	135
90.0	95.0	81.0	145.0	171.0	167.0	15	0.05759497043	0.00114517900807	DLR00012709-2009-07-04_09-30-05	0.163380263814	9	103	2180.5	1304.5	0.165746500019	0.591560551974	135	135
90.0	95.0	80.0	141.0	164.0	158.0	16	0.0573818530556	0.00104830660058	DLR00012709-2009-07-04_09-30-05	0.117808865564	9	103	2317.5	1297.5	0.120854760214	0.48297724972	135	135
91.0	96.0	80.0	144.0	169.0	165.0	17	0.0514678459161	0.00112409093316	DLR00012709-2009-07-04_09-30-05	0.147086507652	9	103	2465.5	1304.5	0.148780539631	0.547178858756	135	135
91.0	96.0	80.0	143.0	166.0	160.0	18	0.0732058181043	0.00108888886596	DLR00012709-2009-07-04_09-30-05	0.13217307215	9	103	2591.5	1295.5	0.133044491423	0.51968671746	135	135
92.0	96.0	80.0	147.0	171.0	166.0	19	0.0579679258352	0.00117870025455	DLR00012709-2009-07-04_09-30-05	0.164459873623	9	103	2725.5	1304.5	0.163752338818	0.575576748894	135	135
92.0	96.0	79.0	144.0	165.0	159.0	20	0.0605786136715	0.00109300977774	DLR00012709-2009-07-04_09-30-05	0.137594361204	9	103	2866.5	1304.5	0.136988794783	0.524375299696	135	135
92.0	95.0	80.0	147.0	169.0	164.0	21	0.0618573179178	0.00117878241381	DLR00012709-2009-07-04_09-30-05	0.156785706393	9	103	2992.5	1304.5	0.155460261456	0.550375619372	135	135
91.0	94.0	78.0	142.0	162.0	155.0	22	0.0774148862486	0.00110282962327	DLR00012709-2009-07-04_09-30-05	0.133359537188	9	103	3143.5	1294.5	0.131207803307	0.503809473067	135	135
89.0	93.0	79.0	146.0	169.0	165.0	23	0.0566359422452	0.0012709868208	DLR00012709-2009-07-04_09-30-05	0.190972195059	9	103	3271.5	1304.5	0.187394686802	0.610368160264	135	135
90.0	93.0	79.0	147.0	169.0	164.0	24	0.0639884916618	0.0013081081644	DLR00012709-2009-07-04_09-30-05	0.203681765478	9	103	3412.5	1304.5	0.201399315759	0.64643827588	135	135
94.0	97.0	84.0	148.0	169.0	166.0	1	0.042996430284	0.00111301261734	DLR00012709-2009-07-04_09-30-05	0.193581529759	10	103	265.5	1431.5	0.193083641103	0.712238265225	135	135
94.0	98.0	83.0	144.0	164.0	159.0	2	0.0480046885822	0.00100750582297	DLR00012709-2009-07-04_09-30-05	0.110628289803	10	103	409.5	1438.5	0.109969324567	0.460813042783	135	135
95.0	99.0	83.0	149.0	173.0	169.0	3	0.0455005594331	0.00111338341212	DLR00012709-2009-07-04_09-30-05	0.152941995494	10	103	544.5	1446.5	0.152990073452	0.568277478821	135	135
95.0	100.0	84.0	146.0	167.0	161.0	4	0.0534391816293	0.000990898800196	DLR00012709-2009-07-04_09-30-05	0.107605795777	10	103	678.5	1431.5	0.107985285644	0.458788427727	135	135
95.0	100.0	84.0	150.0	174.0	170.0	5	0.0475784538334	0.00109788371961	DLR00012709-2009-07-04_09-30-05	0.147828945361	10	103	820.5	1433.5	0.148725901537	0.557674889445	135	135
94.0	99.0	84.0	145.0	168.0	163.0	6	0.0507752144494	0.00101163294431	DLR00012709-2009-07-04_09-30-05	0.123914619373	10	103	961.5	1439.5	0.125282224112	0.516010442751	135	135
93.0	98.0	83.0	147.0	172.0	168.0	7	0.0474718951463	0.00109296205854	DLR00012709-2009-07-04_09-30-05	0.147913507095	10	103	1093.5	1442.5	0.150037081748	0.565933187703	135	135
92.0	98.0	82.0	141.0	164.0	159.0	8	0.0530662262241	0.000987914637873	DLR00012709-2009-07-04_09-30-05	0.111238858064	10	103	1226.5	1438.5	0.114091551202	0.4814854281	135	135
92.0	97.0	82.0	145.0	170.0	166.0	9	0.0534924609729	0.00108295867412	DLR00012709-2009-07-04_09-30-05	0.143114065835	10	103	1355.5	1432.5	0.145886038825	0.557568330758	135	135
91.0	96.0	81.0	141.0	164.0	159.0	10	0.0529063881933	0.000996614494985	DLR00012709-2009-07-04_09-30-05	0.119978815789	10	103	1503.5	1431.5	0.124184666504	0.51984655549	135	135
91.0	97.0	82.0	144.0	168.0	164.0	11	0.0524268741009	0.0010523407682	DLR00012709-2009-07-04_09-30-05	0.137114096111	10	103	1642.5	1438.5	0.140673512122	0.551014971496	135	135
90.0	96.0	81.0	141.0	165.0	161.0	12	0.0623368320102	0.00102020019089	DLR00012709-2009-07-04_09-30-05	0.120056204583	10	103	1771.5	1438.5	0.124889939333	0.508551334648	135	135
90.0	96.0	81.0	144.0	170.0	166.0	13	0.0553572379988	0.00109682229292	DLR00012709-2009-07-04_09-30-05	0.141520001773	10	103	1904.5	1438.5	0.14584658763	0.551920720337	135	135
90.0	95.0	80.0	140.0	164.0	159.0	14	0.0654270339389	0.00101869833112	DLR00012709-2009-07-04_09-30-05	0.121202325396	10	103	2046.5	1439.5	0.124900243984	0.517235867654	135	135
89.0	95.0	80.0	144.0	169.0	165.0	15	0.056529383558	0.0011236775519	DLR00012709-2009-07-04_09-30-05	0.155094092223	10	103	2184.5	1438.5	0.157855743809	0.578826788854	135	135
90.0	95.0	79.0	141.0	164.0	159.0	16	0.0685172358677	0.00106251381931	DLR00012709-2009-07-04_09-30-05	0.125019710301	10	103	2319.5	1438.5	0.127629456385	0.504075869785	135	135
90.0	95.0	80.0	145.0	170.0	166.0	17	0.0582876018967	0.00115669526626	DLR00012709-2009-07-04_09-30-05	0.163521606154	10	103	2462.5	1428.5	0.164967046433	0.587884277266	135	135
91.0	95.0	80.0	141.0	163.0	157.0	18	0.076029623315	0.00105506860747	DLR00012709-2009-07-04_09-30-05	0.119322253472	10	103	2591.5	1438.5	0.120237717983	0.488358463424	135	135
92.0	95.0	79.0	145.0	168.0	163.0	19	0.0615376418563	0.00114581451379	DLR00012709-2009-07-04_09-30-05	0.155641876995	10	103	2721.5	1438.5	0.155402465737	0.561457722841	135	135
92.0	95.0	79.0	141.0	161.0	154.0	20	0.0683041184933	0.00104987988071	DLR00012709-2009-07-04_09-30-05	0.119258736127	10	103	2866.5	1435.5	0.118195496196	0.474878789493	135	135
92.0	95.0	79.0	147.0	170.0	165.0	21	0.0580744845224	0.00120141380669	DLR00012709-2009-07-04_09-30-05	0.163499010598	10	103	3003.5	1438.5	0.16170594543	0.562310192338	135	135
91.0	93.0	78.0	144.0	165.0	160.0	22	0.0659065480313	0.00116762156211	DLR00012709-2009-07-04_09-30-05	0.154573995948	10	103	3136.5	1430.5	0.152544020169	0.547871490223	135	135
89.0	93.0	79.0	146.0	169.0	165.0	23	0.0572752943684	0.00127927593234	DLR00012709-2009-07-04_09-30-05	0.191212970892	10	103	3274.5	1438.5	0.187784137507	0.609249294049	135	135
90.0	93.0	79.0	146.0	168.0	164.0	24	0.0608982897331	0.001297985745	DLR00012709-2009-07-04_09-30-05	0.199957723329	10	103	3414.5	1438.5	0.198129821486	0.638126698279	135	135
94.0	97.0	83.0	148.0	169.0	165.0	1	0.0354840428366	0.00113662150868	DLR00012709-2009-07-04_09-30-05	0.187954518341	11	103	272.5	1578.5	0.186976777145	0.679578027599	135	135
95.0	99.0	85.0	148.0	170.0	166.0	2	0.0530662262241	0.0010908669302	DLR00012709-2009-07-04_09-30-05	0.15108183374	11	103	409.5	1577.5	0.14870619726	0.575896424956	135	135
95.0	99.0	85.0	151.0	175.0	171.0	3	0.0461931908999	0.0011473743453	DLR00012709-2009-07-04_09-30-05	0.169981983318	11	103	539.5	1580.5	0.168927306874	0.607437796366	135	135
95.0	100.0	85.0	146.0	168.0	163.0	4	0.0465661463051	0.00102190417886	DLR00012709-2009-07-04_09-30-05	0.130107139343	11	103	678.5	1578.5	0.129742482503	0.531195055677	135	135
95.0	100.0	85.0	150.0	174.0	169.0	5	0.0469923810539	0.00109992085265	DLR00012709-2009-07-04_09-30-05	0.160340597024	11	103	815.5	1578.5	0.16036545808	0.600031967606	135	135
94.0	99.0	83.0	144.0	166.0	160.0	6	0.0524801534445	0.00098690970623	DLR00012709-2009-07-04_09-30-05	0.124969853133	11	103	954.5	1576.5	0.126053044165	0.529703234056	135	135
93.0	99.0	83.0	148.0	173.0	169.0	7	0.0485374820182	0.00111360281111	DLR00012709-2009-07-04_09-30-05	0.150937103543	11	103	1090.5	1574.5	0.151869508838	0.56603974639	135	135
92.0	97.0	82.0	143.0	166.0	161.0	8	0.0589269540199	0.00102145118638	DLR00012709-2009-07-04_09-30-05	0.125351899117	11	103	1226.5	1580.5	0.127414006212	0.52576056263	135	135
91.0	97.0	82.0	146.0	172.0	168.0	9	0.0529596675369	0.00112470920617	DLR00012709-2009-07-04_09-30-05	0.161237172616	11	103	1366.5	1586.5	0.163166548406	0.601310671853	135	135
91.0	96.0	81.0	142.0	166.0	161.0	10	0.0562097074964	0.001043028268	DLR00012709-2009-07-04_09-30-05	0.119478071454	11	103	1497.5	1578.5	0.122497312506	0.491235547978	135	135
90.0	96.0	81.0	143.0	168.0	164.0	11	0.0541850924397	0.00108350858936	DLR00012709-2009-07-04_09-30-05	0.142966382902	11	103	1639.5	1571.5	0.145943904444	0.555863391763	135	135
90.0	95.0	80.0	142.0	166.0	162.0	12	0.0595663061431	0.0010592361172	DLR00012709-2009-07-04_09-30-05	0.123018241089	11	103	1771.5	1569.5	0.12758513762	0.504875059939	135	135
89.0	95.0	80.0	145.0	171.0	167.0	13	0.05493100325	0.00113841947975	DLR00012709-2009-07-04_09-30-05	0.160193685289	11	103	1908.5	1570.5	0.163372664144	0.589056422825	135	135
89.0	95.0	80.0	139.0	163.0	158.0	14	0.064627843785	0.00102463455905	DLR00012709-2009-07-04_09-30-05	0.120497582314	11	103	2046.5	1578.5	0.123932414364	0.512067771325	135	135
89.0	95.0	80.0	144.0	169.0	165.0	15	0.0558367520912	0.0011435272979	DLR00012709-2009-07-04_09-30-05	0.153943078529	11	103	2178.5	1578.5	0.156113378191	0.563002823805	135	135
90.0	94.0	79.0	139.0	162.0	156.0	16	0.0699557781448	0.00103888124881	DLR00012709-2009-07-04_09-30-05	0.122269770481	11	103	2320.5	1575.5	0.124815392031	0.503809473067	135	135
90.0	95.0	80.0	144.0	168.0	164.0	17	0.0574351323992	0.0011453362263	DLR00012709-2009-07-04_09-30-05	0.154740980869	11	103	2458.5	1578.5	0.155520118472	0.563908572646	135	135
91.0	95.0	79.0	142.0	165.0	160.0	18	0.063562256913	0.00110086595664	DLR00012709-2009-07-04_09-30-05	0.137584508984	11	103	2591.5	1573.5	0.138558615889	0.527305663594	135	135
91.0	95.0	79.0	146.0	169.0	164.0	19	0.0635089775694	0.00117366459881	DLR00012709-2009-07-04_09-30-05	0.163830847905	11	103	2724.5	1578.5	0.163103358079	0.575843145612	135	135
91.0	95.0	79.0	143.0	164.0	157.0	20	0.0686770738984	0.00109992393649	DLR00012709-2009-07-04_09-30-05	0.128021271419	11	103	2866.5	1578.5	0.126784520517	0.492460972881	135	135
91.0	94.0	79.0	146.0	168.0	163.0	21	0.0622835526666	0.00119392943745	DLR00012709-2009-07-04_09-30-05	0.161268186081	11	103	2994.5	1578.5	0.158531404337	0.555010922265	135	135
90.0	93.0	79.0	142.0	162.0	156.0	22	0.0725131866375	0.00112166710901	DLR00012709-2009-07-04_09-30-05	0.145429094381	11	103	3137.5	1571.5	0.142546016139	0.541105013586	135	135
88.0	92.0	78.0	146.0	168.0	164.0	23	0.0635089775694	0.00128383278187	DLR00012709-2009-07-04_09-30-05	0.189688517837	11	103	3272.5	1578.5	0.186911611251	0.610261601577	135	135
88.0	91.0	77.0	146.0	167.0	163.0	24	0.0624433906974	0.00131403434901	DLR00012709-2009-07-04_09-30-05	0.208749643983	11	103	3405.5	1568.5	0.206187657364	0.6570941446	135	135
95.0	98.0	85.0	148.0	170.0	166.0	1	0.0385742447653	0.00115345959521	DLR00012709-2009-07-04_09-30-05	0.195844730054	12	103	269.5	1711.5	0.194410278642	0.697053652299	135	135
94.0	98.0	84.0	145.0	166.0	162.0	2	0.055463796686	0.0010545631556	DLR00012709-2009-07-04_09-30-05	0.138636377542	12	103	409.5	1704.5	0.136203236634	0.546699344664	135	135
95.0	99.0	85.0	149.0	173.0	169.0	3	0.0452341627151	0.00112722724831	DLR00012709-2009-07-04_09-30-05	0.156643988171	12	103	544.5	1711.5	0.15526101039	0.569236507006	135	135
96.0	100.0	85.0	145.0	166.0	160.0	4	0.0678246044009	0.0010026740268	DLR00012709-2009-07-04_09-30-05	0.120292808911	12	103	680.5	1711.5	0.118502488616	0.500506153764	135	135
95.0	100.0	85.0	150.0	173.0	169.0	5	0.0503489797006	0.00110450706115	DLR00012709-2009-07-04_09-30-05	0.154489938937	12	103	815.5	1704.5	0.153588978849	0.580638286536	135	135
95.0	99.0	83.0	143.0	164.0	159.0	6	0.0442218551867	0.000980574834747	DLR00012709-2009-07-04_09-30-05	0.117745773731	12	103	952.5	1709.5	0.118525448023	0.502637327508	135	135
93.0	99.0	83.0	147.0	171.0	167.0	7	0.0474186158027	0.00110369771891	DLR00012709-2009-07-04_09-30-05	0.150911125465	12	103	1086.5	1712.5	0.151527956911	0.568437316852	135	135
92.0	97.0	82.0	143.0	166.0	161.0	8	0.0602589376099	0.00103098985726	DLR00012709-2009-07-04_09-30-05	0.118472510787	12	103	1222.5	1711.5	0.120043502411	0.487346155895	135	135
91.0	97.0	82.0	146.0	171.0	166.0	9	0.0475784538334	0.00111571985987	DLR00012709-2009-07-04_09-30-05	0.147385034532	12	103	1363.5	1711.5	0.149307537995	0.55048217806	135	135
91.0	96.0	81.0	139.0	161.0	155.0	10	0.0677180457137	0.000973608223124	DLR00012709-2009-07-04_09-30-05	0.107014278248	12	103	1497.5	1711.5	0.109374611733	0.467686078108	135	135
90.0	96.0	81.0	145.0	171.0	167.0	11	0.0541850924397	0.00114162549091	DLR00012709-2009-07-04_09-30-05	0.152252104898	12	103	1634.5	1705.5	0.154477841419	0.558740476317	135	135
90.0	95.0	80.0	141.0	165.0	160.0	12	0.0619105972614	0.00105303398755	DLR00012709-2009-07-04_09-30-05	0.107242899718	12	103	1771.5	1705.5	0.111245252474	0.444243166924	135	135
90.0	95.0	80.0	142.0	167.0	162.0	13	0.0572752943684	0.00109343707853	DLR00012709-2009-07-04_09-30-05	0.142682248105	12	103	1904.5	1715.5	0.145656254361	0.551441206244	135	135
89.0	94.0	79.0	140.0	164.0	159.0	14	0.0647344024722	0.00106600965242	DLR00012709-2009-07-04_09-30-05	0.126759347358	12	103	2046.5	1711.5	0.129971901452	0.508871010709	135	135
89.0	94.0	79.0	144.0	169.0	165.0	15	0.0588203953327	0.00115848109802	DLR00012709-2009-07-04_09-30-05	0.156189896463	12	103	2184.5	1711.5	0.157625728958	0.564281528052	135	135
89.0	94.0	79.0	141.0	163.0	158.0	16	0.0675049283393	0.00108221443272	DLR00012709-2009-07-04_09-30-05	0.123985839304	12	103	2317.5	1711.5	0.125793264703	0.491981458788	135	135
90.0	94.0	79.0	145.0	169.0	165.0	17	0.0665459001545	0.00117609659585	DLR00012709-2009-07-04_09-30-05	0.168069821296	12	103	2464.5	1710.5	0.168288919029	0.591880228036	135	135
90.0	94.0	79.0	142.0	164.0	159.0	18	0.0611114071075	0.00109701780183	DLR00012709-2009-07-04_09-30-05	0.136511179877	12	103	2591.5	1711.5	0.137183008107	0.525920400661	135	135
91.0	94.0	78.0	146.0	169.0	165.0	19	0.0571687356812	0.00118881305968	DLR00012709-2009-07-04_09-30-05	0.153658921105	12	103	2722.5	1711.5	0.153779129526	0.533326229421	135	135
91.0	94.0	78.0	143.0	164.0	158.0	20	0.0657999893441	0.00112118552418	DLR00012709-2009-07-04_09-30-05	0.125741188539	12	103	2866.5	1715.5	0.12454582144	0.468591826949	135	135
91.0	94.0	79.0	147.0	169.0	164.0	21	0.0607384517023	0.00123278255681	DLR00012709-2009-07-04_09-30-05	0.174530400493	12	103	2999.5	1711.5	0.171669040738	0.575896424956	135	135
90.0	93.0	78.0	142.0	162.0	157.0	22	0.0750173157867	0.00114761031878	DLR00012709-2009-07-04_09-30-05	0.139035990612	12	103	3137.5	1703.5	0.135463855068	0.502584048165	135	135
88.0	91.0	77.0	144.0	166.0	161.0	23	0.05759497043	0.0012586276366	DLR00012709-2009-07-04_09-30-05	0.178378062262	12	103	3272.5	1711.5	0.175363372401	0.579892375726	135	135
88.0	91.0	78.0	146.0	167.0	163.0	24	0.0583408812403	0.0013235163644	DLR00012709-2009-07-04_09-30-05	0.208722769475	12	103	3405.5	1703.5	0.205486954038	0.648462890937	135	135
94.0	97.0	85.0	148.0	170.0	166.0	1	0.0355373221802	0.00116576854065	DLR00012709-2009-07-04_09-30-05	0.194950424191	13	103	275.5	1858.5	0.192631019248	0.684106771805	135	135
94.0	98.0	85.0	147.0	168.0	165.0	2	0.0470456603975	0.00110718254186	DLR00012709-2009-07-04_09-30-05	0.147608685461	13	103	409.5	1847.5	0.144015787827	0.549629708562	135	135
94.0	98.0	84.0	150.0	173.0	169.0	3	0.0435825030636	0.00114598657632	DLR00012709-2009-07-04_09-30-05	0.154982765569	13	103	544.5	1850.5	0.152949050158	0.555170760296	135	135
95.0	99.0	85.0	146.0	167.0	162.0	4	0.0533326229421	0.00103675366857	DLR00012709-2009-07-04_09-30-05	0.12167808395	13	103	678.5	1853.5	0.120154202836	0.487026479834	135	135
95.0	99.0	85.0	149.0	172.0	168.0	5	0.0515744046033	0.00110071067341	DLR00012709-2009-07-04_09-30-05	0.148813638139	13	103	815.5	1850.5	0.147872833144	0.558580638287	135	135
95.0	99.0	84.0	145.0	167.0	162.0	6	0.0578080878044	0.00102780363563	DLR00012709-2009-07-04_09-30-05	0.126455147	13	103	949.5	1850.5	0.125799788423	0.515903884064	135	135
94.0	98.0	83.0	147.0	171.0	167.0	7	0.0500825829826	0.0011044938135	DLR00012709-2009-07-04_09-30-05	0.155388856055	13	103	1081.5	1846.5	0.15562654088	0.579625979008	135	135
92.0	97.0	82.0	141.0	163.0	157.0	8	0.0564761042144	0.000992521175937	DLR00012709-2009-07-04_09-30-05	0.116052047574	13	103	1226.5	1850.5	0.117449156026	0.491608503383	135	135
91.0	96.0	81.0	146.0	171.0	167.0	9	0.0529596675369	0.00112643042579	DLR00012709-2009-07-04_09-30-05	0.157972725158	13	103	1367.5	1851.5	0.159428254094	0.582183387501	135	135
91.0	96.0	81.0	141.0	164.0	160.0	10	0.0634556982258	0.00104204895983	DLR00012709-2009-07-04_09-30-05	0.13393324758	13	103	1494.5	1845.5	0.135419666148	0.541850924397	135	135
90.0	95.0	81.0	145.0	170.0	166.0	11	0.0570088976504	0.00114316138385	DLR00012709-2009-07-04_09-30-05	0.158480328368	13	103	1638.5	1850.5	0.159929740037	0.573925089243	135	135
90.0	95.0	80.0	140.0	162.0	157.0	12	0.0669188555597	0.00103443961214	DLR00012709-2009-07-04_09-30-05	0.119911738695	13	103	1771.5	1850.5	0.122160532046	0.495444616122	135	135
89.0	94.0	79.0	145.0	170.0	166.0	13	0.0554105173424	0.00116337927476	DLR00012709-2009-07-04_09-30-05	0.156841956795	13	103	1908.5	1850.5	0.158703829398	0.562896265118	135	135
89.0	94.0	79.0	140.0	163.0	157.0	14	0.07032873355	0.00106219974419	DLR00012709-2009-07-04_09-30-05	0.123778462008	13	103	2046.5	1845.5	0.125827192777	0.497575789866	135	135
89.0	94.0	79.0	144.0	169.0	165.0	15	0.0628696254462	0.00118496091549	DLR00012709-2009-07-04_09-30-05	0.15985264855	13	103	2184.5	1843.5	0.160692662669	0.565080718206	135	135
89.0	93.0	78.0	141.0	164.0	158.0	16	0.0752837125047	0.00110408231309	DLR00012709-2009-07-04_09-30-05	0.117649108702	13	103	2317.5	1841.5	0.119015496695	0.45750972348	135	135
90.0	94.0	79.0	144.0	168.0	163.0	17	0.0606318930151	0.00117068272603	DLR00012709-2009-07-04_09-30-05	0.154002849362	13	103	2458.5	1850.5	0.153784501789	0.549469870531	135	135
90.0	94.0	79.0	143.0	166.0	161.0	18	0.0800255740849	0.00114334470305	DLR00012709-2009-07-04_09-30-05	0.152738196922	13	103	2582.5	1850.5	0.151860297651	0.560498694656	135	135
90.0	94.0	79.0	146.0	170.0	165.0	19	0.0576482497736	0.00120660103879	DLR00012709-2009-07-04_09-30-05	0.160552028466	13	103	2729.5	1850.5	0.159509097606	0.54856412169	135	135
90.0	93.0	78.0	142.0	163.0	158.0	20	0.0676114870265	0.00113398386423	DLR00012709-2009-07-04_09-30-05	0.141909469594	13	103	2866.5	1841.5	0.14031802317	0.518567851244	135	135
90.0	93.0	79.0	148.0	170.0	166.0	21	0.0633491395386	0.00126830883321	DLR00012709-2009-07-04_09-30-05	0.179678866918	13	103	2998.5	1850.5	0.176702512573	0.583515371091	135	135
89.0	91.0	77.0	141.0	162.0	156.0	22	0.0605253343279	0.00116236747703	DLR00012709-2009-07-04_09-30-05	0.146851712658	13	103	3137.5	1846.5	0.14421718348	0.516809632905	135	135
87.0	91.0	79.0	145.0	167.0	164.0	23	0.0650007991902	0.0013174532343	DLR00012709-2009-07-04_09-30-05	0.204873874381	13	103	3274.5	1848.5	0.200411676604	0.631466780329	135	135
88.0	92.0	79.0	146.0	167.0	163.0	24	0.0637753742874	0.00134486150874	DLR00012709-2009-07-04_09-30-05	0.22013547408	13	103	3409.5	1856.5	0.216157183164	0.673930417177	135	135
94.0	97.0	85.0	148.0	170.0	166.0	1	0.0450743246843	0.00118377976601	DLR00012709-2009-07-04_09-30-05	0.19408403306	14	103	277.5	1985.5	0.191190025813	0.679045234163	135	135
94.0	98.0	85.0	146.0	166.0	162.0	2	0.0620704352922	0.00109357341898	DLR00012709-2009-07-04_09-30-05	0.135016365156	14	103	409.5	1985.5	0.130603886995	0.512121050669	135	135
95.0	99.0	86.0	151.0	174.0	170.0	3	0.048963716767	0.00116979009378	DLR00012709-2009-07-04_09-30-05	0.165578148098	14	103	540.5	1985.5	0.162062231806	0.573871809899	135	135
95.0	99.0	85.0	146.0	167.0	162.0	4	0.0625499493846	0.00103779198001	DLR00012709-2009-07-04_09-30-05	0.123043422056	14	103	678.5	1980.5	0.120628082674	0.48830518408	135	135
96.0	100.0	85.0	149.0	173.0	168.0	5	0.0477382918642	0.00111436688908	DLR00012709-2009-07-04_09-30-05	0.15637063798	14	103	814.5	1985.5	0.154326441547	0.577334967233	135	135
95.0	99.0	85.0	143.0	163.0	157.0	6	0.0638819329746	0.000977320620439	DLR00012709-2009-07-04_09-30-05	0.125007835163	14	103	952.5	1985.5	0.123036229885	0.529863072087	135	135
94.0	99.0	84.0	148.0	172.0	168.0	7	0.0513080078853	0.00111745906396	DLR00012709-2009-07-04_09-30-05	0.152961267322	14	103	1082.5	1989.5	0.152137081532	0.565453673611	135	135
93.0	97.0	82.0	143.0	165.0	159.0	8	0.0695828227396	0.00102809812708	DLR00012709-2009-07-04_09-30-05	0.11676772142	14	103	1226.5	1978.5	0.117736879293	0.48755927327	135	135
92.0	96.0	81.0	147.0	171.0	167.0	9	0.0551441206244	0.00114921746409	DLR00012709-2009-07-04_09-30-05	0.150888553611	14	103	1362.5	1985.5	0.151700492213	0.545740316479	135	135
91.0	96.0	80.0	141.0	164.0	158.0	10	0.0728861420427	0.00104742923754	DLR00012709-2009-07-04_09-30-05	0.127940049929	14	103	1498.5	1985.5	0.128635712968	0.516489956844	135	135
90.0	95.0	80.0	144.0	169.0	164.5	11	0.0591400713943	0.00114496417661	DLR00012709-2009-07-04_09-30-05	0.153234059929	14	103	1633.5	1985.5	0.153939205173	0.560072459907	135	135
90.0	94.0	79.0	143.0	165.0	161.0	12	0.076296020033	0.00110124286234	DLR00012709-2009-07-04_09-30-05	0.126309385969	14	103	1771.5	1980.5	0.127295778968	0.49304704566	135	135
90.0	94.0	79.0	145.0	169.0	165.0	13	0.0638819329746	0.00117921163467	DLR00012709-2009-07-04_09-30-05	0.147352442933	14	103	1906.5	1985.5	0.148212666827	0.526346635409	135	135
89.0	94.0	78.0	141.0	163.0	157.0	14	0.0915871916458	0.00109443854498	DLR00012709-2009-07-04_09-30-05	0.131339322698	14	103	2039.5	1977.5	0.131942949421	0.508391496617	135	135
89.0	93.0	78.0	143.0	167.0	162.0	15	0.0732590974479	0.00115809178888	DLR00012709-2009-07-04_09-30-05	0.144724384261	14	103	2184.5	1993.5	0.144647369792	0.519899834834	135	135
89.0	93.0	78.0	141.0	163.0	157.0	16	0.0833821727316	0.0011219243483	DLR00012709-2009-07-04_09-30-05	0.125856376504	14	103	2317.5	1980.5	0.125681236205	0.477329639299	135	135
90.0	94.0	78.0	145.0	169.0	165.0	17	0.0598327028611	0.00121790326461	DLR00012709-2009-07-04_09-30-05	0.163190165535	14	103	2466.5	1985.5	0.162258558776	0.552826469178	135	135
90.0	94.0	78.0	141.0	162.0	156.0	18	0.0926527785178	0.00110282593861	DLR00012709-2009-07-04_09-30-05	0.133826557771	14	103	2591.5	1985.5	0.13264069996	0.510149714956	135	135
90.0	93.0	78.0	144.0	166.0	161.0	19	0.0778411209974	0.00116806654125	DLR00012709-2009-07-04_09-30-05	0.141391770523	14	103	2725.5	1985.5	0.14065201225	0.513612872289	135	135
90.0	93.0	78.0	141.0	162.0	156.0	20	0.0855133464756	0.00112370875714	DLR00012709-2009-07-04_09-30-05	0.120342117938	14	103	2866.5	1983.5	0.11870888465	0.451062922905	135	135
90.0	93.0	78.0	145.0	168.0	163.0	21	0.0603654962971	0.00123594659569	DLR00012709-2009-07-04_09-30-05	0.165906379929	14	103	3004.5	1985.5	0.163193360717	0.551014971496	135	135
89.0	91.0	77.0	139.0	159.0	153.0	22	0.0890297831531	0.00113884886351	DLR00012709-2009-07-04_09-30-05	0.141481149619	14	103	3137.5	1985.5	0.138098526	0.519899834834	135	135
87.0	89.0	76.0	144.0	166.0	162.0	23	0.0635089775694	0.00131512013678	DLR00012709-2009-07-04_09-30-05	0.186477551304	14	103	3268.5	1985.5	0.18256402752	0.578666950823	135	135
88.0	91.0	78.0	144.0	165.0	161.0	24	0.0644680057542	0.00133004392051	DLR00012709-2009-07-04_09-30-05	0.20020177761	14	103	3412.5	1985.5	0.197269024778	0.625925728595	135	135
94.0	96.0	85.0	146.0	166.0	162.0	1	0.0341520592466	0.00115633681173	DLR00012709-2009-07-04_09-30-05	0.191719070777	15	103	269.5	2127.5	0.189119831671	0.68122968725	135	135
95.0	98.0	86.0	146.0	165.0	161.0	2	0.0661729447493	0.00109197739246	DLR00012709-2009-07-04_09-30-05	0.150914567328	15	103	409.5	2124.5	0.1461643306	0.569023389632	135	135
96.0	99.0	87.0	150.0	170.0	167.0	3	0.049762906921	0.00112892667978	DLR00012709-2009-07-04_09-30-05	0.166782717274	15	103	544.5	2122.5	0.162879300444	0.598273749267	135	135
97.0	100.0	86.0	145.0	164.0	159.0	4	0.0464595876179	0.000988371517283	DLR00012709-2009-07-04_09-30-05	0.134705162958	15	103	675.5	2123.5	0.131317539156	0.56337577921	135	135
97.0	99.0	85.0	149.0	170.0	166.0	5	0.0522670360701	0.00109107947626	DLR00012709-2009-07-04_09-30-05	0.155046519644	15	103	815.5	2129.5	0.153381058857	0.584634237306	135	135
96.0	99.0	84.0	145.0	165.0	160.0	6	0.0582876018967	0.00102373656044	DLR00012709-2009-07-04_09-30-05	0.130765519783	15	103	952.5	2124.5	0.129209347337	0.528797485215	135	135
95.0	99.0	84.0	148.0	170.0	166.0	7	0.0520006393521	0.0010895456348	DLR00012709-2009-07-04_09-30-05	0.153408843879	15	103	1090.5	2122.5	0.152230681133	0.573125899089	135	135
95.0	98.0	82.0	145.0	166.0	160.0	8	0.0711812030476	0.00104780307153	DLR00012709-2009-07-04_09-30-05	0.128200588509	15	103	1222.5	2122.5	0.127457803256	0.513506313602	135	135
93.0	96.0	81.0	147.0	170.0	165.0	9	0.055197399968	0.00115388992252	DLR00012709-2009-07-04_09-30-05	0.160257348918	15	103	1366.5	2122.5	0.158771464528	0.562736427087	135	135
92.0	95.0	81.0	143.0	165.0	159.0	10	0.0727263040119	0.00110430095324	DLR00012709-2009-07-04_09-30-05	0.140775407531	15	103	1497.5	2122.5	0.139304222036	0.533592626139	135	135
91.0	94.0	79.0	145.0	168.0	163.0	11	0.057062176994	0.00116735874532	DLR00012709-2009-07-04_09-30-05	0.160125128531	15	103	1630.5	2122.5	0.159539437281	0.562363471682	135	135
91.0	94.0	78.0	143.0	165.0	160.0	12	0.0681975598061	0.00112146946379	DLR00012709-2009-07-04_09-30-05	0.140149648366	15	103	1771.5	2122.5	0.140754642986	0.530289306836	135	135
90.0	94.0	78.0	145.0	167.0	163.0	13	0.0629229047898	0.00117754620878	DLR00012709-2009-07-04_09-30-05	0.158370417341	15	103	1901.5	2122.5	0.158481388132	0.559113431723	135	135
90.0	93.0	78.0	142.0	162.0	156.0	14	0.0856731845064	0.00111179577198	DLR00012709-2009-07-04_09-30-05	0.135273880262	15	103	2043.5	2122.5	0.134824042247	0.51510469391	135	135
90.0	93.0	78.0	146.0	169.0	164.0	15	0.0618040385742	0.0012312668491	DLR00012709-2009-07-04_09-30-05	0.172235779448	15	103	2189.5	2122.5	0.171167945416	0.5759497043	135	135
90.0	93.0	78.0	141.0	162.0	156.0	16	0.0860994192552	0.00111364756976	DLR00012709-2009-07-04_09-30-05	0.132496534429	15	103	2323.5	2122.5	0.131433605955	0.500612712451	135	135
91.0	93.0	78.0	146.0	169.0	164.0	17	0.0589269540199	0.00121528777552	DLR00012709-2009-07-04_09-30-05	0.162346040121	15	103	2458.5	2122.5	0.160683175118	0.546805903351	135	135
92.0	94.0	79.0	142.0	162.0	156.0	18	0.0824764238905	0.0011004351851	DLR00012709-2009-07-04_09-30-05	0.129637644437	15	103	2591.5	2128.5	0.127928376615	0.500506153764	135	135
91.0	94.0	79.0	146.0	168.0	163.0	19	0.0640417710054	0.00119510570798	DLR00012709-2009-07-04_09-30-05	0.162810867209	15	103	2730.5	2125.5	0.161357076872	0.559646225159	135	135
92.0	94.0	79.0	144.0	164.0	159.0	20	0.0647876818158	0.0011482898038	DLR00012709-2009-07-04_09-30-05	0.150436321142	15	103	2871.5	2124.5	0.147858043257	0.540891896212	135	135
91.0	93.0	79.0	147.0	169.0	165.0	21	0.0627097874154	0.00122967671776	DLR00012709-2009-07-04_09-30-05	0.16554065247	15	103	3001.5	2122.5	0.161971284201	0.54989610528	135	135
90.0	92.0	79.0	142.0	160.0	155.0	22	0.0799190153977	0.00115210229446	DLR00012709-2009-07-04_09-30-05	0.148455494254	15	103	3137.5	2122.5	0.143875905313	0.532313921892	135	135
89.0	91.0	80.0	143.0	163.0	159.0	23	0.0679844424317	0.00125856100688	DLR00012709-2009-07-04_09-30-05	0.191673950191	15	103	3264.5	2122.5	0.187021153424	0.618253503117	135	135
90.0	91.0	80.0	144.0	165.0	161.0	24	0.0567425009324	0.00133248683274	DLR00012709-2009-07-04_09-30-05	0.216423317224	15	103	3417.5	2131.5	0.213514385974	0.672704992274	135	135
98.0	99.0	89.0	149.0	167.0	164.0	1	0.0135862326176	0.000900545152666	DLR00012709-2009-07-04_09-30-05	0.124609453486	16	103	271.5	2261.5	0.125677511796	0.572646384997	135	135
99.0	102.0	92.0	149.0	165.0	162.0	2	0.0168362725771	0.000796183796604	DLR00012709-2009-07-04_09-30-05	0.107979018803	16	103	409.5	2261.5	0.108799502552	0.541318130961	135	135
101.0	105.0	94.0	152.0	170.0	167.0	3	0.0262134370505	0.000900077176292	DLR00012709-2009-07-04_09-30-05	0.130480196949	16	103	553.5	2261.5	0.131811103301	0.5913474346	135	135
102.0	105.0	94.0	150.0	166.0	161.0	4	0.0302093878203	0.000810240833746	DLR00012709-2009-07-04_09-30-05	0.104891835754	16	103	678.5	2261.5	0.106076077972	0.527145825563	135	135
101.0	104.0	92.0	152.5	172.0	168.0	5	0.0342053385902	0.00095091871915	DLR00012709-2009-07-04_09-30-05	0.123783074791	16	103	815.5	2261.5	0.125141956143	0.533859022857	135	135
99.0	103.0	90.0	147.0	163.0	158.0	6	0.0456071181203	0.000876708220061	DLR00012709-2009-07-04_09-30-05	0.0982703180487	16	103	952.5	2261.5	0.0994146607957	0.470936118067	135	135
99.0	103.0	92.0	151.0	172.0	168.0	7	0.0400127870425	0.00103143750423	DLR00012709-2009-07-04_09-30-05	0.147049887292	16	103	1089.5	2261.5	0.148141432648	0.589376098886	135	135
98.0	102.0	89.0	147.0	165.0	160.0	8	0.0542383717833	0.000955246918887	DLR00012709-2009-07-04_09-30-05	0.118593856269	16	103	1226.5	2261.5	0.119966124608	0.519526879429	135	135
98.0	101.0	88.0	148.0	168.0	163.0	9	0.0532793435985	0.00106512877891	DLR00012709-2009-07-04_09-30-05	0.145752247517	16	103	1357.5	2263.5	0.14802234965	0.573605413181	135	135
96.0	100.0	87.0	144.0	163.0	157.0	10	0.0690500293036	0.00100934837463	DLR00012709-2009-07-04_09-30-05	0.128381568748	16	103	1497.5	2266.5	0.131638057186	0.541797645053	135	135
95.0	100.0	87.0	148.0	169.0	164.0	11	0.0488038787362	0.00109811849821	DLR00012709-2009-07-04_09-30-05	0.152048793997	16	103	1637.5	2261.5	0.154074872013	0.579572699664	135	135
96.0	100.0	86.0	145.0	163.0	156.0	12	0.0558900314348	0.000952819052276	DLR00012709-2009-07-04_09-30-05	0.114293303971	16	103	1766.5	2261.5	0.117504771913	0.50961692152	135	135
97.0	101.0	88.0	147.0	169.0	164.0	13	0.0545047685013	0.00108595605391	DLR00012709-2009-07-04_09-30-05	0.143203462613	16	103	1904.5	2265.5	0.148338266223	0.561724119559	135	135
95.0	99.0	86.0	142.0	162.0	155.0	14	0.0560498694656	0.000986872767552	DLR00012709-2009-07-04_09-30-05	0.119517034161	16	103	2046.5	2261.5	0.123094800501	0.514092386382	135	135
96.0	100.0	87.0	146.0	166.0	162.0	15	0.0588736746763	0.00110009672841	DLR00012709-2009-07-04_09-30-05	0.144965580281	16	103	2184.5	2259.5	0.147787745652	0.551068250839	135	135
97.0	100.0	87.0	144.0	162.0	156.0	16	0.0541318130961	0.00100801510122	DLR00012709-2009-07-04_09-30-05	0.12428069466	16	103	2317.5	2261.5	0.127440875474	0.525334327881	135	135
103.0	106.0	93.0	148.0	168.0	163.0	17	0.0350045287442	0.00103973460159	DLR00012709-2009-07-04_09-30-05	0.140438277858	16	103	2463.5	2269.5	0.143050178847	0.568224199478	135	135
99.0	103.0	90.0	144.0	163.0	157.0	18	0.0374553785497	0.000956108403364	DLR00012709-2009-07-04_09-30-05	0.106075310908	16	103	2591.5	2261.5	0.109979151373	0.476583728488	135	135
99.0	104.0	91.0	148.0	168.0	164.0	19	0.0385742447653	0.00102262846541	DLR00012709-2009-07-04_09-30-05	0.136214321904	16	103	2734.5	2261.5	0.137790858343	0.5451542437	135	135
106.0	109.0	97.0	147.0	165.0	160.0	20	0.0436890617508	0.000947429762965	DLR00012709-2009-07-04_09-30-05	0.119415877124	16	103	2866.5	2270.5	0.122617912199	0.548297724972	135	135
108.0	111.0	99.0	150.0	169.0	164.0	21	0.0366029090522	0.00103099394253	DLR00012709-2009-07-04_09-30-05	0.133444701647	16	103	2995.5	2269.5	0.135886322047	0.554904363578	135	135
96.0	100.0	88.0	145.0	162.0	158.0	22	0.0345250146518	0.0010051251565	DLR00012709-2009-07-04_09-30-05	0.128422272605	16	103	3137.5	2254.5	0.130396885919	0.53050242421	135	135
105.0	109.0	98.0	147.0	165.0	162.0	23	0.0236560285577	0.0010686910857	DLR00012709-2009-07-04_09-30-05	0.14194811639	16	103	3269.5	2267.5	0.144177690859	0.56795780276	135	135
95.0	97.0	86.0	146.0	163.0	160.0	24	0.0209920613778	0.00104363005164	DLR00012709-2009-07-04_09-30-05	0.149981536043	16	103	3414.5	2251.5	0.151155883411	0.602322979381	135	135
