95.0	97.0	86.0	142.0	155.0	150.0	1	0.0220043689062	0.000880195091232	DLR00012709-2009-07-03_09-23-54	0.115587337086	1	103	271.5	212.5	0.117874138236	0.55463796686	135	135
98.0	101.0	89.0	145.0	158.0	152.0	2	0.0266396717992	0.000907920294646	DLR00012709-2009-07-03_09-23-54	0.125777435155	1	103	413.5	215.5	0.125176073483	0.565773349672	135	135
102.0	104.0	93.0	150.0	164.0	160.0	3	0.0266396717992	0.000921928629433	DLR00012709-2009-07-03_09-23-54	0.1184730003	1	103	544.5	212.5	0.118639483061	0.527945015717	135	135
103.0	106.0	93.0	150.0	164.0	159.0	4	0.0276519793276	0.000866457526777	DLR00012709-2009-07-03_09-23-54	0.111106061881	1	103	678.5	207.5	0.111743697709	0.534285257606	135	135
104.0	107.0	94.0	153.0	168.0	163.0	5	0.0296765943844	0.000897517069676	DLR00012709-2009-07-03_09-23-54	0.127857419033	1	103	815.5	211.5	0.128420936538	0.585646544835	135	135
105.0	107.0	93.0	149.0	164.0	157.0	6	0.0314880920667	0.00082545219437	DLR00012709-2009-07-03_09-23-54	0.103268979706	1	103	952.5	207.5	0.104442326537	0.523789226917	135	135
105.0	108.0	94.0	152.0	169.0	162.0	7	0.029197080292	0.00089814405111	DLR00012709-2009-07-03_09-23-54	0.123532227848	1	103	1082.5	211.5	0.124281391715	0.562097074964	135	135
105.0	108.0	94.0	150.0	166.0	159.0	8	0.02813149342	0.000835874604796	DLR00012709-2009-07-03_09-23-54	0.115363405144	1	103	1221.5	206.5	0.115893599078	0.564015131334	135	135
105.0	109.0	95.0	151.0	168.0	162.0	9	0.0269060685172	0.000880206878952	DLR00012709-2009-07-03_09-23-54	0.117903549256	1	103	1354.5	205.5	0.118696644802	0.556822419948	135	135
104.0	108.0	94.0	147.0	162.0	154.0	10	0.0269593478608	0.000773421700293	DLR00012709-2009-07-03_09-23-54	0.100512953287	1	103	1492.5	203.5	0.102007410858	0.53924023656	135	135
104.0	108.0	95.0	150.0	168.0	162.0	11	0.0316479300975	0.000879124742048	DLR00012709-2009-07-03_09-23-54	0.123360722849	1	103	1626.5	207.5	0.124862202239	0.58410144387	135	135
105.0	109.0	96.0	149.0	167.0	159.0	12	0.0261601577069	0.000836849949119	DLR00012709-2009-07-03_09-23-54	0.104371709933	1	103	1778.5	201.5	0.107023067725	0.523256433481	135	135
102.0	107.0	92.0	151.0	170.0	164.0	13	0.0218445308754	0.000882108780405	DLR00012709-2009-07-03_09-23-54	0.126185136292	1	103	1908.5	211.5	0.126354366157	0.587830997922	135	135
101.0	105.0	90.0	146.0	162.0	154.0	14	0.0222707656242	0.000762640684606	DLR00012709-2009-07-03_09-23-54	0.0928045380013	1	103	2046.5	211.5	0.0939219545367	0.500825829826	135	135
103.0	107.0	93.0	151.0	169.0	163.0	15	0.0303159465075	0.000909766827688	DLR00012709-2009-07-03_09-23-54	0.118389796003	1	103	2184.5	204.5	0.120682172401	0.544141936171	135	135
102.0	106.0	91.0	149.0	166.0	158.0	16	0.0290372422612	0.000828978828602	DLR00012709-2009-07-03_09-23-54	0.104854192512	1	103	2316.5	211.5	0.105903045	0.517662102403	135	135
105.0	109.0	96.0	152.0	169.0	162.0	17	0.0311151366615	0.000892084259175	DLR00012709-2009-07-03_09-23-54	0.120349821605	1	103	2449.5	201.5	0.122145177474	0.557088816666	135	135
104.0	107.0	94.0	149.0	164.0	157.0	18	0.0285044488252	0.000822837088512	DLR00012709-2009-07-03_09-23-54	0.105565133297	1	103	2591.5	202.5	0.106465072704	0.526666311471	135	135
103.0	106.0	93.0	152.0	168.0	162.0	19	0.0268527891736	0.000891183263133	DLR00012709-2009-07-03_09-23-54	0.12377944955	1	103	2730.5	204.5	0.124485535406	0.561138046779	135	135
100.0	103.0	90.0	148.0	163.0	156.0	20	0.0253609675529	0.000871184901989	DLR00012709-2009-07-03_09-23-54	0.103476971913	1	103	2866.5	211.5	0.10437331739	0.504608663221	135	135
100.5	104.0	92.0	149.0	165.0	160.0	21	0.028664286856	0.000957068735173	DLR00012709-2009-07-03_09-23-54	0.131226266272	1	103	2996.5	203.5	0.131896547995	0.564174969364	135	135
96.0	99.0	87.0	143.0	156.0	149.0	22	0.0282380521072	0.000856226136498	DLR00012709-2009-07-03_09-23-54	0.106525993322	1	103	3137.5	211.5	0.105191032802	0.499067611487	135	135
95.0	97.0	87.0	144.0	159.0	153.0	23	0.0256273642709	0.000985815518979	DLR00012709-2009-07-03_09-23-54	0.133939118508	1	103	3264.5	203.5	0.133946612899	0.56204379562	135	135
94.0	96.0	86.0	138.0	151.0	145.0	24	0.0190207256647	0.000781127435968	DLR00012709-2009-07-03_09-23-54	0.0913228619694	1	103	3419.5	211.5	0.0951765613604	0.506473440247	135	135
93.0	94.0	83.0	143.0	157.0	152.0	1	0.0426234748788	0.00101880819771	DLR00012709-2009-07-03_09-23-54	0.147556194273	2	103	263.5	344.5	0.147065943233	0.591613831318	135	135
96.0	99.0	86.0	141.0	156.0	150.0	2	0.0540785337525	0.000930440985835	DLR00012709-2009-07-03_09-23-54	0.117782942682	2	103	409.5	337.5	0.11387465875	0.51244072673	135	135
98.0	101.0	88.0	150.0	169.0	165.0	3	0.0499760242954	0.00106910806652	DLR00012709-2009-07-03_09-23-54	0.152878089092	2	103	543.5	344.5	0.149666037218	0.58335553306	135	135
100.0	102.0	88.0	145.0	159.0	152.0	4	0.0555170760296	0.000869944650037	DLR00012709-2009-07-03_09-23-54	0.102463013744	2	103	678.5	334.5	0.0995398643058	0.479940327135	135	135
100.0	102.0	88.0	150.0	168.0	162.0	5	0.0433161063456	0.000981155622695	DLR00012709-2009-07-03_09-23-54	0.13002879721	2	103	810.5	344.5	0.127779872823	0.541850924397	135	135
100.0	103.0	87.0	145.0	162.0	153.0	6	0.0462464702435	0.000877021951965	DLR00012709-2009-07-03_09-23-54	0.113536209369	2	103	944.5	344.5	0.111605211243	0.523895785604	135	135
100.0	103.0	87.0	150.0	169.0	162.0	7	0.0483776439874	0.000982862412286	DLR00012709-2009-07-03_09-23-54	0.127561993207	2	103	1086.5	344.5	0.125916332464	0.540891896212	135	135
99.0	102.0	85.0	146.0	163.0	155.0	8	0.0498694656082	0.000901687868539	DLR00012709-2009-07-03_09-23-54	0.111263665249	2	103	1226.5	344.5	0.110529894664	0.512121050669	135	135
98.0	101.0	85.0	149.0	169.0	163.0	9	0.0478448505514	0.00100887232922	DLR00012709-2009-07-03_09-23-54	0.141490068673	2	103	1357.5	343.5	0.140956349201	0.566572539826	135	135
98.0	100.0	84.0	144.0	162.0	153.0	10	0.0479514092386	0.000907651798604	DLR00012709-2009-07-03_09-23-54	0.11031990239	2	103	1497.5	344.5	0.110479487209	0.505461132719	135	135
98.0	101.0	84.0	147.0	168.0	162.0	11	0.0428365922532	0.00101582788096	DLR00012709-2009-07-03_09-23-54	0.138740671775	2	103	1636.5	344.5	0.138969278667	0.566306143108	135	135
98.0	101.0	84.0	142.0	160.0	151.0	12	0.0475784538334	0.000874030011372	DLR00012709-2009-07-03_09-23-54	0.113749644985	2	103	1771.5	341.5	0.113647530631	0.541691086366	135	135
98.0	101.0	84.0	147.0	167.0	160.0	13	0.0520006393521	0.000994209710415	DLR00012709-2009-07-03_09-23-54	0.133040271111	2	103	1900.5	335.5	0.133079456709	0.553998614737	135	135
97.0	99.0	83.0	144.0	163.0	155.0	14	0.0574884117428	0.00094865040054	DLR00012709-2009-07-03_09-23-54	0.110492735569	2	103	2046.5	335.5	0.11114891973	0.493846235814	135	135
97.0	100.0	84.0	148.0	169.0	162.0	15	0.0507752144494	0.00104281105359	DLR00012709-2009-07-03_09-23-54	0.143134900167	2	103	2181.5	344.5	0.142516289074	0.564121690021	135	135
97.0	100.0	84.0	143.0	161.0	152.0	16	0.0535457403165	0.000909005330744	DLR00012709-2009-07-03_09-23-54	0.104896659274	2	103	2317.5	344.5	0.104894614417	0.481165752038	135	135
98.0	100.0	84.0	148.0	167.0	160.0	17	0.0490702754542	0.00101480549256	DLR00012709-2009-07-03_09-23-54	0.136024338439	2	103	2458.5	339.5	0.134829986043	0.54856412169	135	135
98.0	100.0	84.0	146.0	163.0	155.0	18	0.0579679258352	0.000961135103241	DLR00012709-2009-07-03_09-23-54	0.11279753985	2	103	2591.5	344.5	0.110093593162	0.481538707443	135	135
97.0	100.0	84.0	147.0	164.0	157.0	19	0.0522137567265	0.00100179007506	DLR00012709-2009-07-03_09-23-54	0.133881708139	2	103	2730.5	344.5	0.131522501455	0.541264851617	135	135
97.0	98.0	83.0	144.0	160.0	152.0	20	0.0642548883798	0.000949186014384	DLR00012709-2009-07-03_09-23-54	0.11384235186	2	103	2866.5	344.5	0.11218415287	0.498694656082	135	135
96.0	97.0	83.0	149.0	166.0	161.0	21	0.0505088177314	0.00110595593414	DLR00012709-2009-07-03_09-23-54	0.153375882894	2	103	2998.5	344.5	0.149588336623	0.562470030369	135	135
93.0	94.0	80.0	141.0	156.0	149.0	22	0.0611646864511	0.00101975569506	DLR00012709-2009-07-03_09-23-54	0.134010476357	2	103	3137.5	344.5	0.13081986869	0.53716234216	135	135
90.0	92.0	79.0	144.0	161.0	156.0	23	0.0577548084608	0.00117686110981	DLR00012709-2009-07-03_09-23-54	0.161052566686	2	103	3274.5	344.5	0.156670992435	0.558207682881	135	135
90.0	91.0	80.0	140.0	154.0	147.0	24	0.0530662262241	0.00104007139687	DLR00012709-2009-07-03_09-23-54	0.141272968904	2	103	3414.5	344.5	0.141254090516	0.562949544462	135	135
93.0	94.0	83.0	146.0	163.0	159.0	1	0.0529596675369	0.00109793603456	DLR00012709-2009-07-03_09-23-54	0.158345044962	3	103	270.5	483.5	0.156873050816	0.594917150621	135	135
95.0	98.0	85.0	146.0	164.0	161.0	2	0.0560498694656	0.00105148550533	DLR00012709-2009-07-03_09-23-54	0.130491782453	3	103	409.5	483.5	0.127481279926	0.510522670361	135	135
97.0	99.0	86.0	148.0	166.0	162.0	3	0.0455538387767	0.00102762978677	DLR00012709-2009-07-03_09-23-54	0.137053412929	3	103	544.5	491.5	0.135195422743	0.542916511269	135	135
98.0	101.0	86.0	147.0	164.0	159.0	4	0.0540785337525	0.000958061394916	DLR00012709-2009-07-03_09-23-54	0.119298666882	3	103	671.5	492.5	0.117575473879	0.519313762054	135	135
99.0	101.0	86.0	150.0	170.0	164.0	5	0.0473653364591	0.00101073552326	DLR00012709-2009-07-03_09-23-54	0.143682026662	3	103	815.5	483.5	0.142692056057	0.584048164527	135	135
98.0	102.0	86.0	147.0	168.0	161.0	6	0.047631733177	0.000969446552713	DLR00012709-2009-07-03_09-23-54	0.126630392526	3	103	952.5	477.5	0.125982331786	0.53657626938	135	135
98.0	102.0	86.0	149.0	170.0	164.0	7	0.0457136768075	0.00101095816592	DLR00012709-2009-07-03_09-23-54	0.132297407438	3	103	1090.5	477.5	0.132127039433	0.541584527679	135	135
97.0	101.0	85.0	147.0	167.0	161.0	8	0.0517342426341	0.000972383699842	DLR00012709-2009-07-03_09-23-54	0.120665373505	3	103	1217.5	483.5	0.121111628566	0.51776866109	135	135
96.0	101.0	85.0	150.0	172.0	167.0	9	0.0479514092386	0.00106170760855	DLR00012709-2009-07-03_09-23-54	0.143453311822	3	103	1367.5	483.5	0.143920470583	0.559379828441	135	135
96.0	100.0	84.0	145.0	166.0	159.0	10	0.0680910011189	0.000981898112156	DLR00012709-2009-07-03_09-23-54	0.120049105573	3	103	1497.5	476.5	0.120805001298	0.514518621131	135	135
96.0	100.0	84.0	146.0	167.0	161.0	11	0.0560498694656	0.00100775115668	DLR00012709-2009-07-03_09-23-54	0.131217347126	3	103	1642.5	477.5	0.131897180997	0.545953433854	135	135
96.0	100.0	84.0	143.0	164.0	157.0	12	0.0480579679258	0.000955315370264	DLR00012709-2009-07-03_09-23-54	0.114932380307	3	103	1766.5	483.5	0.115783959202	0.506793116309	135	135
95.0	100.0	83.0	147.0	169.0	163.0	13	0.0564761042144	0.00103008733842	DLR00012709-2009-07-03_09-23-54	0.137135894741	3	103	1898.5	483.5	0.138283514287	0.556769140604	135	135
96.0	99.0	83.0	143.0	164.0	156.0	14	0.0620704352922	0.000962336326055	DLR00012709-2009-07-03_09-23-54	0.123198336752	3	103	2048.5	476.5	0.124042370665	0.537535297565	135	135
95.0	99.0	83.0	148.0	171.0	165.0	15	0.0535990196601	0.00107911563929	DLR00012709-2009-07-03_09-23-54	0.148432902477	3	103	2183.5	485.5	0.149051502472	0.568224199478	135	135
95.0	99.0	83.0	146.0	166.0	160.0	16	0.0639352123182	0.00101269800832	DLR00012709-2009-07-03_09-23-54	0.120850515552	3	103	2317.5	479.5	0.122031610836	0.505834088124	135	135
96.0	99.0	84.0	149.0	171.0	166.0	17	0.0542383717833	0.0010961095727	DLR00012709-2009-07-03_09-23-54	0.150872494348	3	103	2467.5	483.5	0.150297755055	0.562523309713	135	135
96.0	99.0	83.0	144.0	163.0	156.0	18	0.0613245244819	0.000981380377487	DLR00012709-2009-07-03_09-23-54	0.107719011041	3	103	2591.5	491.5	0.107602741752	0.462198305717	135	135
96.0	98.0	83.0	151.0	172.0	167.0	19	0.057861367148	0.00113955101371	DLR00012709-2009-07-03_09-23-54	0.158264375823	3	103	2727.5	483.5	0.156983107634	0.570994725345	135	135
96.0	98.0	82.0	144.0	161.0	153.0	20	0.0734189354787	0.000980360249739	DLR00012709-2009-07-03_09-23-54	0.119834704594	3	103	2866.5	481.5	0.118061975265	0.508977569396	135	135
95.0	96.0	82.0	149.0	169.0	164.0	21	0.0568490596196	0.00115739639803	DLR00012709-2009-07-03_09-23-54	0.160568607166	3	103	3001.5	483.5	0.157678318066	0.566252863765	135	135
93.0	94.0	80.0	142.0	159.0	152.0	22	0.0632425808514	0.00105728456593	DLR00012709-2009-07-03_09-23-54	0.138192861178	3	103	3137.5	480.5	0.134622149615	0.530289306836	135	135
90.0	92.0	79.0	146.0	165.0	161.0	23	0.0598859822047	0.00124306586386	DLR00012709-2009-07-03_09-23-54	0.17882204212	3	103	3270.5	483.5	0.174618869674	0.587884277266	135	135
90.0	92.0	79.0	143.0	160.0	155.0	24	0.0583408812403	0.00119157322175	DLR00012709-2009-07-03_09-23-54	0.170705723527	3	103	3414.5	483.5	0.170158558847	0.5913474346	135	135
93.0	95.0	83.0	148.0	165.0	162.0	1	0.0540252544089	0.001118853888	DLR00012709-2009-07-03_09-23-54	0.165824422884	4	103	263.5	617.5	0.165090545256	0.610687836326	135	135
96.0	97.0	84.0	140.0	155.0	149.0	2	0.0636155362566	0.000896746885897	DLR00012709-2009-07-03_09-23-54	0.0958538004358	4	103	409.5	622.5	0.0940599380131	0.440939847621	135	135
97.0	99.0	85.0	149.0	167.0	163.0	3	0.0431029889712	0.00103761812458	DLR00012709-2009-07-03_09-23-54	0.14021311861	4	103	538.5	619.5	0.138581266132	0.551707602962	135	135
98.0	101.0	86.0	142.0	158.0	151.0	4	0.0552506793116	0.000856646327612	DLR00012709-2009-07-03_09-23-54	0.0942666059656	4	103	686.5	619.5	0.0930564209137	0.454366242208	135	135
98.0	101.0	86.0	149.0	169.0	164.0	5	0.0442751345303	0.00100332176605	DLR00012709-2009-07-03_09-23-54	0.135337146415	4	103	816.5	621.5	0.134561884299	0.555916671107	135	135
98.0	101.0	86.0	142.0	160.0	153.0	6	0.0579146464916	0.000865014458765	DLR00012709-2009-07-03_09-23-54	0.0956929867605	4	103	952.5	623.5	0.0956227772838	0.458255634291	135	135
97.0	101.0	86.0	149.0	170.0	164.0	7	0.0456071181203	0.00100758971199	DLR00012709-2009-07-03_09-23-54	0.132825818528	4	103	1086.5	619.5	0.133166256024	0.54648622729	135	135
97.0	100.0	85.0	142.0	161.0	153.0	8	0.0568490596196	0.00088191262437	DLR00012709-2009-07-03_09-23-54	0.0932522781989	4	103	1226.5	612.5	0.0947977537228	0.451276040279	135	135
96.0	100.0	85.0	147.0	169.0	163.0	9	0.0529063881933	0.00100482543956	DLR00012709-2009-07-03_09-23-54	0.132506871792	4	103	1361.5	619.5	0.133680032294	0.545100964356	135	135
95.0	99.0	84.0	143.0	162.0	156.0	10	0.0654270339389	0.000926718487905	DLR00012709-2009-07-03_09-23-54	0.10634013308	4	103	1497.5	619.5	0.107936760729	0.490329799137	135	135
96.0	99.0	84.0	145.0	166.0	161.0	11	0.0506153764186	0.00100292184694	DLR00012709-2009-07-03_09-23-54	0.127490287532	4	103	1632.5	624.5	0.127897012309	0.522457243327	135	135
95.0	99.0	83.0	141.0	161.0	155.0	12	0.0568490596196	0.000930605970996	DLR00012709-2009-07-03_09-23-54	0.108975486082	4	103	1771.5	616.5	0.110318938172	0.48963716767	135	135
95.0	99.0	83.0	145.0	167.0	162.0	13	0.0548777239064	0.00101698520302	DLR00012709-2009-07-03_09-23-54	0.132439357107	4	103	1909.5	628.5	0.134282192395	0.543875539453	135	135
95.0	98.0	83.0	140.0	160.0	151.0	14	0.0600990995791	0.000895710328236	DLR00012709-2009-07-03_09-23-54	0.101744677151	4	103	2052.5	619.5	0.103998436515	0.485108423464	135	135
95.0	98.0	83.0	146.0	168.0	163.0	15	0.048963716767	0.00103237213433	DLR00012709-2009-07-03_09-23-54	0.129704825833	4	103	2179.5	619.5	0.131504757339	0.529117161277	135	135
95.0	98.0	82.0	141.0	160.0	153.0	16	0.062496670041	0.000921385246882	DLR00012709-2009-07-03_09-23-54	0.104330153423	4	103	2326.5	609.5	0.105809883191	0.479620651074	135	135
95.0	98.0	83.0	145.0	167.0	161.0	17	0.0482710853002	0.00102346445552	DLR00012709-2009-07-03_09-23-54	0.125277921654	4	103	2458.5	625.5	0.126105268489	0.506793116309	135	135
96.0	98.0	82.0	143.0	163.0	155.0	18	0.0672385316213	0.000976346963793	DLR00012709-2009-07-03_09-23-54	0.112652040064	4	103	2591.5	617.5	0.112444321222	0.488678139485	135	135
96.0	98.0	82.0	148.0	169.0	163.0	19	0.0548777239064	0.00108789922882	DLR00012709-2009-07-03_09-23-54	0.154264176453	4	103	2720.5	619.5	0.153436119329	0.580158772444	135	135
96.0	98.0	82.0	142.0	160.0	152.0	20	0.0653204752517	0.000973385362387	DLR00012709-2009-07-03_09-23-54	0.115436346562	4	103	2866.5	620.5	0.113416176448	0.493526559753	135	135
95.0	96.0	81.0	146.0	165.0	159.0	21	0.0578080878044	0.00108692107756	DLR00012709-2009-07-03_09-23-54	0.148436518114	4	103	2996.5	619.5	0.146100302317	0.560179018594	135	135
93.0	94.0	79.0	142.0	158.0	151.0	22	0.0660131067185	0.0010332641319	DLR00012709-2009-07-03_09-23-54	0.1250270302	4	103	3139.5	619.5	0.122413218936	0.507911982524	135	135
90.0	92.0	78.0	145.0	164.0	159.0	23	0.0600458202355	0.00120646888029	DLR00012709-2009-07-03_09-23-54	0.176192002858	4	103	3271.5	619.5	0.173020648687	0.593212211626	135	135
91.0	92.0	80.0	144.0	160.0	154.0	24	0.0665459001545	0.00116990760501	DLR00012709-2009-07-03_09-23-54	0.164915129907	4	103	3414.5	616.5	0.164342503919	0.58410144387	135	135
94.0	95.0	83.0	146.0	162.0	158.0	1	0.0520539186957	0.00107082280927	DLR00012709-2009-07-03_09-23-54	0.158608531911	5	103	268.5	756.5	0.157663979832	0.609782087485	135	135
96.0	97.0	84.0	144.0	161.0	156.0	2	0.0556769140604	0.000978719040783	DLR00012709-2009-07-03_09-23-54	0.123750988804	5	103	409.5	756.5	0.122171062971	0.519260482711	135	135
97.0	99.0	86.0	151.0	170.0	167.0	3	0.043795620438	0.00107490827234	DLR00012709-2009-07-03_09-23-54	0.151388329821	5	103	535.5	750.5	0.14960857029	0.57877350951	135	135
98.0	101.0	86.0	146.0	164.0	159.0	4	0.0418775640684	0.000947261464282	DLR00012709-2009-07-03_09-23-54	0.117340461962	5	103	678.5	756.5	0.11658374326	0.510735787735	135	135
99.0	101.0	86.0	150.0	170.0	165.0	5	0.0403324631041	0.0010143189322	DLR00012709-2009-07-03_09-23-54	0.134153651979	5	103	815.5	756.5	0.13379401283	0.545633757792	135	135
98.0	101.0	85.0	145.0	163.0	156.0	6	0.0463530289307	0.000913960513119	DLR00012709-2009-07-03_09-23-54	0.102723760266	5	103	952.5	746.5	0.1031722035	0.471415632159	135	135
97.0	101.0	85.0	149.0	170.0	165.0	7	0.0483243646438	0.00102448720498	DLR00012709-2009-07-03_09-23-54	0.140840596178	5	103	1082.5	756.5	0.141494727115	0.569023389632	135	135
97.0	100.0	85.0	146.0	166.0	159.0	8	0.0663327827801	0.000955108154806	DLR00012709-2009-07-03_09-23-54	0.112839704967	5	103	1226.5	748.5	0.113847371707	0.49762906921	135	135
96.0	100.0	84.0	149.0	171.0	166.0	9	0.0474186158027	0.00104536266	DLR00012709-2009-07-03_09-23-54	0.140404832097	5	103	1363.5	753.5	0.14196249653	0.559539666471	135	135
95.0	99.0	84.0	142.0	163.0	156.0	10	0.0562097074964	0.000935807971992	DLR00012709-2009-07-03_09-23-54	0.11606926059	5	103	1497.5	746.5	0.11779819675	0.524481858384	135	135
95.0	99.0	84.0	146.0	168.0	163.0	11	0.0564761042144	0.00103941532517	DLR00012709-2009-07-03_09-23-54	0.138830278936	5	103	1636.5	750.5	0.139926898054	0.558047844851	135	135
94.0	98.0	83.0	142.0	163.0	157.0	12	0.0555703553732	0.000954422664715	DLR00012709-2009-07-03_09-23-54	0.115275042282	5	103	1771.5	765.5	0.117876668446	0.515371090628	135	135
94.0	98.0	83.0	148.0	171.0	166.0	13	0.0533859022857	0.00108103843105	DLR00012709-2009-07-03_09-23-54	0.150774394067	5	103	1913.5	750.5	0.152886247729	0.577707922638	135	135
95.0	98.0	82.0	141.0	162.0	154.0	14	0.0600990995791	0.000934788420988	DLR00012709-2009-07-03_09-23-54	0.103661919176	5	103	2044.5	756.5	0.106406267495	0.481538707443	135	135
94.0	98.0	82.0	147.0	169.0	164.0	15	0.0521071980393	0.00105780487207	DLR00012709-2009-07-03_09-23-54	0.140563023492	5	103	2177.5	753.5	0.142551618148	0.55730193404	135	135
95.0	98.0	82.0	143.0	163.0	155.5	16	0.0662795034365	0.000965082216708	DLR00012709-2009-07-03_09-23-54	0.117571760074	5	103	2317.5	762.5	0.119353654854	0.512866961479	135	135
95.0	98.0	82.0	146.0	167.0	162.0	17	0.0583408812403	0.00104996854599	DLR00012709-2009-07-03_09-23-54	0.140741206787	5	103	2458.5	759.5	0.141713962033	0.559646225159	135	135
95.0	98.0	82.0	142.0	160.0	152.0	18	0.0686237945549	0.000949335527571	DLR00012709-2009-07-03_09-23-54	0.109425640062	5	103	2591.5	755.5	0.109914530111	0.486280569023	135	135
96.0	98.0	82.0	148.0	168.0	162.0	19	0.0523735947573	0.00108894093019	DLR00012709-2009-07-03_09-23-54	0.146977845798	5	103	2727.5	756.5	0.146150966275	0.557248654697	135	135
96.0	97.0	81.0	144.0	161.0	153.0	20	0.0692098673344	0.000992696211277	DLR00012709-2009-07-03_09-23-54	0.128071166266	5	103	2867.5	754.5	0.126415668363	0.528158133092	135	135
95.0	96.0	81.0	144.0	161.0	153.0	21	0.0617507592306	0.00102359701614	DLR00012709-2009-07-03_09-23-54	0.128191361373	5	103	3003.5	756.5	0.125477902318	0.514731738505	135	135
93.0	94.0	79.0	141.0	157.0	149.0	22	0.0723000692631	0.00101112246591	DLR00012709-2009-07-03_09-23-54	0.119047684044	5	103	3137.5	752.5	0.117398767441	0.487079759177	135	135
91.0	92.0	78.0	145.0	162.0	157.0	23	0.0573818530556	0.00116814870862	DLR00012709-2009-07-03_09-23-54	0.160665252419	5	103	3271.5	756.5	0.157559577813	0.5626298684	135	135
91.0	93.0	79.0	145.0	161.0	155.0	24	0.0604187756407	0.00117580869875	DLR00012709-2009-07-03_09-23-54	0.154822497574	5	103	3414.5	756.5	0.153990014014	0.548351004316	135	135
94.0	95.0	83.0	147.0	165.0	161.0	1	0.0518940806649	0.00110462036313	DLR00012709-2009-07-03_09-23-54	0.16087337852	6	103	271.5	893.5	0.159867831877	0.596622089616	135	135
96.0	98.0	84.0	143.0	159.0	154.0	2	0.0530662262241	0.000943607980635	DLR00012709-2009-07-03_09-23-54	0.121310349802	6	103	409.5	890.5	0.120106566868	0.533219670734	135	135
97.0	99.0	85.0	150.0	170.0	166.0	3	0.0432095476584	0.00106780810171	DLR00012709-2009-07-03_09-23-54	0.150740811205	6	103	544.5	892.5	0.149979057027	0.578826788854	135	135
98.0	101.0	85.0	142.0	159.0	151.0	4	0.0566359422452	0.000858704681144	DLR00012709-2009-07-03_09-23-54	0.0964986961514	6	103	670.5	887.5	0.0954023806288	0.461985188342	135	135
98.0	101.0	86.0	150.0	170.0	165.0	5	0.0426767542224	0.00102265655339	DLR00012709-2009-07-03_09-23-54	0.140022951616	6	103	814.5	892.5	0.139682304369	0.558580638287	135	135
98.0	101.0	85.0	143.0	160.0	152.0	6	0.0450743246843	0.000872282098335	DLR00012709-2009-07-03_09-23-54	0.0873466082203	6	103	952.5	883.5	0.0885636423935	0.429431509404	135	135
97.0	100.0	84.0	148.0	168.0	162.0	7	0.0476850125206	0.000998667964759	DLR00012709-2009-07-03_09-23-54	0.120693733878	6	103	1090.5	892.5	0.122855760894	0.513239916884	135	135
96.0	100.0	84.0	142.0	161.0	153.0	8	0.0644680057542	0.000890450290393	DLR00012709-2009-07-03_09-23-54	0.0984091841216	6	103	1226.5	895.5	0.100322420435	0.470776280036	135	135
96.0	100.0	84.0	147.0	168.0	163.0	9	0.0444882519047	0.00100499578145	DLR00012709-2009-07-03_09-23-54	0.124822743998	6	103	1356.5	888.5	0.126932863092	0.527358942938	135	135
95.0	99.0	83.0	138.0	156.0	149.0	10	0.0529063881933	0.000843185100665	DLR00012709-2009-07-03_09-23-54	0.0864729711251	6	103	1497.5	886.5	0.0891366010736	0.43678405882	135	135
94.0	98.0	83.0	147.0	168.0	163.5	11	0.0540785337525	0.00104654653547	DLR00012709-2009-07-03_09-23-54	0.142098969328	6	103	1643.5	890.5	0.143745599983	0.571154563376	135	135
94.0	98.0	83.0	140.0	160.0	153.0	12	0.0577548084608	0.000903621277344	DLR00012709-2009-07-03_09-23-54	0.0943493997229	6	103	1771.5	885.5	0.0977310977225	0.454153124834	135	135
94.0	98.0	82.0	144.0	165.0	160.0	13	0.049230113485	0.000999897841646	DLR00012709-2009-07-03_09-23-54	0.130452389658	6	103	1907.5	899.5	0.133694437086	0.546006713197	135	135
94.0	97.0	82.0	139.0	158.0	150.0	14	0.070062336832	0.000883600276246	DLR00012709-2009-07-03_09-23-54	0.0958451613529	6	103	2038.5	892.5	0.0991858287889	0.468858223667	135	135
94.0	98.0	82.0	146.0	167.0	162.0	15	0.0515744046033	0.00103991962486	DLR00012709-2009-07-03_09-23-54	0.138408712588	6	103	2174.5	891.5	0.140926072034	0.553465821301	135	135
94.0	97.0	82.0	142.0	161.0	154.0	16	0.0645212850978	0.000952565567312	DLR00012709-2009-07-03_09-23-54	0.109464768268	6	103	2312.5	892.5	0.111663307531	0.491182268634	135	135
94.0	98.0	82.0	145.0	166.0	161.0	17	0.0523203154137	0.00104158635124	DLR00012709-2009-07-03_09-23-54	0.135765875976	6	103	2458.5	892.5	0.136952424683	0.538654163781	135	135
95.0	97.0	81.0	141.0	160.0	151.0	18	0.0603654962971	0.000946313193752	DLR00012709-2009-07-03_09-23-54	0.111902676479	6	103	2591.5	895.5	0.112319087714	0.495391336779	135	135
95.0	97.0	82.0	146.0	167.0	160.0	19	0.0558367520912	0.00106537863609	DLR00012709-2009-07-03_09-23-54	0.146030869099	6	103	2731.5	898.5	0.145167598135	0.566252863765	135	135
95.0	97.0	81.0	142.0	160.0	152.0	20	0.05759497043	0.000971116649676	DLR00012709-2009-07-03_09-23-54	0.123359234659	6	103	2866.5	891.5	0.121514260976	0.51968671746	135	135
95.0	96.0	80.0	147.0	166.0	159.0	21	0.0598859822047	0.00109960318294	DLR00012709-2009-07-03_09-23-54	0.146961072681	6	103	2997.5	892.5	0.145093511068	0.550322340029	135	135
93.0	95.0	80.0	143.0	159.0	151.0	22	0.0696893814268	0.00104367509023	DLR00012709-2009-07-03_09-23-54	0.132764472661	6	103	3137.5	886.5	0.129794159817	0.524535137727	135	135
91.0	92.0	77.0	145.0	163.0	157.0	23	0.0585007192711	0.00116199989017	DLR00012709-2009-07-03_09-23-54	0.159754056756	6	103	3274.5	892.5	0.157674612349	0.566146305078	135	135
91.0	92.0	78.0	145.0	161.0	155.0	24	0.0586605573019	0.00116780326558	DLR00012709-2009-07-03_09-23-54	0.154079479556	6	103	3404.5	890.5	0.152624971347	0.546432947946	135	135
94.0	95.0	83.0	148.0	165.0	161.0	1	0.0533326229421	0.0010981370218	DLR00012709-2009-07-03_09-23-54	0.167029092629	7	103	274.5	1031.5	0.166261533821	0.624647024349	135	135
96.0	98.0	84.0	143.0	160.0	154.0	2	0.0529063881933	0.000948307100615	DLR00012709-2009-07-03_09-23-54	0.120218267466	7	103	409.5	1031.5	0.118361193925	0.516916191593	135	135
97.0	99.0	85.0	151.0	170.0	166.0	3	0.04352922372	0.00106846756305	DLR00012709-2009-07-03_09-23-54	0.14453013067	7	103	551.5	1031.5	0.143878761006	0.557248654697	135	135
98.0	101.0	85.0	144.0	161.0	154.0	4	0.0421439607864	0.000899833764459	DLR00012709-2009-07-03_09-23-54	0.100470720143	7	103	678.5	1034.5	0.0999862230883	0.4660876978	135	135
98.0	101.0	85.0	150.0	171.0	165.0	5	0.0403324631041	0.00103280079737	DLR00012709-2009-07-03_09-23-54	0.135461038382	7	103	815.5	1022.5	0.135748001332	0.5472321381	135	135
98.0	101.0	84.0	145.0	165.0	158.0	6	0.047898129895	0.000941301734747	DLR00012709-2009-07-03_09-23-54	0.106212412462	7	103	944.5	1023.5	0.107185633015	0.47631733177	135	135
96.0	100.0	84.0	150.0	171.0	166.0	7	0.0510416111674	0.00105218339578	DLR00012709-2009-07-03_09-23-54	0.15354515433	7	103	1085.5	1037.5	0.154692745337	0.603122169535	135	135
96.0	99.0	84.0	142.0	161.0	153.0	8	0.0548777239064	0.000900313287028	DLR00012709-2009-07-03_09-23-54	0.108769658395	7	103	1226.5	1029.5	0.110659223369	0.511428419202	135	135
95.0	99.0	84.0	148.0	169.0	164.0	9	0.048164526613	0.00103324461742	DLR00012709-2009-07-03_09-23-54	0.130097847153	7	103	1363.5	1026.5	0.132000554934	0.531354893708	135	135
95.0	99.0	83.0	142.0	162.0	156.0	10	0.0511481698545	0.000940429755667	DLR00012709-2009-07-03_09-23-54	0.109372096166	7	103	1497.5	1030.5	0.111534140175	0.494432308594	135	135
94.0	98.0	83.0	148.0	170.0	166.0	11	0.0524801534445	0.00106884189221	DLR00012709-2009-07-03_09-23-54	0.149981228929	7	103	1640.5	1036.5	0.152059447257	0.582449784219	135	135
94.0	98.0	83.0	140.0	160.0	153.0	12	0.0654270339389	0.000916561457158	DLR00012709-2009-07-03_09-23-54	0.0948147160618	7	103	1771.5	1031.5	0.098389946802	0.450263732751	135	135
93.0	98.0	83.0	147.0	169.0	164.0	13	0.0523735947573	0.00105963982405	DLR00012709-2009-07-03_09-23-54	0.14253506963	7	103	1908.5	1033.5	0.145460153576	0.562256912995	135	135
94.0	97.0	82.0	139.0	158.0	150.0	14	0.0746976397251	0.000897301445184	DLR00012709-2009-07-03_09-23-54	0.0999162346564	7	103	2046.5	1031.5	0.102501855745	0.476796845863	135	135
93.0	97.0	82.0	147.0	169.0	164.0	15	0.0570088976504	0.00108537721799	DLR00012709-2009-07-03_09-23-54	0.150407771696	7	103	2184.5	1033.5	0.15207410336	0.578560392136	135	135
94.0	97.0	82.0	140.0	160.0	153.0	16	0.0745910810379	0.000945655107626	DLR00012709-2009-07-03_09-23-54	0.11243745661	7	103	2314.5	1025.5	0.11382749432	0.505461132719	135	135
94.0	97.0	82.0	147.0	168.0	163.0	17	0.0542383717833	0.00108441220335	DLR00012709-2009-07-03_09-23-54	0.149417655932	7	103	2458.5	1031.5	0.150106451308	0.566199584421	135	135
95.0	97.0	81.0	141.0	160.0	152.0	18	0.0606318930151	0.000960471117202	DLR00012709-2009-07-03_09-23-54	0.111397231625	7	103	2591.5	1028.5	0.111785027962	0.487026479834	135	135
95.0	97.0	81.0	147.0	167.0	161.0	19	0.0527465501625	0.00109125609479	DLR00012709-2009-07-03_09-23-54	0.150638438178	7	103	2725.5	1027.5	0.149752295869	0.5647077628	135	135
95.0	97.0	80.0	140.0	156.0	148.0	20	0.0691565879908	0.000931488385658	DLR00012709-2009-07-03_09-23-54	0.112548923751	7	103	2872.5	1031.5	0.111078893716	0.496350364964	135	135
95.0	96.0	80.0	147.0	166.0	159.0	21	0.055996590122	0.00110329370025	DLR00012709-2009-07-03_09-23-54	0.147080442616	7	103	2999.5	1031.5	0.145470465804	0.554851084235	135	135
93.0	94.0	79.0	141.0	158.0	150.0	22	0.0627097874154	0.00102360384246	DLR00012709-2009-07-03_09-23-54	0.133670182658	7	103	3137.5	1024.5	0.131950810167	0.53774841494	135	135
92.0	93.0	78.5	145.0	163.0	156.0	23	0.0660663860621	0.0011577083278	DLR00012709-2009-07-03_09-23-54	0.158616401476	7	103	3267.5	1024.5	0.155504912566	0.561511002184	135	135
91.0	92.0	78.0	146.0	163.0	157.0	24	0.0642548883798	0.00119660311719	DLR00012709-2009-07-03_09-23-54	0.171210383124	7	103	3411.5	1031.5	0.170785931368	0.593531887687	135	135
95.0	97.0	84.0	148.0	165.0	160.0	1	0.0541850924397	0.00108358421024	DLR00012709-2009-07-03_09-23-54	0.168718046609	8	103	276.5	1172.5	0.166908646453	0.638020139592	135	135
97.0	99.0	85.0	142.0	158.0	152.0	2	0.0602589376099	0.000912032730262	DLR00012709-2009-07-03_09-23-54	0.112549535721	8	103	411.5	1167.5	0.110543420007	0.50769886515	135	135
97.0	100.0	85.0	150.0	169.0	165.0	3	0.0465661463051	0.00105286546946	DLR00012709-2009-07-03_09-23-54	0.141599478527	8	103	546.5	1155.5	0.140597108666	0.557568330758	135	135
98.0	100.0	84.0	143.0	160.0	152.0	4	0.0511481698545	0.000877995070867	DLR00012709-2009-07-03_09-23-54	0.0926776021641	8	103	678.5	1168.5	0.0926244913655	0.444243166924	135	135
98.0	101.0	85.0	149.0	169.0	163.0	5	0.0458735148383	0.00100950137544	DLR00012709-2009-07-03_09-23-54	0.135114404452	8	103	822.5	1164.5	0.135413805628	0.549736267249	135	135
98.0	100.0	84.0	143.0	161.0	153.0	6	0.0626565080718	0.000896156180366	DLR00012709-2009-07-03_09-23-54	0.0956536583827	8	103	952.5	1170.5	0.0960661768821	0.450903084874	135	135
96.0	100.0	84.0	146.0	167.0	161.0	7	0.0465128669615	0.000993010183899	DLR00012709-2009-07-03_09-23-54	0.137229624141	8	103	1082.5	1164.5	0.138242635113	0.570088976504	135	135
96.0	99.0	84.0	141.0	159.0	152.0	8	0.049230113485	0.000886567632728	DLR00012709-2009-07-03_09-23-54	0.106164901022	8	103	1226.5	1157.5	0.107547657565	0.497469231179	135	135
95.0	99.0	84.0	146.0	167.0	162.0	9	0.0461931908999	0.00102099234657	DLR00012709-2009-07-03_09-23-54	0.132567027478	8	103	1358.5	1166.5	0.133948526563	0.541477968991	135	135
95.0	98.0	83.0	140.0	159.0	152.0	10	0.0654803132825	0.000906274735699	DLR00012709-2009-07-03_09-23-54	0.102706517244	8	103	1499.5	1164.5	0.104424747514	0.484735468059	135	135
94.0	98.0	83.0	145.0	167.0	162.0	11	0.050828493793	0.00102140923094	DLR00012709-2009-07-03_09-23-54	0.125345125708	8	103	1635.5	1164.5	0.128180929344	0.520912142362	135	135
94.0	98.0	83.0	138.0	157.0	150.0	12	0.0620171559486	0.000863045995329	DLR00012709-2009-07-03_09-23-54	0.0960112367171	8	103	1777.5	1157.5	0.0990904981729	0.477968991422	135	135
93.0	97.0	83.0	144.0	165.0	160.0	13	0.0494432308594	0.00100938296479	DLR00012709-2009-07-03_09-23-54	0.123034116385	8	103	1903.5	1164.5	0.126323134216	0.517981778464	135	135
93.0	97.0	82.0	138.0	158.0	150.0	14	0.0640417710054	0.000901341993175	DLR00012709-2009-07-03_09-23-54	0.100994573804	8	103	2047.5	1164.5	0.103927135511	0.481698545474	135	135
93.0	97.0	82.0	144.0	165.0	159.0	15	0.0555703553732	0.00102480117577	DLR00012709-2009-07-03_09-23-54	0.138095163646	8	103	2182.5	1164.5	0.139925267635	0.564388086739	135	135
93.0	97.0	82.0	139.0	159.0	151.0	16	0.0649475198466	0.000936389099234	DLR00012709-2009-07-03_09-23-54	0.107152587889	8	103	2317.5	1164.5	0.108617749837	0.486546965741	135	135
94.0	97.0	82.0	145.0	166.0	160.0	17	0.0559433107784	0.00105706479	DLR00012709-2009-07-03_09-23-54	0.143835496547	8	103	2452.5	1164.5	0.144433248585	0.566146305078	135	135
94.0	97.0	81.0	141.0	160.0	152.0	18	0.0603122169535	0.000975414023216	DLR00012709-2009-07-03_09-23-54	0.117709351505	8	103	2591.5	1163.5	0.11737613209	0.500026639672	135	135
95.0	97.0	81.0	144.0	164.0	157.0	19	0.0500825829826	0.00105412482346	DLR00012709-2009-07-03_09-23-54	0.141269465932	8	103	2721.5	1168.5	0.140574962324	0.556076509137	135	135
95.0	96.0	80.0	142.0	160.0	152.0	20	0.0582876018967	0.000988823561658	DLR00012709-2009-07-03_09-23-54	0.112580074759	8	103	2866.5	1164.5	0.111436200939	0.472321381001	135	135
94.0	96.0	80.0	146.0	164.0	157.0	21	0.0501358623262	0.00108696392871	DLR00012709-2009-07-03_09-23-54	0.142170991676	8	103	2996.5	1164.5	0.140930195541	0.535563961852	135	135
93.0	94.0	78.0	142.0	160.0	152.0	22	0.0565826629016	0.00105538009301	DLR00012709-2009-07-03_09-23-54	0.131417004588	8	103	3137.5	1155.5	0.129536185406	0.511961212638	135	135
91.0	93.0	78.0	145.0	164.0	158.0	23	0.0539719750653	0.00117506542248	DLR00012709-2009-07-03_09-23-54	0.159440091932	8	103	3269.5	1164.5	0.156687606022	0.557461772071	135	135
91.0	92.0	78.0	144.0	161.0	154.0	24	0.0677180457137	0.00116273309791	DLR00012709-2009-07-03_09-23-54	0.15997399676	8	103	3408.5	1164.5	0.158868995759	0.573552133838	135	135
95.0	96.0	83.0	147.0	164.0	160.0	1	0.0468858223667	0.00105802103499	DLR00012709-2009-07-03_09-23-54	0.15159212473	9	103	278.5	1304.5	0.150778698967	0.58543342746	135	135
96.0	98.0	84.0	146.0	164.0	159.0	2	0.0418775640684	0.00100462899125	DLR00012709-2009-07-03_09-23-54	0.126509160134	9	103	409.5	1304.5	0.125191011894	0.518035057808	135	135
97.0	99.0	84.0	147.0	165.0	160.0	3	0.0434759443764	0.000998249169177	DLR00012709-2009-07-03_09-23-54	0.136122092091	9	103	541.5	1301.5	0.135206960369	0.558314241569	135	135
98.0	100.0	85.0	145.0	163.0	156.0	4	0.0490702754542	0.00092708059168	DLR00012709-2009-07-03_09-23-54	0.122337012315	9	103	679.5	1304.5	0.122113853589	0.547658372849	135	135
98.0	101.0	85.0	149.0	169.0	163.0	5	0.0433693856892	0.00101407373526	DLR00012709-2009-07-03_09-23-54	0.135597738529	9	103	815.5	1304.5	0.135548467192	0.557088816666	135	135
97.0	100.0	84.0	144.0	162.0	155.0	6	0.0504555383878	0.000915877837045	DLR00012709-2009-07-03_09-23-54	0.111392864958	9	103	952.5	1301.5	0.111899226731	0.512973520166	135	135
96.0	100.0	84.0	147.0	168.0	163.0	7	0.0441685758431	0.00102236553735	DLR00012709-2009-07-03_09-23-54	0.127222102777	9	103	1082.5	1304.5	0.127818836414	0.518035057808	135	135
95.0	99.0	84.0	144.0	164.0	157.0	8	0.0445415312483	0.000959022280036	DLR00012709-2009-07-03_09-23-54	0.120421942804	9	103	1233.5	1304.5	0.12122812234	0.528211412435	135	135
95.0	99.0	84.0	146.0	168.0	163.0	9	0.0450743246843	0.00103811473218	DLR00012709-2009-07-03_09-23-54	0.135982805279	9	103	1354.5	1300.5	0.137226417819	0.548191166285	135	135
94.0	98.0	82.0	141.0	161.0	154.0	10	0.0499760242954	0.000937588701001	DLR00012709-2009-07-03_09-23-54	0.111372147656	9	103	1497.5	1303.5	0.114228238683	0.505407853375	135	135
93.0	98.0	83.0	146.0	167.0	163.0	11	0.0543982098141	0.00103636623648	DLR00012709-2009-07-03_09-23-54	0.148261263913	9	103	1636.5	1311.5	0.150146647557	0.589695774948	135	135
93.0	97.0	82.0	138.0	157.0	150.0	12	0.0640417710054	0.000874206163243	DLR00012709-2009-07-03_09-23-54	0.0952932055645	9	103	1771.5	1304.5	0.0987573206533	0.46891150301	135	135
92.0	97.0	82.0	146.0	169.0	164.0	13	0.0545580478449	0.00106564445023	DLR00012709-2009-07-03_09-23-54	0.144588720783	9	103	1906.5	1310.5	0.147909541247	0.574351323992	135	135
92.0	96.0	81.0	141.0	161.0	155.0	14	0.0675049283393	0.000964713685935	DLR00012709-2009-07-03_09-23-54	0.111627683394	9	103	2039.5	1306.5	0.115551914685	0.502264372103	135	135
92.0	96.0	81.0	145.0	167.0	162.0	15	0.0558900314348	0.00108806362354	DLR00012709-2009-07-03_09-23-54	0.15187986182	9	103	2180.5	1304.5	0.153488344225	0.576642335766	135	135
93.0	96.0	80.0	138.0	158.0	151.0	16	0.0521604773829	0.000953435867397	DLR00012709-2009-07-03_09-23-54	0.103920641313	9	103	2317.5	1297.5	0.106407808098	0.466673770579	135	135
93.0	96.0	81.0	144.0	165.0	159.0	17	0.0485907613618	0.00105243472617	DLR00012709-2009-07-03_09-23-54	0.134905733303	9	103	2465.5	1304.5	0.135941989369	0.534924609729	135	135
94.0	96.0	81.0	141.0	161.0	153.0	18	0.0677713250573	0.000998852797307	DLR00012709-2009-07-03_09-23-54	0.117479152569	9	103	2591.5	1295.5	0.117694098254	0.498801214769	135	135
94.0	97.0	81.0	147.0	167.0	162.0	19	0.0555170760296	0.00111521342653	DLR00012709-2009-07-03_09-23-54	0.152210232608	9	103	2725.5	1304.5	0.15101167696	0.562842985774	135	135
94.0	96.0	80.0	142.0	160.0	152.0	20	0.0552506793116	0.000994711775356	DLR00012709-2009-07-03_09-23-54	0.122362827489	9	103	2866.5	1304.5	0.121375974073	0.508924290053	135	135
94.0	96.0	80.0	146.0	165.0	158.0	21	0.0620171559486	0.00109929702251	DLR00012709-2009-07-03_09-23-54	0.142368361921	9	103	2992.5	1304.5	0.140945614298	0.534072140231	135	135
92.0	94.0	78.0	139.0	155.0	146.0	22	0.076029623315	0.000982260849312	DLR00012709-2009-07-03_09-23-54	0.113811150349	9	103	3143.5	1294.5	0.111731286766	0.475358303586	135	135
91.0	93.0	79.0	145.0	165.0	159.0	23	0.0542383717833	0.0011888899844	DLR00012709-2009-07-03_09-23-54	0.169914349374	9	103	3271.5	1304.5	0.166258414678	0.577921040013	135	135
91.0	92.0	78.0	145.0	162.0	156.0	24	0.0610048484203	0.00118809703544	DLR00012709-2009-07-03_09-23-54	0.160562026177	9	103	3412.5	1304.5	0.159272396545	0.563056103149	135	135
96.0	97.0	83.0	148.0	164.0	160.0	1	0.0527998295061	0.00102752153778	DLR00012709-2009-07-03_09-23-54	0.15736639174	10	103	265.5	1431.5	0.157453234827	0.629335606585	135	135
97.0	98.0	83.0	140.0	155.0	148.0	2	0.0462997495871	0.000861637298701	DLR00012709-2009-07-03_09-23-54	0.0852639909443	10	103	409.5	1438.5	0.0850295357183	0.411689487986	135	135
97.0	99.0	84.0	149.0	168.0	163.0	3	0.0426767542224	0.0010344831425	DLR00012709-2009-07-03_09-23-54	0.136223530899	10	103	544.5	1446.5	0.136016905687	0.543982098141	135	135
98.0	100.0	84.0	144.0	160.0	153.0	4	0.0527465501625	0.000889853237673	DLR00012709-2009-07-03_09-23-54	0.0916009422756	10	103	678.5	1431.5	0.0913674750768	0.430443816932	135	135
98.0	101.0	85.0	150.0	171.0	165.0	5	0.0449677659971	0.00103834228552	DLR00012709-2009-07-03_09-23-54	0.135495962033	10	103	820.5	1433.5	0.135674634396	0.538707443124	135	135
97.0	100.0	84.0	144.0	162.0	155.0	6	0.0461399115563	0.00092159504833	DLR00012709-2009-07-03_09-23-54	0.108894849191	10	103	961.5	1439.5	0.109478366555	0.493739677127	135	135
96.0	100.0	84.0	148.0	168.0	163.0	7	0.0454472800895	0.00103072909673	DLR00012709-2009-07-03_09-23-54	0.136278826298	10	103	1093.5	1442.5	0.137009683628	0.54781821088	135	135
95.0	99.0	83.0	140.0	158.0	151.0	8	0.0472054984283	0.000887575427363	DLR00012709-2009-07-03_09-23-54	0.0970394886277	10	103	1226.5	1438.5	0.098425954563	0.460546646065	135	135
94.0	98.0	83.0	145.0	166.0	160.0	9	0.0511481698545	0.00101412253411	DLR00012709-2009-07-03_09-23-54	0.130550627433	10	103	1355.5	1432.5	0.132142292965	0.540732058181	135	135
94.0	97.0	82.0	139.0	158.0	151.0	10	0.0475784538334	0.000899281210788	DLR00012709-2009-07-03_09-23-54	0.104934487661	10	103	1503.5	1431.5	0.107971719537	0.500506153764	135	135
93.0	98.0	82.0	143.0	164.0	158.0	11	0.049762906921	0.000979484612352	DLR00012709-2009-07-03_09-23-54	0.124646628796	10	103	1642.5	1438.5	0.126948541237	0.534231978262	135	135
93.0	97.0	82.0	140.0	160.0	154.0	12	0.0595663061431	0.000934004291391	DLR00012709-2009-07-03_09-23-54	0.10613981577	10	103	1771.5	1438.5	0.109838675058	0.489370770952	135	135
92.0	97.0	81.0	144.0	166.0	161.0	13	0.0537055783473	0.0010348472009	DLR00012709-2009-07-03_09-23-54	0.130034160602	10	103	1904.5	1438.5	0.1332117146	0.535510682508	135	135
93.0	96.0	81.0	138.0	158.0	151.0	14	0.0613778038255	0.0009273011281	DLR00012709-2009-07-03_09-23-54	0.10726312274	10	103	2046.5	1439.5	0.109816359765	0.499174170174	135	135
92.0	96.0	80.0	144.0	165.0	160.0	15	0.0540785337525	0.00105758397108	DLR00012709-2009-07-03_09-23-54	0.142449682787	10	103	2184.5	1438.5	0.144608630204	0.564228248708	135	135
92.0	95.0	80.0	139.0	159.0	152.0	16	0.0613778038255	0.00097128919991	DLR00012709-2009-07-03_09-23-54	0.110681563765	10	103	2319.5	1438.5	0.112621398835	0.484415791997	135	135
93.0	96.0	81.0	145.0	166.0	161.0	17	0.0599392615483	0.00108927949917	DLR00012709-2009-07-03_09-23-54	0.15074198057	10	103	2462.5	1428.5	0.151378751082	0.573339016463	135	135
94.0	96.0	80.0	140.0	158.0	149.0	18	0.071394320422	0.000953894273591	DLR00012709-2009-07-03_09-23-54	0.104038176779	10	103	2591.5	1438.5	0.104241868078	0.465288507646	135	135
94.0	96.0	80.0	144.0	163.0	156.0	19	0.0604720549843	0.00106439976365	DLR00012709-2009-07-03_09-23-54	0.141198209073	10	103	2721.5	1438.5	0.1404903267	0.546592785977	135	135
94.0	96.0	79.0	139.0	154.5	145.5	20	0.0661729447493	0.000933665338041	DLR00012709-2009-07-03_09-23-54	0.103443954356	10	103	2866.5	1435.5	0.102244009931	0.457456444137	135	135
93.0	95.0	79.0	146.0	166.0	160.0	21	0.0538654163781	0.00112856823298	DLR00012709-2009-07-03_09-23-54	0.149157023258	10	103	3003.5	1438.5	0.147424918904	0.546379668602	135	135
92.0	94.0	79.0	142.0	160.0	152.0	22	0.0659065480313	0.00106749498365	DLR00012709-2009-07-03_09-23-54	0.13619099036	10	103	3136.5	1430.5	0.134008248521	0.526399914753	135	135
91.0	93.0	79.0	145.0	165.0	160.0	23	0.0549842825936	0.00120356722762	DLR00012709-2009-07-03_09-23-54	0.170503133509	10	103	3274.5	1438.5	0.167130871775	0.578134157387	135	135
91.0	92.0	78.0	144.0	161.0	154.0	24	0.0673983696521	0.00117413248805	DLR00012709-2009-07-03_09-23-54	0.156735421566	10	103	3414.5	1438.5	0.155895785015	0.558580638287	135	135
95.0	96.0	83.0	147.0	163.0	159.0	1	0.0457669561511	0.00104661699502	DLR00012709-2009-07-03_09-23-54	0.153130312911	11	103	272.5	1578.5	0.153075010423	0.605626298684	135	135
97.0	99.0	84.0	146.0	163.0	157.0	2	0.055197399968	0.000979085229188	DLR00012709-2009-07-03_09-23-54	0.124584004658	11	103	409.5	1577.5	0.122384775619	0.527678618999	135	135
97.0	100.0	85.0	151.0	171.0	167.0	3	0.0431562683148	0.00108638578383	DLR00012709-2009-07-03_09-23-54	0.154025342247	11	103	539.5	1580.5	0.152812400865	0.580851403911	135	135
98.0	100.0	85.0	145.0	162.0	156.0	4	0.0403857424477	0.000925244953209	DLR00012709-2009-07-03_09-23-54	0.11330627619	11	103	678.5	1578.5	0.112397861151	0.503969311098	135	135
98.0	101.0	85.0	150.0	170.0	165.0	5	0.043262827002	0.00103852639065	DLR00012709-2009-07-03_09-23-54	0.147124549177	11	103	815.5	1578.5	0.146437407422	0.581064521285	135	135
97.0	100.0	84.0	142.0	160.0	152.0	6	0.0491235547978	0.000887107423381	DLR00012709-2009-07-03_09-23-54	0.10845668537	11	103	954.5	1576.5	0.108761010441	0.50711279237	135	135
96.0	100.0	84.0	148.0	169.0	164.0	7	0.0475784538334	0.00105264438979	DLR00012709-2009-07-03_09-23-54	0.138452952899	11	103	1090.5	1574.5	0.138727695568	0.549363311844	135	135
95.0	98.0	83.0	141.0	160.0	153.0	8	0.0562097074964	0.000925303789314	DLR00012709-2009-07-03_09-23-54	0.109805296041	11	103	1226.5	1580.5	0.111016628671	0.504022590442	135	135
94.0	98.0	83.0	147.0	168.0	164.0	9	0.050295700357	0.00106894328554	DLR00012709-2009-07-03_09-23-54	0.148667790248	11	103	1366.5	1586.5	0.149882143442	0.584261281901	135	135
93.0	97.0	82.0	141.0	160.0	154.0	10	0.0534924609729	0.000954669193354	DLR00012709-2009-07-03_09-23-54	0.105751312226	11	103	1497.5	1578.5	0.107708802527	0.471788587565	135	135
93.0	97.0	82.0	143.0	164.0	159.0	11	0.0521604773829	0.00101153494337	DLR00012709-2009-07-03_09-23-54	0.1297723054	11	103	1639.5	1571.5	0.131737929468	0.53982630934	135	135
93.0	96.0	81.0	141.0	162.0	156.0	12	0.055197399968	0.000977302658722	DLR00012709-2009-07-03_09-23-54	0.109952421004	11	103	1771.5	1569.5	0.113452087166	0.488678139485	135	135
92.0	96.0	81.0	146.0	168.0	164.0	13	0.0536522990037	0.00108699281744	DLR00012709-2009-07-03_09-23-54	0.149237864249	11	103	1908.5	1570.5	0.151631279115	0.573978368586	135	135
92.0	96.0	80.0	137.0	157.0	150.0	14	0.061697479887	0.00092354585176	DLR00012709-2009-07-03_09-23-54	0.10554514524	11	103	2046.5	1578.5	0.108051169441	0.492940486973	135	135
92.0	95.0	80.0	143.0	165.0	160.0	15	0.054664606532	0.00107589412052	DLR00012709-2009-07-03_09-23-54	0.140896957155	11	103	2178.5	1578.5	0.142575163601	0.54856412169	135	135
92.0	95.0	79.0	137.0	156.0	148.0	16	0.0674516489957	0.0009348876882	DLR00012709-2009-07-03_09-23-54	0.106876997564	11	103	2320.5	1575.5	0.108672696372	0.484682188715	135	135
92.0	95.0	80.0	143.0	164.0	158.0	17	0.0564228248708	0.00106918181485	DLR00012709-2009-07-03_09-23-54	0.141230181182	11	103	2458.5	1578.5	0.141520040819	0.551121530183	135	135
93.0	95.0	80.0	141.0	160.0	153.0	18	0.0612179657947	0.00100859039981	DLR00012709-2009-07-03_09-23-54	0.122801290686	11	103	2591.5	1573.5	0.123391966426	0.512494006074	135	135
93.0	95.0	80.0	145.0	165.0	158.0	19	0.0626565080718	0.00109578934377	DLR00012709-2009-07-03_09-23-54	0.149645318222	11	103	2724.5	1578.5	0.148674086984	0.562150354308	135	135
93.0	95.0	79.0	141.0	158.0	149.0	20	0.0653737545953	0.000994850859288	DLR00012709-2009-07-03_09-23-54	0.112130913214	11	103	2866.5	1578.5	0.11086482117	0.474132878683	135	135
93.0	95.0	80.0	145.0	163.0	156.0	21	0.0591933507379	0.00110679567679	DLR00012709-2009-07-03_09-23-54	0.146055185501	11	103	2994.5	1578.5	0.143243743851	0.539346795247	135	135
92.0	94.0	79.0	139.0	155.0	148.0	22	0.0707016889552	0.00100461017194	DLR00012709-2009-07-03_09-23-54	0.125112487468	11	103	3137.5	1571.5	0.122188668887	0.516117001439	135	135
90.0	92.0	78.0	145.0	163.0	158.0	23	0.0615909211999	0.0011967603049	DLR00012709-2009-07-03_09-23-54	0.167932137437	11	103	3272.5	1578.5	0.165231203684	0.578666950823	135	135
90.0	90.0	77.0	144.0	160.0	154.0	24	0.0672918109649	0.00118683858496	DLR00012709-2009-07-03_09-23-54	0.165186088649	11	103	3405.5	1568.5	0.163539081107	0.579412861634	135	135
95.0	97.0	84.0	147.0	164.0	160.0	1	0.0454472800895	0.00107119388931	DLR00012709-2009-07-03_09-23-54	0.160127132622	12	103	269.5	1711.5	0.159755146782	0.615802653311	135	135
96.0	98.0	84.0	141.0	157.0	151.0	2	0.0539186957217	0.000913655457665	DLR00012709-2009-07-03_09-23-54	0.109404863105	12	103	409.5	1704.5	0.107505282471	0.491448665352	135	135
97.0	99.0	84.0	149.0	168.0	163.0	3	0.0404390217913	0.00104768603414	DLR00012709-2009-07-03_09-23-54	0.139019310191	12	103	544.5	1711.5	0.137789003945	0.542436997176	135	135
98.0	100.0	85.0	143.0	159.0	152.0	4	0.0631360221642	0.000895986908063	DLR00012709-2009-07-03_09-23-54	0.101218625592	12	103	680.5	1711.5	0.0991701479095	0.463530289307	135	135
98.0	101.0	85.0	149.0	169.0	163.0	5	0.0464595876179	0.00103730934864	DLR00012709-2009-07-03_09-23-54	0.139823072241	12	103	815.5	1704.5	0.138492262578	0.557994565507	135	135
97.0	100.0	84.0	140.0	158.0	150.0	6	0.041930843412	0.00087103150659	DLR00012709-2009-07-03_09-23-54	0.100936859625	12	103	952.5	1709.5	0.101198070437	0.481432148756	135	135
96.0	99.0	84.0	147.0	167.0	162.0	7	0.0435825030636	0.00103520709187	DLR00012709-2009-07-03_09-23-54	0.137285923224	12	103	1086.5	1712.5	0.137322194315	0.551601044275	135	135
95.0	98.0	82.0	141.0	160.0	153.0	8	0.0532260642549	0.000933366719957	DLR00012709-2009-07-03_09-23-54	0.102643704287	12	103	1222.5	1711.5	0.103716178771	0.462571261122	135	135
94.0	97.0	82.0	146.0	167.0	162.0	9	0.0442751345303	0.00105379331894	DLR00012709-2009-07-03_09-23-54	0.135238136763	12	103	1363.5	1711.5	0.136560018035	0.533219670734	135	135
94.0	97.0	81.0	137.0	154.0	146.0	10	0.0596195854867	0.000861925960354	DLR00012709-2009-07-03_09-23-54	0.0913921939439	12	103	1497.5	1711.5	0.0928446795596	0.441845596462	135	135
93.0	96.0	81.0	145.0	167.0	162.0	11	0.0527465501625	0.00108140287141	DLR00012709-2009-07-03_09-23-54	0.140008807301	12	103	1634.5	1705.5	0.141516766192	0.542223879802	135	135
92.0	96.0	80.0	139.0	159.0	152.0	12	0.0552506793116	0.000952315809273	DLR00012709-2009-07-03_09-23-54	0.0937784030737	12	103	1771.5	1705.5	0.0969530089895	0.424742927167	135	135
92.0	95.0	80.0	141.0	162.0	156.0	13	0.0561031488092	0.00100974422094	DLR00012709-2009-07-03_09-23-54	0.128073420729	12	103	1904.5	1715.5	0.130436798273	0.535723799883	135	135
92.0	95.0	79.0	139.0	158.0	152.0	14	0.0653204752517	0.000968358297365	DLR00012709-2009-07-03_09-23-54	0.111512580637	12	103	2046.5	1711.5	0.11411164116	0.491928179445	135	135
91.0	95.0	80.0	143.0	164.0	159.0	15	0.0593531887687	0.00108422082809	DLR00012709-2009-07-03_09-23-54	0.142351171207	12	103	2184.5	1711.5	0.143612044853	0.550109222654	135	135
92.0	94.0	79.0	139.0	158.0	150.0	16	0.0653204752517	0.000979656762273	DLR00012709-2009-07-03_09-23-54	0.108752595137	12	103	2317.5	1711.5	0.110196996701	0.474665672119	135	135
92.0	95.0	80.0	144.0	165.0	159.0	17	0.0661729447493	0.00110275969785	DLR00012709-2009-07-03_09-23-54	0.153818488897	12	103	2464.5	1710.5	0.153832921996	0.577388246577	135	135
92.0	94.0	79.0	139.0	158.0	151.0	18	0.0572752943684	0.000999620144856	DLR00012709-2009-07-03_09-23-54	0.120801539667	12	103	2591.5	1711.5	0.121399915598	0.511534977889	135	135
93.0	94.0	79.0	145.0	165.0	159.0	19	0.0554105173424	0.0011140255025	DLR00012709-2009-07-03_09-23-54	0.14080653449	12	103	2722.5	1711.5	0.140647087365	0.520805583675	135	135
93.0	94.0	79.0	140.0	158.0	150.0	20	0.0619105972614	0.00101482548375	DLR00012709-2009-07-03_09-23-54	0.110979203842	12	103	2866.5	1715.5	0.109544619769	0.45202195109	135	135
92.0	94.0	79.0	145.0	164.0	158.0	21	0.0590867920507	0.00115031561041	DLR00012709-2009-07-03_09-23-54	0.159407637108	12	103	2999.5	1711.5	0.156576365489	0.561617560872	135	135
91.0	93.0	78.0	140.0	156.0	148.0	22	0.0749107570995	0.00102641606845	DLR00012709-2009-07-03_09-23-54	0.119499583153	12	103	3137.5	1703.5	0.116226937931	0.47690340455	135	135
89.0	91.0	77.0	142.0	159.0	153.0	23	0.0539719750653	0.00114535559192	DLR00012709-2009-07-03_09-23-54	0.154407232629	12	103	3272.5	1711.5	0.151854899842	0.549736267249	135	135
89.0	90.0	77.0	143.0	160.0	154.0	24	0.0587671159891	0.001195343026	DLR00012709-2009-07-03_09-23-54	0.166136979424	12	103	3405.5	1703.5	0.163915459604	0.573871809899	135	135
95.0	96.0	84.0	148.0	164.0	160.0	1	0.0470456603975	0.00107498016231	DLR00012709-2009-07-03_09-23-54	0.158700525476	13	103	275.5	1858.5	0.157446169279	0.601736906601	135	135
96.0	98.0	84.0	144.0	160.0	155.0	2	0.049496510203	0.000980573988895	DLR00012709-2009-07-03_09-23-54	0.11990628664	13	103	409.5	1847.5	0.117050970998	0.503276679631	135	135
97.0	99.0	84.0	149.0	167.0	163.0	3	0.0415578880068	0.00106086687418	DLR00012709-2009-07-03_09-23-54	0.136468522436	13	103	544.5	1850.5	0.134778666597	0.527358942938	135	135
97.0	100.0	85.0	144.0	160.0	154.0	4	0.0534391816293	0.000927794053303	DLR00012709-2009-07-03_09-23-54	0.103732172379	13	103	678.5	1853.5	0.102133706547	0.461665512281	135	135
98.0	100.0	85.0	148.0	168.0	162.0	5	0.0482178059566	0.00102533271284	DLR00012709-2009-07-03_09-23-54	0.133694780369	13	103	815.5	1850.5	0.132170934377	0.537268900847	135	135
97.0	100.0	84.0	143.0	161.0	153.0	6	0.0558367520912	0.000925464997343	DLR00012709-2009-07-03_09-23-54	0.108968244282	13	103	949.5	1850.5	0.107853568941	0.490756033886	135	135
96.0	99.0	84.0	147.0	167.0	162.0	7	0.0458735148383	0.00103176848906	DLR00012709-2009-07-03_09-23-54	0.140888258952	13	103	1081.5	1846.5	0.140661783654	0.563162661836	135	135
95.0	98.0	82.0	139.0	156.0	148.0	8	0.0513080078853	0.000879157184887	DLR00012709-2009-07-03_09-23-54	0.0987499872685	13	103	1226.5	1850.5	0.0999479216706	0.466886887954	135	135
94.0	97.0	82.0	146.0	167.0	162.0	9	0.048430923331	0.00105656722443	DLR00012709-2009-07-03_09-23-54	0.144148388377	13	103	1367.5	1851.5	0.145198257583	0.565400394267	135	135
93.0	97.0	82.0	139.0	159.0	151.0	10	0.0604187756407	0.000942971775253	DLR00012709-2009-07-03_09-23-54	0.117056853425	13	103	1494.5	1845.5	0.117924074601	0.521285097768	135	135
93.0	96.0	81.0	145.0	166.0	162.0	11	0.05759497043	0.00107860282182	DLR00012709-2009-07-03_09-23-54	0.145535520251	13	103	1638.5	1850.5	0.146415497073	0.558260962225	135	135
92.0	95.0	80.0	137.0	156.0	148.0	12	0.0608982897331	0.000920868314671	DLR00012709-2009-07-03_09-23-54	0.103285959961	13	103	1771.5	1850.5	0.104988838977	0.475198465555	135	135
92.0	95.0	80.0	145.0	166.0	161.0	13	0.0527998295061	0.00109629331118	DLR00012709-2009-07-03_09-23-54	0.143938693006	13	103	1908.5	1850.5	0.145294979414	0.548191166285	135	135
91.0	94.0	79.0	137.0	156.0	149.0	14	0.0699024988012	0.000949189099417	DLR00012709-2009-07-03_09-23-54	0.106901876459	13	103	2046.5	1845.5	0.108412282682	0.476530449145	135	135
91.0	94.0	79.0	143.0	164.0	159.0	15	0.0624433906974	0.00111002431671	DLR00012709-2009-07-03_09-23-54	0.145533877198	13	103	2184.5	1843.5	0.146090324216	0.550375619372	135	135
91.0	94.0	78.0	139.0	158.0	150.0	16	0.0742181256327	0.000998025070708	DLR00012709-2009-07-03_09-23-54	0.102427951728	13	103	2317.5	1841.5	0.103499153759	0.437689807662	135	135
92.0	94.0	79.0	143.0	163.0	157.0	17	0.0607917310459	0.0010872499318	DLR00012709-2009-07-03_09-23-54	0.139356165161	13	103	2458.5	1850.5	0.139144229622	0.534711492354	135	135
92.0	94.0	79.0	141.0	161.0	154.0	18	0.0780009590282	0.0010497783091	DLR00012709-2009-07-03_09-23-54	0.135430372657	13	103	2582.5	1850.5	0.134665384245	0.541477968991	135	135
92.0	94.0	79.0	145.0	165.0	159.0	19	0.0577015291172	0.0011287177099	DLR00012709-2009-07-03_09-23-54	0.146351691493	13	103	2729.5	1850.5	0.14551511125	0.535883637914	135	135
92.0	94.0	78.0	140.0	157.0	150.0	20	0.0656401513133	0.00102771893986	DLR00012709-2009-07-03_09-23-54	0.125082641044	13	103	2866.5	1841.5	0.123512663364	0.503383238319	135	135
92.0	93.0	78.0	147.0	166.0	160.0	21	0.062230273323	0.00119305112296	DLR00012709-2009-07-03_09-23-54	0.164537768604	13	103	2998.5	1850.5	0.16177689727	0.568543875539	135	135
90.0	91.0	77.0	138.0	154.0	148.0	22	0.0550908412808	0.0010370288113	DLR00012709-2009-07-03_09-23-54	0.1270936125	13	103	3137.5	1846.5	0.124975073767	0.49704299643	135	135
89.0	91.0	78.0	144.0	162.0	158.0	23	0.0639352123182	0.00122670756599	DLR00012709-2009-07-03_09-23-54	0.181196234815	13	103	3274.5	1848.5	0.177128922904	0.59875326336	135	135
89.0	90.0	78.0	143.0	160.0	155.0	24	0.0699024988012	0.00122232829972	DLR00012709-2009-07-03_09-23-54	0.175637164281	13	103	3409.5	1856.5	0.172928369259	0.596249134211	135	135
95.0	96.0	84.0	148.0	164.0	161.0	1	0.0506686557622	0.0010970763192	DLR00012709-2009-07-03_09-23-54	0.156527503643	14	103	277.5	1985.5	0.154774357154	0.590974479194	135	135
96.0	97.0	83.0	142.0	157.0	151.0	2	0.063562256913	0.00094590522753	DLR00012709-2009-07-03_09-23-54	0.104725706458	14	103	409.5	1985.5	0.10127840479	0.456444136608	135	135
97.0	99.0	85.0	150.0	169.0	165.0	3	0.0441685758431	0.00109519322401	DLR00012709-2009-07-03_09-23-54	0.147656397469	14	103	540.5	1985.5	0.144725445036	0.547072300069	135	135
97.0	99.0	85.0	144.0	160.0	153.0	4	0.0588203953327	0.00092350400633	DLR00012709-2009-07-03_09-23-54	0.103819721751	14	103	678.5	1980.5	0.101712911948	0.457136768075	135	135
98.0	100.0	85.0	148.0	167.0	163.0	5	0.0444882519047	0.0010334757034	DLR00012709-2009-07-03_09-23-54	0.139839013654	14	103	814.5	1985.5	0.138020665453	0.558793755661	135	135
97.0	100.0	84.0	140.0	156.0	148.0	6	0.0598859822047	0.000857193213017	DLR00012709-2009-07-03_09-23-54	0.104187513717	14	103	952.5	1985.5	0.102144000266	0.496510202994	135	135
97.0	99.0	84.0	147.0	167.0	162.0	7	0.0467792636795	0.00104667864397	DLR00012709-2009-07-03_09-23-54	0.137868599865	14	103	1082.5	1989.5	0.137067297406	0.544621450264	135	135
95.0	97.0	82.0	141.0	158.0	151.0	8	0.0612712451383	0.000920325306285	DLR00012709-2009-07-03_09-23-54	0.099058430162	14	103	1226.5	1978.5	0.0998330957711	0.459108103788	135	135
94.0	97.0	81.0	146.0	167.0	162.0	9	0.0537055783473	0.00107744280943	DLR00012709-2009-07-03_09-23-54	0.137067670618	14	103	1362.5	1985.5	0.137749556469	0.529436837338	135	135
93.0	96.0	81.0	138.0	157.0	149.0	10	0.0686237945549	0.000933495494159	DLR00012709-2009-07-03_09-23-54	0.109623139754	14	103	1498.5	1985.5	0.110116877137	0.493366721722	135	135
93.0	95.0	80.0	143.0	164.0	159.0	11	0.0603122169535	0.00106687126801	DLR00012709-2009-07-03_09-23-54	0.138192026292	14	103	1633.5	1985.5	0.138729013246	0.543342746017	135	135
92.0	95.0	80.0	141.0	160.0	153.0	12	0.0706484096116	0.00100324895899	DLR00012709-2009-07-03_09-23-54	0.110288244976	14	103	1771.5	1980.5	0.110813224445	0.470296765944	135	135
92.0	94.0	79.0	145.0	165.0	160.0	13	0.063295860195	0.00110223390014	DLR00012709-2009-07-03_09-23-54	0.133124165322	14	103	1906.5	1985.5	0.13385181633	0.509723480207	135	135
91.0	94.0	79.0	139.0	156.0	148.0	14	0.0884437103735	0.000978814671204	DLR00012709-2009-07-03_09-23-54	0.113082993508	14	103	2039.5	1977.5	0.113324165161	0.482764132346	135	135
91.0	93.0	78.0	142.0	162.0	155.0	15	0.0692098673344	0.00106488511221	DLR00012709-2009-07-03_09-23-54	0.128909258327	14	103	2184.5	1993.5	0.128872504252	0.502477489477	135	135
91.0	93.0	78.0	139.0	157.0	149.0	16	0.0808247642389	0.00100692602555	DLR00012709-2009-07-03_09-23-54	0.108310023217	14	103	2317.5	1980.5	0.108221793533	0.454259683521	135	135
92.0	94.0	78.0	144.0	165.0	159.0	17	0.05759497043	0.00113904744359	DLR00012709-2009-07-03_09-23-54	0.148308263988	14	103	2466.5	1985.5	0.147669049582	0.53790825297	135	135
92.0	94.0	78.0	138.0	156.0	148.0	18	0.0887101070915	0.000983881213671	DLR00012709-2009-07-03_09-23-54	0.115090689779	14	103	2591.5	1985.5	0.11440705887	0.487186317865	135	135
92.0	93.0	78.0	142.0	160.0	153.0	19	0.0774681655922	0.00106588850574	DLR00012709-2009-07-03_09-23-54	0.124097410149	14	103	2725.5	1985.5	0.123822417844	0.496030688902	135	135
91.0	93.0	78.0	138.0	155.0	147.0	20	0.0832223347008	0.00100137123179	DLR00012709-2009-07-03_09-23-54	0.103248938551	14	103	2866.5	1983.5	0.10223859816	0.430763492994	135	135
91.0	93.0	78.0	144.0	162.0	157.0	21	0.0599392615483	0.00114208452961	DLR00012709-2009-07-03_09-23-54	0.149287988252	14	103	3004.5	1985.5	0.147174755529	0.535990196601	135	135
90.0	91.0	77.0	136.0	150.0	143.0	22	0.092226543769	0.000990634462502	DLR00012709-2009-07-03_09-23-54	0.117245271815	14	103	3137.5	1985.5	0.114723374844	0.489477329639	135	135
88.0	89.0	76.0	142.0	159.0	154.0	23	0.0606851723587	0.00120046290871	DLR00012709-2009-07-03_09-23-54	0.160903341129	14	103	3268.5	1985.5	0.157939643655	0.547445255474	135	135
89.0	90.0	77.0	140.0	156.0	151.0	24	0.0680377217753	0.00118084007285	DLR00012709-2009-07-03_09-23-54	0.154707189026	14	103	3412.5	1985.5	0.153377816773	0.550801854121	135	135
95.0	95.0	84.0	146.0	160.0	155.0	1	0.048164526613	0.00105877023531	DLR00012709-2009-07-03_09-23-54	0.15362761078	15	103	269.5	2127.5	0.152279465076	0.596195854867	135	135
96.0	97.0	84.0	143.0	156.0	150.0	2	0.0729394213863	0.000948315482569	DLR00012709-2009-07-03_09-23-54	0.118313469226	15	103	409.5	2124.5	0.114537307383	0.507911982524	135	135
98.0	99.0	86.0	149.0	165.0	161.0	3	0.0485907613618	0.00104746515246	DLR00012709-2009-07-03_09-23-54	0.147209618996	15	103	544.5	2122.5	0.143934434855	0.569609462411	135	135
99.0	100.0	86.0	142.0	156.0	149.0	4	0.0390537588577	0.000862216437908	DLR00012709-2009-07-03_09-23-54	0.111358444617	15	103	675.5	2123.5	0.108532842264	0.52783845703	135	135
98.0	99.0	85.0	148.0	165.0	160.0	5	0.0505088177314	0.00101223098058	DLR00012709-2009-07-03_09-23-54	0.137957810651	15	103	815.5	2129.5	0.13647621409	0.561457722841	135	135
97.0	99.0	84.0	144.0	159.0	151.0	6	0.0558900314348	0.000916821308677	DLR00012709-2009-07-03_09-23-54	0.111489992625	15	103	952.5	2124.5	0.110030998309	0.501198785231	135	135
97.0	99.0	84.0	148.0	166.0	160.0	7	0.0513612872289	0.00101805315827	DLR00012709-2009-07-03_09-23-54	0.138172162131	15	103	1090.5	2122.5	0.137245947838	0.55463796686	135	135
96.0	98.0	82.0	143.0	159.0	152.0	8	0.0671852522777	0.000947831568524	DLR00012709-2009-07-03_09-23-54	0.109913771027	15	103	1222.5	2122.5	0.109410751832	0.484842026746	135	135
95.0	97.0	81.0	146.0	166.0	160.0	9	0.0532793435985	0.00108442783414	DLR00012709-2009-07-03_09-23-54	0.145847136946	15	103	1366.5	2122.5	0.144608570253	0.546006713197	135	135
93.0	95.0	81.0	141.0	158.0	151.0	10	0.0681975598061	0.000997525639327	DLR00012709-2009-07-03_09-23-54	0.1222385089	15	103	1497.5	2122.5	0.121047512021	0.512334168043	135	135
93.0	95.0	80.0	144.0	163.0	157.0	11	0.0572752943684	0.00108845269678	DLR00012709-2009-07-03_09-23-54	0.144841235776	15	103	1630.5	2122.5	0.144300088197	0.547125579413	135	135
92.0	94.0	79.0	141.0	159.0	152.0	12	0.0656934306569	0.00102014330816	DLR00012709-2009-07-03_09-23-54	0.122448358374	15	103	1771.5	2122.5	0.123078821071	0.510575949704	135	135
92.0	94.0	79.0	144.0	163.0	157.0	13	0.0615909211999	0.00109833140015	DLR00012709-2009-07-03_09-23-54	0.142728323492	15	103	1901.5	2122.5	0.142856771489	0.541477968991	135	135
92.0	93.0	78.0	139.0	155.0	147.0	14	0.0873248441579	0.000991248874817	DLR00012709-2009-07-03_09-23-54	0.115105109595	15	103	2043.5	2122.5	0.115184982913	0.491288827322	135	135
91.0	93.0	78.0	145.0	165.0	160.0	15	0.0624433906974	0.00116494017864	DLR00012709-2009-07-03_09-23-54	0.157265641937	15	103	2189.5	2122.5	0.156494687903	0.557728168789	135	135
92.0	93.0	78.0	139.0	155.0	146.0	16	0.0844477596036	0.000984413479865	DLR00012709-2009-07-03_09-23-54	0.113140722756	15	103	2323.5	2122.5	0.112487180334	0.477063242581	135	135
92.0	93.0	78.0	145.0	165.0	159.0	17	0.056529383558	0.001142232471	DLR00012709-2009-07-03_09-23-54	0.147903222954	15	103	2458.5	2122.5	0.146609897355	0.532367201236	135	135
93.0	94.0	79.0	139.0	155.0	147.0	18	0.0759230646278	0.000979274321254	DLR00012709-2009-07-03_09-23-54	0.111432010233	15	103	2591.5	2128.5	0.11014297547	0.481112472694	135	135
93.0	94.0	79.0	145.0	163.0	157.0	19	0.0660663860621	0.00111723481833	DLR00012709-2009-07-03_09-23-54	0.147390331827	15	103	2730.5	2125.5	0.14614764325	0.546912462038	135	135
93.0	94.0	79.0	142.0	158.0	151.0	20	0.0623901113538	0.00104440652067	DLR00012709-2009-07-03_09-23-54	0.132300456618	15	103	2871.5	2124.5	0.130515643541	0.524215461666	135	135
92.0	93.0	79.0	147.0	164.0	159.0	21	0.0599392615483	0.00115366148311	DLR00012709-2009-07-03_09-23-54	0.14958917688	15	103	3001.5	2122.5	0.146764347802	0.533432788108	135	135
91.0	92.0	78.0	138.0	152.0	144.0	22	0.0803452501465	0.00100904468418	DLR00012709-2009-07-03_09-23-54	0.123955449246	15	103	3137.5	2122.5	0.120579041038	0.503010282913	135	135
90.0	91.0	79.0	141.0	156.0	151.0	23	0.0688369119292	0.00114116772503	DLR00012709-2009-07-03_09-23-54	0.163372652514	15	103	3264.5	2122.5	0.15969066261	0.582183387501	135	135
90.0	90.0	78.0	143.0	159.0	154.0	24	0.0616442005434	0.001222459031	DLR00012709-2009-07-03_09-23-54	0.173900072735	15	103	3417.5	2131.5	0.172670400016	0.593265490969	135	135
98.0	99.0	88.0	149.0	162.0	158.0	1	0.0162501997975	0.000815769076403	DLR00012709-2009-07-03_09-23-54	0.0978402535128	16	103	271.5	2261.5	0.101410153271	0.500825829826	135	135
100.0	102.0	91.0	147.0	159.0	154.0	2	0.0197133571314	0.000698008447706	DLR00012709-2009-07-03_09-23-54	0.0843943935723	16	103	409.5	2261.5	0.0867825085978	0.489264212265	135	135
102.0	105.0	94.0	152.0	166.0	162.0	3	0.0287175661996	0.000838908344948	DLR00012709-2009-07-03_09-23-54	0.114948839164	16	103	553.5	2261.5	0.117281809978	0.560445415312	135	135
103.0	105.0	93.0	148.0	160.0	153.0	4	0.029729873728	0.000718781521988	DLR00012709-2009-07-03_09-23-54	0.0861408011462	16	103	678.5	2261.5	0.0880738186206	0.491501944696	135	135
102.0	104.0	92.0	153.0	168.0	163.0	5	0.0324471202515	0.000890751559582	DLR00012709-2009-07-03_09-23-54	0.110371945115	16	103	815.5	2261.5	0.112404756617	0.51244072673	135	135
101.0	103.0	90.0	144.0	157.0	149.0	6	0.0416111673504	0.000773501688284	DLR00012709-2009-07-03_09-23-54	0.080436444912	16	103	952.5	2261.5	0.0819148021025	0.43662422079	135	135
101.0	104.0	91.0	152.0	169.0	163.0	7	0.0403857424477	0.000979059711206	DLR00012709-2009-07-03_09-23-54	0.134772966733	16	103	1089.5	2261.5	0.13575350149	0.570195535191	135	135
99.0	102.0	88.0	145.0	160.0	152.0	8	0.049496510203	0.000862945513127	DLR00012709-2009-07-03_09-23-54	0.101056284601	16	103	1226.5	2261.5	0.102903995287	0.493153604348	135	135
98.0	101.0	87.0	148.0	164.0	157.0	9	0.0521604773829	0.000991756861957	DLR00012709-2009-07-03_09-23-54	0.129400098944	16	103	1357.5	2263.5	0.132239363838	0.553998614737	135	135
98.0	100.0	87.0	142.0	156.0	148.0	10	0.0673983696521	0.000901629973087	DLR00012709-2009-07-03_09-23-54	0.108921828842	16	103	1497.5	2266.5	0.112390479505	0.515371090628	135	135
96.0	100.0	86.0	148.0	166.0	160.0	11	0.0483243646438	0.00103934300686	DLR00012709-2009-07-03_09-23-54	0.138698971035	16	103	1637.5	2261.5	0.141008081402	0.561404443497	135	135
97.0	100.0	86.0	142.0	156.0	148.0	12	0.0558900314348	0.000843240818396	DLR00012709-2009-07-03_09-23-54	0.0957076225805	16	103	1766.5	2261.5	0.0992307163719	0.483403484469	135	135
98.0	101.0	89.0	147.0	165.0	159.0	13	0.0538121370345	0.00102545574408	DLR00012709-2009-07-03_09-23-54	0.12926002487	16	103	1904.5	2265.5	0.134950473872	0.541584527679	135	135
96.0	99.0	85.0	140.0	155.0	147.0	14	0.0524801534445	0.000880724923924	DLR00012709-2009-07-03_09-23-54	0.100925031869	16	103	2046.5	2261.5	0.105221723149	0.48963716767	135	135
97.0	99.0	86.0	146.0	162.0	156.0	15	0.057328573712	0.00103197556116	DLR00012709-2009-07-03_09-23-54	0.129681583576	16	103	2184.5	2259.5	0.133493396984	0.530608982897	135	135
98.0	100.0	87.0	142.0	156.0	148.0	16	0.0488571580798	0.000908079619614	DLR00012709-2009-07-03_09-23-54	0.105913567854	16	103	2317.5	2261.5	0.110105383552	0.501145505887	135	135
104.0	106.0	93.0	148.0	164.0	158.0	17	0.0350045287442	0.000977513527805	DLR00012709-2009-07-03_09-23-54	0.127665702234	16	103	2463.5	2269.5	0.130506241278	0.548723959721	135	135
100.0	102.0	89.0	143.0	157.0	149.0	18	0.0327667963131	0.000862262508884	DLR00012709-2009-07-03_09-23-54	0.0910476361327	16	103	2591.5	2261.5	0.0955502731083	0.455378549736	135	135
100.0	103.0	91.0	149.0	165.0	159.0	19	0.0401193457297	0.000965252360688	DLR00012709-2009-07-03_09-23-54	0.124369982388	16	103	2734.5	2261.5	0.126437082558	0.529117161277	135	135
107.0	109.0	97.0	145.5	160.0	153.0	20	0.0448079279663	0.000858804130155	DLR00012709-2009-07-03_09-23-54	0.103330961085	16	103	2866.5	2270.5	0.107060318173	0.520645745644	135	135
108.0	110.0	98.0	149.0	164.0	159.0	21	0.041131653258	0.000959039742971	DLR00012709-2009-07-03_09-23-54	0.118442650433	16	103	2995.5	2269.5	0.121941231849	0.530022910118	135	135
98.0	99.0	88.0	143.0	156.0	149.0	22	0.0331930310619	0.000898321434445	DLR00012709-2009-07-03_09-23-54	0.108092208196	16	103	3137.5	2254.5	0.111684125166	0.505674250093	135	135
106.0	107.0	98.0	146.0	161.0	156.0	23	0.0311684160051	0.000987508215368	DLR00012709-2009-07-03_09-23-54	0.122581133303	16	103	3269.5	2267.5	0.125866451219	0.532100804518	135	135
95.0	96.0	85.0	144.0	157.0	152.0	24	0.0290372422612	0.000933379992122	DLR00012709-2009-07-03_09-23-54	0.114538126717	16	103	3414.5	2251.5	0.118337299364	0.522990036763	135	135
