96.0	99.0	89.0	127.0	162.0	158.0	1	0.0437423410944	0.00016310475919	DLR00012647-2009-07-01_17-01-59	0.000135659233482	1	95	267.5	207.5	0.00351263410067	0.0626565080718	135	135
98.0	99.0	85.0	106.0	108.0	96.0	2	0.00804518088337	9.33442208111e-05	DLR00012647-2009-07-01_17-01-59	0.00172765840607	1	95	402.5	210.5	0.000530378472528	0.0196600777878	135	135
101.0	102.0	88.0	105.0	106.0	92.0	3	0.00623368320102	8.34481409332e-05	DLR00012647-2009-07-01_17-01-59	0.00116254254133	1	95	545.5	210.5	0.000311098091771	0.0136927913048	135	135
103.0	104.0	89.0	126.0	132.0	121.0	4	0.00532793435985	0.00010546932812	DLR00012647-2009-07-01_17-01-59	0.00113598807318	1	95	668.5	208.5	0.000686055555994	0.0225904416858	135	135
104.0	104.0	88.0	109.0	110.0	94.0	5	0.00245084980553	9.16622567402e-05	DLR00012647-2009-07-01_17-01-59	0.000363337046127	1	95	816.5	213.5	0.000455938915666	0.0136927913048	135	135
104.0	105.0	88.0	127.0	135.0	127.0	6	0.00618040385742	0.000153494834087	DLR00012647-2009-07-01_17-01-59	-0.000718366259531	1	95	948.5	207.5	0.000421665450311	0.0118280142789	135	135
105.0	106.0	88.0	109.0	110.0	93.0	7	0.00282380521072	7.65995553296e-05	DLR00012647-2009-07-01_17-01-59	0.000619021389046	1	95	1075.5	208.5	6.70029379188e-05	0.00325003995951	135	135
105.0	106.0	88.0	127.0	133.0	122.0	8	0.00229101177473	9.3567580616e-05	DLR00012647-2009-07-01_17-01-59	0.00106196845082	1	95	1217.5	202.5	0.000460769017752	0.0181149768235	135	135
105.0	106.0	87.0	126.0	135.0	122.0	9	0.000745910810379	0.000105301270752	DLR00012647-2009-07-01_17-01-59	0.000935387803143	1	95	1350.5	206.5	0.000371036544408	0.0136927913048	135	135
104.0	105.0	87.0	109.0	112.0	94.0	10	0.000426234748788	7.6466568315e-05	DLR00012647-2009-07-01_17-01-59	0.000828115705397	1	95	1488.5	207.5	0.000125991514629	0.00591400713943	135	135
103.0	104.0	86.0	116.0	127.0	116.0	11	0.0	7.34917816982e-05	DLR00012647-2009-07-01_17-01-59	0.000234577812789	1	95	1630.5	207.5	5.20314329978e-05	0.00261068783633	135	135
104.0	105.0	87.0	115.0	127.0	114.0	12	0.0	7.63838765683e-05	DLR00012647-2009-07-01_17-01-59	0.000554309647982	1	95	1771.5	207.5	0.000103684881314	0.00516809632905	135	135
105.0	107.0	89.0	109.0	111.0	95.0	13	0.000426234748788	8.25241232406e-05	DLR00012647-2009-07-01_17-01-59	0.00163238542239	1	95	1901.5	201.5	0.000399211624477	0.0161436411103	135	135
104.0	105.0	87.0	109.0	111.0	93.0	14	0.0	7.55954526872e-05	DLR00012647-2009-07-01_17-01-59	0.00137958760592	1	95	2048.5	207.5	0.000127297655922	0.00623368320102	135	135
104.0	106.0	88.0	108.0	110.0	93.0	15	0.000372955405189	7.80509778508e-05	DLR00012647-2009-07-01_17-01-59	0.00154879782613	1	95	2178.5	202.5	0.000220742994126	0.0101230752837	135	135
105.0	106.0	89.0	116.0	121.0	107.0	16	0.0	8.06535786885e-05	DLR00012647-2009-07-01_17-01-59	0.00143179670865	1	95	2316.5	198.5	0.000223133751272	0.00964356119133	135	135
104.0	105.0	86.0	118.0	127.0	116.0	17	0.0	7.18103898231e-05	DLR00012647-2009-07-01_17-01-59	0.000629686233055	1	95	2454.5	207.5	5.72348727665e-05	0.00303692258511	135	135
104.0	105.0	87.0	117.0	125.0	115.0	18	0.000852469497576	7.90996828904e-05	DLR00012647-2009-07-01_17-01-59	0.00145185978776	1	95	2587.5	207.5	8.96710865855e-05	0.0033565986467	135	135
103.0	104.0	86.0	116.0	125.0	115.0	19	0.000426234748788	7.22880698533e-05	DLR00012647-2009-07-01_17-01-59	0.0014418635224	1	95	2726.5	207.5	9.69816925604e-05	0.00452874420587	135	135
103.0	103.0	87.0	108.0	110.0	94.0	20	0.0	7.80970257228e-05	DLR00012647-2009-07-01_17-01-59	0.00232016844886	1	95	2853.5	207.5	0.000266470137663	0.0125206457456	135	135
101.0	102.0	87.0	106.0	107.0	92.0	21	0.0	8.21101516233e-05	DLR00012647-2009-07-01_17-01-59	0.00377231995628	1	95	2998.5	203.5	0.000829595407854	0.0360701156162	135	135
97.0	98.0	84.0	103.0	105.0	92.0	22	0.0	8.09814447287e-05	DLR00012647-2009-07-01_17-01-59	0.00419874817012	1	95	3133.5	207.5	0.000738245103594	0.0325003995951	135	135
95.0	96.0	83.0	101.0	104.0	92.0	23	0.000852469497576	8.0224763948e-05	DLR00012647-2009-07-01_17-01-59	0.0048377709278	1	95	3270.5	204.5	0.000877050952184	0.0397463903245	135	135
94.0	96.0	85.0	114.0	125.0	122.0	24	0.0176887420747	0.000147391090843	DLR00012647-2009-07-01_17-01-59	0.00455951359082	1	95	3411.5	207.5	0.00286568077506	0.0710213650168	135	135
93.0	94.0	80.0	97.0	98.0	85.0	1	0.0	8.35778765641e-05	DLR00012647-2009-07-01_17-01-59	0.00182107352557	2	95	266.5	343.5	0.000352262944758	0.0149182162076	135	135
95.0	95.0	80.0	101.0	101.0	86.0	2	0.00218445308754	8.93752163541e-05	DLR00012647-2009-07-01_17-01-59	0.00153534134569	2	95	402.5	343.5	0.000627794933948	0.0237093079013	135	135
98.0	98.0	82.0	103.0	104.0	88.0	3	0.0	9.05442845654e-05	DLR00012647-2009-07-01_17-01-59	0.00138977700272	2	95	541.5	343.5	0.000475624082422	0.0193936810698	135	135
100.0	100.0	83.0	105.0	105.0	90.0	4	5.32793435985e-05	8.61430217043e-05	DLR00012647-2009-07-01_17-01-59	0.00180069447937	2	95	676.5	337.5	0.0005522375873	0.0236560285577	135	135
100.0	101.0	83.0	105.0	106.0	89.0	5	0.0	8.08814122114e-05	DLR00012647-2009-07-01_17-01-59	0.000839646703445	2	95	813.5	343.5	0.000339801066231	0.0156108476744	135	135
100.0	101.0	83.0	105.0	107.0	89.0	6	0.0	8.35542076777e-05	DLR00012647-2009-07-01_17-01-59	0.000528921490794	2	95	947.5	343.5	0.000236670107555	0.0106025893761	135	135
101.0	102.0	83.0	106.0	107.0	89.0	7	0.000266396717992	8.65017138502e-05	DLR00012647-2009-07-01_17-01-59	0.00121932465166	2	95	1077.5	351.5	0.000319641761094	0.013799349992	135	135
100.0	102.0	83.0	106.0	107.0	89.0	8	0.000639352123182	8.26952215794e-05	DLR00012647-2009-07-01_17-01-59	0.000892678210458	2	95	1214.5	343.5	0.000262979948967	0.0112952208429	135	135
100.0	101.0	82.0	105.0	107.0	89.0	9	0.000479514092386	8.43181858885e-05	DLR00012647-2009-07-01_17-01-59	0.000682722499924	2	95	1360.5	343.5	0.000278718292397	0.0121476903405	135	135
99.0	101.0	82.0	104.5	106.0	88.0	10	0.0	8.22921253534e-05	DLR00012647-2009-07-01_17-01-59	0.00115276586957	2	95	1502.5	341.5	0.00034303638755	0.0154510096436	135	135
99.0	100.0	81.0	104.0	105.0	87.0	11	0.0	7.73551457544e-05	DLR00012647-2009-07-01_17-01-59	0.000676573173881	2	95	1634.5	342.5	0.000235771911436	0.0108157067505	135	135
99.0	101.0	82.0	104.0	106.5	88.0	12	0.000745910810379	8.50219504998e-05	DLR00012647-2009-07-01_17-01-59	0.00117346870252	2	95	1761.5	350.5	0.0004313657116	0.0181149768235	135	135
99.0	101.0	82.0	104.0	106.0	87.0	13	0.0	7.707058196e-05	DLR00012647-2009-07-01_17-01-59	0.00102240588649	2	95	1903.5	343.5	0.00021646385733	0.0102829133145	135	135
99.0	101.0	82.0	104.0	106.0	87.0	14	0.000532793435985	8.41107035016e-05	DLR00012647-2009-07-01_17-01-59	0.00157881031625	2	95	2041.5	341.5	0.000547047108965	0.0241355426501	135	135
99.0	100.0	81.0	104.0	106.0	87.0	15	0.000106558687197	8.3533418083e-05	DLR00012647-2009-07-01_17-01-59	0.000909585701979	2	95	2178.5	343.5	0.000253029988631	0.0111886621557	135	135
99.0	101.0	82.0	105.0	106.0	89.0	16	0.00159838030795	8.41083434509e-05	DLR00012647-2009-07-01_17-01-59	0.00159790292236	2	95	2317.5	343.5	0.000484204207472	0.0194469604134	135	135
100.0	101.0	82.0	105.0	107.0	88.0	17	0.00127870424636	9.0855479593e-05	DLR00012647-2009-07-01_17-01-59	0.000960916858447	2	95	2445.5	335.5	0.000363653767421	0.0140124673664	135	135
100.0	100.0	82.0	105.0	106.0	87.0	18	0.0	8.41082220466e-05	DLR00012647-2009-07-01_17-01-59	0.00217021828512	2	95	2590.5	337.5	0.000444677512663	0.0198199158186	135	135
99.0	100.0	81.0	104.0	105.0	88.0	19	0.0	8.21906399458e-05	DLR00012647-2009-07-01_17-01-59	0.00199833473404	2	95	2720.5	342.5	0.000402003956284	0.0173157866695	135	135
99.0	99.0	81.0	104.0	105.0	88.0	20	0.000266396717992	8.62379384999e-05	DLR00012647-2009-07-01_17-01-59	0.00249507240009	2	95	2861.5	343.5	0.000767892113509	0.0320741648463	135	135
98.0	98.0	80.0	102.0	103.0	86.0	21	0.0	8.50450847078e-05	DLR00012647-2009-07-01_17-01-59	0.00267880447518	2	95	2990.5	343.5	0.000657238779057	0.027865096702	135	135
94.0	94.0	78.0	99.0	99.0	84.0	22	0.000319676061591	8.92492956586e-05	DLR00012647-2009-07-01_17-01-59	0.00384923840188	2	95	3133.5	333.5	0.00103672948924	0.0423570781608	135	135
92.0	92.0	76.0	96.0	96.0	81.0	23	0.0	9.14744069929e-05	DLR00012647-2009-07-01_17-01-59	0.00484462426363	2	95	3263.5	343.5	0.00150209444023	0.0587138366455	135	135
90.0	91.0	77.0	93.0	95.0	82.0	24	0.00245084980553	8.33804519841e-05	DLR00012647-2009-07-01_17-01-59	0.00463370177359	2	95	3403.5	343.5	0.000752369892134	0.0302093878203	135	135
93.0	94.0	79.0	98.0	99.0	85.0	1	0.000426234748788	8.30538504978e-05	DLR00012647-2009-07-01_17-01-59	-0.000177679030028	3	95	269.5	481.5	0.000306156838102	0.013000159838	135	135
95.0	95.0	80.0	101.0	102.0	88.0	2	0.000372955405189	9.31671545164e-05	DLR00012647-2009-07-01_17-01-59	-0.000724725107663	3	95	403.5	481.5	0.000418671752359	0.0158239650488	135	135
98.0	98.0	82.0	103.0	104.0	88.0	3	0.00069263146678	8.63858200064e-05	DLR00012647-2009-07-01_17-01-59	0.000901919121557	3	95	547.5	481.5	0.000379106089373	0.015131333582	135	135
99.0	100.0	83.0	104.0	105.0	89.0	4	0.000106558687197	8.58073052906e-05	DLR00012647-2009-07-01_17-01-59	0.000714725770672	3	95	670.5	481.5	0.000276294359068	0.0116148969045	135	135
100.0	100.0	83.0	105.0	107.0	89.0	5	0.00106558687197	8.9085449561e-05	DLR00012647-2009-07-01_17-01-59	0.000450504691074	3	95	813.5	481.5	0.000370012020027	0.014332143428	135	135
100.0	101.0	83.0	105.0	107.0	89.0	6	5.32793435985e-05	8.37987920145e-05	DLR00012647-2009-07-01_17-01-59	0.00060705969843	3	95	948.5	481.5	0.000281726570199	0.0120944109969	135	135
100.0	101.0	83.0	105.0	107.0	88.5	7	0.0	8.4137447225e-05	DLR00012647-2009-07-01_17-01-59	0.000804072122634	3	95	1075.5	481.5	0.000240174185852	0.0106558687197	135	135
99.0	101.0	82.0	105.0	107.0	88.0	8	0.0	8.29090336947e-05	DLR00012647-2009-07-01_17-01-59	0.000351138871829	3	95	1222.5	481.5	0.00017708509651	0.00799190153977	135	135
99.0	101.0	82.0	105.0	107.0	89.0	9	5.32793435985e-05	8.7421386921e-05	DLR00012647-2009-07-01_17-01-59	0.000316706849368	3	95	1360.5	481.5	0.000239879860633	0.0101230752837	135	135
98.0	100.0	82.0	104.0	107.0	88.0	10	0.0	9.08881041304e-05	DLR00012647-2009-07-01_17-01-59	0.000406771932764	3	95	1495.5	481.5	0.000181300141326	0.00772550482178	135	135
98.0	100.0	81.0	104.0	106.0	88.0	11	0.000532793435985	8.75538920883e-05	DLR00012647-2009-07-01_17-01-59	0.000178330740347	3	95	1634.5	478.5	0.000259864527869	0.00990995790932	135	135
99.0	101.0	81.0	104.0	107.0	87.0	12	0.0	8.29139057971e-05	DLR00012647-2009-07-01_17-01-59	0.000373295555558	3	95	1771.5	481.5	0.000259918879885	0.0113485001865	135	135
99.0	101.0	81.0	104.0	106.0	88.0	13	0.0	8.84924773356e-05	DLR00012647-2009-07-01_17-01-59	0.00106777023156	3	95	1899.5	471.5	0.00030439120017	0.0125739250892	135	135
98.0	100.0	81.0	104.0	106.0	88.0	14	0.000266396717992	8.51803232351e-05	DLR00012647-2009-07-01_17-01-59	0.000258583519202	3	95	2037.5	481.5	0.00026399615537	0.0112419414993	135	135
98.0	100.0	81.0	104.0	106.0	88.0	15	0.0	8.917542548e-05	DLR00012647-2009-07-01_17-01-59	0.000488715519038	3	95	2173.5	481.5	0.000317530475158	0.0133731152432	135	135
98.0	100.0	81.0	104.0	105.0	88.0	16	0.000586072779583	8.2124399986e-05	DLR00012647-2009-07-01_17-01-59	0.000278876409112	3	95	2316.5	471.5	0.000231566525148	0.0101230752837	135	135
98.0	99.0	81.0	104.5	107.0	89.0	17	0.00197133571314	9.87922323205e-05	DLR00012647-2009-07-01_17-01-59	-0.00240375286655	3	95	2451.5	481.5	0.000309733977098	0.0100165165965	135	135
97.0	98.0	80.0	103.0	105.0	87.0	18	0.0	8.39397600279e-05	DLR00012647-2009-07-01_17-01-59	-0.00344609363374	3	95	2590.5	481.5	0.000159786838427	0.0069263146678	135	135
98.0	99.0	80.0	104.0	105.0	87.0	19	0.0	8.64961828649e-05	DLR00012647-2009-07-01_17-01-59	-0.00103854316876	3	95	2726.5	481.5	0.000320050353636	0.013532953274	135	135
98.0	99.0	80.0	103.0	104.0	86.0	20	0.0	8.3823393491e-05	DLR00012647-2009-07-01_17-01-59	0.000445430235933	3	95	2861.5	481.5	0.000300441106628	0.013000159838	135	135
97.0	97.0	79.0	102.0	102.0	85.0	21	0.0	8.79533686432e-05	DLR00012647-2009-07-01_17-01-59	0.000804363977885	3	95	2992.5	481.5	0.000298233979678	0.0125206457456	135	135
95.0	95.0	78.0	100.0	100.0	84.0	22	5.32793435985e-05	8.80699787595e-05	DLR00012647-2009-07-01_17-01-59	0.00154407124236	3	95	3133.5	481.5	0.00048416323133	0.0196067984442	135	135
92.0	92.0	76.0	96.5	97.0	81.0	23	0.000852469497576	9.18487583438e-05	DLR00012647-2009-07-01_17-01-59	0.00293081866146	3	95	3273.5	481.5	0.00070640644824	0.0268527891736	135	135
89.0	90.0	75.0	93.0	94.0	79.0	24	0.00069263146678	8.85978974177e-05	DLR00012647-2009-07-01_17-01-59	0.00322141239563	3	95	3407.5	476.5	0.000711954640077	0.0283446107944	135	135
94.0	94.0	80.0	99.0	100.0	87.0	1	0.000639352123182	9.06652984677e-05	DLR00012647-2009-07-01_17-01-59	0.0014557467108	4	95	265.5	625.5	0.000843540034874	0.0324471202515	135	135
96.0	96.0	81.0	101.0	102.0	87.0	2	0.000106558687197	8.96293735915e-05	DLR00012647-2009-07-01_17-01-59	0.00137176030143	4	95	405.5	614.5	0.00063769754209	0.0253609675529	135	135
98.0	98.0	82.0	103.0	104.0	88.0	3	0.0	8.64871074533e-05	DLR00012647-2009-07-01_17-01-59	0.00127345820223	4	95	540.5	618.5	0.000579463343008	0.0240289839629	135	135
99.0	100.0	82.0	104.0	106.0	89.0	4	0.00245084980553	8.68825067804e-05	DLR00012647-2009-07-01_17-01-59	0.000777585239649	4	95	670.5	618.5	0.000658337906633	0.0240289839629	135	135
100.0	101.0	82.0	105.0	106.0	89.0	5	0.00127870424636	8.77961899682e-05	DLR00012647-2009-07-01_17-01-59	0.0001878584367	4	95	813.5	618.5	0.000282299695641	0.00980339922212	135	135
100.0	101.0	82.0	105.0	107.0	89.0	6	0.000426234748788	8.57100780947e-05	DLR00012647-2009-07-01_17-01-59	0.00108637927796	4	95	944.5	618.5	0.000525773920101	0.022164206937	135	135
99.0	101.0	82.0	105.0	107.0	89.0	7	5.32793435985e-05	8.55894477621e-05	DLR00012647-2009-07-01_17-01-59	0.00113259605358	4	95	1079.5	623.5	0.00036879401399	0.015664127018	135	135
99.0	101.0	83.0	104.0	106.0	89.0	8	0.000213117374394	8.36000778484e-05	DLR00012647-2009-07-01_17-01-59	0.00168631750823	4	95	1224.5	623.5	0.000655432838622	0.028397890138	135	135
99.0	101.0	82.0	104.0	106.0	88.0	9	0.000213117374394	7.71519472799e-05	DLR00012647-2009-07-01_17-01-59	0.000383863142403	4	95	1356.5	613.5	0.000198930434694	0.00911076775534	135	135
98.0	100.0	82.0	104.0	106.0	89.0	10	0.0	7.9788189015e-05	DLR00012647-2009-07-01_17-01-59	0.000378998454411	4	95	1485.5	618.5	0.000389328406444	0.0174223453567	135	135
98.0	100.0	82.0	104.0	106.0	88.0	11	0.000106558687197	8.82527432764e-05	DLR00012647-2009-07-01_17-01-59	-0.000468941005439	4	95	1631.5	618.5	0.000199416200739	0.00820501891417	135	135
98.0	100.0	82.0	103.0	105.0	87.0	12	0.00127870424636	8.22531627189e-05	DLR00012647-2009-07-01_17-01-59	0.00197740906767	4	95	1771.5	622.5	0.000417370922595	0.0175289040439	135	135
99.0	101.0	82.0	103.0	106.0	89.0	13	5.32793435985e-05	9.77796092547e-05	DLR00012647-2009-07-01_17-01-59	0.00392022903161	4	95	1900.5	618.5	0.00162509960291	0.0592466300815	135	135
98.0	100.0	81.0	103.0	105.0	87.0	14	0.0	7.99235844513e-05	DLR00012647-2009-07-01_17-01-59	0.000878134087515	4	95	2041.5	618.5	0.000412374650969	0.0186477702595	135	135
98.0	100.0	81.0	104.0	106.0	88.0	15	0.00186477702595	8.6831527825e-05	DLR00012647-2009-07-01_17-01-59	0.00061194745214	4	95	2173.5	613.5	0.000427798297826	0.0160370824231	135	135
98.0	99.0	81.0	103.0	105.0	87.0	16	0.0	7.81984855569e-05	DLR00012647-2009-07-01_17-01-59	-0.000326146089539	4	95	2322.5	618.5	0.000168682380063	0.00756566679099	135	135
98.0	99.0	81.0	103.0	105.0	87.0	17	0.0	8.138440897e-05	DLR00012647-2009-07-01_17-01-59	-0.0015237407569	4	95	2453.5	618.5	0.000207472397457	0.00921732644254	135	135
97.0	99.0	81.0	103.0	105.0	87.0	18	0.0	8.25142549868e-05	DLR00012647-2009-07-01_17-01-59	-0.00100362038837	4	95	2591.5	617.5	0.000435191987866	0.0191805636955	135	135
97.0	98.0	80.0	103.0	104.0	86.0	19	0.0	8.02996250773e-05	DLR00012647-2009-07-01_17-01-59	-0.00169776025381	4	95	2718.5	618.5	0.000316130917541	0.0144919814588	135	135
98.0	99.0	80.0	103.0	105.0	87.0	20	0.000426234748788	8.66005949719e-05	DLR00012647-2009-07-01_17-01-59	0.000457966811091	4	95	2861.5	620.5	0.000764469962308	0.0325536789387	135	135
97.0	97.0	79.0	103.0	103.0	86.0	21	0.000106558687197	8.79533686432e-05	DLR00012647-2009-07-01_17-01-59	0.000490401506536	4	95	2992.5	613.5	0.000657496742497	0.027332303266	135	135
95.0	95.0	78.0	100.0	101.0	84.0	22	0.000159838030795	9.11180686234e-05	DLR00012647-2009-07-01_17-01-59	0.00219963261281	4	95	3133.5	618.5	0.000935210673468	0.0367094677394	135	135
91.0	91.0	75.0	97.0	97.0	81.0	23	0.00122542490277	9.45755675379e-05	DLR00012647-2009-07-01_17-01-59	0.0025962337182	4	95	3273.5	618.5	0.00109574685164	0.0420906814428	135	135
89.0	89.0	74.0	93.0	94.0	79.0	24	0.0	9.05950314716e-05	DLR00012647-2009-07-01_17-01-59	0.00319137555359	4	95	3406.5	618.5	0.0012898848515	0.0513080078853	135	135
94.0	95.0	80.0	99.0	99.0	85.0	1	0.0	8.47208195686e-05	DLR00012647-2009-07-01_17-01-59	0.00142282183139	5	95	266.5	755.5	0.000300501375676	0.0132132772124	135	135
96.0	97.0	81.0	102.0	102.0	87.0	2	0.000639352123182	9.04102061417e-05	DLR00012647-2009-07-01_17-01-59	0.0018776225842	5	95	405.5	757.5	0.000599923475405	0.0236560285577	135	135
98.0	98.0	82.0	103.0	104.0	88.0	3	0.0	8.75174308561e-05	DLR00012647-2009-07-01_17-01-59	0.00144476270732	5	95	533.5	757.5	0.00051034128273	0.0215248548138	135	135
99.0	99.0	82.0	105.0	106.0	89.0	4	0.0	8.28905273366e-05	DLR00012647-2009-07-01_17-01-59	-0.00118641138794	5	95	671.5	752.5	0.000209978509685	0.00884437103735	135	135
100.0	100.0	82.0	105.0	106.0	88.0	5	0.0	8.22434953216e-05	DLR00012647-2009-07-01_17-01-59	0.000255959563164	5	95	813.5	757.5	0.000195022487871	0.00873781235015	135	135
100.0	101.0	82.0	105.0	107.0	88.0	6	0.0	8.48776894677e-05	DLR00012647-2009-07-01_17-01-59	0.00063847548486	5	95	948.5	757.5	0.000158210540777	0.0070861526986	135	135
99.0	101.0	82.0	104.0	106.0	88.0	7	0.0	8.12818889254e-05	DLR00012647-2009-07-01_17-01-59	0.000587594262381	5	95	1085.5	757.5	0.000231604453277	0.0104960306889	135	135
99.0	101.0	83.0	104.0	106.0	89.0	8	0.0	8.472985734e-05	DLR00012647-2009-07-01_17-01-59	0.00103111071272	5	95	1224.5	747.5	0.00030630160336	0.0134263945868	135	135
99.0	101.0	83.0	104.0	106.0	89.0	9	0.0	7.85547790695e-05	DLR00012647-2009-07-01_17-01-59	0.0010704840966	5	95	1360.5	757.5	0.000191757431962	0.00889765038095	135	135
98.0	100.0	82.0	103.0	106.0	89.0	10	0.0	8.62263208582e-05	DLR00012647-2009-07-01_17-01-59	0.000211701306974	5	95	1495.5	757.5	0.00018687292105	0.00820501891417	135	135
98.0	99.0	82.0	103.0	105.0	89.0	11	0.000745910810379	8.58795559248e-05	DLR00012647-2009-07-01_17-01-59	-0.000102027576231	5	95	1628.5	756.5	0.000161589152786	0.00660663860621	135	135
98.0	99.0	81.0	103.0	105.0	88.0	12	0.000319676061591	8.26175526976e-05	DLR00012647-2009-07-01_17-01-59	0.000494900074695	5	95	1766.5	750.5	0.000181558583889	0.00740582876019	135	135
98.0	99.0	81.0	103.0	107.0	90.0	13	0.00127870424636	0.000108627783469	DLR00012647-2009-07-01_17-01-59	0.00141692795308	5	95	1903.5	757.5	0.000788470094323	0.0246683360861	135	135
98.0	99.0	81.0	104.0	107.0	90.0	14	0.00490169961106	0.000107598283174	DLR00012647-2009-07-01_17-01-59	6.71912956186e-05	5	95	2041.5	757.5	0.000593916581518	0.0140124673664	135	135
97.0	99.0	81.0	103.0	105.0	87.0	15	0.000266396717992	8.33979834176e-05	DLR00012647-2009-07-01_17-01-59	0.000283334263977	5	95	2178.5	757.5	0.000165379671257	0.0071394320422	135	135
98.0	99.0	81.0	103.0	105.0	87.0	16	5.32793435985e-05	8.2879031242e-05	DLR00012647-2009-07-01_17-01-59	0.000898270646736	5	95	2313.5	757.5	0.000241928713833	0.0106558687197	135	135
98.0	99.0	81.0	103.0	105.0	87.0	17	0.000586072779583	8.38208312663e-05	DLR00012647-2009-07-01_17-01-59	0.00123949060365	5	95	2453.5	763.5	0.000379650741274	0.0154510096436	135	135
98.0	99.0	81.0	104.0	106.0	88.0	18	0.0036762747083	9.88033132633e-05	DLR00012647-2009-07-01_17-01-59	0.00264479283781	5	95	2590.5	754.5	0.00116210715319	0.0271191858916	135	135
98.0	99.0	80.0	104.0	106.0	88.0	19	0.00767222547818	0.000105572671517	DLR00012647-2009-07-01_17-01-59	0.00255433483428	5	95	2721.5	749.5	0.0016495330272	0.0373488198625	135	135
98.0	99.0	80.0	103.0	104.0	86.0	20	0.00111886621557	8.68439418888e-05	DLR00012647-2009-07-01_17-01-59	0.0016519580846	5	95	2853.5	757.5	0.000574719445207	0.0226437210294	135	135
97.0	97.0	78.0	102.0	102.0	85.0	21	0.000852469497576	8.66316605041e-05	DLR00012647-2009-07-01_17-01-59	0.00105905930574	5	95	2998.5	757.5	0.000402926567423	0.0163567584847	135	135
95.0	95.0	77.0	100.0	100.0	83.0	22	0.00133198358996	9.09228220964e-05	DLR00012647-2009-07-01_17-01-59	0.00140319634384	5	95	3124.5	757.5	0.000602905543838	0.0235494698705	135	135
92.0	92.0	75.0	96.0	97.0	80.0	23	0.0	8.43340838492e-05	DLR00012647-2009-07-01_17-01-59	0.00125684742308	5	95	3265.5	757.5	0.000375846155991	0.0163567584847	135	135
89.0	89.0	74.0	93.0	94.0	79.0	24	0.0	8.63840618929e-05	DLR00012647-2009-07-01_17-01-59	0.00166836071217	5	95	3408.5	759.5	0.000628200269662	0.0266396717992	135	135
95.0	95.0	80.0	100.0	100.0	88.0	1	0.00101230752837	9.2355413377e-05	DLR00012647-2009-07-01_17-01-59	0.000509684813941	6	95	267.5	893.5	6.88603986637e-05	0.00165165965155	135	135
97.0	97.0	81.0	102.0	102.0	87.0	2	0.0	8.95563579531e-05	DLR00012647-2009-07-01_17-01-59	0.00275394606906	6	95	403.5	891.5	0.00100864103889	0.0410783739144	135	135
98.0	99.0	82.0	103.0	104.0	88.0	3	0.000106558687197	8.5564136338e-05	DLR00012647-2009-07-01_17-01-59	0.00218147290443	6	95	538.5	893.5	0.000632646702034	0.0272790239224	135	135
100.0	100.0	82.0	105.0	105.0	89.0	4	0.000586072779583	8.43579419311e-05	DLR00012647-2009-07-01_17-01-59	0.00202276326717	6	95	676.5	888.5	0.000613670294824	0.0261068783633	135	135
100.0	101.0	82.0	105.0	106.0	89.0	5	0.0	8.65747286589e-05	DLR00012647-2009-07-01_17-01-59	0.00119101032067	6	95	816.5	898.5	0.000344657660389	0.0147050988332	135	135
99.0	101.0	82.0	106.0	108.0	89.5	6	0.000959028184773	0.00010893002406	DLR00012647-2009-07-01_17-01-59	0.000174497847502	6	95	948.5	893.5	6.99957895843e-05	0.00223773243114	135	135
99.0	101.0	82.0	105.0	106.0	88.0	7	0.0	8.75091120553e-05	DLR00012647-2009-07-01_17-01-59	0.00131536495568	6	95	1086.5	891.5	0.000248754086815	0.0107624274069	135	135
99.0	100.0	82.0	104.0	106.0	88.0	8	0.000532793435985	8.85054449744e-05	DLR00012647-2009-07-01_17-01-59	0.000817096807429	6	95	1224.5	895.5	0.000303632810636	0.0125206457456	135	135
98.0	100.0	82.0	104.0	106.0	88.0	9	0.00143854227716	8.08781057534e-05	DLR00012647-2009-07-01_17-01-59	0.000284753389473	6	95	1360.5	883.5	0.000181788791691	0.0071394320422	135	135
98.0	100.0	82.0	103.0	105.0	89.0	10	0.000106558687197	8.31802638592e-05	DLR00012647-2009-07-01_17-01-59	0.00095515520411	6	95	1499.5	893.5	0.000277646809846	0.0113485001865	135	135
97.0	99.0	81.0	103.0	105.0	88.0	11	0.000372955405189	8.47600990407e-05	DLR00012647-2009-07-01_17-01-59	8.541424829e-05	6	95	1643.5	891.5	4.5871680799e-05	0.00159838030795	135	135
97.0	99.0	81.0	101.5	108.0	93.0	12	0.00143854227716	0.000145226749856	DLR00012647-2009-07-01_17-01-59	-0.000233298346818	6	95	1771.5	893.5	0.000141579731677	0.0035164366775	135	135
97.0	99.0	81.0	102.0	104.0	87.0	13	0.0	7.80610109644e-05	DLR00012647-2009-07-01_17-01-59	0.000798573703643	6	95	1902.5	889.5	0.000214249030244	0.00975011987852	135	135
97.0	99.0	81.0	102.0	104.0	88.0	14	0.00069263146678	8.61067122923e-05	DLR00012647-2009-07-01_17-01-59	0.00131607903507	6	95	2041.5	887.5	0.00052253568533	0.0220576482498	135	135
97.0	99.0	81.0	103.0	105.0	87.0	15	0.000586072779583	8.62958627098e-05	DLR00012647-2009-07-01_17-01-59	0.00139713905857	6	95	2178.5	893.5	0.000535792153404	0.022430603655	135	135
98.0	99.0	81.0	103.0	105.0	87.0	16	0.0	8.2251714718e-05	DLR00012647-2009-07-01_17-01-59	0.00117087917281	6	95	2316.5	893.5	0.000363805184538	0.0162501997975	135	135
98.0	100.0	81.0	132.0	140.0	128.0	17	0.015664127018	0.000279982910546	DLR00012647-2009-07-01_17-01-59	-0.000490530502389	6	95	2460.5	893.5	0.00134580721291	0.0144387021152	135	135
98.0	99.0	80.0	118.0	123.0	110.0	18	0.00314348127231	0.000155194666988	DLR00012647-2009-07-01_17-01-59	-0.000699323810357	6	95	2590.5	893.5	0.000209371292668	0.00458202354947	135	135
97.0	98.0	79.0	103.0	105.0	86.0	19	0.000639352123182	8.74949663154e-05	DLR00012647-2009-07-01_17-01-59	-0.0012332395157	6	95	2726.5	894.5	3.10312566034e-05	0.00101230752837	135	135
97.0	98.0	79.0	102.0	103.0	85.0	20	0.0	8.47283371699e-05	DLR00012647-2009-07-01_17-01-59	0.00113951949704	6	95	2861.5	889.5	0.000500412002881	0.0216846928446	135	135
96.0	97.0	78.0	102.0	102.0	84.0	21	0.000372955405189	8.71316400871e-05	DLR00012647-2009-07-01_17-01-59	0.00137675737103	6	95	2996.5	885.5	0.000620578369651	0.0254142468965	135	135
95.0	95.0	76.0	100.0	100.0	82.0	22	0.0	8.64684567854e-05	DLR00012647-2009-07-01_17-01-59	0.0017523303952	6	95	3126.5	893.5	0.000721660626563	0.0307421812563	135	135
92.0	92.0	75.0	97.0	97.0	81.0	23	0.00101230752837	8.97121511373e-05	DLR00012647-2009-07-01_17-01-59	0.00232458340943	6	95	3269.5	889.5	0.000997664619861	0.0403324631041	135	135
89.0	89.0	73.0	94.0	96.0	81.0	24	0.00111886621557	0.000110532036249	DLR00012647-2009-07-01_17-01-59	0.000849705690302	6	95	3411.5	893.5	0.000100011534626	0.00287708455432	135	135
96.0	96.0	80.0	100.0	101.0	86.0	1	0.000106558687197	8.93857290267e-05	DLR00012647-2009-07-01_17-01-59	0.00164674711896	7	95	272.5	1029.5	0.000537212145936	0.0223240449678	135	135
97.0	97.0	80.0	102.0	103.0	86.0	2	0.00069263146678	8.83493591738e-05	DLR00012647-2009-07-01_17-01-59	0.00161283889201	7	95	410.5	1029.5	0.000461870327785	0.0190207256647	135	135
98.0	99.0	81.0	103.0	104.0	88.0	3	0.000639352123182	8.79637301036e-05	DLR00012647-2009-07-01_17-01-59	0.00177698213318	7	95	548.5	1025.5	0.000472096002455	0.0190207256647	135	135
99.0	100.0	81.0	105.0	105.0	88.0	4	0.00101230752837	8.52663379877e-05	DLR00012647-2009-07-01_17-01-59	0.000805242427398	7	95	676.5	1028.5	0.000364315004239	0.0144387021152	135	135
100.0	101.0	82.0	105.0	106.0	88.0	5	0.0	8.28310972396e-05	DLR00012647-2009-07-01_17-01-59	0.00125120469511	7	95	822.5	1029.5	0.000299213414039	0.01273376312	135	135
99.0	101.0	82.0	104.0	106.0	89.0	6	0.0	8.55359845379e-05	DLR00012647-2009-07-01_17-01-59	0.00190519539902	7	95	952.5	1024.5	0.000409980123294	0.0169961106079	135	135
99.0	100.0	82.0	104.0	106.0	88.0	7	0.000372955405189	8.26081701239e-05	DLR00012647-2009-07-01_17-01-59	0.000667590362366	7	95	1081.5	1029.5	0.000176678125197	0.00756566679099	135	135
98.0	100.0	81.0	103.0	105.0	88.0	8	0.000745910810379	8.47798843078e-05	DLR00012647-2009-07-01_17-01-59	0.000408579991113	7	95	1219.5	1029.5	0.000324991617776	0.0138526293356	135	135
98.0	99.0	81.0	103.0	105.0	88.0	9	0.0	8.81102171416e-05	DLR00012647-2009-07-01_17-01-59	6.06606261076e-06	7	95	1360.5	1029.5	0.000180876045507	0.00783206350898	135	135
98.0	99.0	82.0	103.0	105.0	88.0	10	0.000213117374394	8.20760057338e-05	DLR00012647-2009-07-01_17-01-59	0.000707974912726	7	95	1485.5	1027.5	0.000169731975916	0.00740582876019	135	135
97.0	99.0	82.0	102.0	104.0	87.0	11	0.0	8.1720964539e-05	DLR00012647-2009-07-01_17-01-59	0.000865412432321	7	95	1635.5	1024.5	0.000188547137046	0.00804518088337	135	135
97.0	99.0	81.0	102.0	104.0	88.0	12	0.000319676061591	8.56643085549e-05	DLR00012647-2009-07-01_17-01-59	0.000798736636701	7	95	1771.5	1029.5	0.000204862171082	0.00879109169375	135	135
97.0	98.0	81.0	103.0	106.0	91.0	13	0.00479514092386	0.000120840258064	DLR00012647-2009-07-01_17-01-59	0.000797099698618	7	95	1895.5	1029.5	0.000427866486209	0.0101763546273	135	135
97.0	98.0	81.0	102.0	104.0	87.0	14	0.00149182162076	8.51420349397e-05	DLR00012647-2009-07-01_17-01-59	0.000463807938698	7	95	2041.5	1032.5	0.000212887014367	0.00761894613458	135	135
97.0	99.0	81.0	102.0	104.0	86.0	15	0.0	8.55891739817e-05	DLR00012647-2009-07-01_17-01-59	0.000747192120833	7	95	2178.5	1032.5	0.000200294737469	0.00847141563216	135	135
98.0	99.0	81.0	103.0	104.0	87.0	16	0.000159838030795	8.21229241282e-05	DLR00012647-2009-07-01_17-01-59	0.000870681891496	7	95	2316.5	1029.5	0.000163089613548	0.00729927007299	135	135
97.0	99.0	80.0	103.0	104.0	86.0	17	0.000266396717992	8.25796682761e-05	DLR00012647-2009-07-01_17-01-59	0.000476406542029	7	95	2462.5	1029.5	0.000166291659356	0.00724599072939	135	135
96.0	98.0	79.0	102.0	105.0	87.0	18	0.000905748841174	0.000108239046001	DLR00012647-2009-07-01_17-01-59	0.000645679479524	7	95	2590.5	1029.5	0.000658454252517	0.0204059885982	135	135
97.0	97.0	78.0	102.0	103.0	84.0	19	0.0	8.45451991077e-05	DLR00012647-2009-07-01_17-01-59	0.000166462542623	7	95	2728.5	1029.5	0.000176571711374	0.00756566679099	135	135
97.0	97.0	78.0	102.0	103.0	84.0	20	0.000532793435985	8.6145981535e-05	DLR00012647-2009-07-01_17-01-59	0.000714423178983	7	95	2861.5	1029.5	0.000333829321264	0.0138526293356	135	135
96.0	96.0	77.0	101.0	102.0	84.0	21	0.000905748841174	8.61470376315e-05	DLR00012647-2009-07-01_17-01-59	0.00112063804757	7	95	2993.5	1029.5	0.00058260229981	0.0242953806809	135	135
94.0	94.0	76.0	100.0	100.0	82.0	22	0.000799190153977	9.04919567899e-05	DLR00012647-2009-07-01_17-01-59	0.000775528428941	7	95	3133.5	1022.5	0.000406110910586	0.0159305237359	135	135
91.0	91.0	74.0	96.0	97.0	80.0	23	5.32793435985e-05	9.07411464543e-05	DLR00012647-2009-07-01_17-01-59	0.00104197418122	7	95	3273.5	1029.5	0.000481502495754	0.0187543289467	135	135
88.0	89.0	73.0	93.0	93.0	80.0	24	0.0	8.87944156871e-05	DLR00012647-2009-07-01_17-01-59	6.41577450375e-06	7	95	3411.5	1022.5	3.69120051886e-05	0.00159838030795	135	135
96.0	96.0	80.0	101.0	101.0	86.0	1	0.0	8.65759661542e-05	DLR00012647-2009-07-01_17-01-59	0.00171677171792	8	95	267.5	1165.5	0.000452695207864	0.0190740050083	135	135
97.0	98.0	80.0	103.0	103.0	87.0	2	0.00245084980553	9.42500810188e-05	DLR00012647-2009-07-01_17-01-59	0.00249738282003	8	95	403.5	1158.5	0.00108214962027	0.0387873621397	135	135
98.0	99.0	81.0	104.0	104.0	87.0	3	5.32793435985e-05	8.9626019239e-05	DLR00012647-2009-07-01_17-01-59	0.00161768660078	8	95	545.5	1168.5	0.000468286090825	0.0191272843519	135	135
99.0	100.0	81.0	105.0	106.0	88.0	4	0.000586072779583	9.12707371402e-05	DLR00012647-2009-07-01_17-01-59	0.00209884194382	8	95	670.5	1165.5	0.000751439478146	0.0301028291331	135	135
99.0	100.0	81.0	105.0	106.0	88.0	5	0.0	8.47852262473e-05	DLR00012647-2009-07-01_17-01-59	0.00146763718025	8	95	813.5	1165.5	0.000307134180717	0.013266556556	135	135
99.0	100.0	82.0	104.0	106.0	87.0	6	0.000905748841174	8.60098594429e-05	DLR00012647-2009-07-01_17-01-59	0.00251367281474	8	95	948.5	1161.5	0.000638247616067	0.0269593478608	135	135
99.0	100.0	81.0	104.0	105.0	88.0	7	0.000372955405189	8.65093449005e-05	DLR00012647-2009-07-01_17-01-59	0.00125090808497	8	95	1085.5	1167.5	0.000325812140443	0.0136927913048	135	135
98.0	100.0	81.0	103.0	105.0	87.0	8	0.0	8.4764893028e-05	DLR00012647-2009-07-01_17-01-59	0.00144696100801	8	95	1224.5	1167.5	0.000413745896208	0.0180616974799	135	135
98.0	99.0	81.0	103.0	105.0	87.0	9	0.000479514092386	8.14015759501e-05	DLR00012647-2009-07-01_17-01-59	0.000792663277002	8	95	1360.5	1166.5	0.000186926315504	0.00815173957057	135	135
97.0	99.0	81.0	102.0	104.0	87.0	10	0.00138526293356	8.57497356702e-05	DLR00012647-2009-07-01_17-01-59	0.00140603308338	8	95	1489.5	1165.5	0.000388040028293	0.0161436411103	135	135
97.0	98.0	81.0	102.0	104.0	87.0	11	0.000319676061591	8.81277366961e-05	DLR00012647-2009-07-01_17-01-59	0.000797540203058	8	95	1629.5	1165.5	0.000300278197578	0.012467366402	135	135
97.0	98.0	81.0	101.0	104.0	87.0	12	0.000852469497576	8.27496084942e-05	DLR00012647-2009-07-01_17-01-59	0.00194316548079	8	95	1762.5	1158.5	0.000496792451781	0.0204592679418	135	135
96.0	98.0	81.0	101.0	103.0	87.0	13	0.0	8.39180719176e-05	DLR00012647-2009-07-01_17-01-59	0.00152088236842	8	95	1903.5	1164.5	0.000283705513421	0.01273376312	135	135
96.0	98.0	81.0	101.0	103.0	86.0	14	0.0	8.32070423674e-05	DLR00012647-2009-07-01_17-01-59	0.00171446323162	8	95	2031.5	1161.5	0.000480448418268	0.021098620065	135	135
97.0	98.0	81.0	101.0	103.0	87.0	15	0.0	8.22450044732e-05	DLR00012647-2009-07-01_17-01-59	0.0012923649044	8	95	2181.5	1166.5	0.000285827213918	0.0129468804944	135	135
96.0	98.0	80.0	101.0	103.0	86.0	16	0.000532793435985	8.64787138735e-05	DLR00012647-2009-07-01_17-01-59	0.00114650357316	8	95	2316.5	1155.5	0.000299301954021	0.0123608077148	135	135
96.0	98.0	80.0	101.0	103.0	86.0	17	0.0	8.22920880074e-05	DLR00012647-2009-07-01_17-01-59	0.0016324010035	8	95	2443.5	1162.5	0.000327048641807	0.0142788640844	135	135
97.0	98.0	79.0	101.0	103.0	85.0	18	0.0	8.26004864315e-05	DLR00012647-2009-07-01_17-01-59	0.000946673208369	8	95	2590.5	1163.5	0.00048366126589	0.0214715754702	135	135
96.0	97.0	78.0	101.0	103.0	84.0	19	0.0	8.34841706638e-05	DLR00012647-2009-07-01_17-01-59	0.00114631380651	8	95	2726.5	1161.5	0.000378360549499	0.0171026692951	135	135
96.0	97.0	78.0	101.0	102.5	84.0	20	0.00069263146678	8.77412057722e-05	DLR00012647-2009-07-01_17-01-59	0.00151250244332	8	95	2861.5	1161.5	0.000514735790987	0.021098620065	135	135
96.0	96.0	77.0	101.0	102.0	84.0	21	0.00069263146678	8.81374738371e-05	DLR00012647-2009-07-01_17-01-59	0.00165789897743	8	95	2991.5	1158.5	0.000784784531472	0.0315946507539	135	135
94.0	94.0	76.0	99.0	99.0	82.0	22	0.0	8.9715313704e-05	DLR00012647-2009-07-01_17-01-59	0.001966248553	8	95	3133.5	1156.5	0.000899253981112	0.0361766743034	135	135
91.0	91.0	74.0	96.0	96.0	80.0	23	0.0	9.01308198775e-05	DLR00012647-2009-07-01_17-01-59	0.00186604075532	8	95	3274.5	1161.5	0.000800155324128	0.0323405615643	135	135
88.0	88.0	72.0	94.0	96.0	82.5	24	0.00127870424636	0.000113552687362	DLR00012647-2009-07-01_17-01-59	-0.000292768832597	8	95	3411.5	1165.5	0.0001027857869	0.00202461505674	135	135
96.0	96.0	80.0	101.0	101.0	85.0	1	0.00122542490277	8.67720191406e-05	DLR00012647-2009-07-01_17-01-59	0.000782079587539	9	95	269.5	1302.5	0.00030996385265	0.0123608077148	135	135
97.0	97.0	80.0	102.0	103.0	86.0	2	5.32793435985e-05	8.96511686974e-05	DLR00012647-2009-07-01_17-01-59	0.00103006833812	9	95	403.5	1301.5	0.000498761698167	0.020299429911	135	135
98.0	98.0	80.0	104.0	105.0	87.0	3	0.000745910810379	9.27118058278e-05	DLR00012647-2009-07-01_17-01-59	0.00122200699709	9	95	544.5	1300.5	0.000478111849312	0.0187543289467	135	135
99.0	100.0	81.0	104.0	105.0	88.0	4	0.0	8.85569777824e-05	DLR00012647-2009-07-01_17-01-59	0.00139474197555	9	95	666.5	1301.5	0.000382952061566	0.0159838030795	135	135
99.0	100.0	81.0	104.0	105.0	88.0	5	0.0	8.42929139521e-05	DLR00012647-2009-07-01_17-01-59	0.00117743905239	9	95	813.5	1301.5	0.000318050789284	0.0138526293356	135	135
99.0	100.0	81.0	104.0	105.0	87.0	6	0.0	7.81425968683e-05	DLR00012647-2009-07-01_17-01-59	0.00129833398332	9	95	948.5	1301.5	0.000176056242427	0.00809846022697	135	135
98.0	100.0	81.0	103.0	105.0	87.0	7	0.000159838030795	8.65656581322e-05	DLR00012647-2009-07-01_17-01-59	0.00149748491437	9	95	1083.5	1301.5	0.000397086918427	0.0164633171719	135	135
98.0	99.0	81.0	103.0	105.0	87.0	8	0.0	8.07957091152e-05	DLR00012647-2009-07-01_17-01-59	0.000578946463542	9	95	1224.5	1301.5	0.000152343478032	0.0071927113858	135	135
98.0	99.0	82.0	103.0	106.0	89.0	9	5.32793435985e-05	8.08408392879e-05	DLR00012647-2009-07-01_17-01-59	0.000675911605093	9	95	1360.5	1306.5	0.000258396981863	0.0115083382173	135	135
98.0	100.0	83.0	104.0	108.0	92.0	10	0.000266396717992	8.3632039023e-05	DLR00012647-2009-07-01_17-01-59	0.000737206676993	9	95	1495.5	1301.5	0.000441032944389	0.0190740050083	135	135
99.0	101.0	84.0	105.0	111.0	97.0	11	0.000799190153977	8.58920328819e-05	DLR00012647-2009-07-01_17-01-59	0.000789603476582	9	95	1634.5	1301.5	0.000550147401881	0.0229633970909	135	135
98.0	101.0	84.0	104.0	110.0	94.0	12	0.000905748841174	8.3580315488e-05	DLR00012647-2009-07-01_17-01-59	0.000635177969084	9	95	1764.5	1310.5	0.000551458129998	0.0231232351217	135	135
97.0	99.0	82.0	103.0	109.0	93.0	13	0.000959028184773	7.5875625723e-05	DLR00012647-2009-07-01_17-01-59	-0.00197733410918	9	95	1912.5	1301.5	0.000154753066925	0.007032873355	135	135
97.0	100.0	84.0	102.0	107.0	91.0	14	0.0	8.02184450497e-05	DLR00012647-2009-07-01_17-01-59	-0.00143268567028	9	95	2036.5	1301.5	0.000132817916091	0.00591400713943	135	135
97.0	100.0	83.0	104.0	111.0	98.0	15	0.000319676061591	8.12107704886e-05	DLR00012647-2009-07-01_17-01-59	0.000958825512892	9	95	2169.5	1301.5	0.000493572848185	0.0221109275934	135	135
98.0	101.0	84.0	104.0	109.0	92.0	16	0.0	8.65953962093e-05	DLR00012647-2009-07-01_17-01-59	0.00072870763323	9	95	2307.5	1301.5	0.000262538713664	0.0109222654377	135	135
97.0	99.0	82.0	103.0	107.0	90.0	17	0.000266396717992	8.14760484547e-05	DLR00012647-2009-07-01_17-01-59	0.00138203789886	9	95	2444.5	1301.5	0.000644298924308	0.0280249347328	135	135
98.0	100.0	82.0	104.0	107.0	92.0	18	0.0	8.1777860104e-05	DLR00012647-2009-07-01_17-01-59	0.00141882420807	9	95	2587.5	1292.5	0.000655056899511	0.0293036389792	135	135
97.0	98.0	79.0	102.0	105.0	87.0	19	0.000372955405189	9.05504365618e-05	DLR00012647-2009-07-01_17-01-59	0.00135539701607	9	95	2721.5	1301.5	0.000675552080557	0.0270126272044	135	135
96.0	96.0	77.0	101.0	102.0	84.0	20	0.0	8.69509279529e-05	DLR00012647-2009-07-01_17-01-59	0.000634058052271	9	95	2861.5	1301.5	0.000368445329695	0.0151846129256	135	135
95.0	95.0	76.0	100.0	101.0	82.0	21	0.00101230752837	8.9581929576e-05	DLR00012647-2009-07-01_17-01-59	0.00116802659417	9	95	2998.5	1301.5	0.000557562876585	0.0225904416858	135	135
93.0	93.0	75.0	98.0	99.0	81.0	22	0.000106558687197	8.58075756704e-05	DLR00012647-2009-07-01_17-01-59	0.00105037600815	9	95	3134.5	1302.5	0.000613876207363	0.0262667163941	135	135
90.0	91.0	73.0	95.0	96.0	79.0	23	0.000213117374394	8.65007221821e-05	DLR00012647-2009-07-01_17-01-59	0.00134279499802	9	95	3273.5	1301.5	0.000626226281105	0.0258404816453	135	135
88.0	88.0	73.0	92.0	93.0	78.0	24	0.000319676061591	8.82270519656e-05	DLR00012647-2009-07-01_17-01-59	0.00112758838776	9	95	3414.5	1295.5	0.000476004636894	0.0191805636955	135	135
96.0	96.0	80.0	101.0	101.0	85.0	1	0.000799190153977	8.62003318617e-05	DLR00012647-2009-07-01_17-01-59	0.00146011098765	10	95	263.5	1444.5	0.000444880719392	0.0179551387927	135	135
97.0	97.0	80.0	102.0	104.0	86.0	2	0.000372955405189	9.65217500494e-05	DLR00012647-2009-07-01_17-01-59	0.00155326484945	10	95	403.5	1441.5	0.000828498808865	0.0308487399435	135	135
98.0	98.0	80.0	103.0	104.0	87.0	3	0.0	9.1365243222e-05	DLR00012647-2009-07-01_17-01-59	0.00143416327135	10	95	537.5	1447.5	0.000634605266477	0.0249347328041	135	135
99.0	100.0	81.0	104.0	105.0	88.0	4	0.0	9.06702098974e-05	DLR00012647-2009-07-01_17-01-59	0.00240149108568	10	95	676.5	1440.5	0.000791741970897	0.0323938409079	135	135
99.0	100.0	82.0	105.0	106.0	88.0	5	0.00170493899515	8.96140972168e-05	DLR00012647-2009-07-01_17-01-59	0.00217996168532	10	95	809.5	1439.5	0.000777873680277	0.0294101976664	135	135
99.0	100.0	81.0	104.0	106.0	87.0	6	0.000905748841174	8.79665027014e-05	DLR00012647-2009-07-01_17-01-59	0.0016346708302	10	95	948.5	1431.5	0.000520235174901	0.0213117374394	135	135
98.0	99.0	81.0	103.0	105.0	86.0	7	0.000159838030795	8.03665280404e-05	DLR00012647-2009-07-01_17-01-59	0.00102092974066	10	95	1076.5	1436.5	0.00014348982008	0.00676647663701	135	135
97.0	99.0	81.0	103.0	104.0	87.0	8	0.000159838030795	8.93616142067e-05	DLR00012647-2009-07-01_17-01-59	0.0020709209671	10	95	1224.5	1440.5	0.000449334285006	0.0183813735415	135	135
97.0	99.0	81.0	102.0	104.0	86.0	9	0.0	8.32215398283e-05	DLR00012647-2009-07-01_17-01-59	0.00188103747719	10	95	1360.5	1437.5	0.000295068635469	0.0128936011508	135	135
97.0	99.0	82.0	102.0	104.0	88.0	10	0.000639352123182	8.38249985889e-05	DLR00012647-2009-07-01_17-01-59	0.00202832495688	10	95	1487.5	1435.5	0.000552867608466	0.0233896318397	135	135
97.0	100.0	82.0	103.0	106.0	89.0	11	0.0	8.28759275149e-05	DLR00012647-2009-07-01_17-01-59	0.00158579091357	10	95	1634.5	1435.5	0.000509186808229	0.0228568384038	135	135
96.0	98.0	80.0	101.0	103.0	86.0	12	0.0	7.90802439974e-05	DLR00012647-2009-07-01_17-01-59	0.00155060508512	10	95	1771.5	1440.5	0.000316005812632	0.0143854227716	135	135
96.0	98.0	80.0	101.0	103.0	86.0	13	0.0	8.12590535646e-05	DLR00012647-2009-07-01_17-01-59	0.000973551583019	10	95	1908.5	1435.5	0.000259988349272	0.0117747349353	135	135
95.0	97.0	80.0	99.0	103.0	87.0	14	0.000319676061591	8.9293075671e-05	DLR00012647-2009-07-01_17-01-59	0.000786003548258	10	95	2041.5	1448.5	0.000166021589196	0.00623368320102	135	135
95.0	97.0	79.0	100.5	102.0	87.0	15	0.000479514092386	9.26881343952e-05	DLR00012647-2009-07-01_17-01-59	0.000792897428175	10	95	2178.5	1440.5	5.330502842e-05	0.00191805636955	135	135
95.0	96.0	78.0	100.0	101.0	84.0	16	0.000852469497576	8.30602582279e-05	DLR00012647-2009-07-01_17-01-59	0.00157096725182	10	95	2316.5	1438.5	0.000354084407931	0.0152378922692	135	135
95.0	96.0	78.0	100.0	101.0	84.0	17	0.00154510096436	8.17774449849e-05	DLR00012647-2009-07-01_17-01-59	0.0016864711198	10	95	2453.5	1440.5	0.000447122086073	0.0181682561671	135	135
95.0	96.0	78.0	100.0	101.0	84.0	18	0.0	8.40825802577e-05	DLR00012647-2009-07-01_17-01-59	0.00148528063164	10	95	2590.5	1440.5	0.000405109840199	0.0174223453567	135	135
96.0	97.0	78.0	101.0	102.0	85.0	19	0.00191805636955	8.71653251008e-05	DLR00012647-2009-07-01_17-01-59	0.00200500324394	10	95	2721.5	1436.5	0.000785324772159	0.0318077681283	135	135
95.0	95.0	77.0	102.0	103.0	86.0	20	0.000319676061591	0.000114529374684	DLR00012647-2009-07-01_17-01-59	-0.00067976726741	10	95	2861.5	1442.5	3.92969658805e-05	0.00122542490277	135	135
95.0	95.0	76.0	100.0	100.0	82.5	21	0.0	8.85064046777e-05	DLR00012647-2009-07-01_17-01-59	0.00191104576971	10	95	2994.5	1435.5	0.000870567576042	0.0352709254622	135	135
94.0	94.0	76.0	99.0	100.0	83.0	22	0.000266396717992	8.80070515263e-05	DLR00012647-2009-07-01_17-01-59	0.00199758895435	10	95	3133.5	1442.5	0.000824191887689	0.0334594277798	135	135
90.0	91.0	74.0	95.0	96.0	79.0	23	0.000532793435985	8.8922014107e-05	DLR00012647-2009-07-01_17-01-59	0.00233716485921	10	95	3273.5	1434.5	0.00104001247844	0.0421439607864	135	135
87.0	88.0	73.0	92.0	92.0	77.0	24	0.00127870424636	8.71420821643e-05	DLR00012647-2009-07-01_17-01-59	0.00254197985923	10	95	3407.5	1440.5	0.0010565225477	0.0426767542224	135	135
95.0	95.0	79.0	102.0	103.0	89.0	1	0.00186477702595	0.000117916819951	DLR00012647-2009-07-01_17-01-59	0.000134640539388	11	95	267.5	1574.5	0.000144596966224	0.00399595076989	135	135
96.0	97.0	80.0	102.0	102.0	86.0	2	5.32793435985e-05	8.9015089699e-05	DLR00012647-2009-07-01_17-01-59	0.00121405155966	11	95	406.5	1574.5	0.000489334894066	0.020033033193	135	135
98.0	98.0	81.0	103.0	104.0	87.0	3	0.000213117374394	9.07035607865e-05	DLR00012647-2009-07-01_17-01-59	0.00320840152187	11	95	541.5	1574.5	0.00109301061472	0.0429431509404	135	135
99.0	99.0	81.0	103.0	105.0	87.0	4	0.000372955405189	8.45040545728e-05	DLR00012647-2009-07-01_17-01-59	0.0019462480261	11	95	676.5	1574.5	0.000514723142769	0.021897810219	135	135
99.0	100.0	81.0	104.0	105.0	88.0	5	0.000745910810379	9.12758453575e-05	DLR00012647-2009-07-01_17-01-59	0.00254737263028	11	95	813.5	1574.5	0.000560107187688	0.0214715754702	135	135
98.0	99.0	81.0	104.0	106.0	89.0	6	0.000959028184773	9.78612363577e-05	DLR00012647-2009-07-01_17-01-59	0.000964210156755	11	95	948.5	1571.5	0.000118378063144	0.00378283339549	135	135
98.0	99.0	80.0	103.0	105.0	86.0	7	0.0	8.23700563817e-05	DLR00012647-2009-07-01_17-01-59	0.000857886136596	11	95	1082.5	1574.5	6.67380112951e-05	0.00282380521072	135	135
97.0	98.0	80.0	101.0	103.0	85.5	8	0.0	7.82300674916e-05	DLR00012647-2009-07-01_17-01-59	0.000647724458591	11	95	1224.5	1574.5	2.26335254477e-05	0.00106558687197	135	135
96.0	98.0	80.0	102.5	104.5	87.0	9	0.0	9.26030550516e-05	DLR00012647-2009-07-01_17-01-59	0.000190383157815	11	95	1355.5	1574.5	1.68260040692e-05	0.000639352123182	135	135
96.0	98.0	80.0	101.0	103.0	87.0	10	0.00202461505674	9.15466641903e-05	DLR00012647-2009-07-01_17-01-59	0.00161595217117	11	95	1495.5	1574.5	0.000545266701203	0.0204059885982	135	135
96.0	97.0	80.0	100.0	103.0	87.0	11	0.000479514092386	8.82778039421e-05	DLR00012647-2009-07-01_17-01-59	0.00133602253543	11	95	1625.5	1574.5	0.000396953204035	0.0156108476744	135	135
96.0	97.0	80.0	100.0	103.0	85.0	12	0.000213117374394	8.39502253056e-05	DLR00012647-2009-07-01_17-01-59	0.000839534636684	11	95	1767.5	1572.5	0.000284685521591	0.0119345729661	135	135
95.0	97.0	79.0	100.0	102.0	85.0	13	0.000213117374394	8.62942592155e-05	DLR00012647-2009-07-01_17-01-59	0.000748783119273	11	95	1912.5	1574.5	0.000214193214334	0.00937716447333	135	135
95.0	96.0	78.0	100.0	103.0	86.0	14	0.000586072779583	9.29039688935e-05	DLR00012647-2009-07-01_17-01-59	0.000420685614458	11	95	2041.5	1574.5	4.98249780203e-05	0.00159838030795	135	135
95.0	96.0	78.0	100.0	102.0	85.0	15	0.000213117374394	9.21200354845e-05	DLR00012647-2009-07-01_17-01-59	0.00080207159075	11	95	2178.5	1574.5	4.30007987178e-05	0.00154510096436	135	135
94.0	96.0	78.0	99.0	101.0	84.0	16	0.0	8.50500482118e-05	DLR00012647-2009-07-01_17-01-59	0.00110917877365	11	95	2316.5	1574.5	0.000243063209709	0.0104960306889	135	135
94.0	95.0	77.0	99.0	101.0	83.0	17	0.000905748841174	8.95241967312e-05	DLR00012647-2009-07-01_17-01-59	0.00111334227513	11	95	2454.5	1574.5	0.000247432882649	0.00990995790932	135	135
95.0	96.0	78.0	100.0	102.0	84.0	18	5.32793435985e-05	8.1544201441e-05	DLR00012647-2009-07-01_17-01-59	0.00135253603285	11	95	2589.5	1574.5	0.000396437933981	0.0174756247003	135	135
95.0	95.0	77.0	100.0	102.0	84.0	19	0.0	9.44381537164e-05	DLR00012647-2009-07-01_17-01-59	-5.65651279609e-05	11	95	2726.5	1574.5	0.000119520091126	0.00468858223667	135	135
95.0	95.0	76.0	102.0	104.0	88.0	20	0.000159838030795	0.000101217968832	DLR00012647-2009-07-01_17-01-59	-0.00058329608875	11	95	2859.5	1574.5	0.00022231209229	0.00783206350898	135	135
94.0	94.0	76.0	98.0	98.0	82.0	21	0.0	7.21137889118e-05	DLR00012647-2009-07-01_17-01-59	0.000139221670953	11	95	2998.5	1574.5	8.00192105437e-06	0.000426234748788	135	135
94.0	94.0	77.0	99.0	100.0	84.0	22	0.000266396717992	8.45388166279e-05	DLR00012647-2009-07-01_17-01-59	0.00147808501681	11	95	3135.5	1574.5	0.000555628109446	0.0238158665885	135	135
89.0	89.0	73.0	94.0	94.0	78.0	23	0.0	9.02514631456e-05	DLR00012647-2009-07-01_17-01-59	0.00144613602774	11	95	3273.5	1574.5	0.000637938393723	0.0259470403325	135	135
86.0	87.0	72.0	90.0	91.0	76.0	24	0.0	8.21161767357e-05	DLR00012647-2009-07-01_17-01-59	0.00132173708037	11	95	3408.5	1574.5	0.000312092096655	0.01406574671	135	135
94.0	95.0	79.0	99.0	100.0	85.0	1	0.0	8.48486467409e-05	DLR00012647-2009-07-01_17-01-59	-0.000289095533667	12	95	267.5	1715.5	4.04950688574e-05	0.00165165965155	135	135
95.0	96.0	79.0	101.0	102.0	86.0	2	0.000586072779583	9.34438068348e-05	DLR00012647-2009-07-01_17-01-59	0.000963938153499	12	95	403.5	1710.5	0.000882131396218	0.0342053385902	135	135
97.0	97.0	80.0	102.0	103.0	86.0	3	5.32793435985e-05	9.01358942295e-05	DLR00012647-2009-07-01_17-01-59	0.00213517089659	12	95	538.5	1713.5	0.000495401238828	0.0198731951622	135	135
98.0	99.0	81.0	103.0	104.0	87.0	4	0.000159838030795	8.94778265654e-05	DLR00012647-2009-07-01_17-01-59	0.0023977965068	12	95	667.5	1713.5	0.00083501362225	0.0332995897491	135	135
98.0	99.0	81.0	103.0	105.0	87.0	5	0.000372955405189	8.44780301692e-05	DLR00012647-2009-07-01_17-01-59	0.00148125006847	12	95	808.5	1718.5	0.000439198381766	0.0183813735415	135	135
98.0	99.0	81.0	103.0	104.0	86.0	6	0.0	8.33573668618e-05	DLR00012647-2009-07-01_17-01-59	0.00172285917549	12	95	948.5	1711.5	0.000512994826959	0.0228568384038	135	135
97.0	98.0	80.0	103.0	104.0	86.0	7	0.0	8.21039862045e-05	DLR00012647-2009-07-01_17-01-59	0.000692600761713	12	95	1081.5	1705.5	0.00028799819213	0.012467366402	135	135
97.0	98.0	80.0	101.0	103.0	86.0	8	0.00069263146678	8.73364444177e-05	DLR00012647-2009-07-01_17-01-59	0.00207902610394	12	95	1224.5	1708.5	0.000514812326531	0.0212051787522	135	135
96.0	97.0	79.0	101.0	103.0	85.0	9	0.0	8.327915012e-05	DLR00012647-2009-07-01_17-01-59	0.00143308113646	12	95	1361.5	1715.5	0.000377369134488	0.0165698758591	135	135
96.0	97.0	79.0	101.0	103.0	85.0	10	0.00117214555917	8.67582078777e-05	DLR00012647-2009-07-01_17-01-59	0.00182739336181	12	95	1504.5	1710.5	0.000579477421846	0.0229633970909	135	135
95.0	97.0	79.0	100.0	102.0	86.0	11	0.0	9.04173345071e-05	DLR00012647-2009-07-01_17-01-59	0.00174605406788	12	95	1634.5	1707.5	0.000476794055797	0.0193936810698	135	135
95.0	96.0	79.0	100.0	102.0	85.0	12	0.000905748841174	8.58288192952e-05	DLR00012647-2009-07-01_17-01-59	0.00058084117445	12	95	1768.5	1710.5	0.000390738657792	0.015664127018	135	135
94.0	96.0	78.0	99.0	101.0	84.0	13	0.000159838030795	8.20707701905e-05	DLR00012647-2009-07-01_17-01-59	0.000344986915759	12	95	1906.5	1704.5	0.000304126275151	0.0139059086792	135	135
94.0	95.0	78.0	99.0	101.0	84.0	14	0.0	8.19784599588e-05	DLR00012647-2009-07-01_17-01-59	0.000413945270933	12	95	2041.5	1703.5	0.000285142763676	0.0125206457456	135	135
94.0	95.5	78.0	99.0	101.0	84.0	15	0.000319676061591	8.34459963549e-05	DLR00012647-2009-07-01_17-01-59	0.00151678901542	12	95	2175.5	1705.5	0.00037545192079	0.0160370824231	135	135
94.0	95.0	78.0	99.0	100.0	83.0	16	0.000159838030795	8.13798454577e-05	DLR00012647-2009-07-01_17-01-59	0.00139584908056	12	95	2316.5	1710.5	0.000462390886315	0.0207256646598	135	135
94.0	95.0	77.0	99.0	100.0	83.0	17	0.000426234748788	8.37588483278e-05	DLR00012647-2009-07-01_17-01-59	0.00130022017106	12	95	2448.5	1710.5	0.000422421327364	0.0177953007619	135	135
95.0	96.0	78.0	100.0	101.0	84.0	18	0.000639352123182	8.75218159375e-05	DLR00012647-2009-07-01_17-01-59	0.00205443868337	12	95	2590.5	1710.5	0.000779580203679	0.0327667963131	135	135
95.0	96.0	77.0	100.0	102.0	84.0	19	0.0	8.66529791271e-05	DLR00012647-2009-07-01_17-01-59	0.00150144482414	12	95	2724.5	1701.5	0.000532410997338	0.0229101177473	135	135
94.0	95.0	76.0	99.0	100.0	83.0	20	0.000426234748788	8.47775605121e-05	DLR00012647-2009-07-01_17-01-59	0.00236985797754	12	95	2861.5	1710.5	0.000804556875571	0.0336725451542	135	135
93.0	93.0	76.0	98.0	99.0	82.0	21	0.000586072779583	8.54741837422e-05	DLR00012647-2009-07-01_17-01-59	0.00101824146594	12	95	2998.5	1706.5	0.000492874784385	0.0206723853162	135	135
92.0	93.0	76.0	98.0	98.0	82.0	22	0.0	8.90507279128e-05	DLR00012647-2009-07-01_17-01-59	0.00215457094302	12	95	3133.5	1710.5	0.00109145280915	0.0435825030636	135	135
89.0	89.0	74.0	94.0	95.0	80.0	23	0.000159838030795	8.77251668545e-05	DLR00012647-2009-07-01_17-01-59	0.00283239648455	12	95	3264.5	1710.5	0.00111789691205	0.0460333528691	135	135
86.0	86.0	71.0	90.0	90.0	76.0	24	0.000106558687197	8.81634351805e-05	DLR00012647-2009-07-01_17-01-59	0.00294373843966	12	95	3408.5	1705.5	0.00105621919321	0.0433693856892	135	135
94.0	94.0	79.0	99.0	99.0	84.0	1	5.32793435985e-05	8.9144199049e-05	DLR00012647-2009-07-01_17-01-59	0.00226307172835	13	95	271.5	1853.5	0.000709339648008	0.0289839629176	135	135
95.0	95.0	79.0	100.0	100.0	85.0	2	0.000639352123182	9.45091087558e-05	DLR00012647-2009-07-01_17-01-59	0.00150258531526	13	95	403.5	1849.5	0.000871773962267	0.0328733550003	135	135
96.0	97.0	80.0	101.0	102.0	86.0	3	0.00111886621557	9.25164033593e-05	DLR00012647-2009-07-01_17-01-59	0.00280619691144	13	95	541.5	1850.5	0.00100106727272	0.0375619372369	135	135
98.0	98.0	80.0	103.0	103.0	86.0	4	0.0	8.56746553719e-05	DLR00012647-2009-07-01_17-01-59	0.00188283913265	13	95	679.5	1850.5	0.00053473243678	0.0223773243114	135	135
98.0	99.0	81.0	103.0	104.0	87.0	5	0.000372955405189	8.7991834677e-05	DLR00012647-2009-07-01_17-01-59	0.00181624755978	13	95	808.5	1850.5	0.00049532289145	0.020565826629	135	135
98.0	99.0	80.0	103.0	104.0	87.0	6	0.000426234748788	8.93537285434e-05	DLR00012647-2009-07-01_17-01-59	0.00169941949981	13	95	948.5	1850.5	0.000499386383732	0.020299429911	135	135
97.0	98.0	79.0	102.0	104.0	87.0	7	0.00111886621557	9.70590854583e-05	DLR00012647-2009-07-01_17-01-59	6.16592174538e-05	13	95	1080.5	1850.5	0.000478244307185	0.0151846129256	135	135
96.0	97.0	79.0	102.0	103.0	85.0	8	0.000106558687197	8.70683425002e-05	DLR00012647-2009-07-01_17-01-59	0.00113548645466	13	95	1224.5	1850.5	0.000439301690272	0.0181149768235	135	135
96.0	97.0	79.0	101.0	103.0	85.0	9	0.000639352123182	9.27433396435e-05	DLR00012647-2009-07-01_17-01-59	0.00153074589343	13	95	1364.5	1850.5	0.000437669155231	0.0165165965155	135	135
95.0	97.0	79.0	100.0	102.0	86.0	10	0.0	9.2721635638e-05	DLR00012647-2009-07-01_17-01-59	0.00195994308785	13	95	1495.5	1841.5	0.000517561527133	0.0200863125366	135	135
95.0	96.0	79.0	100.0	101.0	85.0	11	0.0	8.10166432369e-05	DLR00012647-2009-07-01_17-01-59	0.00168235424445	13	95	1628.5	1850.5	0.000314465865446	0.0138526293356	135	135
94.0	95.0	78.0	99.0	102.0	85.0	12	0.00287708455432	8.95956894883e-05	DLR00012647-2009-07-01_17-01-59	0.00010697094513	13	95	1771.5	1855.5	0.000279259212805	0.00756566679099	135	135
94.0	95.0	78.0	99.0	101.0	83.0	13	0.00069263146678	8.08363008291e-05	DLR00012647-2009-07-01_17-01-59	-0.00011304062799	13	95	1903.5	1850.5	0.000213159411974	0.00879109169375	135	135
93.0	94.0	78.0	98.0	100.0	84.0	14	0.000106558687197	8.69882336178e-05	DLR00012647-2009-07-01_17-01-59	-0.000108444406846	13	95	2044.5	1840.5	0.000311039143919	0.0126272044328	135	135
93.0	94.0	77.0	98.0	100.0	84.0	15	0.0	8.15457981652e-05	DLR00012647-2009-07-01_17-01-59	-0.00149009072	13	95	2184.5	1850.5	0.000149765223673	0.00660663860621	135	135
93.0	94.0	77.0	98.0	100.0	83.0	16	0.000213117374394	8.4494816879e-05	DLR00012647-2009-07-01_17-01-59	-0.000673435693344	13	95	2316.5	1840.5	0.000299548446631	0.0122542490277	135	135
93.0	94.0	76.0	98.0	99.0	83.0	17	0.000745910810379	8.6744091406e-05	DLR00012647-2009-07-01_17-01-59	0.000109297883427	13	95	2455.5	1850.5	0.00071012452425	0.0279183760456	135	135
94.0	94.0	76.0	99.0	100.0	83.0	18	5.32793435985e-05	8.43104638346e-05	DLR00012647-2009-07-01_17-01-59	0.00103079055254	13	95	2589.5	1850.5	0.00049614422846	0.0209387820342	135	135
94.0	95.0	77.0	100.0	101.0	85.0	19	0.00127870424636	9.23828329016e-05	DLR00012647-2009-07-01_17-01-59	0.00150730298771	13	95	2722.5	1850.5	0.000546748938151	0.0202461505674	135	135
93.0	94.0	76.0	98.0	99.0	82.0	20	0.000266396717992	8.92020495055e-05	DLR00012647-2009-07-01_17-01-59	0.000611348933596	13	95	2861.5	1840.5	0.000468077986233	0.0191272843519	135	135
92.0	93.0	75.0	97.0	98.0	82.0	21	0.0	8.68448812987e-05	DLR00012647-2009-07-01_17-01-59	0.00139951192822	13	95	3007.5	1850.5	0.00048802479205	0.020299429911	135	135
91.0	91.0	74.0	95.0	96.0	80.0	22	0.0	8.51741253609e-05	DLR00012647-2009-07-01_17-01-59	0.0013229623674	13	95	3133.5	1850.5	0.000368296799346	0.0156108476744	135	135
88.0	87.0	72.0	92.0	93.0	78.0	23	0.000479514092386	9.34214331228e-05	DLR00012647-2009-07-01_17-01-59	0.00186302551058	13	95	3273.5	1850.5	0.000653144005387	0.0248814534605	135	135
85.0	85.0	70.0	89.0	89.0	75.0	24	0.000266396717992	9.10896166169e-05	DLR00012647-2009-07-01_17-01-59	0.00189831743809	13	95	3405.5	1842.5	0.000572851127329	0.0224838829986	135	135
93.0	93.0	78.0	98.0	98.0	83.0	1	0.000586072779583	8.44270936006e-05	DLR00012647-2009-07-01_17-01-59	0.00209219701931	14	95	270.5	1992.5	0.00039554213499	0.0163034791411	135	135
94.0	94.0	78.0	99.0	100.0	84.0	2	0.00106558687197	9.50061533588e-05	DLR00012647-2009-07-01_17-01-59	0.0024439667258	14	95	412.5	1986.5	0.00110191602031	0.0409185358836	135	135
96.0	96.0	79.0	101.0	101.0	85.0	3	0.0	9.08708265071e-05	DLR00012647-2009-07-01_17-01-59	0.00196272980669	14	95	541.5	1986.5	0.000548299364686	0.0212584580958	135	135
97.0	98.0	81.0	102.0	103.0	87.0	4	0.000106558687197	9.15607858433e-05	DLR00012647-2009-07-01_17-01-59	0.00265925956621	14	95	676.5	1986.5	0.000927096335869	0.0366029090522	135	135
97.0	98.0	80.0	102.0	104.0	86.0	5	0.000159838030795	8.59899000626e-05	DLR00012647-2009-07-01_17-01-59	0.00169463161006	14	95	814.5	1986.5	0.000468712207705	0.0194469604134	135	135
97.0	98.0	80.0	102.0	103.0	87.0	6	0.0	8.76950809164e-05	DLR00012647-2009-07-01_17-01-59	0.00246990556392	14	95	948.5	1981.5	0.000933677505514	0.0387340827961	135	135
97.0	98.0	79.0	102.0	103.0	86.0	7	0.00069263146678	8.23034908841e-05	DLR00012647-2009-07-01_17-01-59	0.000711184004815	14	95	1091.5	1986.5	0.000327781518512	0.0133198358996	135	135
96.0	97.0	79.0	101.0	103.0	85.0	8	0.00133198358996	8.75716088537e-05	DLR00012647-2009-07-01_17-01-59	0.00294417772046	14	95	1215.5	1986.5	0.00093420802628	0.0360701156162	135	135
95.0	96.0	78.0	100.0	102.0	84.0	9	0.0	8.61494283608e-05	DLR00012647-2009-07-01_17-01-59	0.00183343226028	14	95	1359.5	1986.5	0.000552903522375	0.0229101177473	135	135
95.0	96.0	78.0	99.0	101.0	84.0	10	0.0	8.46524299521e-05	DLR00012647-2009-07-01_17-01-59	0.00196278030058	14	95	1495.5	1986.5	0.000458561607811	0.0197133571314	135	135
94.0	96.0	78.0	99.0	101.0	85.0	11	0.000213117374394	8.90430631494e-05	DLR00012647-2009-07-01_17-01-59	0.00243002285576	14	95	1637.5	1986.5	0.000667489448255	0.0262134370505	135	135
94.0	95.0	78.0	99.0	100.0	84.0	12	0.0	8.14210262874e-05	DLR00012647-2009-07-01_17-01-59	0.00176690487073	14	95	1771.5	1976.5	0.000335111651765	0.0149714955512	135	135
93.0	95.0	77.0	98.0	100.0	83.0	13	0.000106558687197	8.54909500762e-05	DLR00012647-2009-07-01_17-01-59	0.000996573352878	14	95	1904.5	1982.5	0.000391163841575	0.0164633171719	135	135
93.0	94.0	77.0	98.0	99.0	83.0	14	0.0	8.40619796915e-05	DLR00012647-2009-07-01_17-01-59	0.00200136400493	14	95	2033.5	1977.5	0.000603168034254	0.0260003196761	135	135
93.0	94.0	77.0	98.0	101.0	86.0	15	0.00484842026746	0.000113023882751	DLR00012647-2009-07-01_17-01-59	0.00142609993101	14	95	2181.5	1979.5	0.00155468038319	0.0376152165805	135	135
92.0	94.0	76.0	97.0	99.0	83.0	16	0.000586072779583	8.69456200552e-05	DLR00012647-2009-07-01_17-01-59	0.00129875920099	14	95	2316.5	1979.5	0.000563711064318	0.0224838829986	135	135
92.0	93.0	76.0	98.0	99.0	82.0	17	0.00069263146678	8.97397356942e-05	DLR00012647-2009-07-01_17-01-59	-0.000351023608429	14	95	2448.5	1977.5	0.000471145191255	0.0191272843519	135	135
93.0	94.0	76.0	98.0	99.0	82.0	18	0.0	8.78479818937e-05	DLR00012647-2009-07-01_17-01-59	0.000978228976058	14	95	2592.5	1986.5	0.000653135239265	0.0274388619532	135	135
93.0	94.0	76.0	98.0	99.0	82.0	19	0.0	8.94846729331e-05	DLR00012647-2009-07-01_17-01-59	0.00209587062771	14	95	2732.5	1986.5	0.000795892247196	0.0323405615643	135	135
93.0	93.0	76.0	98.0	99.0	82.0	20	0.000586072779583	8.69876440708e-05	DLR00012647-2009-07-01_17-01-59	0.00126739718655	14	95	2865.5	1981.5	0.000554961971902	0.0212584580958	135	135
92.0	92.0	76.0	97.0	98.0	82.0	21	0.000426234748788	8.78449002793e-05	DLR00012647-2009-07-01_17-01-59	0.00209686319209	14	95	2995.5	1982.5	0.000762833204848	0.0297831530716	135	135
90.0	90.0	74.0	95.0	95.0	79.0	22	0.00111886621557	8.833365614e-05	DLR00012647-2009-07-01_17-01-59	0.00328607404617	14	95	3133.5	1986.5	0.00133470232348	0.0522137567265	135	135
87.0	87.0	72.0	92.0	92.0	77.0	23	0.000532793435985	8.88575474062e-05	DLR00012647-2009-07-01_17-01-59	0.00294215147086	14	95	3273.5	1979.5	0.00103800159708	0.0425701955352	135	135
85.0	85.0	70.0	92.0	94.0	82.0	24	0.0033565986467	0.000140933671748	DLR00012647-2009-07-01_17-01-59	0.000376490432389	14	95	3411.5	1986.5	0.000224134316939	0.00436890617508	135	135
93.0	93.0	78.0	97.0	97.0	83.0	1	0.000426234748788	8.93962720437e-05	DLR00012647-2009-07-01_17-01-59	0.00372222878887	15	95	272.5	2122.5	0.00136162921006	0.0548777239064	135	135
94.0	93.0	78.0	99.0	99.0	84.0	2	0.00122542490277	9.41029381492e-05	DLR00012647-2009-07-01_17-01-59	0.00334075192549	15	95	403.5	2122.5	0.00159611354477	0.0598327028611	135	135
96.0	95.0	79.0	101.0	101.0	85.0	3	0.00122542490277	9.30094157813e-05	DLR00012647-2009-07-01_17-01-59	0.00220499309533	15	95	547.5	2124.5	0.001005848988	0.0376152165805	135	135
97.0	97.0	80.0	102.0	102.0	86.0	4	5.32793435985e-05	8.59736073509e-05	DLR00012647-2009-07-01_17-01-59	0.0014892049644	15	95	670.5	2128.5	0.000429906265918	0.0177953007619	135	135
97.0	97.0	80.0	102.0	103.0	86.0	5	0.00181149768235	8.75705306267e-05	DLR00012647-2009-07-01_17-01-59	0.00160207054837	15	95	810.5	2125.5	0.000493994821347	0.0184879322287	135	135
97.0	97.0	79.0	101.0	102.0	85.0	6	0.0	8.55896096889e-05	DLR00012647-2009-07-01_17-01-59	0.00190395796374	15	95	948.5	2122.5	0.000482786688864	0.0207789440034	135	135
96.0	97.0	79.0	101.0	102.0	85.0	7	0.0	8.54877224735e-05	DLR00012647-2009-07-01_17-01-59	0.00139127147478	15	95	1075.5	2122.5	0.000363006638576	0.0158772443923	135	135
96.0	97.0	78.0	101.0	102.0	84.0	8	0.0	8.39160394069e-05	DLR00012647-2009-07-01_17-01-59	0.00129590960251	15	95	1221.5	2112.5	0.000309595674577	0.0130534391816	135	135
95.0	95.0	77.0	99.5	101.0	83.0	9	0.0	8.35549185677e-05	DLR00012647-2009-07-01_17-01-59	0.00135698400092	15	95	1359.5	2122.5	0.000379374895633	0.0167297138899	135	135
94.0	95.0	77.0	99.0	100.0	83.0	10	0.0	8.66176918201e-05	DLR00012647-2009-07-01_17-01-59	0.00185320431309	15	95	1496.5	2123.5	0.000423642813975	0.0178485801055	135	135
93.0	94.0	76.0	98.0	99.0	82.0	11	0.00154510096436	7.97013912293e-05	DLR00012647-2009-07-01_17-01-59	0.00145115703417	15	95	1636.5	2123.5	0.000262052359036	0.00980339922212	135	135
93.0	94.0	77.0	98.0	99.0	83.0	12	0.000745910810379	8.7842854229e-05	DLR00012647-2009-07-01_17-01-59	0.00142030492546	15	95	1771.5	2125.5	0.000356584767069	0.0142788640844	135	135
93.0	94.0	76.0	98.0	99.0	82.0	13	0.000266396717992	8.46672860417e-05	DLR00012647-2009-07-01_17-01-59	0.000269980884128	15	95	1903.5	2122.5	0.000177573460499	0.00745910810379	135	135
92.0	93.0	76.0	97.0	99.0	81.0	14	0.000159838030795	8.60403971492e-05	DLR00012647-2009-07-01_17-01-59	0.000957067718578	15	95	2047.5	2122.5	0.000285437652744	0.0121476903405	135	135
92.0	93.0	76.0	97.0	98.0	81.0	15	0.0	8.81007733013e-05	DLR00012647-2009-07-01_17-01-59	0.00142449377962	15	95	2178.5	2122.5	0.00036100031729	0.014864936864	135	135
92.0	93.0	76.0	97.0	98.0	81.0	16	0.0	8.63510538099e-05	DLR00012647-2009-07-01_17-01-59	0.00143930708326	15	95	2316.5	2122.5	0.000349519739345	0.0148116575204	135	135
93.0	93.0	76.0	98.0	98.0	81.0	17	0.00154510096436	8.54140661424e-05	DLR00012647-2009-07-01_17-01-59	0.00136848888438	15	95	2453.5	2122.5	0.000404367397276	0.0153444509564	135	135
93.0	93.0	76.0	97.0	98.0	81.0	18	0.0	8.10510772218e-05	DLR00012647-2009-07-01_17-01-59	0.00101726234623	15	95	2590.5	2122.5	0.000344409632689	0.0155042889872	135	135
93.0	93.0	76.0	97.0	98.0	82.0	19	0.00234429111833	8.96713488964e-05	DLR00012647-2009-07-01_17-01-59	0.00191588039463	15	95	2734.5	2116.5	0.000747973217254	0.0245617773989	135	135
93.0	93.0	76.0	98.0	98.0	81.0	20	0.0	8.29356440681e-05	DLR00012647-2009-07-01_17-01-59	0.0014460597269	15	95	2866.5	2122.5	0.000228423107748	0.00990995790932	135	135
92.0	92.0	75.0	97.0	97.0	81.0	21	0.0	8.90003436825e-05	DLR00012647-2009-07-01_17-01-59	0.00146899910045	15	95	3006.5	2122.5	0.000286328304626	0.0115083382173	135	135
90.0	90.0	74.0	95.0	95.0	80.0	22	0.0	8.83728117022e-05	DLR00012647-2009-07-01_17-01-59	0.0018051924061	15	95	3133.5	2122.5	0.000423534625581	0.0177420214183	135	135
88.0	88.0	73.0	93.0	93.0	78.0	23	0.000159838030795	9.0041740673e-05	DLR00012647-2009-07-01_17-01-59	0.00221893452472	15	95	3268.5	2130.5	0.000568919579533	0.0224838829986	135	135
87.0	86.0	72.0	90.0	90.0	76.0	24	0.0	8.44020830082e-05	DLR00012647-2009-07-01_17-01-59	0.00251172896451	15	95	3414.5	2122.5	0.000497239173341	0.0215248548138	135	135
105.0	110.0	102.0	160.0	177.0	176.0	1	0.0447546486227	0.000263250498771	DLR00012647-2009-07-01_17-01-59	5.12331270781e-05	16	95	267.5	2300.5	0.0064058237721	0.107357877351	135	135
109.0	113.0	104.0	167.0	188.0	188.0	2	0.0468325430231	0.000225531691502	DLR00012647-2009-07-01_17-01-59	-1.98058017766e-05	16	95	403.5	2300.5	0.00654423455257	0.109489051095	135	135
109.0	114.0	105.0	169.0	189.0	187.0	3	0.0404390217913	0.000241184792515	DLR00012647-2009-07-01_17-01-59	-0.00180331192539	16	95	541.5	2300.5	0.00598848180826	0.103628323299	135	135
112.0	116.0	106.0	172.0	192.0	190.0	4	0.0479514092386	0.000233626089045	DLR00012647-2009-07-01_17-01-59	-0.00194305908402	16	95	676.5	2300.5	0.00593150760573	0.106718525228	135	135
112.0	116.0	105.0	161.0	179.0	176.0	5	0.0602589376099	0.000229941596726	DLR00012647-2009-07-01_17-01-59	-0.000279031908439	16	95	813.5	2300.5	0.00606752344308	0.111513666152	135	135
112.0	116.0	105.0	156.0	173.0	169.0	6	0.0432095476584	0.000266024274942	DLR00012647-2009-07-01_17-01-59	0.00116875750947	16	95	948.5	2300.5	0.00555794804261	0.102562736427	135	135
111.0	117.0	105.0	157.0	176.0	173.0	7	0.0376684959241	0.000269066161744	DLR00012647-2009-07-01_17-01-59	0.00104263998364	16	95	1080.5	2300.5	0.00534184883779	0.0910543982098	135	135
111.0	117.0	104.0	166.0	187.0	185.0	8	0.0399062283553	0.000248633417483	DLR00012647-2009-07-01_17-01-59	0.00103961995269	16	95	1224.5	2300.5	0.00627220135016	0.114657147424	135	135
110.0	115.0	103.0	167.0	188.0	185.0	9	0.0488038787362	0.000249654682729	DLR00012647-2009-07-01_17-01-59	0.000106427036702	16	95	1350.5	2300.5	0.00614965019979	0.105013586233	135	135
107.0	113.0	100.0	163.0	186.0	184.0	10	0.0548777239064	0.000238743040773	DLR00012647-2009-07-01_17-01-59	-0.00125828365362	16	95	1495.5	2300.5	0.00581706676425	0.092492940487	135	135
106.0	112.0	99.0	164.0	187.0	184.0	11	0.0511481698545	0.000244576773693	DLR00012647-2009-07-01_17-01-59	-0.00145044043176	16	95	1624.5	2300.5	0.0059432121245	0.0920667057382	135	135
107.0	112.0	99.0	168.0	189.0	186.0	12	0.0523735947573	0.000239482975656	DLR00012647-2009-07-01_17-01-59	-0.000489026487388	16	95	1771.5	2300.5	0.00667490763485	0.112419414993	135	135
106.0	110.0	96.0	168.0	188.0	185.0	13	0.0603122169535	0.000185072204949	DLR00012647-2009-07-01_17-01-59	-0.00153102514858	16	95	1903.5	2300.5	0.00721054671907	0.136288560925	135	135
105.0	110.0	96.0	154.0	179.0	175.0	14	0.0526932708189	0.000218412470345	DLR00012647-2009-07-01_17-01-59	-0.0001249451521	16	95	2041.5	2300.5	0.0070454219012	0.130427833129	135	135
106.0	110.0	96.0	162.0	186.0	181.0	15	0.050295700357	0.000240806922248	DLR00012647-2009-07-01_17-01-59	-9.03051920279e-06	16	95	2171.5	2300.5	0.00685684542257	0.117161276573	135	135
106.0	110.0	95.0	162.0	185.0	180.0	16	0.0407054185092	0.000205528290851	DLR00012647-2009-07-01_17-01-59	-0.000121389966058	16	95	2323.5	2300.5	0.00712195030273	0.126911396452	135	135
106.0	110.0	95.0	163.0	187.0	184.0	17	0.04086525654	0.000227034221008	DLR00012647-2009-07-01_17-01-59	9.78112901301e-05	16	95	2453.5	2300.5	0.0071038060751	0.127604027918	135	135
106.0	109.0	96.0	167.0	189.0	186.0	18	0.0444349725611	0.000249149699592	DLR00012647-2009-07-01_17-01-59	-0.00132069436547	16	95	2590.5	2300.5	0.00689445470129	0.114177633332	135	135
107.0	109.0	96.0	167.0	187.0	185.0	19	0.0443816932175	0.000273364225471	DLR00012647-2009-07-01_17-01-59	-0.00146882996718	16	95	2726.5	2300.5	0.00624869644597	0.10053812137	135	135
107.0	110.0	97.0	165.0	185.0	182.0	20	0.048697320049	0.000242859212796	DLR00012647-2009-07-01_17-01-59	-0.000992856051629	16	95	2861.5	2300.5	0.00675096764554	0.115030102829	135	135
108.0	111.0	99.0	165.0	185.0	183.0	21	0.0634024188822	0.000207649198383	DLR00012647-2009-07-01_17-01-59	-0.00181315386405	16	95	2998.5	2300.5	0.00720583874683	0.120304757845	135	135
106.0	110.0	98.0	164.0	185.0	183.0	22	0.0588203953327	0.000203867606535	DLR00012647-2009-07-01_17-01-59	-0.000365565221094	16	95	3123.5	2300.5	0.00750837381	0.115030102829	135	135
105.0	109.0	99.0	159.0	184.0	182.0	23	0.0782673557462	0.000195419456722	DLR00012647-2009-07-01_17-01-59	7.83100831927e-05	16	95	3279.5	2300.5	0.00813272377105	0.126058926954	135	135
103.0	107.0	99.0	151.0	174.0	174.0	24	0.0642016090362	0.000217137370767	DLR00012647-2009-07-01_17-01-59	0.0004008579341	16	95	3411.5	2300.5	0.00807896788155	0.123128563056	135	135
