93.0	92.0	81.0	134.0	159.0	157.0	1	0.0340455005594	0.000276060089213	DLR00012709-2009-07-01_22-30-12	0.00212496800024	1	103	271.5	212.5	0.00167314169347	0.0191272843519	135	135
95.0	94.0	81.0	108.0	107.0	95.0	2	0.00266396717992	0.000227562666118	DLR00012709-2009-07-01_22-30-12	0.00320018718799	1	103	413.5	215.5	0.000177963802599	0.00298364324152	135	135
99.0	98.0	85.0	110.0	110.0	97.0	3	0.00277052586712	0.000228244713414	DLR00012709-2009-07-01_22-30-12	0.00502938470139	1	103	544.5	212.5	0.000309939799309	0.00516809632905	135	135
101.0	100.0	86.0	126.0	133.0	127.0	4	0.0146518194896	0.000246333998455	DLR00012709-2009-07-01_22-30-12	0.00403622828173	1	103	678.5	207.5	0.000943546571202	0.0128403218072	135	135
102.0	101.0	85.0	114.0	114.0	101.0	5	0.00271724652352	0.000226965491836	DLR00012709-2009-07-01_22-30-12	0.00272595009534	1	103	815.5	211.5	0.000133359453095	0.00223773243114	135	135
103.0	101.0	85.0	116.0	117.0	101.0	6	0.00575416910864	0.00021493322994	DLR00012709-2009-07-01_22-30-12	0.00181443359616	1	103	952.5	207.5	2.92013285922e-06	5.32793435985e-05	135	135
103.0	102.0	85.0	114.0	114.0	99.0	7	0.000479514092386	0.000222875964075	DLR00012709-2009-07-01_22-30-12	0.00357512687088	1	103	1082.5	211.5	4.58928744208e-05	0.000799190153977	135	135
103.0	102.0	85.0	115.0	117.0	99.0	8	0.00218445308754	0.00022978718595	DLR00012709-2009-07-01_22-30-12	0.00291000213913	1	103	1221.5	206.5	0.000109892687922	0.00175821833875	135	135
103.0	103.0	86.0	121.0	121.0	107.0	9	0.00314348127231	0.000228722222024	DLR00012709-2009-07-01_22-30-12	0.00387664510186	1	103	1354.5	205.5	4.09755703279e-05	0.00069263146678	135	135
102.0	101.0	85.0	129.5	130.5	114.5	10	0.00170493899515	0.000478063718365	DLR00012709-2009-07-01_22-30-12	0.000207710649809	1	103	1492.5	203.5	3.58932843603e-05	0.000319676061591	135	135
102.0	102.0	85.0	113.0	115.0	99.0	11	5.32793435985e-05	0.000221892289595	DLR00012709-2009-07-01_22-30-12	0.00250247447773	1	103	1626.5	207.5	3.62742433193e-05	0.000639352123182	135	135
102.0	102.0	86.0	111.0	113.0	94.0	12	0.000319676061591	0.000207017720325	DLR00012709-2009-07-01_22-30-12	0.00237491074917	1	103	1778.5	201.5	5.6251818086e-06	0.000106558687197	135	135
102.0	102.0	86.0	115.5	118.5	102.5	13	0.00106558687197	0.000224258209384	DLR00012709-2009-07-01_22-30-12	0.00438341011165	1	103	1908.5	211.5	0.000123780374299	0.00202461505674	135	135
100.0	100.0	83.0	116.0	116.0	100.0	14	0.0	0.000219149526327	DLR00012709-2009-07-01_22-30-12	0.00066690396799	1	103	2046.5	211.5	2.97741644272e-06	5.32793435985e-05	135	135
102.0	102.0	86.0	112.0	113.0	96.0	15	0.000372955405189	0.000219423414539	DLR00012709-2009-07-01_22-30-12	0.0036579522304	1	103	2184.5	204.5	8.83281895059e-05	0.00154510096436	135	135
101.0	100.0	83.0	112.0	113.0	97.0	16	5.32793435985e-05	0.000217935588788	DLR00012709-2009-07-01_22-30-12	0.0016077877925	1	103	2316.5	211.5	2.67654234478e-05	0.000479514092386	135	135
103.0	103.0	86.0	113.0	114.0	97.0	17	0.000213117374394	0.000228905278169	DLR00012709-2009-07-01_22-30-12	0.00372048185494	1	103	2449.5	201.5	0.000124012671932	0.00207789440034	135	135
102.0	101.0	85.0	113.0	112.0	98.0	18	0.00287708455432	0.000245393702057	DLR00012709-2009-07-01_22-30-12	0.00260270364135	1	103	2591.5	202.5	0.000218742946301	0.0034098779903	135	135
101.0	101.0	86.0	110.0	111.0	96.0	19	0.000586072779583	0.000225169886363	DLR00012709-2009-07-01_22-30-12	0.00364829007009	1	103	2730.5	204.5	0.000238979484032	0.00410250945708	135	135
99.0	97.0	82.0	114.0	115.5	97.0	20	0.00165165965155	0.000218175470021	DLR00012709-2009-07-01_22-30-12	-0.0011093181197	1	103	2866.5	211.5	5.65050112152e-05	0.000959028184773	135	135
98.0	98.0	84.0	108.0	108.0	95.0	21	0.00303692258511	0.000228970379793	DLR00012709-2009-07-01_22-30-12	0.00624124312674	1	103	2996.5	203.5	0.000671497698824	0.0112952208429	135	135
94.0	92.0	79.0	104.0	105.0	90.0	22	0.00314348127231	0.000228722385923	DLR00012709-2009-07-01_22-30-12	0.0018399084428	1	103	3137.5	211.5	0.000195394929505	0.00314348127231	135	135
92.0	92.0	80.0	104.0	105.0	92.0	23	0.00495497895466	0.000229179282064	DLR00012709-2009-07-01_22-30-12	0.00494388895034	1	103	3264.5	203.5	0.000326540420452	0.00538121370345	135	135
91.0	92.0	82.0	121.0	130.0	127.0	24	0.0231765144653	0.000254860734861	DLR00012709-2009-07-01_22-30-12	0.000219751594187	1	103	3419.5	211.5	0.00143341815375	0.0159305237359	135	135
91.0	90.0	77.0	103.0	103.0	91.0	1	0.00245084980553	0.000226784690021	DLR00012709-2009-07-01_22-30-12	0.00478549309232	2	103	263.5	344.5	0.000169072985897	0.00255740849273	135	135
93.0	92.0	77.0	106.0	106.0	93.0	2	0.00394267142629	0.000234087063405	DLR00012709-2009-07-01_22-30-12	0.00261691670719	2	103	409.5	337.5	0.000209471129302	0.0033565986467	135	135
96.0	95.0	80.0	109.0	109.0	96.0	3	0.00863125366295	0.000236355530704	DLR00012709-2009-07-01_22-30-12	0.00796426954232	2	103	543.5	344.5	0.00112610112626	0.0172092279823	135	135
98.0	96.0	80.0	110.0	110.0	96.0	4	0.000799190153977	0.000219603150381	DLR00012709-2009-07-01_22-30-12	0.00194753898328	2	103	678.5	334.5	4.8035884724e-05	0.000852469497576	135	135
98.0	97.0	81.0	111.0	111.0	96.0	5	0.000799190153977	0.000213762820938	DLR00012709-2009-07-01_22-30-12	0.00408727957421	2	103	810.5	344.5	0.000112016137242	0.00197133571314	135	135
98.0	97.0	80.0	112.0	112.0	96.0	6	0.00111886621557	0.000225997413894	DLR00012709-2009-07-01_22-30-12	0.00159153979658	2	103	944.5	344.5	9.1527284507e-05	0.00154510096436	135	135
98.0	98.0	80.0	111.0	113.0	97.0	7	0.000479514092386	0.000213770767468	DLR00012709-2009-07-01_22-30-12	0.00288536621498	2	103	1086.5	344.5	1.47981038114e-05	0.000266396717992	135	135
98.0	97.0	79.0	111.5	113.0	97.0	8	0.00154510096436	0.000234380968976	DLR00012709-2009-07-01_22-30-12	0.00190166952045	2	103	1226.5	344.5	7.12202865222e-05	0.00106558687197	135	135
97.0	97.0	79.0	110.0	112.0	96.0	9	0.000426234748788	0.000233390474285	DLR00012709-2009-07-01_22-30-12	0.00455805753655	2	103	1357.5	343.5	0.000307150309159	0.00500825829826	135	135
96.0	96.0	78.0	110.0	111.0	96.0	10	0.00106558687197	0.000225446795469	DLR00012709-2009-07-01_22-30-12	0.00169163401326	2	103	1497.5	344.5	9.37499443959e-05	0.00154510096436	135	135
97.0	96.0	79.0	111.0	111.0	97.0	11	0.00175821833875	0.000239340288917	DLR00012709-2009-07-01_22-30-12	0.00407704503595	2	103	1636.5	344.5	0.000134399209855	0.00213117374394	135	135
97.0	97.0	79.0	108.0	111.0	95.0	12	0.00069263146678	0.000226749444585	DLR00012709-2009-07-01_22-30-12	0.00499297849483	2	103	1771.5	341.5	5.19949239274e-05	0.000905748841174	135	135
96.0	96.0	79.0	109.0	111.0	93.0	13	0.00191805636955	0.000218730549287	DLR00012709-2009-07-01_22-30-12	0.00436390643182	2	103	1900.5	335.5	0.000158664371627	0.00271724652352	135	135
95.0	95.0	77.0	111.0	112.5	96.5	14	0.00127870424636	0.000254336916792	DLR00012709-2009-07-01_22-30-12	0.00137019503169	2	103	2046.5	335.5	9.17989718819e-05	0.00138526293356	135	135
96.0	95.0	77.0	109.0	110.0	93.0	15	0.0033565986467	0.00022837759505	DLR00012709-2009-07-01_22-30-12	0.00392522437081	2	103	2181.5	344.5	0.000293753664673	0.00495497895466	135	135
96.0	95.0	77.0	110.0	111.0	95.0	16	0.00287708455432	0.000245476977705	DLR00012709-2009-07-01_22-30-12	0.00121245102849	2	103	2317.5	344.5	0.000118640032055	0.00165165965155	135	135
97.0	95.0	78.0	110.0	110.0	94.0	17	0.00261068783633	0.000234877226155	DLR00012709-2009-07-01_22-30-12	0.00387468412171	2	103	2458.5	339.5	0.000182337952122	0.00287708455432	135	135
96.0	95.0	78.0	109.0	109.0	93.5	18	0.00138526293356	0.000228693637759	DLR00012709-2009-07-01_22-30-12	0.0040171081193	2	103	2591.5	344.5	0.000123841319741	0.00213117374394	135	135
96.0	94.0	78.0	109.0	109.0	94.0	19	0.00255740849273	0.000234147297256	DLR00012709-2009-07-01_22-30-12	0.00541049589033	2	103	2730.5	344.5	0.000486045298583	0.00761894613458	135	135
95.0	93.0	76.0	108.0	108.0	92.0	20	0.00207789440034	0.000219643073295	DLR00012709-2009-07-01_22-30-12	0.000430859437249	2	103	2866.5	344.5	0.000150550013987	0.00261068783633	135	135
94.0	92.0	76.0	106.0	106.0	91.0	21	0.00895092972455	0.000234868302118	DLR00012709-2009-07-01_22-30-12	0.00692510639596	2	103	2998.5	344.5	0.00113087990799	0.0186477702595	135	135
91.0	88.0	73.0	103.0	103.0	89.0	22	0.00895092972455	0.000234295612907	DLR00012709-2009-07-01_22-30-12	0.00321304902162	2	103	3137.5	344.5	0.000606049262845	0.00943044381693	135	135
88.0	86.0	71.0	100.0	100.0	86.0	23	0.00804518088337	0.00023112108578	DLR00012709-2009-07-01_22-30-12	0.0060476214021	2	103	3274.5	344.5	0.0012020732086	0.0200863125366	135	135
87.0	86.0	74.0	99.0	99.0	87.0	24	0.00325003995951	0.000229677719321	DLR00012709-2009-07-01_22-30-12	0.00152876495222	2	103	3414.5	344.5	0.000150024442883	0.00234429111833	135	135
91.0	90.0	77.0	105.0	104.0	92.0	1	0.00628696254462	0.000233220456393	DLR00012709-2009-07-01_22-30-12	0.00508137414029	3	103	270.5	483.5	0.000727483172531	0.0118280142789	135	135
94.0	92.0	78.0	107.0	107.0	93.0	2	0.00745910810379	0.000233034449796	DLR00012709-2009-07-01_22-30-12	0.00387673273959	3	103	409.5	483.5	0.000595650720139	0.00985667856572	135	135
96.0	94.0	79.0	108.0	109.0	95.0	3	0.00831157760136	0.000226106628704	DLR00012709-2009-07-01_22-30-12	0.00495046147195	3	103	544.5	491.5	0.000792433164612	0.0117214555917	135	135
97.0	96.0	80.0	110.0	110.0	96.0	4	0.00186477702595	0.000224056936099	DLR00012709-2009-07-01_22-30-12	0.00307911177768	3	103	671.5	492.5	0.00013870348872	0.00239757046193	135	135
98.0	97.0	80.0	111.0	111.0	96.0	5	0.00202461505674	0.000221705752093	DLR00012709-2009-07-01_22-30-12	0.00473336451977	3	103	815.5	483.5	0.000244317786737	0.00420906814428	135	135
98.0	97.0	80.0	110.0	112.0	96.0	6	0.00111886621557	0.000220693094781	DLR00012709-2009-07-01_22-30-12	0.00394724748658	3	103	952.5	477.5	0.000116641173874	0.00202461505674	135	135
97.0	97.0	80.0	111.0	113.0	97.0	7	0.00245084980553	0.000235578529566	DLR00012709-2009-07-01_22-30-12	0.00450523783775	3	103	1090.5	477.5	0.00029626183456	0.00474186158027	135	135
97.0	97.0	79.0	111.0	112.0	96.0	8	0.00106558687197	0.000230650604234	DLR00012709-2009-07-01_22-30-12	0.00328233227865	3	103	1217.5	483.5	0.00020461625677	0.0033565986467	135	135
96.0	97.0	79.0	110.0	111.0	96.0	9	0.00234429111833	0.000224406496671	DLR00012709-2009-07-01_22-30-12	0.00558385336022	3	103	1367.5	483.5	0.000317480273665	0.00543449304705	135	135
96.0	96.0	78.0	109.0	110.0	95.0	10	0.00181149768235	0.000218507393403	DLR00012709-2009-07-01_22-30-12	0.00282870629627	3	103	1497.5	476.5	0.000113920989872	0.00197133571314	135	135
95.0	96.0	78.0	108.0	110.0	93.0	11	0.00202461505674	0.000217928998403	DLR00012709-2009-07-01_22-30-12	0.00344005299543	3	103	1642.5	477.5	0.000112739614284	0.00191805636955	135	135
96.0	96.0	79.0	109.0	111.0	94.0	12	0.00234429111833	0.000224010068907	DLR00012709-2009-07-01_22-30-12	0.00497632010823	3	103	1766.5	483.5	9.18744587263e-05	0.00143854227716	135	135
96.0	97.0	79.0	109.0	111.0	95.0	13	0.0035697160211	0.000236627301831	DLR00012709-2009-07-01_22-30-12	0.00754716793303	3	103	1898.5	483.5	0.000503433486493	0.00751238744739	135	135
95.0	96.0	78.0	109.0	110.0	94.0	14	0.00159838030795	0.000226643187453	DLR00012709-2009-07-01_22-30-12	0.0050619641938	3	103	2048.5	476.5	0.00022446470782	0.00383611273909	135	135
95.0	95.0	78.0	109.0	111.0	94.0	15	0.00511481698545	0.000238575816048	DLR00012709-2009-07-01_22-30-12	0.00551311854178	3	103	2183.5	485.5	0.000801859973916	0.0125739250892	135	135
95.0	95.0	77.0	108.0	110.0	93.0	16	0.00399595076989	0.000221992066295	DLR00012709-2009-07-01_22-30-12	0.00258656971755	3	103	2317.5	479.5	0.000395207480415	0.00623368320102	135	135
96.0	95.0	78.0	108.0	110.0	93.0	17	0.00559433107784	0.000226876265866	DLR00012709-2009-07-01_22-30-12	0.00700882609507	3	103	2467.5	483.5	0.000789098471791	0.0126272044328	135	135
95.0	95.0	77.0	108.0	109.0	93.0	18	0.00458202354947	0.000229823337363	DLR00012709-2009-07-01_22-30-12	0.00506235123017	3	103	2591.5	491.5	0.000339664246521	0.00543449304705	135	135
95.0	94.0	77.0	108.0	108.0	92.0	19	0.00729927007299	0.000228396811615	DLR00012709-2009-07-01_22-30-12	0.00776260227548	3	103	2727.5	483.5	0.00152084705021	0.0250945708349	135	135
95.0	92.0	75.0	107.0	107.0	91.0	20	0.00309020192871	0.000223553913153	DLR00012709-2009-07-01_22-30-12	0.0020522427434	3	103	2866.5	481.5	0.000355631945198	0.00612712451383	135	135
94.0	91.0	75.0	107.0	106.0	91.0	21	0.0136927913048	0.000244343389902	DLR00012709-2009-07-01_22-30-12	0.00809254498197	3	103	3001.5	483.5	0.00208627595917	0.0324471202515	135	135
91.0	89.0	73.0	104.0	103.5	89.0	22	0.0117747349353	0.000240987217715	DLR00012709-2009-07-01_22-30-12	0.00451993809947	3	103	3137.5	480.5	0.00103947029954	0.0158772443923	135	135
89.0	86.0	72.0	101.0	100.0	87.0	23	0.0190740050083	0.000238115343061	DLR00012709-2009-07-01_22-30-12	0.00900482099765	3	103	3270.5	483.5	0.00250920998072	0.0396931109809	135	135
87.0	86.0	72.0	99.0	99.0	86.0	24	0.00612712451383	0.000232416165497	DLR00012709-2009-07-01_22-30-12	0.00417955151372	3	103	3414.5	483.5	0.000586067278865	0.00948372316053	135	135
92.0	90.0	77.0	105.0	105.0	93.0	1	0.00772550482178	0.000239643335789	DLR00012709-2009-07-01_22-30-12	0.005052596378	4	103	263.5	617.5	0.000724733046913	0.0114550588737	135	135
94.0	92.0	78.0	109.0	108.0	94.0	2	0.00245084980553	0.000241241569123	DLR00012709-2009-07-01_22-30-12	0.001180277761	4	103	409.5	622.5	0.000124632833882	0.00197133571314	135	135
96.0	94.0	79.0	109.0	109.0	95.0	3	0.00559433107784	0.000232609777275	DLR00012709-2009-07-01_22-30-12	0.00463347588307	4	103	538.5	619.5	0.000697169405547	0.0109755447813	135	135
97.0	96.0	80.0	110.0	111.0	95.0	4	0.000905748841174	0.000224193252826	DLR00012709-2009-07-01_22-30-12	0.00168364117758	4	103	686.5	619.5	3.92867180374e-05	0.00069263146678	135	135
98.0	97.0	80.0	111.0	112.0	96.0	5	0.00197133571314	0.000229027016442	DLR00012709-2009-07-01_22-30-12	0.00466640031671	4	103	816.5	621.5	0.000194757889787	0.00325003995951	135	135
97.0	97.0	79.0	111.0	112.0	95.0	6	0.000905748841174	0.000222213618737	DLR00012709-2009-07-01_22-30-12	0.0019959576246	4	103	952.5	623.5	0.000116600604071	0.00202461505674	135	135
97.0	97.0	80.0	110.0	112.0	96.0	7	0.00149182162076	0.000222412385248	DLR00012709-2009-07-01_22-30-12	0.00454063000049	4	103	1086.5	619.5	0.000234809159445	0.00410250945708	135	135
97.0	97.0	79.0	111.0	111.0	98.0	8	0.000479514092386	0.000222176693444	DLR00012709-2009-07-01_22-30-12	0.00194826991081	4	103	1226.5	612.5	9.42968485355e-06	0.000159838030795	135	135
96.0	97.0	79.0	110.0	112.0	97.0	9	0.00452874420587	0.000234295760919	DLR00012709-2009-07-01_22-30-12	0.00439355215418	4	103	1361.5	619.5	0.000449871020053	0.00681975598061	135	135
95.0	96.0	79.0	110.0	111.0	95.0	10	0.00122542490277	0.000230800934158	DLR00012709-2009-07-01_22-30-12	0.00213929733248	4	103	1497.5	619.5	0.000129173776153	0.00218445308754	135	135
95.0	95.0	78.0	109.0	110.0	94.0	11	0.000852469497576	0.000225579394064	DLR00012709-2009-07-01_22-30-12	0.00374012616392	4	103	1632.5	624.5	0.000211028256184	0.0036229953647	135	135
95.0	96.0	78.0	108.0	110.0	93.0	12	0.000799190153977	0.000222136094307	DLR00012709-2009-07-01_22-30-12	0.00378554405819	4	103	1771.5	616.5	0.000119344603603	0.00207789440034	135	135
96.0	96.0	79.0	108.0	110.0	94.0	13	0.000799190153977	0.000226459935535	DLR00012709-2009-07-01_22-30-12	0.00713681039999	4	103	1909.5	628.5	0.000359453411383	0.00612712451383	135	135
95.0	95.0	78.0	108.0	110.0	93.0	14	0.00133198358996	0.000215317721246	DLR00012709-2009-07-01_22-30-12	0.00319125286131	4	103	2052.5	619.5	9.09274557659e-05	0.00159838030795	135	135
95.0	95.0	78.0	109.0	110.0	94.0	15	0.00303692258511	0.000229334079099	DLR00012709-2009-07-01_22-30-12	0.00373697152115	4	103	2179.5	619.5	0.000269560840327	0.00431562683148	135	135
94.0	94.0	77.0	109.0	110.0	94.0	16	0.00298364324152	0.000234431624565	DLR00012709-2009-07-01_22-30-12	0.000739390833415	4	103	2326.5	609.5	0.000172627222452	0.00287708455432	135	135
95.0	94.0	77.0	109.0	109.0	94.0	17	0.00213117374394	0.000231786037893	DLR00012709-2009-07-01_22-30-12	0.0031510236076	4	103	2458.5	625.5	0.000243003739556	0.00410250945708	135	135
95.0	94.0	77.0	108.0	108.0	93.0	18	0.00293036389792	0.000221693627083	DLR00012709-2009-07-01_22-30-12	0.00456723874398	4	103	2591.5	617.5	0.00028731223269	0.00490169961106	135	135
95.0	94.0	76.0	107.0	108.0	92.0	19	0.0035697160211	0.000226044655883	DLR00012709-2009-07-01_22-30-12	0.00626343127008	4	103	2720.5	619.5	0.000584959287242	0.00980339922212	135	135
95.0	92.0	75.0	108.0	107.0	91.0	20	0.00330331930311	0.000225873674004	DLR00012709-2009-07-01_22-30-12	0.00260850126231	4	103	2866.5	620.5	0.000247693392083	0.00420906814428	135	135
94.0	92.0	75.0	106.0	106.0	91.0	21	0.0106558687197	0.00023536282917	DLR00012709-2009-07-01_22-30-12	0.0061282504289	4	103	2996.5	619.5	0.00107728599405	0.0170493899515	135	135
92.0	89.0	73.0	104.0	103.0	89.0	22	0.0069263146678	0.000234769060319	DLR00012709-2009-07-01_22-30-12	0.00376520705267	4	103	3139.5	619.5	0.000462689260502	0.00751238744739	135	135
90.0	87.0	72.0	102.0	101.0	87.0	23	0.0189141669775	0.000246943385362	DLR00012709-2009-07-01_22-30-12	0.00864562919394	4	103	3271.5	619.5	0.00216296324616	0.0327135169695	135	135
88.0	86.0	72.0	99.0	99.0	86.0	24	0.00665991794981	0.000229863480001	DLR00012709-2009-07-01_22-30-12	0.00307295731775	4	103	3414.5	616.5	0.000511530096103	0.00788534285258	135	135
92.0	90.0	76.0	105.0	105.0	93.0	1	0.00463530289307	0.000232748536933	DLR00012709-2009-07-01_22-30-12	0.0037039594722	5	103	268.5	756.5	0.000494369153682	0.00788534285258	135	135
95.0	93.0	78.0	109.0	109.0	96.0	2	0.00815173957057	0.000251974231868	DLR00012709-2009-07-01_22-30-12	0.0027728398325	5	103	409.5	756.5	0.000653379219301	0.00916404709894	135	135
97.0	95.0	79.0	109.0	109.0	95.0	3	0.00388939208269	0.000221273962097	DLR00012709-2009-07-01_22-30-12	0.00648053575099	5	103	535.5	750.5	0.000634479257627	0.0110288241249	135	135
98.0	96.0	80.0	111.0	111.0	95.0	4	0.00127870424636	0.000223537561486	DLR00012709-2009-07-01_22-30-12	0.00348320519846	5	103	678.5	756.5	0.000128694366879	0.00223773243114	135	135
98.0	97.0	80.0	111.0	112.0	97.0	5	0.00218445308754	0.000230751006867	DLR00012709-2009-07-01_22-30-12	0.00492662414122	5	103	815.5	756.5	0.000332051876332	0.00516809632905	135	135
98.0	97.0	79.0	110.0	112.0	95.0	6	0.000426234748788	0.000215053586173	DLR00012709-2009-07-01_22-30-12	0.00238378233917	5	103	952.5	746.5	5.62782209172e-05	0.00101230752837	135	135
97.0	97.0	80.0	110.0	112.0	96.0	7	0.00159838030795	0.000221585366376	DLR00012709-2009-07-01_22-30-12	0.00512400099574	5	103	1082.5	756.5	0.000296186010657	0.00495497895466	135	135
96.0	97.0	79.0	110.0	112.0	95.0	8	0.00165165965155	0.000222906910477	DLR00012709-2009-07-01_22-30-12	0.00327514346563	5	103	1226.5	748.5	0.000157522829804	0.00261068783633	135	135
96.0	97.0	80.0	109.0	111.0	96.0	9	0.00229101177473	0.000226644773095	DLR00012709-2009-07-01_22-30-12	0.00536788030345	5	103	1363.5	753.5	0.000357186273507	0.00596728648303	135	135
95.0	96.0	79.0	109.0	110.0	94.0	10	0.00069263146678	0.000218411451519	DLR00012709-2009-07-01_22-30-12	0.00281999871293	5	103	1497.5	746.5	2.41046444912e-05	0.000426234748788	135	135
95.0	95.0	79.0	108.0	110.0	94.0	11	0.00175821833875	0.000228595261592	DLR00012709-2009-07-01_22-30-12	0.00530139907895	5	103	1636.5	750.5	0.000366065708544	0.00607384517023	135	135
95.0	95.0	78.0	108.0	110.0	93.5	12	0.000586072779583	0.000218718380024	DLR00012709-2009-07-01_22-30-12	0.00323662617755	5	103	1771.5	765.5	9.06472063865e-05	0.00159838030795	135	135
95.0	95.0	78.0	109.0	111.0	94.0	13	0.00404923011349	0.000233968437767	DLR00012709-2009-07-01_22-30-12	0.00610572049437	5	103	1913.5	750.5	0.000895337905317	0.0142255847408	135	135
95.0	95.0	78.0	108.0	110.0	94.0	14	0.00293036389792	0.000223656279497	DLR00012709-2009-07-01_22-30-12	0.00183541433758	5	103	2044.5	756.5	0.000149063741643	0.00229101177473	135	135
95.0	95.0	78.0	108.0	109.0	93.0	15	0.00181149768235	0.00021848172586	DLR00012709-2009-07-01_22-30-12	0.00491360489553	5	103	2177.5	753.5	0.000298332994715	0.00516809632905	135	135
94.0	94.0	77.0	108.0	109.0	94.0	16	0.00383611273909	0.000230205974134	DLR00012709-2009-07-01_22-30-12	0.0022098064344	5	103	2317.5	762.5	0.000531026262487	0.00863125366295	135	135
95.0	94.0	77.0	108.0	108.0	93.0	17	0.00234429111833	0.000219730287688	DLR00012709-2009-07-01_22-30-12	0.00469121017768	5	103	2458.5	759.5	0.000424156187454	0.0071394320422	135	135
95.0	94.0	76.0	108.0	109.0	92.0	18	0.00309020192871	0.00023429020293	DLR00012709-2009-07-01_22-30-12	0.00226806559723	5	103	2591.5	755.5	0.000223472236225	0.0035697160211	135	135
96.0	94.0	76.0	108.0	108.0	92.0	19	0.00527465501625	0.00022975365585	DLR00012709-2009-07-01_22-30-12	0.0067752926484	5	103	2727.5	756.5	0.000860731005187	0.0141190260536	135	135
95.0	93.0	75.0	108.0	108.0	93.0	20	0.00836485694496	0.000245386993229	DLR00012709-2009-07-01_22-30-12	0.0047146483898	5	103	2867.5	754.5	0.000863296288319	0.0128936011508	135	135
94.0	91.0	74.0	106.0	106.0	90.0	21	0.00452874420587	0.00023020074942	DLR00012709-2009-07-01_22-30-12	0.00454766147862	5	103	3003.5	756.5	0.000607788416403	0.00996323725292	135	135
92.0	89.0	73.0	105.0	105.0	89.0	22	0.00756566679099	0.000241564219233	DLR00012709-2009-07-01_22-30-12	0.00335215709551	5	103	3137.5	752.5	0.000584053043577	0.00884437103735	135	135
90.0	87.0	72.0	102.0	102.0	87.0	23	0.0134263945868	0.000238548089051	DLR00012709-2009-07-01_22-30-12	0.00647093664626	5	103	3271.5	756.5	0.00143631058492	0.022164206937	135	135
89.0	86.0	72.0	100.0	99.0	85.0	24	0.00277052586712	0.000229873950645	DLR00012709-2009-07-01_22-30-12	0.00249203537769	5	103	3414.5	756.5	0.000303476490173	0.00495497895466	135	135
93.0	91.0	77.0	105.0	105.0	92.0	1	0.00287708455432	0.000227887784625	DLR00012709-2009-07-01_22-30-12	0.00566922014225	6	103	271.5	893.5	0.000297675266926	0.00506153764186	135	135
95.0	93.0	78.0	108.0	108.0	93.0	2	0.00372955405189	0.000224764209846	DLR00012709-2009-07-01_22-30-12	0.00190902365739	6	103	409.5	890.5	0.000183218329823	0.00309020192871	135	135
97.0	95.0	79.0	110.0	110.0	96.0	3	0.00729927007299	0.000240864915213	DLR00012709-2009-07-01_22-30-12	0.00580135180529	6	103	544.5	892.5	0.000831445884693	0.0129468804944	135	135
98.0	96.0	79.0	110.0	110.0	96.0	4	0.00117214555917	0.000217251087032	DLR00012709-2009-07-01_22-30-12	0.00177716598009	6	103	670.5	887.5	6.01027115002e-05	0.00106558687197	135	135
98.0	97.0	80.0	110.0	111.0	95.0	5	0.00069263146678	0.000215528999194	DLR00012709-2009-07-01_22-30-12	0.0048513796103	6	103	814.5	892.5	0.000202636881913	0.0035697160211	135	135
98.0	97.0	79.0	111.0	112.0	97.0	6	0.00117214555917	0.000235602976459	DLR00012709-2009-07-01_22-30-12	0.00169643070153	6	103	952.5	883.5	3.68792985148e-05	0.000586072779583	135	135
97.0	97.0	79.0	111.0	112.0	96.0	7	0.00165165965155	0.00023102283499	DLR00012709-2009-07-01_22-30-12	0.00404746285247	6	103	1090.5	892.5	0.000164828117868	0.00277052586712	135	135
96.0	96.0	79.0	109.0	111.0	95.0	8	0.000639352123182	0.000215265389155	DLR00012709-2009-07-01_22-30-12	0.00246181530462	6	103	1226.5	895.5	5.10801428967e-05	0.000905748841174	135	135
96.0	96.0	80.0	109.0	110.0	95.0	9	0.000319676061591	0.000212427615862	DLR00012709-2009-07-01_22-30-12	0.00424866535213	6	103	1356.5	888.5	9.51092206057e-05	0.00170493899515	135	135
95.0	96.0	79.0	109.0	110.0	95.0	10	0.000799190153977	0.000214361409703	DLR00012709-2009-07-01_22-30-12	0.00198505165886	6	103	1497.5	886.5	2.7986332302e-05	0.000479514092386	135	135
95.0	95.0	79.0	108.0	109.0	94.0	11	0.00106558687197	0.000222919193295	DLR00012709-2009-07-01_22-30-12	0.00613359488196	6	103	1643.5	890.5	0.000245925753525	0.00420906814428	135	135
94.0	95.0	79.0	108.0	112.0	102.0	12	0.00127870424636	0.000279288486437	DLR00012709-2009-07-01_22-30-12	0.0024069095653	6	103	1771.5	885.5	6.02018514333e-05	0.000852469497576	135	135
95.0	95.0	79.0	108.0	110.0	94.5	13	0.00165165965155	0.000231356356165	DLR00012709-2009-07-01_22-30-12	0.00440962623731	6	103	1907.5	899.5	0.00018908813503	0.00298364324152	135	135
94.0	95.0	78.0	106.0	109.0	93.0	14	0.000266396717992	0.000222093837778	DLR00012709-2009-07-01_22-30-12	0.0016219722149	6	103	2038.5	892.5	3.29017925714e-05	0.000586072779583	135	135
94.0	95.0	78.0	107.0	108.0	93.0	15	0.000639352123182	0.00022121133116	DLR00012709-2009-07-01_22-30-12	0.00527844771949	6	103	2174.5	891.5	0.00031090640485	0.00538121370345	135	135
94.0	94.0	77.0	108.0	109.0	93.0	16	0.00106558687197	0.000228134685047	DLR00012709-2009-07-01_22-30-12	0.00290119954397	6	103	2312.5	892.5	0.000182794829777	0.00309020192871	135	135
94.0	94.0	77.0	107.0	109.0	92.0	17	0.00399595076989	0.000225313814819	DLR00012709-2009-07-01_22-30-12	0.00538579601535	6	103	2458.5	892.5	0.000430252797838	0.0071394320422	135	135
94.0	93.0	76.0	108.0	108.0	92.0	18	0.00218445308754	0.000230049805439	DLR00012709-2009-07-01_22-30-12	0.00302360751731	6	103	2591.5	895.5	0.000340047237959	0.00548777239064	135	135
95.0	93.0	76.0	107.0	108.0	91.0	19	0.00202461505674	0.000229204727883	DLR00012709-2009-07-01_22-30-12	0.00653321212178	6	103	2731.5	898.5	0.000604531153552	0.0102829133145	135	135
95.0	93.0	75.0	107.0	107.0	91.0	20	0.0034098779903	0.000237024164133	DLR00012709-2009-07-01_22-30-12	0.00385588212903	6	103	2866.5	891.5	0.000328710496205	0.00500825829826	135	135
94.0	92.0	74.0	106.0	106.0	90.0	21	0.00783206350898	0.000235243494548	DLR00012709-2009-07-01_22-30-12	0.00675403134212	6	103	2997.5	892.5	0.000904441353381	0.0147050988332	135	135
93.0	90.0	73.0	105.0	104.0	88.0	22	0.00532793435985	0.000234786401223	DLR00012709-2009-07-01_22-30-12	0.00479037738639	6	103	3137.5	886.5	0.000598467446752	0.00969684053492	135	135
91.0	88.0	72.0	103.0	102.0	87.0	23	0.00889765038095	0.000238151358698	DLR00012709-2009-07-01_22-30-12	0.00727849612825	6	103	3274.5	892.5	0.00119696449092	0.0189674463211	135	135
88.0	86.0	71.0	100.0	100.0	86.0	24	0.00532793435985	0.000230647448203	DLR00012709-2009-07-01_22-30-12	0.00241862031489	6	103	3404.5	890.5	0.00036024434235	0.00564761042144	135	135
93.0	91.0	77.0	106.0	105.0	92.0	1	0.00266396717992	0.000230515697277	DLR00012709-2009-07-01_22-30-12	0.00568587577992	7	103	274.5	1031.5	0.000571213877117	0.00953700250413	135	135
95.0	93.0	78.0	109.0	109.0	95.0	2	0.00436890617508	0.000247932840936	DLR00012709-2009-07-01_22-30-12	0.00315380359431	7	103	409.5	1031.5	0.00043701038071	0.00628696254462	135	135
97.0	96.0	79.0	110.0	110.0	95.0	3	0.00431562683148	0.000228537237813	DLR00012709-2009-07-01_22-30-12	0.00650615564451	7	103	551.5	1031.5	0.00071336331481	0.0109755447813	135	135
98.0	96.0	79.0	110.0	110.0	94.5	4	0.000266396717992	0.000222805150286	DLR00012709-2009-07-01_22-30-12	0.00223770830575	7	103	678.5	1034.5	3.57032966937e-05	0.000639352123182	135	135
98.0	97.0	79.0	111.0	112.0	96.0	5	0.00127870424636	0.000222036242534	DLR00012709-2009-07-01_22-30-12	0.00506028056997	7	103	815.5	1022.5	0.000212115436503	0.0035697160211	135	135
97.0	97.0	79.0	110.0	111.5	95.0	6	0.0	0.000219332336906	DLR00012709-2009-07-01_22-30-12	0.0028764110462	7	103	944.5	1023.5	4.24989218003e-05	0.000745910810379	135	135
97.0	97.0	80.0	110.0	111.0	96.0	7	0.00325003995951	0.000225062985605	DLR00012709-2009-07-01_22-30-12	0.00702340552342	7	103	1085.5	1037.5	0.00050388307307	0.00820501891417	135	135
96.0	97.0	80.0	109.0	111.0	95.0	8	0.000852469497576	0.000221681222127	DLR00012709-2009-07-01_22-30-12	0.00442183577649	7	103	1226.5	1029.5	7.30599527781e-05	0.00117214555917	135	135
96.0	96.0	80.0	110.0	111.0	96.0	9	0.00191805636955	0.000238347023028	DLR00012709-2009-07-01_22-30-12	0.00574060014128	7	103	1363.5	1026.5	0.000233895924118	0.0036762747083	135	135
95.0	95.0	79.0	108.0	109.5	94.0	10	0.000799190153977	0.000218058787965	DLR00012709-2009-07-01_22-30-12	0.00326723834773	7	103	1497.5	1030.5	9.05889973708e-05	0.00159838030795	135	135
95.0	95.0	79.0	108.0	110.0	94.0	11	0.00213117374394	0.000224758378297	DLR00012709-2009-07-01_22-30-12	0.00640258069332	7	103	1640.5	1036.5	0.000488021731911	0.00804518088337	135	135
94.0	95.0	79.0	108.5	109.0	95.0	12	0.00143854227716	0.000222922828004	DLR00012709-2009-07-01_22-30-12	0.00226806807219	7	103	1771.5	1031.5	7.67234259843e-05	0.00106558687197	135	135
94.0	95.0	79.0	107.0	109.5	94.0	13	0.00213117374394	0.000234432560232	DLR00012709-2009-07-01_22-30-12	0.00530551454991	7	103	1908.5	1033.5	0.000521563754909	0.00831157760136	135	135
94.0	94.0	78.0	107.0	108.0	93.0	14	0.00106558687197	0.000220614619184	DLR00012709-2009-07-01_22-30-12	0.00209021048917	7	103	2046.5	1031.5	7.72822332332e-05	0.00133198358996	135	135
94.0	94.0	78.0	107.0	108.0	92.5	15	0.00202461505674	0.000219700980004	DLR00012709-2009-07-01_22-30-12	0.00704602934451	7	103	2184.5	1033.5	0.000483147227966	0.00831157760136	135	135
94.0	94.0	77.0	106.0	108.0	91.0	16	0.00186477702595	0.000222608455982	DLR00012709-2009-07-01_22-30-12	0.00357045457235	7	103	2314.5	1025.5	0.000288335262779	0.00500825829826	135	135
94.0	94.0	77.0	107.0	108.0	92.0	17	0.00511481698545	0.00022805260634	DLR00012709-2009-07-01_22-30-12	0.00777024688782	7	103	2458.5	1031.5	0.00116874732327	0.0188076082903	135	135
94.0	93.0	76.0	107.0	107.0	91.0	18	0.00202461505674	0.000223166703219	DLR00012709-2009-07-01_22-30-12	0.00417264963448	7	103	2591.5	1028.5	0.000261530140525	0.00436890617508	135	135
95.0	93.0	75.0	107.0	107.0	90.0	19	0.00399595076989	0.000227418355536	DLR00012709-2009-07-01_22-30-12	0.00759922841578	7	103	2725.5	1027.5	0.000850751235737	0.0142788640844	135	135
94.0	92.0	74.0	107.0	106.0	90.0	20	0.00143854227716	0.00022384311711	DLR00012709-2009-07-01_22-30-12	0.00334465078777	7	103	2872.5	1031.5	0.000160353149273	0.00271724652352	135	135
94.0	92.0	74.0	105.0	106.0	89.0	21	0.00916404709894	0.000234603459014	DLR00012709-2009-07-01_22-30-12	0.00822793164414	7	103	2999.5	1031.5	0.00123327195455	0.0199797538494	135	135
93.0	90.0	73.0	105.0	105.0	89.0	22	0.00681975598061	0.000244736209944	DLR00012709-2009-07-01_22-30-12	0.00516981865789	7	103	3137.5	1024.5	0.000814125171996	0.0123608077148	135	135
91.0	88.0	72.0	103.0	103.0	88.0	23	0.0115616175609	0.000252135999858	DLR00012709-2009-07-01_22-30-12	0.00651031174446	7	103	3267.5	1024.5	0.00153616528313	0.021897810219	135	135
89.0	87.0	71.0	101.0	101.0	86.0	24	0.00516809632905	0.000241408754776	DLR00012709-2009-07-01_22-30-12	0.00365478742861	7	103	3411.5	1031.5	0.000616071304968	0.00889765038095	135	135
94.0	92.0	77.0	106.0	106.0	91.0	1	0.00181149768235	0.000222218573922	DLR00012709-2009-07-01_22-30-12	0.00531012410827	8	103	276.5	1172.5	0.000277551718344	0.00484842026746	135	135
95.0	94.0	77.0	108.0	108.0	93.0	2	0.00255740849273	0.000226489227442	DLR00012709-2009-07-01_22-30-12	0.00187448944237	8	103	411.5	1167.5	0.00024779797883	0.00420906814428	135	135
97.0	95.0	79.0	110.0	110.0	94.0	3	0.00394267142629	0.000229619072186	DLR00012709-2009-07-01_22-30-12	0.00516155341152	8	103	546.5	1155.5	0.000505553757785	0.00841813628856	135	135
98.0	96.0	79.0	110.5	111.0	94.5	4	0.000266396717992	0.00022079180865	DLR00012709-2009-07-01_22-30-12	0.00227050730476	8	103	678.5	1168.5	2.41838079626e-05	0.000426234748788	135	135
98.0	97.0	79.0	111.0	112.0	95.0	5	0.000532793435985	0.000230230588895	DLR00012709-2009-07-01_22-30-12	0.00510205467195	8	103	822.5	1164.5	0.00018046167353	0.00303692258511	135	135
97.0	97.0	79.0	109.0	110.0	94.0	6	0.000266396717992	0.000210344986582	DLR00012709-2009-07-01_22-30-12	0.00286003741908	8	103	952.5	1170.5	2.01795319006e-05	0.000372955405189	135	135
97.0	97.0	79.0	109.0	111.0	95.0	7	0.00159838030795	0.000222154220186	DLR00012709-2009-07-01_22-30-12	0.00685494071307	8	103	1082.5	1164.5	0.000229146395912	0.00378283339549	135	135
96.0	97.0	80.0	110.0	112.0	95.5	8	0.000799190153977	0.000242027372757	DLR00012709-2009-07-01_22-30-12	0.00595951471614	8	103	1226.5	1157.5	0.000212567811934	0.00330331930311	135	135
95.0	96.0	79.0	108.0	110.0	93.5	9	0.000426234748788	0.000213091794053	DLR00012709-2009-07-01_22-30-12	0.00548678373259	8	103	1358.5	1166.5	0.000106069241183	0.00191805636955	135	135
94.0	95.0	78.0	107.0	109.0	94.0	10	0.000532793435985	0.000223289200187	DLR00012709-2009-07-01_22-30-12	0.00228279323611	8	103	1499.5	1164.5	6.64878403012e-05	0.00117214555917	135	135
94.0	95.0	79.0	109.0	112.0	97.0	11	0.00495497895466	0.000249415776235	DLR00012709-2009-07-01_22-30-12	0.0042945439708	8	103	1635.5	1164.5	0.000363838699059	0.00490169961106	135	135
94.0	95.0	79.0	108.0	111.0	99.0	12	0.00138526293356	0.000226430478589	DLR00012709-2009-07-01_22-30-12	0.00180153435043	8	103	1777.5	1157.5	6.78548228798e-05	0.00111886621557	135	135
94.0	94.0	79.0	107.0	109.0	93.0	13	0.00106558687197	0.000225554102943	DLR00012709-2009-07-01_22-30-12	0.00403673875522	8	103	1903.5	1164.5	0.000263812764456	0.00436890617508	135	135
93.0	94.0	78.0	106.5	108.0	92.0	14	0.000426234748788	0.000224248729621	DLR00012709-2009-07-01_22-30-12	0.00232849760918	8	103	2047.5	1164.5	9.31754392065e-05	0.00159838030795	135	135
94.0	94.0	78.0	106.0	108.0	92.0	15	0.00101230752837	0.000226746485569	DLR00012709-2009-07-01_22-30-12	0.00590579871706	8	103	2182.5	1164.5	0.000216869467744	0.00372955405189	135	135
93.0	94.0	77.0	107.0	108.0	92.0	16	0.0036229953647	0.000227268182361	DLR00012709-2009-07-01_22-30-12	0.00458005859292	8	103	2317.5	1164.5	0.000286861604635	0.00404923011349	135	135
94.0	94.0	77.0	107.0	108.0	92.0	17	0.00223773243114	0.000231127453925	DLR00012709-2009-07-01_22-30-12	0.00700542867614	8	103	2452.5	1164.5	0.000469921893022	0.00788534285258	135	135
94.0	93.0	76.0	108.0	109.0	93.0	18	0.00383611273909	0.00025950404089	DLR00012709-2009-07-01_22-30-12	0.00465486056513	8	103	2591.5	1163.5	0.00050197252186	0.0069263146678	135	135
94.0	93.0	75.0	106.0	107.0	90.0	19	0.00309020192871	0.0002290678937	DLR00012709-2009-07-01_22-30-12	0.00623256015711	8	103	2721.5	1168.5	0.000368233795496	0.00618040385742	135	135
94.0	92.0	74.0	107.0	106.0	89.0	20	0.00207789440034	0.000225188722565	DLR00012709-2009-07-01_22-30-12	0.00419367146196	8	103	2866.5	1164.5	0.000174087940463	0.00287708455432	135	135
94.0	92.0	74.0	106.0	106.0	90.0	21	0.00495497895466	0.000232993229262	DLR00012709-2009-07-01_22-30-12	0.0062631546036	8	103	2996.5	1164.5	0.000699219546606	0.0114550588737	135	135
93.0	90.0	72.0	105.0	104.0	87.0	22	0.00458202354947	0.000233014112243	DLR00012709-2009-07-01_22-30-12	0.00499118457654	8	103	3137.5	1155.5	0.000520482654606	0.00847141563216	135	135
91.0	88.0	72.0	102.0	102.0	87.0	23	0.0071394320422	0.000234613911643	DLR00012709-2009-07-01_22-30-12	0.00838632501897	8	103	3269.5	1164.5	0.00129624497805	0.0207789440034	135	135
89.0	87.0	71.0	100.0	101.0	86.0	24	0.00447546486227	0.000248597656991	DLR00012709-2009-07-01_22-30-12	0.00312051660672	8	103	3408.5	1164.5	0.000569542695378	0.00857797431936	135	135
94.0	92.0	77.0	106.0	107.0	93.0	1	0.000799190153977	0.000236895565775	DLR00012709-2009-07-01_22-30-12	0.00404623422106	9	103	278.5	1304.5	0.000323780422543	0.00527465501625	135	135
95.0	94.0	77.0	108.0	109.0	93.0	2	0.00394267142629	0.000225427818273	DLR00012709-2009-07-01_22-30-12	0.00325337241694	9	103	409.5	1304.5	0.000334620513841	0.00559433107784	135	135
97.0	95.0	78.0	109.0	110.0	94.0	3	0.00234429111833	0.000221426954899	DLR00012709-2009-07-01_22-30-12	0.00483517436078	9	103	541.5	1301.5	0.000229814606879	0.00399595076989	135	135
98.0	96.0	79.0	111.0	112.0	95.0	4	0.00319676061591	0.000234418903589	DLR00012709-2009-07-01_22-30-12	0.0030782060047	9	103	679.5	1304.5	0.000143609882762	0.00229101177473	135	135
98.0	97.0	79.0	110.0	111.0	95.0	5	0.00127870424636	0.000224032732383	DLR00012709-2009-07-01_22-30-12	0.00544156284557	9	103	815.5	1304.5	0.000184021278489	0.00314348127231	135	135
97.0	96.0	78.0	111.0	112.0	97.0	6	0.00149182162076	0.000251469886204	DLR00012709-2009-07-01_22-30-12	0.00359875569583	9	103	952.5	1301.5	0.000153257559341	0.00239757046193	135	135
97.0	97.0	80.0	109.0	111.0	95.0	7	0.000639352123182	0.000229602644723	DLR00012709-2009-07-01_22-30-12	0.00950844544291	9	103	1082.5	1304.5	0.000393119904209	0.00660663860621	135	135
96.0	97.0	80.0	108.0	110.0	94.0	8	5.32793435985e-05	0.000223885711886	DLR00012709-2009-07-01_22-30-12	0.00843358346233	9	103	1233.5	1304.5	0.000248807145133	0.00431562683148	135	135
95.0	96.0	79.0	107.0	110.0	94.0	9	0.000106558687197	0.000226728489408	DLR00012709-2009-07-01_22-30-12	0.0062751012789	9	103	1354.5	1300.5	0.000185453044136	0.00319676061591	135	135
94.0	95.0	78.0	108.0	109.0	94.0	10	0.00159838030795	0.00022152170121	DLR00012709-2009-07-01_22-30-12	0.00326014505635	9	103	1497.5	1303.5	0.000205469291132	0.0034631573339	135	135
94.0	95.0	79.0	107.0	110.0	95.0	11	0.00383611273909	0.000232926091258	DLR00012709-2009-07-01_22-30-12	0.00605565738339	9	103	1636.5	1311.5	0.000681174122486	0.0110821034685	135	135
94.0	95.0	78.0	107.0	109.0	94.0	12	0.00106558687197	0.000219162715128	DLR00012709-2009-07-01_22-30-12	0.00222934335534	9	103	1771.5	1304.5	8.42637153613e-05	0.00143854227716	135	135
94.0	95.0	78.0	106.0	108.0	93.0	13	0.00223773243114	0.000222295304107	DLR00012709-2009-07-01_22-30-12	0.0056188468262	9	103	1906.5	1310.5	0.000342984984884	0.00586072779583	135	135
93.0	94.0	78.0	107.0	108.0	93.0	14	0.00159838030795	0.000220618709313	DLR00012709-2009-07-01_22-30-12	0.00317740203899	9	103	2039.5	1306.5	0.000122264776728	0.00191805636955	135	135
93.0	93.0	77.0	106.0	108.0	92.0	15	0.0034631573339	0.000234295106359	DLR00012709-2009-07-01_22-30-12	0.00803988791861	9	103	2180.5	1304.5	0.000689673966876	0.0109222654377	135	135
93.0	93.0	76.0	106.0	107.0	90.0	16	0.00127870424636	0.000224268580726	DLR00012709-2009-07-01_22-30-12	0.00352076709702	9	103	2317.5	1297.5	9.74820640659e-05	0.00165165965155	135	135
93.0	93.0	77.0	106.0	107.0	91.0	17	0.00234429111833	0.000227733879716	DLR00012709-2009-07-01_22-30-12	0.0064127162293	9	103	2465.5	1304.5	0.00043796468608	0.00745910810379	135	135
93.0	92.0	75.0	107.0	108.0	90.5	18	0.00575416910864	0.000241359691197	DLR00012709-2009-07-01_22-30-12	0.00445514901318	9	103	2591.5	1295.5	0.000435875317518	0.00681975598061	135	135
94.0	93.0	75.0	106.0	107.0	90.0	19	0.00495497895466	0.000232120886018	DLR00012709-2009-07-01_22-30-12	0.00799252552707	9	103	2725.5	1304.5	0.00112819054587	0.0183280941979	135	135
94.0	92.0	74.0	106.0	106.0	89.0	20	0.00266396717992	0.000224746354609	DLR00012709-2009-07-01_22-30-12	0.00493312423509	9	103	2866.5	1304.5	0.000243208028023	0.00415578880068	135	135
93.0	91.0	73.0	106.0	106.0	89.0	21	0.00591400713943	0.000236839251301	DLR00012709-2009-07-01_22-30-12	0.00603773317893	9	103	2992.5	1304.5	0.0008247712969	0.0133731152432	135	135
92.0	89.0	72.0	105.0	104.0	88.0	22	0.00575416910864	0.000236206331722	DLR00012709-2009-07-01_22-30-12	0.00313744762247	9	103	3143.5	1294.5	0.000453744815372	0.0071394320422	135	135
90.0	88.0	72.0	102.0	102.0	87.0	23	0.00980339922212	0.000236882554617	DLR00012709-2009-07-01_22-30-12	0.00962039030861	9	103	3271.5	1304.5	0.00174472639057	0.0276519793276	135	135
89.0	87.0	71.0	99.0	99.0	85.0	24	0.00127870424636	0.000223992858731	DLR00012709-2009-07-01_22-30-12	0.00398751118279	9	103	3412.5	1304.5	0.00034152380026	0.00570088976504	135	135
94.0	93.0	77.0	107.0	107.0	94.0	1	0.00245084980553	0.000230326850043	DLR00012709-2009-07-01_22-30-12	0.00365674453616	10	103	265.5	1431.5	0.000250392038425	0.00394267142629	135	135
95.0	94.0	77.0	110.0	109.0	94.0	2	0.00143854227716	0.000240714209904	DLR00012709-2009-07-01_22-30-12	-0.000204706666156	10	103	409.5	1438.5	2.85083553661e-05	0.000479514092386	135	135
97.0	95.0	78.0	110.0	110.0	95.0	3	0.00660663860621	0.000239269543338	DLR00012709-2009-07-01_22-30-12	0.0049853363608	10	103	544.5	1446.5	0.000430559719926	0.00671319729341	135	135
97.0	96.0	78.0	112.0	113.0	97.0	4	0.00245084980553	0.000244693422967	DLR00012709-2009-07-01_22-30-12	0.00219804191131	10	103	678.5	1431.5	0.000141047267292	0.00213117374394	135	135
98.0	97.0	79.0	111.0	112.0	96.0	5	0.00378283339549	0.000238805059064	DLR00012709-2009-07-01_22-30-12	0.00627794659334	10	103	820.5	1433.5	0.000574196393247	0.00900420906814	135	135
97.0	97.0	79.0	110.0	111.0	94.0	6	0.000532793435985	0.000214590816292	DLR00012709-2009-07-01_22-30-12	0.00427472141706	10	103	961.5	1439.5	5.7424601914e-05	0.00101230752837	135	135
97.0	97.0	80.0	109.0	110.0	94.0	7	0.00149182162076	0.000222549529491	DLR00012709-2009-07-01_22-30-12	0.00908215451258	10	103	1093.5	1442.5	0.000317053405679	0.00543449304705	135	135
96.0	96.0	79.0	108.0	109.0	94.0	8	0.000159838030795	0.000218843083413	DLR00012709-2009-07-01_22-30-12	0.00705987844693	10	103	1226.5	1438.5	6.86081925949e-05	0.00122542490277	135	135
95.0	95.0	79.0	108.0	110.0	94.0	9	0.00191805636955	0.00022310399047	DLR00012709-2009-07-01_22-30-12	0.00562674731177	10	103	1355.5	1432.5	0.000186612797433	0.00293036389792	135	135
94.0	95.0	78.0	108.0	109.0	94.0	10	0.00282380521072	0.000227350452269	DLR00012709-2009-07-01_22-30-12	0.00338618880131	10	103	1503.5	1431.5	0.000118365872096	0.00186477702595	135	135
94.0	95.0	79.0	107.0	109.0	94.0	11	0.000639352123182	0.000218552595151	DLR00012709-2009-07-01_22-30-12	0.00563887343819	10	103	1642.5	1438.5	0.000144599109886	0.00255740849273	135	135
94.0	94.0	78.0	106.0	109.0	93.0	12	0.000532793435985	0.000217402154071	DLR00012709-2009-07-01_22-30-12	0.00307184529617	10	103	1771.5	1438.5	0.000130250520583	0.00229101177473	135	135
94.0	94.0	78.0	107.0	108.0	93.0	13	0.00127870424636	0.00022050640343	DLR00012709-2009-07-01_22-30-12	0.00515978082336	10	103	1904.5	1438.5	0.000211653851282	0.0036762747083	135	135
93.0	94.0	77.0	106.0	108.0	92.0	14	0.00207789440034	0.00022256244425	DLR00012709-2009-07-01_22-30-12	0.00354660518637	10	103	2046.5	1439.5	0.000164156507954	0.00282380521072	135	135
93.0	93.0	77.0	105.5	108.0	92.0	15	0.00506153764186	0.000238423869096	DLR00012709-2009-07-01_22-30-12	0.00646598372364	10	103	2184.5	1438.5	0.00065635025979	0.00969684053492	135	135
92.0	92.0	76.0	105.0	106.0	91.0	16	0.000959028184773	0.000217744690028	DLR00012709-2009-07-01_22-30-12	0.00329442328069	10	103	2319.5	1438.5	0.000189914998705	0.00330331930311	135	135
93.0	93.0	76.0	106.0	107.0	91.0	17	0.00410250945708	0.000231193873433	DLR00012709-2009-07-01_22-30-12	0.0070681035945	10	103	2462.5	1428.5	0.000580272416177	0.00975011987852	135	135
93.0	92.0	75.0	106.0	106.0	91.0	18	0.00271724652352	0.000225359700463	DLR00012709-2009-07-01_22-30-12	0.00299945720109	10	103	2591.5	1438.5	0.000136141824984	0.00229101177473	135	135
93.0	92.0	74.0	105.0	106.0	89.0	19	0.00245084980553	0.000230396087707	DLR00012709-2009-07-01_22-30-12	0.00594941606293	10	103	2721.5	1438.5	0.000475971459348	0.00799190153977	135	135
93.0	91.0	73.0	105.0	105.0	88.0	20	0.00319676061591	0.000228153792384	DLR00012709-2009-07-01_22-30-12	0.00360571207106	10	103	2866.5	1435.5	0.000211538283016	0.0034631573339	135	135
93.0	91.0	74.0	105.0	105.0	89.0	21	0.00458202354947	0.000236879025354	DLR00012709-2009-07-01_22-30-12	0.00794179530091	10	103	3003.5	1438.5	0.00101926969231	0.0164633171719	135	135
92.0	90.0	73.0	103.0	103.0	87.0	22	0.00426234748788	0.000229372239608	DLR00012709-2009-07-01_22-30-12	0.0061111444867	10	103	3136.5	1430.5	0.000804776432296	0.0134263945868	135	135
90.0	88.0	72.0	101.0	102.0	87.0	23	0.00879109169375	0.000234544803841	DLR00012709-2009-07-01_22-30-12	0.0102620835867	10	103	3274.5	1438.5	0.0017788741097	0.0285577281688	135	135
88.0	86.0	71.0	99.0	99.0	85.0	24	0.00170493899515	0.000222813686994	DLR00012709-2009-07-01_22-30-12	0.00310607861302	10	103	3414.5	1438.5	0.000292069355609	0.00495497895466	135	135
94.0	92.0	77.0	106.0	106.0	92.0	1	0.00197133571314	0.000221416623974	DLR00012709-2009-07-01_22-30-12	0.00413477600331	11	103	272.5	1578.5	0.000222734388101	0.00388939208269	135	135
95.0	94.0	78.0	108.0	109.0	94.0	2	0.0036229953647	0.000226105766355	DLR00012709-2009-07-01_22-30-12	0.00263761265686	11	103	409.5	1577.5	0.000291782777902	0.00500825829826	135	135
97.0	95.0	79.0	110.0	110.0	95.0	3	0.00607384517023	0.000234707534719	DLR00012709-2009-07-01_22-30-12	0.00687142798452	11	103	539.5	1580.5	0.000875011028785	0.01406574671	135	135
97.0	96.0	79.0	110.0	110.0	95.0	4	0.00287708455432	0.000222884671286	DLR00012709-2009-07-01_22-30-12	0.00416851296959	11	103	678.5	1578.5	0.000187917827472	0.00319676061591	135	135
98.0	97.0	80.0	110.0	111.0	95.0	5	0.00143854227716	0.00022144616914	DLR00012709-2009-07-01_22-30-12	0.00713237322335	11	103	815.5	1578.5	0.000296791639077	0.00516809632905	135	135
97.0	96.0	78.0	110.0	110.0	95.0	6	0.000479514092386	0.000221305350812	DLR00012709-2009-07-01_22-30-12	0.0030664417643	11	103	954.5	1576.5	0.000114207759352	0.00197133571314	135	135
96.0	96.0	79.0	109.0	110.0	94.0	7	0.00282380521072	0.000231214480994	DLR00012709-2009-07-01_22-30-12	0.00724583139787	11	103	1090.5	1574.5	0.00035352669475	0.00591400713943	135	135
95.0	95.0	78.0	108.0	109.0	93.0	8	0.00207789440034	0.00021879167704	DLR00012709-2009-07-01_22-30-12	0.00533978667904	11	103	1226.5	1580.5	0.000124663113159	0.00207789440034	135	135
95.0	95.0	78.0	107.0	109.0	93.0	9	0.00197133571314	0.000227314454489	DLR00012709-2009-07-01_22-30-12	0.0071024505334	11	103	1366.5	1586.5	0.000442309390882	0.00740582876019	135	135
94.0	94.0	77.0	107.0	108.0	93.0	10	0.00191805636955	0.000222853307217	DLR00012709-2009-07-01_22-30-12	0.00366419238989	11	103	1497.5	1578.5	0.000134955026359	0.00186477702595	135	135
94.0	94.0	78.0	107.0	108.0	93.0	11	0.00213117374394	0.000226206055159	DLR00012709-2009-07-01_22-30-12	0.00566474099769	11	103	1639.5	1571.5	0.000302454778576	0.00500825829826	135	135
93.0	94.0	77.0	106.0	108.0	92.0	12	0.000799190153977	0.000213713189375	DLR00012709-2009-07-01_22-30-12	0.00348812168965	11	103	1771.5	1569.5	0.000106230906035	0.00186477702595	135	135
93.0	94.0	78.0	106.0	108.0	92.0	13	0.00175821833875	0.000221671456716	DLR00012709-2009-07-01_22-30-12	0.00713867508633	11	103	1908.5	1570.5	0.000486389859855	0.00841813628856	135	135
93.0	93.0	76.0	107.0	108.0	92.0	14	0.00266396717992	0.00023442959098	DLR00012709-2009-07-01_22-30-12	0.00313973788386	11	103	2046.5	1578.5	0.000199080044295	0.00239757046193	135	135
92.0	92.0	76.0	105.0	106.0	90.0	15	0.00175821833875	0.000224488944596	DLR00012709-2009-07-01_22-30-12	0.00599975976441	11	103	2178.5	1578.5	0.000286427798466	0.00484842026746	135	135
92.0	92.0	75.0	105.0	106.0	90.0	16	0.00175821833875	0.000219618186521	DLR00012709-2009-07-01_22-30-12	0.00326254577579	11	103	2320.5	1575.5	0.000168625130863	0.00271724652352	135	135
92.0	92.0	75.0	105.0	106.0	90.0	17	0.00282380521072	0.00022939111935	DLR00012709-2009-07-01_22-30-12	0.00557499807516	11	103	2458.5	1578.5	0.000383866658731	0.00634024188822	135	135
92.0	91.0	75.0	105.0	106.0	90.0	18	0.00309020192871	0.000235291075904	DLR00012709-2009-07-01_22-30-12	0.00382409144174	11	103	2591.5	1573.5	0.000274607102645	0.00447546486227	135	135
93.0	91.0	74.0	106.0	106.0	90.0	19	0.0070861526986	0.000238806460069	DLR00012709-2009-07-01_22-30-12	0.00684307282767	11	103	2724.5	1578.5	0.00102523781761	0.015664127018	135	135
93.0	91.0	74.0	105.0	105.0	89.0	20	0.00239757046193	0.000235322400874	DLR00012709-2009-07-01_22-30-12	0.00444328968984	11	103	2866.5	1578.5	0.000243891384975	0.00399595076989	135	135
92.0	90.0	74.0	105.0	104.0	89.0	21	0.00586072779583	0.00023815754396	DLR00012709-2009-07-01_22-30-12	0.00758780972731	11	103	2994.5	1578.5	0.00105786891592	0.0166231552027	135	135
91.0	89.0	73.0	103.0	103.0	87.0	22	0.00447546486227	0.000231297196582	DLR00012709-2009-07-01_22-30-12	0.00572681712802	11	103	3137.5	1571.5	0.000549991563465	0.00895092972455	135	135
89.0	87.0	72.0	102.0	102.0	87.0	23	0.0118280142789	0.000245137166281	DLR00012709-2009-07-01_22-30-12	0.00903397986015	11	103	3272.5	1578.5	0.00197493374665	0.0295700356972	135	135
87.0	85.0	71.0	99.0	99.0	84.0	24	0.00175821833875	0.000225433469701	DLR00012709-2009-07-01_22-30-12	0.00306939262402	11	103	3405.5	1568.5	0.000228322725256	0.00378283339549	135	135
94.0	92.0	78.0	106.0	105.0	92.0	1	0.00191805636955	0.000223763646813	DLR00012709-2009-07-01_22-30-12	0.00564635220894	12	103	269.5	1711.5	0.000293777950701	0.00500825829826	135	135
95.0	94.0	78.0	108.0	107.0	93.0	2	0.0033565986467	0.000230252147069	DLR00012709-2009-07-01_22-30-12	0.00363392508888	12	103	409.5	1704.5	0.000240877446707	0.00399595076989	135	135
96.0	95.0	79.0	108.0	108.0	94.0	3	0.00213117374394	0.000225743968093	DLR00012709-2009-07-01_22-30-12	0.00644949243027	12	103	544.5	1711.5	0.000501481339261	0.00857797431936	135	135
97.0	96.0	79.0	110.0	111.0	96.0	4	0.00298364324152	0.000241505421331	DLR00012709-2009-07-01_22-30-12	0.00446459005162	12	103	680.5	1711.5	0.000349211644533	0.00532793435985	135	135
97.0	97.0	79.0	109.0	110.0	94.0	5	0.00191805636955	0.000222300463224	DLR00012709-2009-07-01_22-30-12	0.00813142623837	12	103	815.5	1704.5	0.000388537596656	0.00676647663701	135	135
96.0	96.0	78.0	109.0	111.0	94.0	6	0.000319676061591	0.000226960948528	DLR00012709-2009-07-01_22-30-12	0.00370719081147	12	103	952.5	1709.5	0.00011568740236	0.00191805636955	135	135
96.0	95.0	78.0	108.0	109.0	93.0	7	0.00234429111833	0.000220652195964	DLR00012709-2009-07-01_22-30-12	0.00616949602075	12	103	1086.5	1712.5	0.000323852904844	0.00548777239064	135	135
94.0	95.0	78.0	108.0	110.0	93.0	8	0.00154510096436	0.000241104878787	DLR00012709-2009-07-01_22-30-12	0.00369046219803	12	103	1222.5	1711.5	0.000134254865397	0.00218445308754	135	135
94.0	94.0	78.0	107.0	108.0	93.0	9	0.00287708455432	0.00022705979408	DLR00012709-2009-07-01_22-30-12	0.006369644538	12	103	1363.5	1711.5	0.000520702083205	0.00847141563216	135	135
93.0	94.0	77.0	107.0	107.0	93.0	10	0.00229101177473	0.000233285637063	DLR00012709-2009-07-01_22-30-12	0.00270933349796	12	103	1497.5	1711.5	0.000184436610751	0.00287708455432	135	135
93.0	94.0	77.0	106.0	107.0	92.0	11	0.00282380521072	0.000228299012317	DLR00012709-2009-07-01_22-30-12	0.00696886442867	12	103	1634.5	1705.5	0.000582216764199	0.00975011987852	135	135
93.0	93.0	77.0	106.0	108.0	91.0	12	0.00255740849273	0.000223997744916	DLR00012709-2009-07-01_22-30-12	0.00350280739706	12	103	1771.5	1705.5	0.000222984916315	0.00378283339549	135	135
92.0	93.0	76.0	106.0	107.0	91.0	13	0.00127870424636	0.000226366118953	DLR00012709-2009-07-01_22-30-12	0.00452822000355	12	103	1904.5	1715.5	0.000244347283314	0.00415578880068	135	135
92.0	92.0	76.0	105.0	106.0	91.0	14	0.00223773243114	0.000229677476512	DLR00012709-2009-07-01_22-30-12	0.00311622546406	12	103	2046.5	1711.5	0.000228742291953	0.00383611273909	135	135
91.0	92.0	75.0	105.0	106.0	90.0	15	0.00607384517023	0.000235141103928	DLR00012709-2009-07-01_22-30-12	0.0059261650092	12	103	2184.5	1711.5	0.000651013475399	0.00975011987852	135	135
91.0	91.0	75.0	104.0	105.0	90.0	16	0.0036229953647	0.00022703115083	DLR00012709-2009-07-01_22-30-12	0.00362615334957	12	103	2317.5	1711.5	0.000223801280501	0.0034631573339	135	135
92.0	91.0	75.0	105.0	106.0	91.0	17	0.00655335926261	0.000243559460815	DLR00012709-2009-07-01_22-30-12	0.00635334681758	12	103	2464.5	1710.5	0.000918349538885	0.0144387021152	135	135
92.0	91.0	74.0	104.0	105.0	89.0	18	0.00175821833875	0.000224281132825	DLR00012709-2009-07-01_22-30-12	0.00329655486555	12	103	2591.5	1711.5	0.000140253845994	0.00239757046193	135	135
92.0	91.0	74.0	105.0	105.0	89.0	19	0.00452874420587	0.000232578100556	DLR00012709-2009-07-01_22-30-12	0.00602625573809	12	103	2722.5	1711.5	0.000762061560545	0.0124140870584	135	135
92.0	90.0	73.0	104.0	104.0	88.0	20	0.00490169961106	0.000230564738015	DLR00012709-2009-07-01_22-30-12	0.00459489581345	12	103	2866.5	1715.5	0.000580598728225	0.00953700250413	135	135
92.0	89.0	73.0	104.0	104.0	88.0	21	0.0157706857052	0.000250707550144	DLR00012709-2009-07-01_22-30-12	0.00935686411986	12	103	2999.5	1711.5	0.00213628872371	0.0315946507539	135	135
90.0	88.0	72.0	103.0	103.0	88.0	22	0.00548777239064	0.000246118795719	DLR00012709-2009-07-01_22-30-12	0.00428942273176	12	103	3137.5	1703.5	0.000661738426775	0.0100697959401	135	135
88.0	86.0	71.0	101.0	100.0	86.0	23	0.00804518088337	0.000238460444967	DLR00012709-2009-07-01_22-30-12	0.00603686029143	12	103	3272.5	1711.5	0.00105425881154	0.0166231552027	135	135
87.0	85.0	70.0	99.0	98.0	84.0	24	0.00170493899515	0.000230090677618	DLR00012709-2009-07-01_22-30-12	0.00236721847143	12	103	3405.5	1703.5	0.000246467467807	0.00410250945708	135	135
93.0	92.0	77.0	106.0	106.0	92.0	1	0.0036762747083	0.000238687738736	DLR00012709-2009-07-01_22-30-12	0.00506319315152	13	103	275.5	1858.5	0.000656729958639	0.0104427513453	135	135
94.0	93.0	77.0	107.0	107.0	93.0	2	0.00490169961106	0.000233983667509	DLR00012709-2009-07-01_22-30-12	0.0039768294338	13	103	409.5	1847.5	0.000362693012033	0.00570088976504	135	135
95.0	94.0	78.0	109.0	109.0	94.0	3	0.012467366402	0.000237557657801	DLR00012709-2009-07-01_22-30-12	0.00606511057952	13	103	544.5	1850.5	0.00106552636253	0.0167829932335	135	135
96.0	95.0	79.0	109.0	109.0	93.0	4	0.00325003995951	0.000218230991977	DLR00012709-2009-07-01_22-30-12	0.00436654083557	13	103	678.5	1853.5	0.000186288768526	0.00309020192871	135	135
97.0	96.0	79.0	109.0	109.0	93.0	5	0.00159838030795	0.00021509580326	DLR00012709-2009-07-01_22-30-12	0.00675537305791	13	103	815.5	1850.5	0.000231952347993	0.00410250945708	135	135
96.0	96.0	78.0	109.0	109.0	94.0	6	0.000319676061591	0.000215605561588	DLR00012709-2009-07-01_22-30-12	0.00457352390016	13	103	949.5	1850.5	0.000111115941764	0.00197133571314	135	135
95.0	95.0	78.0	108.0	109.0	95.0	7	0.00372955405189	0.000239555738725	DLR00012709-2009-07-01_22-30-12	0.00552408587139	13	103	1081.5	1846.5	0.000517495378614	0.00809846022697	135	135
94.0	94.0	77.0	107.0	109.0	91.0	8	0.000532793435985	0.000218123135338	DLR00012709-2009-07-01_22-30-12	0.0026226299989	13	103	1226.5	1850.5	0.000104203229573	0.00181149768235	135	135
94.0	94.0	77.0	107.0	108.5	92.0	9	0.00463530289307	0.000230034428416	DLR00012709-2009-07-01_22-30-12	0.00516269756377	13	103	1367.5	1851.5	0.000538208674563	0.00852469497576	135	135
93.0	93.0	77.0	106.0	107.0	92.0	10	0.00197133571314	0.000223845414951	DLR00012709-2009-07-01_22-30-12	0.00371433297018	13	103	1494.5	1845.5	0.000160255634224	0.00271724652352	135	135
93.0	93.0	77.0	106.0	107.0	92.0	11	0.00388939208269	0.000223695093149	DLR00012709-2009-07-01_22-30-12	0.00622159637505	13	103	1638.5	1850.5	0.000519000411543	0.00852469497576	135	135
92.0	92.0	76.0	105.0	108.0	92.0	12	0.00207789440034	0.000238328009714	DLR00012709-2009-07-01_22-30-12	0.0031126808944	13	103	1771.5	1850.5	0.000139041253584	0.00175821833875	135	135
92.0	92.0	76.0	105.0	106.0	90.0	13	0.00250412914913	0.000226444122253	DLR00012709-2009-07-01_22-30-12	0.00665069572129	13	103	1908.5	1850.5	0.000475800720799	0.00809846022697	135	135
91.0	91.0	75.0	105.0	106.0	90.0	14	0.00202461505674	0.000235952970276	DLR00012709-2009-07-01_22-30-12	0.00287427993203	13	103	2046.5	1845.5	0.000188641791466	0.00298364324152	135	135
91.0	91.0	75.0	104.0	105.0	89.0	15	0.0033565986467	0.00023303770674	DLR00012709-2009-07-01_22-30-12	0.00594818345115	13	103	2184.5	1843.5	0.000480275480521	0.00799190153977	135	135
90.0	90.0	74.0	103.0	105.0	89.0	16	0.00234429111833	0.000238876254342	DLR00012709-2009-07-01_22-30-12	0.00328474282373	13	103	2317.5	1841.5	0.00032588987436	0.00511481698545	135	135
91.0	90.0	74.0	104.0	105.0	89.0	17	0.00271724652352	0.000230204303765	DLR00012709-2009-07-01_22-30-12	0.00474589977276	13	103	2458.5	1850.5	0.000309315252847	0.00511481698545	135	135
92.0	90.0	73.0	105.0	105.0	89.0	18	0.00586072779583	0.000241490005668	DLR00012709-2009-07-01_22-30-12	0.0036913801017	13	103	2582.5	1850.5	0.00051286952429	0.00761894613458	135	135
92.0	90.0	73.0	104.0	105.0	89.0	19	0.007032873355	0.000240465738529	DLR00012709-2009-07-01_22-30-12	0.00580905140109	13	103	2729.5	1850.5	0.000991025444345	0.0155575683308	135	135
91.0	89.0	73.0	103.0	103.0	87.0	20	0.00293036389792	0.000225578711394	DLR00012709-2009-07-01_22-30-12	0.00455777677143	13	103	2866.5	1841.5	0.000388691036447	0.00660663860621	135	135
91.0	89.0	73.0	103.0	103.0	88.0	21	0.0104427513453	0.000240784727482	DLR00012709-2009-07-01_22-30-12	0.00951316925075	13	103	2998.5	1850.5	0.00205070420927	0.0324471202515	135	135
89.0	87.0	72.0	102.0	102.0	87.0	22	0.0068730353242	0.000246070988904	DLR00012709-2009-07-01_22-30-12	0.00436687371602	13	103	3137.5	1846.5	0.000631354476831	0.00975011987852	135	135
88.0	86.0	71.0	100.0	99.0	86.0	23	0.013266556556	0.000245114229668	DLR00012709-2009-07-01_22-30-12	0.00901078287497	13	103	3274.5	1848.5	0.0019863434733	0.0302626671639	135	135
86.0	84.0	70.0	98.0	98.0	85.0	24	0.00404923011349	0.000236246126693	DLR00012709-2009-07-01_22-30-12	0.00331835356114	13	103	3409.5	1856.5	0.000514943996961	0.00809846022697	135	135
93.0	91.0	77.0	105.0	105.0	92.0	1	0.0070861526986	0.000231533009612	DLR00012709-2009-07-01_22-30-12	0.00468759880029	14	103	277.5	1985.5	0.000600732763197	0.00964356119133	135	135
94.0	92.0	76.0	108.0	107.0	93.0	2	0.00623368320102	0.000244557925865	DLR00012709-2009-07-01_22-30-12	0.00203976421822	14	103	409.5	1985.5	0.000297051702129	0.00452874420587	135	135
95.0	94.0	78.0	108.0	108.0	94.0	3	0.00660663860621	0.000232638973951	DLR00012709-2009-07-01_22-30-12	0.00686364712217	14	103	540.5	1985.5	0.000810796344481	0.0132132772124	135	135
96.0	95.0	78.0	109.0	110.0	95.0	4	0.00282380521072	0.000235987142864	DLR00012709-2009-07-01_22-30-12	0.00365324229837	14	103	678.5	1980.5	0.000309804117251	0.00495497895466	135	135
97.0	95.0	79.0	109.0	109.0	94.0	5	0.00186477702595	0.000225217557393	DLR00012709-2009-07-01_22-30-12	0.00581666817611	14	103	814.5	1985.5	0.000315227798226	0.00538121370345	135	135
96.0	95.0	78.0	109.0	110.0	95.0	6	0.00239757046193	0.000233887722114	DLR00012709-2009-07-01_22-30-12	0.00227085956207	14	103	952.5	1985.5	0.000110982144573	0.00175821833875	135	135
95.0	95.0	78.0	108.0	109.0	93.0	7	0.00250412914913	0.00022811071973	DLR00012709-2009-07-01_22-30-12	0.00539981525894	14	103	1082.5	1989.5	0.000386023177291	0.00618040385742	135	135
94.0	94.0	76.0	108.0	108.0	93.0	8	0.00138526293356	0.000223464646016	DLR00012709-2009-07-01_22-30-12	0.00173867193106	14	103	1226.5	1978.5	0.0001085440589	0.00181149768235	135	135
93.0	93.0	76.0	106.0	107.0	91.5	9	0.00138526293356	0.000223682509584	DLR00012709-2009-07-01_22-30-12	0.00513881433673	14	103	1362.5	1985.5	0.000369150629198	0.00628696254462	135	135
92.0	93.0	76.0	106.0	106.0	92.0	10	0.0035164366775	0.000225914243303	DLR00012709-2009-07-01_22-30-12	0.00360805118906	14	103	1498.5	1985.5	0.000178213813682	0.00293036389792	135	135
92.0	92.0	76.0	106.0	107.0	91.0	11	0.00516809632905	0.000232328559739	DLR00012709-2009-07-01_22-30-12	0.0060187675105	14	103	1633.5	1985.5	0.000522685515302	0.00836485694496	135	135
92.0	92.0	75.0	105.0	106.0	90.0	12	0.00202461505674	0.000232537106762	DLR00012709-2009-07-01_22-30-12	0.00349467905475	14	103	1771.5	1980.5	0.000207957553126	0.0033565986467	135	135
91.0	91.0	75.0	104.0	105.0	90.0	13	0.00442218551867	0.000230416265089	DLR00012709-2009-07-01_22-30-12	0.0055771660065	14	103	1906.5	1985.5	0.000766278710138	0.0126804837764	135	135
90.0	90.0	74.0	104.0	105.0	90.0	14	0.00234429111833	0.000242994510418	DLR00012709-2009-07-01_22-30-12	0.00256453636597	14	103	2039.5	1977.5	0.000275148033452	0.00415578880068	135	135
90.0	90.0	74.0	103.0	106.0	92.0	15	0.0118812936225	0.00026881532435	DLR00012709-2009-07-01_22-30-12	0.00465675059353	14	103	2184.5	1993.5	0.0014508916756	0.0201928712238	135	135
90.0	89.0	73.0	103.0	104.0	88.0	16	0.00175821833875	0.000232249179359	DLR00012709-2009-07-01_22-30-12	0.00266749035986	14	103	2317.5	1980.5	0.000193912391237	0.00319676061591	135	135
91.0	90.0	73.0	104.0	105.0	89.0	17	0.0111886621557	0.000251450684711	DLR00012709-2009-07-01_22-30-12	0.00628628099025	14	103	2466.5	1985.5	0.00108852311303	0.0157174063616	135	135
91.0	90.0	72.0	104.0	104.0	89.0	18	0.00261068783633	0.000235419104254	DLR00012709-2009-07-01_22-30-12	0.00236601502274	14	103	2591.5	1985.5	0.000212827456252	0.0034631573339	135	135
91.0	89.0	73.0	103.0	103.0	87.0	19	0.000959028184773	0.000220208083752	DLR00012709-2009-07-01_22-30-12	0.0032333638659	14	103	2725.5	1985.5	0.000160026745877	0.00277052586712	135	135
90.0	88.0	73.0	104.0	105.0	90.0	20	0.00538121370345	0.0002638383586	DLR00012709-2009-07-01_22-30-12	0.00288108255527	14	103	2866.5	1983.5	0.000423160957789	0.00591400713943	135	135
90.0	88.0	73.0	103.0	103.0	88.0	21	0.0108689860941	0.000246105396746	DLR00012709-2009-07-01_22-30-12	0.00648761535702	14	103	3004.5	1985.5	0.00124304159291	0.0189674463211	135	135
89.0	86.0	71.0	101.0	100.0	85.5	22	0.00388939208269	0.000228039976056	DLR00012709-2009-07-01_22-30-12	0.00239614261871	14	103	3137.5	1985.5	0.000288857752289	0.00479514092386	135	135
87.0	84.0	70.0	99.0	98.0	85.0	23	0.00724599072939	0.000234570913151	DLR00012709-2009-07-01_22-30-12	0.00608712942871	14	103	3268.5	1985.5	0.00116342255448	0.0187543289467	135	135
86.0	83.0	69.0	98.0	97.0	84.0	24	0.00175821833875	0.000238505353187	DLR00012709-2009-07-01_22-30-12	0.00170749420729	14	103	3412.5	1985.5	0.00020308106569	0.00325003995951	135	135
92.0	90.0	77.0	105.0	103.0	90.0	1	0.00218445308754	0.000223781170143	DLR00012709-2009-07-01_22-30-12	0.00516477348267	15	103	269.5	2127.5	0.000281283350251	0.00474186158027	135	135
94.0	91.0	76.0	107.0	105.0	92.0	2	0.00383611273909	0.000235718924182	DLR00012709-2009-07-01_22-30-12	0.00277414565519	15	103	409.5	2124.5	0.000351385494034	0.00570088976504	135	135
96.0	93.0	78.0	109.0	108.0	94.0	3	0.00985667856572	0.000239423207379	DLR00012709-2009-07-01_22-30-12	0.00662498867753	15	103	544.5	2122.5	0.00103629861053	0.0158239650488	135	135
97.0	94.0	79.0	109.5	109.0	93.5	4	0.000852469497576	0.000213704105535	DLR00012709-2009-07-01_22-30-12	0.00263389624522	15	103	675.5	2123.5	6.66792138159e-05	0.00117214555917	135	135
97.0	95.0	79.0	109.0	109.0	94.0	5	0.00378283339549	0.000230698464118	DLR00012709-2009-07-01_22-30-12	0.00581103341156	15	103	815.5	2129.5	0.000370869014247	0.00618040385742	135	135
96.0	94.0	78.0	108.0	108.0	93.0	6	0.00069263146678	0.000220653006563	DLR00012709-2009-07-01_22-30-12	0.00243348271839	15	103	952.5	2124.5	0.000100005559895	0.00175821833875	135	135
96.0	95.0	78.0	109.0	109.0	93.0	7	0.00202461505674	0.000223902126659	DLR00012709-2009-07-01_22-30-12	0.00516122311219	15	103	1090.5	2122.5	0.000234753935302	0.00388939208269	135	135
95.0	94.0	76.0	108.0	109.0	93.0	8	0.00138526293356	0.000234685788962	DLR00012709-2009-07-01_22-30-12	0.00280338586536	15	103	1222.5	2122.5	0.000207323893807	0.00325003995951	135	135
94.0	93.0	76.0	106.0	107.0	90.0	9	0.00309020192871	0.000230240774182	DLR00012709-2009-07-01_22-30-12	0.00695491178004	15	103	1366.5	2122.5	0.000470259984427	0.00783206350898	135	135
92.0	91.0	75.0	105.0	105.0	89.0	10	0.00069263146678	0.000226100862283	DLR00012709-2009-07-01_22-30-12	0.00498355125251	15	103	1497.5	2122.5	0.000142275266521	0.00245084980553	135	135
92.0	91.0	75.0	104.0	105.0	90.0	11	0.00250412914913	0.000237532273135	DLR00012709-2009-07-01_22-30-12	0.00624254519666	15	103	1630.5	2122.5	0.000462905222451	0.00729927007299	135	135
92.0	91.0	74.0	104.0	104.5	89.0	12	0.00202461505674	0.000233996218435	DLR00012709-2009-07-01_22-30-12	0.00325103962959	15	103	1771.5	2122.5	0.000186742552043	0.00309020192871	135	135
91.0	90.0	74.0	104.0	104.0	89.0	13	0.00277052586712	0.000230966245624	DLR00012709-2009-07-01_22-30-12	0.00469177710677	15	103	1901.5	2122.5	0.000390110199998	0.00650007991902	135	135
91.0	89.0	73.0	103.0	103.0	87.0	14	0.00138526293356	0.000227078936698	DLR00012709-2009-07-01_22-30-12	0.00226313196954	15	103	2043.5	2122.5	0.000124129406003	0.00207789440034	135	135
90.0	89.0	73.0	103.0	103.0	88.0	15	0.00404923011349	0.000230301687607	DLR00012709-2009-07-01_22-30-12	0.00633479272963	15	103	2189.5	2122.5	0.000761674696142	0.0124140870584	135	135
91.0	89.0	73.0	104.0	103.5	89.0	16	0.0034631573339	0.000244348367307	DLR00012709-2009-07-01_22-30-12	0.00247393254327	15	103	2323.5	2122.5	0.000208987220666	0.00330331930311	135	135
92.0	90.0	73.0	103.0	103.0	88.0	17	0.00218445308754	0.000228755080443	DLR00012709-2009-07-01_22-30-12	0.00616591501189	15	103	2458.5	2122.5	0.000516665741907	0.00863125366295	135	135
91.0	90.0	73.0	104.0	104.0	86.0	18	0.000532793435985	0.000214677002405	DLR00012709-2009-07-01_22-30-12	0.00230006874039	15	103	2591.5	2128.5	5.65850027192e-05	0.00101230752837	135	135
91.0	89.0	74.0	104.0	104.0	89.0	19	0.00761894613458	0.000240784579763	DLR00012709-2009-07-01_22-30-12	0.00574317800328	15	103	2730.5	2125.5	0.00100236266441	0.015131333582	135	135
92.0	89.0	73.0	105.0	104.0	89.0	20	0.00431562683148	0.000241626113286	DLR00012709-2009-07-01_22-30-12	0.00368114990803	15	103	2871.5	2124.5	0.000523362940638	0.00809846022697	135	135
92.0	89.0	73.0	103.0	103.0	88.0	21	0.00484842026746	0.000233794855346	DLR00012709-2009-07-01_22-30-12	0.00668578712324	15	103	3001.5	2122.5	0.00108657189956	0.0177953007619	135	135
89.0	86.0	71.0	103.0	101.0	87.0	22	0.00522137567265	0.000243944343763	DLR00012709-2009-07-01_22-30-12	0.00229658366096	15	103	3137.5	2122.5	0.000424122924864	0.00660663860621	135	135
88.0	85.0	71.0	99.0	98.0	85.0	23	0.00602056582663	0.000236647451292	DLR00012709-2009-07-01_22-30-12	0.00566683349377	15	103	3264.5	2122.5	0.00101290869929	0.0161436411103	135	135
87.0	84.0	71.0	97.0	96.0	84.0	24	0.00239757046193	0.000229288086393	DLR00012709-2009-07-01_22-30-12	0.00410921068435	15	103	3417.5	2131.5	0.000459172235705	0.00772550482178	135	135
97.0	97.0	86.0	110.0	109.0	98.0	1	0.0195535191006	0.000249873844651	DLR00012709-2009-07-01_22-30-12	0.00116194539484	16	103	271.5	2261.5	0.00030951546032	0.00303692258511	135	135
99.0	98.0	87.0	113.0	111.5	98.5	2	0.0174223453567	0.000263004735997	DLR00012709-2009-07-01_22-30-12	-0.000710885612675	16	103	409.5	2261.5	0.000139768163914	0.00191805636955	135	135
101.0	101.0	88.0	112.0	110.0	98.0	3	0.013000159838	0.000233696995572	DLR00012709-2009-07-01_22-30-12	0.00182803977779	16	103	553.5	2261.5	0.000581752087578	0.00660663860621	135	135
101.0	100.0	86.0	112.0	111.0	98.0	4	0.00170493899515	0.000223444046383	DLR00012709-2009-07-01_22-30-12	-0.000557282172644	16	103	678.5	2261.5	4.53216136665e-05	0.000799190153977	135	135
101.0	99.0	85.0	165.0	181.0	179.0	5	0.0106558687197	0.00035961616578	DLR00012709-2009-07-01_22-30-12	0.00214655986843	16	103	815.5	2261.5	0.000707000642689	0.00740582876019	135	135
99.0	97.0	82.0	122.0	122.0	110.0	6	0.00138526293356	0.00033820442898	DLR00012709-2009-07-01_22-30-12	-0.000486613366537	16	103	952.5	2261.5	5.62075470579e-05	0.000639352123182	135	135
99.0	98.0	83.0	109.0	109.0	94.0	7	0.00111886621557	0.00021912223301	DLR00012709-2009-07-01_22-30-12	0.00418081484643	16	103	1089.5	2261.5	0.000146171877818	0.00255740849273	135	135
98.0	96.0	80.0	109.0	109.0	93.0	8	0.00101230752837	0.000227119907336	DLR00012709-2009-07-01_22-30-12	0.000794848721452	16	103	1226.5	2261.5	1.23365075094e-05	0.000213117374394	135	135
97.0	95.0	79.0	108.0	107.0	92.0	9	0.00170493899515	0.000217943951654	DLR00012709-2009-07-01_22-30-12	0.00296577128852	16	103	1357.5	2263.5	0.000105985978165	0.00186477702595	135	135
95.0	93.0	78.0	106.0	106.0	90.0	10	0.00442218551867	0.00022751590344	DLR00012709-2009-07-01_22-30-12	0.000664229010543	16	103	1497.5	2266.5	0.000130276419517	0.00218445308754	135	135
95.0	95.0	79.0	106.0	108.0	93.0	11	0.00394267142629	0.000220090172815	DLR00012709-2009-07-01_22-30-12	0.00372307493332	16	103	1637.5	2261.5	0.000142182440932	0.00250412914913	135	135
95.0	94.0	78.0	117.0	121.0	111.0	12	0.00932388512974	0.000221842909991	DLR00012709-2009-07-01_22-30-12	-0.000872996145647	16	103	1766.5	2261.5	8.21979259289e-05	0.00117214555917	135	135
95.0	94.0	79.0	118.0	120.5	110.0	13	0.0233896318397	0.000256250512772	DLR00012709-2009-07-01_22-30-12	0.000432374848764	16	103	1904.5	2265.5	0.000966835675623	0.0111886621557	135	135
94.0	92.0	77.0	98.0	111.0	107.0	14	0.0111353828121	0.000274095697286	DLR00012709-2009-07-01_22-30-12	-0.00138672554014	16	103	2046.5	2261.5	0.000201430233693	0.00261068783633	135	135
95.0	93.0	78.0	106.0	106.0	89.0	15	0.00975011987852	0.000230245539356	DLR00012709-2009-07-01_22-30-12	0.00259420939288	16	103	2184.5	2259.5	0.000302314348121	0.00495497895466	135	135
95.0	93.0	78.0	104.0	108.0	97.0	16	0.00740582876019	0.000269507945418	DLR00012709-2009-07-01_22-30-12	-0.000269659765032	16	103	2317.5	2261.5	0.000253445880229	0.0035697160211	135	135
97.0	96.0	81.0	158.0	177.0	175.0	17	0.0230166764345	0.000243311613711	DLR00012709-2009-07-01_22-30-12	0.00486555368057	16	103	2463.5	2269.5	0.00322895154509	0.0514678459161	135	135
96.0	95.0	80.0	156.0	174.5	171.0	18	0.0193936810698	0.000223505070428	DLR00012709-2009-07-01_22-30-12	-0.000901524167734	16	103	2591.5	2261.5	0.000206454641178	0.0035164366775	135	135
97.0	96.0	82.0	158.0	176.0	173.0	19	0.0205125472854	0.000247145666688	DLR00012709-2009-07-01_22-30-12	0.00302523331301	16	103	2734.5	2261.5	0.000835266363507	0.0133198358996	135	135
98.0	96.0	82.0	164.0	181.0	178.0	20	0.0370291438009	0.000273414961111	DLR00012709-2009-07-01_22-30-12	0.00455095050847	16	103	2866.5	2270.5	0.00488369649684	0.0670786935905	135	135
98.0	97.0	84.0	166.0	183.0	182.0	21	0.0361766743034	0.000263800778648	DLR00012709-2009-07-01_22-30-12	0.00607990440455	16	103	2995.5	2269.5	0.00488094849623	0.0649475198466	135	135
94.0	92.0	79.0	104.0	103.0	89.0	22	0.00447546486227	0.000240620716352	DLR00012709-2009-07-01_22-30-12	-0.000224721606629	16	103	3137.5	2254.5	0.000308500694032	0.00490169961106	135	135
96.0	95.0	83.0	169.0	190.0	188.0	23	0.0410783739144	0.000299870223584	DLR00012709-2009-07-01_22-30-12	0.00666339635682	16	103	3269.5	2267.5	0.00588355478182	0.0667590175289	135	135
92.0	90.0	78.0	118.0	123.0	120.0	24	0.00964356119133	0.000238355866338	DLR00012709-2009-07-01_22-30-12	-0.00114864656137	16	103	3414.5	2251.5	0.000178233628386	0.00293036389792	135	135
