94.0	96.0	85.0	122.0	129.0	120.0	1	0.0199264745058	0.000498670097736	DLR00012709-2009-07-02_17-31-36	0.0486484511286	1	103	271.5	212.5	0.0516735977075	0.403537748415	135	135
97.0	99.0	87.0	124.0	131.0	121.0	2	0.0181149768235	0.000516221909977	DLR00012709-2009-07-02_17-31-36	0.0541732845672	1	103	413.5	215.5	0.0541659827817	0.40790665459	135	135
100.0	102.0	90.0	131.0	140.0	130.0	3	0.0246683360861	0.000573127353863	DLR00012709-2009-07-02_17-31-36	0.0568165875755	1	103	544.5	212.5	0.0575913177647	0.389951515797	135	135
103.0	104.0	91.0	130.0	138.0	127.0	4	0.0254675262401	0.00049927232309	DLR00012709-2009-07-02_17-31-36	0.0472194384235	1	103	678.5	207.5	0.0479090734741	0.374340668123	135	135
103.0	105.0	91.0	136.0	146.0	135.0	5	0.0272790239224	0.00058865430041	DLR00012709-2009-07-02_17-31-36	0.0652410645666	1	103	815.5	211.5	0.0658796909423	0.442911183334	135	135
104.0	106.0	91.0	130.0	138.0	126.0	6	0.0208855026906	0.000468303528797	DLR00012709-2009-07-02_17-31-36	0.0389500725058	1	103	952.5	207.5	0.0397725228362	0.325376951356	135	135
104.0	106.0	91.0	136.0	147.0	135.0	7	0.0242421013373	0.000595491057446	DLR00012709-2009-07-02_17-31-36	0.0639141677449	1	103	1082.5	211.5	0.064689159597	0.433107784112	135	135
105.0	107.0	93.0	133.0	143.0	130.0	8	0.0264265544248	0.000521535761855	DLR00012709-2009-07-02_17-31-36	0.0523840025717	1	103	1221.5	206.5	0.0520215855384	0.389738398423	135	135
104.0	107.0	92.0	135.0	147.0	134.0	9	0.0198199158186	0.000584720759693	DLR00012709-2009-07-02_17-31-36	0.0607642246746	1	103	1354.5	205.5	0.060853960596	0.422931429485	135	135
104.0	107.0	93.0	128.0	138.0	124.0	10	0.0192871223827	0.000446940420243	DLR00012709-2009-07-02_17-31-36	0.0370736275235	1	103	1492.5	203.5	0.0373900493835	0.317225211785	135	135
104.0	107.0	92.0	136.0	149.0	137.0	11	0.0188608876339	0.000609594121755	DLR00012709-2009-07-02_17-31-36	0.0685241273863	1	103	1626.5	207.5	0.0697250403647	0.457296606106	135	135
105.0	109.0	94.0	133.0	145.0	132.0	12	0.021365016783	0.000542790045725	DLR00012709-2009-07-02_17-31-36	0.0500560619026	1	103	1778.5	201.5	0.0506642656723	0.366029090522	135	135
102.0	106.0	91.0	138.0	152.0	142.0	13	0.0159838030795	0.000646047920452	DLR00012709-2009-07-02_17-31-36	0.0754718826021	1	103	1908.5	211.5	0.0751352127069	0.469657413821	135	135
101.0	104.0	88.0	127.0	137.0	124.0	14	0.0155575683308	0.00044031360389	DLR00012709-2009-07-02_17-31-36	0.0338832509203	1	103	2046.5	211.5	0.0344763088802	0.300815173957	135	135
103.0	106.0	91.0	137.0	151.0	139.0	15	0.027332303266	0.000657146231301	DLR00012709-2009-07-02_17-31-36	0.0678746297924	1	103	2184.5	204.5	0.0700570867138	0.433054504769	135	135
102.0	105.0	90.0	132.0	143.0	130.0	16	0.0244552187117	0.00052245110005	DLR00012709-2009-07-02_17-31-36	0.0481877226579	1	103	2316.5	211.5	0.0488809978207	0.353987958868	135	135
104.0	107.0	93.0	137.0	149.0	138.0	17	0.0230166764345	0.000622896314307	DLR00012709-2009-07-02_17-31-36	0.0686352931704	1	103	2449.5	201.5	0.070191102419	0.44802600032	135	135
104.0	106.0	92.0	131.0	141.0	128.0	18	0.0260535990197	0.000504188783501	DLR00012709-2009-07-02_17-31-36	0.0482341338583	1	103	2591.5	202.5	0.0484085506182	0.363684799403	135	135
102.0	105.0	90.0	138.0	149.0	138.0	19	0.027865096702	0.000631256870941	DLR00012709-2009-07-02_17-31-36	0.0727438804866	1	103	2730.5	204.5	0.0737369707949	0.457136768075	135	135
100.0	101.0	87.0	132.0	141.0	129.0	20	0.0269593478608	0.000572630338715	DLR00012709-2009-07-02_17-31-36	0.0481194403236	1	103	2866.5	211.5	0.0496275774458	0.347700996324	135	135
100.0	103.0	90.0	135.0	147.0	137.0	21	0.0258937609889	0.000698919961332	DLR00012709-2009-07-02_17-31-36	0.0794895393482	1	103	2996.5	203.5	0.0796255307454	0.461292556876	135	135
95.0	97.0	85.0	123.0	131.0	120.0	22	0.0219510895626	0.00049562096792	DLR00012709-2009-07-02_17-31-36	0.0461195652784	1	103	3137.5	211.5	0.0446521110004	0.340561564282	135	135
93.0	96.0	85.0	128.0	138.0	129.0	23	0.0160370824231	0.000677553459728	DLR00012709-2009-07-02_17-31-36	0.0757646086011	1	103	3264.5	203.5	0.0760205177744	0.454419521551	135	135
93.0	96.0	86.0	117.0	124.0	114.0	24	0.0108157067505	0.000401322720433	DLR00012709-2009-07-02_17-31-36	0.0276705758094	1	103	3419.5	211.5	0.0315980378708	0.300921732644	135	135
91.0	92.0	81.0	123.0	131.0	121.0	1	0.0146518194896	0.000607470814085	DLR00012709-2009-07-02_17-31-36	0.0718726152794	2	103	263.5	344.5	0.0721964038586	0.467899195482	135	135
95.0	96.0	83.0	122.0	130.0	119.0	2	0.0442751345303	0.000536334911376	DLR00012709-2009-07-02_17-31-36	0.0459111208359	2	103	409.5	337.5	0.0433149572286	0.311044807928	135	135
97.0	99.0	85.0	135.0	148.0	139.0	3	0.04219724013	0.000767499323893	DLR00012709-2009-07-02_17-31-36	0.0920071829019	2	103	543.5	344.5	0.089228168467	0.475837817678	135	135
99.0	100.0	85.0	125.0	133.0	121.0	4	0.0375619372369	0.000493249165763	DLR00012709-2009-07-02_17-31-36	0.0385294170056	2	103	678.5	334.5	0.0363646293577	0.284138739411	135	135
100.0	101.0	85.0	133.0	144.0	133.0	5	0.0374020992061	0.000642858498621	DLR00012709-2009-07-02_17-31-36	0.0696451295457	2	103	810.5	344.5	0.0674483032246	0.420746976397	135	135
100.0	102.0	85.0	127.0	136.0	123.0	6	0.0373488198625	0.000505004885688	DLR00012709-2009-07-02_17-31-36	0.0477670715075	2	103	944.5	344.5	0.0454960765116	0.343172252118	135	135
100.0	102.0	85.0	134.0	148.0	135.0	7	0.0361766743034	0.000676313887435	DLR00012709-2009-07-02_17-31-36	0.0690183825644	2	103	1086.5	344.5	0.0669357039331	0.408812403431	135	135
99.0	101.0	84.0	127.0	138.0	125.0	8	0.0370824231445	0.000539771798039	DLR00012709-2009-07-02_17-31-36	0.0497556064776	2	103	1226.5	344.5	0.0477206928771	0.347541158293	135	135
99.0	101.0	84.0	135.0	149.0	137.0	9	0.0468325430231	0.000714250199959	DLR00012709-2009-07-02_17-31-36	0.0863556161793	2	103	1357.5	343.5	0.0851452214603	0.473333688529	135	135
98.0	100.0	83.0	126.0	138.0	124.0	10	0.0370291438009	0.000552626972289	DLR00012709-2009-07-02_17-31-36	0.0500639951048	2	103	1497.5	344.5	0.0486770185527	0.33890990463	135	135
98.0	100.0	83.0	134.0	149.0	137.0	11	0.0295700356972	0.000734364547185	DLR00012709-2009-07-02_17-31-36	0.0861151749699	2	103	1636.5	344.5	0.0852842431965	0.473173850498	135	135
98.0	100.0	83.0	124.0	135.0	121.0	12	0.0273855826096	0.000506717560114	DLR00012709-2009-07-02_17-31-36	0.0505105962753	2	103	1771.5	341.5	0.0483550443543	0.365602855773	135	135
97.0	100.0	83.0	131.0	146.0	133.0	13	0.0514145665725	0.000682110686931	DLR00012709-2009-07-02_17-31-36	0.0752399109537	2	103	1900.5	335.5	0.0737709085177	0.433427460174	135	135
97.0	99.0	82.0	127.0	139.0	125.0	14	0.0408119771964	0.000588546205585	DLR00012709-2009-07-02_17-31-36	0.0524649947227	2	103	2046.5	335.5	0.0518990851155	0.347594437637	135	135
97.0	99.0	83.0	135.0	151.0	139.0	15	0.0562097074964	0.000775171211931	DLR00012709-2009-07-02_17-31-36	0.0903997768564	2	103	2181.5	344.5	0.0887231751521	0.467526240077	135	135
97.0	99.0	82.0	126.0	136.0	123.0	16	0.0363897916778	0.000553832509227	DLR00012709-2009-07-02_17-31-36	0.0481020213428	2	103	2317.5	344.5	0.0473410552093	0.33224998668	135	135
98.0	100.0	83.0	133.0	147.0	134.5	17	0.0495497895466	0.000709989624169	DLR00012709-2009-07-02_17-31-36	0.0812769940469	2	103	2458.5	339.5	0.0794561015066	0.451808833715	135	135
98.0	99.0	83.0	129.0	140.0	127.0	18	0.0537055783473	0.000624286739881	DLR00012709-2009-07-02_17-31-36	0.0572103844899	2	103	2591.5	344.5	0.0533205612952	0.339123022004	135	135
97.0	99.0	83.0	132.0	143.0	131.0	19	0.0476850125206	0.000688352031339	DLR00012709-2009-07-02_17-31-36	0.0786187654049	2	103	2730.5	344.5	0.0756357979812	0.436304544728	135	135
96.0	97.0	81.0	128.0	138.0	125.0	20	0.0611114071075	0.000616549592376	DLR00012709-2009-07-02_17-31-36	0.0551125266881	2	103	2866.5	344.5	0.0532293217835	0.346102616016	135	135
95.0	96.0	81.0	136.0	149.0	138.0	21	0.0559433107784	0.000836782828449	DLR00012709-2009-07-02_17-31-36	0.101989039564	2	103	2998.5	344.5	0.0983146411527	0.483243646438	135	135
92.0	93.0	78.0	124.0	133.0	122.0	22	0.0679311630881	0.000651323984188	DLR00012709-2009-07-02_17-31-36	0.0702298328195	2	103	3137.5	344.5	0.0666051042556	0.404017262507	135	135
89.0	90.0	76.0	128.0	140.0	130.0	23	0.062230273323	0.000827910927481	DLR00012709-2009-07-02_17-31-36	0.0963307208794	2	103	3274.5	344.5	0.0925026659498	0.456071181203	135	135
88.0	90.0	78.0	115.0	121.0	110.0	24	0.0292503596356	0.000516694527436	DLR00012709-2009-07-02_17-31-36	0.0500391030438	2	103	3414.5	344.5	0.0506617353234	0.377963663488	135	135
92.0	93.0	81.0	127.0	138.0	129.0	1	0.0445948105919	0.000707447848601	DLR00012709-2009-07-02_17-31-36	0.0795190602269	3	103	270.5	483.5	0.0785486925196	0.451169481592	135	135
95.0	96.0	83.0	129.0	141.0	132.0	2	0.0518408013213	0.000696702494714	DLR00012709-2009-07-02_17-31-36	0.0671140189248	3	103	409.5	483.5	0.0645570618618	0.371250466194	135	135
97.0	98.0	84.0	132.0	145.0	136.0	3	0.0558900314348	0.000708554902764	DLR00012709-2009-07-02_17-31-36	0.0772970861914	3	103	544.5	491.5	0.0757177868923	0.430390537589	135	135
98.0	100.0	85.0	130.0	141.0	129.0	4	0.049762906921	0.000608579092339	DLR00012709-2009-07-02_17-31-36	0.0567253367611	3	103	671.5	492.5	0.054898599767	0.3583035857	135	135
99.0	101.0	85.0	135.0	149.0	138.0	5	0.0504555383878	0.000706420532803	DLR00012709-2009-07-02_17-31-36	0.085507378559	3	103	815.5	483.5	0.0838918251373	0.480366561884	135	135
99.0	101.0	85.0	132.0	145.0	134.0	6	0.0468858223667	0.000647368152411	DLR00012709-2009-07-02_17-31-36	0.0693245471524	3	103	952.5	477.5	0.0674867033949	0.416378070222	135	135
98.0	101.0	84.0	135.0	150.0	139.0	7	0.0414513293196	0.00071590979946	DLR00012709-2009-07-02_17-31-36	0.0798293704962	3	103	1090.5	477.5	0.0785046671693	0.445202195109	135	135
98.0	101.0	84.0	132.0	146.0	134.0	8	0.055730193404	0.000661667492773	DLR00012709-2009-07-02_17-31-36	0.0661357440141	3	103	1217.5	483.5	0.0645540348668	0.390377750546	135	135
97.0	100.0	84.0	139.0	156.0	146.0	9	0.0425169161916	0.000826576719712	DLR00012709-2009-07-02_17-31-36	0.0966068922651	3	103	1367.5	483.5	0.09559158376	0.478608343545	135	135
97.0	100.0	83.0	130.0	145.0	133.0	10	0.0543449304705	0.000670458675017	DLR00012709-2009-07-02_17-31-36	0.0655674389921	3	103	1497.5	476.5	0.0641299890758	0.383930949971	135	135
97.0	100.0	83.0	131.0	146.0	134.0	11	0.0512014491981	0.000694276123456	DLR00012709-2009-07-02_17-31-36	0.0766496622562	3	103	1642.5	477.5	0.0749287125719	0.438861953221	135	135
97.0	100.0	83.0	127.0	141.0	128.0	12	0.0394267142629	0.000618426382282	DLR00012709-2009-07-02_17-31-36	0.0616203119441	3	103	1766.5	483.5	0.0598848652218	0.384676860781	135	135
96.0	100.0	82.0	134.0	150.0	139.0	13	0.0548244445628	0.000752599363718	DLR00012709-2009-07-02_17-31-36	0.0858738589126	3	103	1898.5	483.5	0.0848309371924	0.458415472321	135	135
96.0	99.0	82.0	128.0	142.0	130.0	14	0.0615376418563	0.00064306213035	DLR00012709-2009-07-02_17-31-36	0.0665683219964	3	103	2048.5	476.5	0.0645937497289	0.40316479301	135	135
96.0	99.0	82.0	137.0	154.0	144.0	15	0.0534391816293	0.000833849625687	DLR00012709-2009-07-02_17-31-36	0.101479864673	3	103	2183.5	485.5	0.100334819828	0.491235547978	135	135
96.0	99.0	82.0	132.0	147.0	135.0	16	0.0647876818158	0.000716379868832	DLR00012709-2009-07-02_17-31-36	0.0705554595418	3	103	2317.5	479.5	0.0695074170683	0.391070382013	135	135
97.0	99.0	83.0	139.0	156.0	146.0	17	0.0473120571155	0.000867575590987	DLR00012709-2009-07-02_17-31-36	0.106952137762	3	103	2467.5	483.5	0.104909076999	0.494112632532	135	135
97.0	99.0	82.0	129.0	142.0	129.0	18	0.0491235547978	0.000661997891622	DLR00012709-2009-07-02_17-31-36	0.0612131982835	3	103	2591.5	491.5	0.0583686560297	0.356225691299	135	135
96.0	98.0	82.0	142.0	159.0	150.0	19	0.055730193404	0.000938827613377	DLR00012709-2009-07-02_17-31-36	0.116574490986	3	103	2727.5	483.5	0.113560767986	0.503276679631	135	135
96.0	97.0	81.0	129.0	141.0	128.0	20	0.0785337524642	0.000677563127935	DLR00012709-2009-07-02_17-31-36	0.0656473494434	3	103	2866.5	481.5	0.0624913125941	0.375406254995	135	135
95.0	96.0	80.0	139.0	154.0	145.0	21	0.0598327028611	0.000938254631048	DLR00012709-2009-07-02_17-31-36	0.116189454067	3	103	3001.5	483.5	0.112845891704	0.500186477703	135	135
92.0	93.0	78.0	127.0	138.0	127.0	22	0.0722467899195	0.000736034846187	DLR00012709-2009-07-02_17-31-36	0.0835306452367	3	103	3137.5	480.5	0.0791775342774	0.430177420214	135	135
90.0	91.0	76.0	134.0	148.0	140.0	23	0.0592999094251	0.000972457928091	DLR00012709-2009-07-02_17-31-36	0.122488452647	3	103	3270.5	483.5	0.118425795542	0.507325909745	135	135
88.0	90.0	77.0	120.0	129.0	119.0	24	0.0548777239064	0.000675411066287	DLR00012709-2009-07-02_17-31-36	0.0780903811249	3	103	3414.5	483.5	0.0780028179532	0.452341627151	135	135
92.0	93.0	81.0	128.0	139.0	131.0	1	0.0423037988172	0.000720172300971	DLR00012709-2009-07-02_17-31-36	0.085830967605	4	103	263.5	617.5	0.0857939357046	0.481805104161	135	135
95.0	96.0	82.0	121.0	129.0	118.0	2	0.036229953647	0.000497892676509	DLR00012709-2009-07-02_17-31-36	0.0333944833667	4	103	409.5	622.5	0.0321762040169	0.248281741169	135	135
97.0	98.0	84.0	133.0	147.0	138.0	3	0.0498694656082	0.000733035917587	DLR00012709-2009-07-02_17-31-36	0.0837603238291	4	103	538.5	619.5	0.0822061916892	0.451808833715	135	135
98.0	100.0	85.0	125.0	135.0	123.0	4	0.0401726250733	0.000512448011057	DLR00012709-2009-07-02_17-31-36	0.0383185080522	4	103	686.5	619.5	0.0365328768272	0.277372262774	135	135
99.0	101.0	85.0	133.0	147.0	137.0	5	0.0436357824072	0.000690285752432	DLR00012709-2009-07-02_17-31-36	0.0788715258376	4	103	816.5	621.5	0.0769947026353	0.454792476957	135	135
99.0	101.0	84.0	125.0	136.0	122.0	6	0.0401726250733	0.000503034865506	DLR00012709-2009-07-02_17-31-36	0.0416221475317	4	103	952.5	623.5	0.039695089602	0.294741328787	135	135
98.0	101.0	84.0	135.0	150.0	139.0	7	0.0452341627151	0.000719823007027	DLR00012709-2009-07-02_17-31-36	0.0801309045077	4	103	1086.5	619.5	0.0786725384691	0.441845596462	135	135
98.0	101.0	84.0	126.0	138.0	125.0	8	0.0458202354947	0.000548920616749	DLR00012709-2009-07-02_17-31-36	0.0409899967416	4	103	1226.5	612.5	0.039679997834	0.289146997709	135	135
97.0	101.0	84.0	134.0	149.0	139.0	9	0.0547711652192	0.000726023671196	DLR00012709-2009-07-02_17-31-36	0.0826828848125	4	103	1361.5	619.5	0.08134894735	0.443603814801	135	135
96.0	100.0	83.0	127.0	140.0	128.0	10	0.055197399968	0.000599884385846	DLR00012709-2009-07-02_17-31-36	0.053245678887	4	103	1497.5	619.5	0.0517978798079	0.342426341307	135	135
97.0	100.0	84.0	130.0	146.0	135.0	11	0.048697320049	0.000696774458798	DLR00012709-2009-07-02_17-31-36	0.078751961339	4	103	1632.5	624.5	0.0759483579374	0.430550375619	135	135
96.0	100.0	83.0	124.0	138.0	126.0	12	0.0458202354947	0.000584185113046	DLR00012709-2009-07-02_17-31-36	0.0575572393483	4	103	1771.5	616.5	0.0553091983518	0.364697106932	135	135
96.0	99.0	83.0	132.0	148.0	137.0	13	0.0490169961106	0.000736143965538	DLR00012709-2009-07-02_17-31-36	0.0838370433902	4	103	1909.5	628.5	0.0828618610017	0.456017901859	135	135
96.0	99.0	82.0	124.0	137.0	124.0	14	0.048430923331	0.000564867114483	DLR00012709-2009-07-02_17-31-36	0.0489827379081	4	103	2052.5	619.5	0.0478976136388	0.340774681656	135	135
96.0	99.0	82.0	133.0	149.0	138.0	15	0.0448612073099	0.000753111792103	DLR00012709-2009-07-02_17-31-36	0.0836929710665	4	103	2179.5	619.5	0.0830172591883	0.449464542597	135	135
96.0	98.0	82.0	125.0	138.0	125.0	16	0.0508817731366	0.000584048968105	DLR00012709-2009-07-02_17-31-36	0.0539085744593	4	103	2326.5	609.5	0.0526033714327	0.350524801534	135	135
96.0	98.0	82.0	132.0	147.0	136.0	17	0.0405455804784	0.00073770303768	DLR00012709-2009-07-02_17-31-36	0.0806182416175	4	103	2458.5	625.5	0.0794205919936	0.435345516543	135	135
96.0	99.0	82.0	129.0	142.0	130.0	18	0.0639352123182	0.000669149881415	DLR00012709-2009-07-02_17-31-36	0.0636673621489	4	103	2591.5	617.5	0.0605847492223	0.36704139805	135	135
96.0	98.0	82.0	137.0	153.0	143.0	19	0.0598327028611	0.000852615611951	DLR00012709-2009-07-02_17-31-36	0.110103808166	4	103	2720.5	619.5	0.107263815688	0.515264531941	135	135
96.0	97.0	81.0	127.0	139.0	127.0	20	0.0505088177314	0.000654917208383	DLR00012709-2009-07-02_17-31-36	0.0664490896583	4	103	2866.5	620.5	0.0627342144126	0.381799776227	135	135
95.0	96.0	80.0	134.0	148.0	137.0	21	0.0601523789227	0.000821036469852	DLR00012709-2009-07-02_17-31-36	0.101356499045	4	103	2996.5	619.5	0.0982046042381	0.487292876552	135	135
93.0	93.0	78.0	127.0	138.0	126.0	22	0.068730353242	0.000717371315284	DLR00012709-2009-07-02_17-31-36	0.0735907330706	4	103	3139.5	619.5	0.0694178968116	0.39309499707	135	135
90.0	91.0	77.0	132.0	146.0	137.0	23	0.0577015291172	0.000920722234029	DLR00012709-2009-07-02_17-31-36	0.120467005642	4	103	3271.5	619.5	0.116798263473	0.518940806649	135	135
89.0	91.0	77.0	120.0	129.0	118.0	24	0.0598859822047	0.000657209139212	DLR00012709-2009-07-02_17-31-36	0.0712299469861	4	103	3414.5	616.5	0.0705587606731	0.4198945069	135	135
93.0	93.0	81.0	125.0	134.0	125.0	1	0.049496510203	0.000635981352725	DLR00012709-2009-07-02_17-31-36	0.0717579590633	5	103	268.5	756.5	0.0707895151094	0.44211199318	135	135
96.0	97.0	82.0	127.0	137.0	127.0	2	0.0577015291172	0.000620235940357	DLR00012709-2009-07-02_17-31-36	0.059788259833	5	103	409.5	756.5	0.0575153104401	0.357664233577	135	135
97.0	99.0	84.0	138.0	153.0	145.0	3	0.0466194256487	0.00082406115527	DLR00012709-2009-07-02_17-31-36	0.100455611056	5	103	535.5	750.5	0.0982713833447	0.490010123075	135	135
99.0	100.0	84.0	130.0	142.0	131.0	4	0.0412382119452	0.000620053145298	DLR00012709-2009-07-02_17-31-36	0.0622128049677	5	103	678.5	756.5	0.0604152659674	0.390697426608	135	135
99.0	101.0	85.0	135.0	149.0	139.0	5	0.0386808034525	0.000719573642191	DLR00012709-2009-07-02_17-31-36	0.0821034157668	5	103	815.5	756.5	0.0806874715128	0.452874420587	135	135
99.0	101.0	84.0	127.0	139.0	126.0	6	0.0323938409079	0.000562143982883	DLR00012709-2009-07-02_17-31-36	0.0488654093565	5	103	952.5	746.5	0.0475991839561	0.332889338803	135	135
98.0	101.0	85.0	136.0	151.0	140.0	7	0.0556769140604	0.000745462819813	DLR00012709-2009-07-02_17-31-36	0.0882622986198	5	103	1082.5	756.5	0.0867025621465	0.46757951942	135	135
97.0	101.0	84.0	131.0	145.0	133.0	8	0.0677713250573	0.00066039310425	DLR00012709-2009-07-02_17-31-36	0.0593486233596	5	103	1226.5	748.5	0.057383863378	0.344770632426	135	135
97.0	100.0	84.0	137.0	154.0	144.0	9	0.0439021791252	0.00079857322735	DLR00012709-2009-07-02_17-31-36	0.0931176123134	5	103	1363.5	753.5	0.0922878330479	0.477276359955	135	135
96.0	100.0	84.0	126.0	140.0	128.0	10	0.048963716767	0.000600040396127	DLR00012709-2009-07-02_17-31-36	0.0605417023407	5	103	1497.5	746.5	0.0588076443747	0.384889978155	135	135
96.0	99.0	83.0	134.0	150.0	140.0	11	0.0623901113538	0.00077327687507	DLR00012709-2009-07-02_17-31-36	0.0885139304493	5	103	1636.5	750.5	0.086237970495	0.459214662475	135	135
96.0	99.0	83.0	126.0	141.0	129.0	12	0.0495497895466	0.000624859633823	DLR00012709-2009-07-02_17-31-36	0.0630426137356	5	103	1771.5	765.5	0.0618963048754	0.394320421972	135	135
96.0	99.0	83.0	138.0	156.0	146.0	13	0.0553572379988	0.000857501611572	DLR00012709-2009-07-02_17-31-36	0.107032403549	5	103	1913.5	750.5	0.106453580489	0.505514412062	135	135
96.0	99.0	82.0	127.0	141.0	129.0	14	0.0462464702435	0.000628014354954	DLR00012709-2009-07-02_17-31-36	0.0546876579721	5	103	2044.5	756.5	0.0537920223006	0.341627151153	135	135
96.0	99.0	82.0	135.0	152.0	142.0	15	0.0493899515158	0.000811646338939	DLR00012709-2009-07-02_17-31-36	0.0954389442675	5	103	2177.5	753.5	0.0946961258641	0.481698545474	135	135
96.0	98.0	82.0	129.0	143.0	131.0	16	0.0645745644414	0.000671820172691	DLR00012709-2009-07-02_17-31-36	0.0681413588128	5	103	2317.5	762.5	0.0665080640471	0.387021151899	135	135
96.0	98.0	82.0	135.0	151.0	140.0	17	0.0591933507379	0.00080253445422	DLR00012709-2009-07-02_17-31-36	0.094649222787	5	103	2458.5	759.5	0.0928431155994	0.474026319996	135	135
96.0	98.0	81.0	127.5	140.0	127.0	18	0.0686237945549	0.000643009432085	DLR00012709-2009-07-02_17-31-36	0.0607278086574	5	103	2591.5	755.5	0.0580595375405	0.357504395546	135	135
96.0	98.0	81.0	137.0	153.0	142.0	19	0.0521604773829	0.000850693459125	DLR00012709-2009-07-02_17-31-36	0.10476603519	5	103	2727.5	756.5	0.101973236048	0.490809313229	135	135
96.0	97.0	80.0	130.0	142.0	130.0	20	0.0751771538175	0.000703295250661	DLR00012709-2009-07-02_17-31-36	0.0785306677007	5	103	2867.5	754.5	0.0748897563824	0.418402685279	135	135
95.0	96.0	80.0	130.0	142.0	130.0	21	0.0588203953327	0.000726372449417	DLR00012709-2009-07-02_17-31-36	0.079522854482	5	103	3003.5	756.5	0.0753125493626	0.414619851883	135	135
93.0	93.0	78.0	126.0	136.0	124.0	22	0.0754968298791	0.000687207460905	DLR00012709-2009-07-02_17-31-36	0.067804159605	5	103	3137.5	752.5	0.0648254638954	0.372422611753	135	135
91.0	92.0	77.0	130.0	142.0	131.0	23	0.0718205551708	0.000835034539558	DLR00012709-2009-07-02_17-31-36	0.101236215396	5	103	3271.5	756.5	0.0976795739254	0.47482551015	135	135
90.0	91.0	77.0	121.0	130.0	118.0	24	0.0627097874154	0.000663981393167	DLR00012709-2009-07-02_17-31-36	0.0654336117745	5	103	3414.5	756.5	0.0643453089231	0.381213703447	135	135
93.0	93.0	80.0	128.0	139.0	130.0	1	0.0293036389792	0.00070357448534	DLR00012709-2009-07-02_17-31-36	0.083894536138	6	103	271.5	893.5	0.0837139590166	0.477596036017	135	135
96.0	97.0	82.0	124.0	134.0	123.0	2	0.0433161063456	0.00056211775414	DLR00012709-2009-07-02_17-31-36	0.0542994636708	6	103	409.5	890.5	0.0522860540794	0.363684799403	135	135
97.0	99.0	84.0	137.0	152.0	144.0	3	0.0417177260376	0.00080920334389	DLR00012709-2009-07-02_17-31-36	0.0996568024161	6	103	544.5	892.5	0.097822296245	0.494538867281	135	135
99.0	100.0	84.0	126.0	135.0	123.0	4	0.0326602376259	0.000519991348914	DLR00012709-2009-07-02_17-31-36	0.0408026348145	6	103	670.5	887.5	0.0384677537113	0.284511694816	135	135
99.0	101.0	85.0	135.0	150.0	139.0	5	0.0417710053812	0.000725271390287	DLR00012709-2009-07-02_17-31-36	0.0869943890676	6	103	814.5	892.5	0.0854901731946	0.472214822313	135	135
99.0	101.0	84.0	124.0	135.0	121.0	6	0.0223240449678	0.000497076561905	DLR00012709-2009-07-02_17-31-36	0.0363565326965	6	103	952.5	883.5	0.0350132982906	0.274175502158	135	135
98.0	100.0	84.0	134.0	148.0	137.0	7	0.041131653258	0.000705899770837	DLR00012709-2009-07-02_17-31-36	0.0698106138451	6	103	1090.5	892.5	0.0693881122408	0.398263093399	135	135
97.0	100.0	83.0	126.0	138.0	125.0	8	0.0515744046033	0.000555531697639	DLR00012709-2009-07-02_17-31-36	0.0425509875918	6	103	1226.5	895.5	0.0420926246892	0.296872502531	135	135
97.0	100.0	84.0	132.0	147.0	136.0	9	0.0392668762321	0.000700735047206	DLR00012709-2009-07-02_17-31-36	0.0740704712999	6	103	1356.5	888.5	0.0733143609501	0.429005274655	135	135
96.0	99.0	83.0	121.0	133.0	120.0	10	0.0312216953487	0.000496458621916	DLR00012709-2009-07-02_17-31-36	0.035951455932	6	103	1497.5	886.5	0.0345128845262	0.26533113112	135	135
95.0	99.0	83.0	133.0	150.0	140.0	11	0.0468325430231	0.000767234371008	DLR00012709-2009-07-02_17-31-36	0.0913335532249	6	103	1643.5	890.5	0.0897137407896	0.478182108796	135	135
95.0	99.0	83.0	124.0	137.0	124.0	12	0.0371889818317	0.000560862964354	DLR00012709-2009-07-02_17-31-36	0.0455652852124	6	103	1771.5	885.5	0.0448185431114	0.316372742288	135	135
95.0	98.0	83.0	130.0	145.0	134.0	13	0.0466727049923	0.000699902782641	DLR00012709-2009-07-02_17-31-36	0.0816436885731	6	103	1907.5	899.5	0.0813236928834	0.455271991049	135	135
96.0	98.0	82.0	123.0	136.0	123.0	14	0.0451808833715	0.000557055710068	DLR00012709-2009-07-02_17-31-36	0.0454420529544	6	103	2038.5	892.5	0.0445678345166	0.311630880708	135	135
95.0	98.0	82.0	134.0	150.0	140.0	15	0.0499760242954	0.000785939966563	DLR00012709-2009-07-02_17-31-36	0.09418398118	6	103	2174.5	891.5	0.093499363011	0.480526399915	135	135
95.0	98.0	82.0	128.0	141.0	129.0	16	0.0501358623262	0.000651414767873	DLR00012709-2009-07-02_17-31-36	0.0622483574147	6	103	2312.5	892.5	0.0602990654855	0.365762693804	135	135
96.0	98.0	82.0	133.0	149.0	139.0	17	0.047898129895	0.000789950758771	DLR00012709-2009-07-02_17-31-36	0.0924605958203	6	103	2458.5	892.5	0.0907572836746	0.466886887954	135	135
96.0	98.0	81.0	128.0	140.0	128.0	18	0.0523203154137	0.000656623919114	DLR00012709-2009-07-02_17-31-36	0.0650656800714	6	103	2591.5	895.5	0.0618852713126	0.372689008471	135	135
96.0	98.0	81.0	136.0	151.0	140.0	19	0.0554105173424	0.000827836568736	DLR00012709-2009-07-02_17-31-36	0.101426206447	6	103	2731.5	898.5	0.0981151502687	0.489530608983	135	135
96.0	97.0	80.0	128.0	140.0	127.0	20	0.057861367148	0.00067283137226	DLR00012709-2009-07-02_17-31-36	0.0745717646476	6	103	2866.5	891.5	0.0703760022211	0.410996856519	135	135
95.0	96.0	79.0	135.0	148.0	137.0	21	0.0547178858756	0.000834293374357	DLR00012709-2009-07-02_17-31-36	0.10098843601	6	103	2997.5	892.5	0.0975453944404	0.48015344451	135	135
93.0	94.0	79.0	129.0	139.5	128.0	22	0.0666524588417	0.000735716707325	DLR00012709-2009-07-02_17-31-36	0.0802469132933	6	103	3137.5	886.5	0.0753800024022	0.413554265011	135	135
91.0	92.0	76.0	130.0	143.0	132.0	23	0.0631893015078	0.000839304050136	DLR00012709-2009-07-02_17-31-36	0.101104695597	6	103	3274.5	892.5	0.0983037003658	0.474345996057	135	135
90.0	91.0	76.0	119.0	128.0	116.0	24	0.0412914912888	0.000632738825608	DLR00012709-2009-07-02_17-31-36	0.0643763418385	6	103	3404.5	890.5	0.0628775819455	0.389525281049	135	135
93.0	94.0	80.0	129.0	140.0	130.0	1	0.0404923011349	0.000711702396768	DLR00012709-2009-07-02_17-31-36	0.0879360868592	7	103	274.5	1031.5	0.0876387921139	0.495657733497	135	135
96.0	97.0	82.0	126.0	136.0	125.0	2	0.0516276839469	0.000589860237117	DLR00012709-2009-07-02_17-31-36	0.0576084533184	7	103	409.5	1031.5	0.0553613970369	0.357078160797	135	135
98.0	99.0	84.0	137.0	152.0	143.0	3	0.0400127870425	0.000794897346661	DLR00012709-2009-07-02_17-31-36	0.0932777653633	7	103	551.5	1031.5	0.0914886367057	0.4681655922	135	135
99.0	100.0	84.0	127.0	137.0	124.0	4	0.0326069582823	0.000541488107292	DLR00012709-2009-07-02_17-31-36	0.0447614191853	7	103	678.5	1034.5	0.0429444856157	0.3141882892	135	135
99.0	101.0	84.0	136.0	151.0	140.0	5	0.036496350365	0.000747566250305	DLR00012709-2009-07-02_17-31-36	0.0834857077584	7	103	815.5	1022.5	0.0818705307812	0.448239117694	135	135
99.0	101.0	84.0	129.0	142.0	129.0	6	0.0285044488252	0.000603742141982	DLR00012709-2009-07-02_17-31-36	0.0546343827813	7	103	944.5	1023.5	0.0528739534277	0.350045287442	135	135
97.0	101.0	84.0	138.0	155.0	145.0	7	0.0548244445628	0.000813193036277	DLR00012709-2009-07-02_17-31-36	0.102310333829	7	103	1085.5	1037.5	0.101322447077	0.513239916884	135	135
97.0	100.0	84.0	126.0	139.0	126.0	8	0.0417177260376	0.000579426350491	DLR00012709-2009-07-02_17-31-36	0.0526349355993	7	103	1226.5	1029.5	0.0509368218132	0.344823911769	135	135
96.0	100.0	84.0	135.0	152.0	142.0	9	0.0383078480473	0.000773277189647	DLR00012709-2009-07-02_17-31-36	0.0830221746592	7	103	1363.5	1026.5	0.0818848206074	0.437689807662	135	135
96.0	99.0	83.0	126.0	139.0	127.0	10	0.0358037188982	0.000598337364414	DLR00012709-2009-07-02_17-31-36	0.0565366437782	7	103	1497.5	1030.5	0.0551235634935	0.359955245351	135	135
95.0	99.0	83.0	137.0	155.0	146.0	11	0.048164526613	0.000840875220334	DLR00012709-2009-07-02_17-31-36	0.10293343353	7	103	1640.5	1036.5	0.102403402349	0.502743886195	135	135
95.0	98.0	83.0	125.0	138.0	126.0	12	0.0409718152272	0.000580734013348	DLR00012709-2009-07-02_17-31-36	0.0468479518503	7	103	1771.5	1031.5	0.0464868183387	0.313175981672	135	135
95.0	98.0	83.0	135.0	152.0	142.0	13	0.0511481698545	0.000808209549075	DLR00012709-2009-07-02_17-31-36	0.0958878040777	7	103	1908.5	1033.5	0.0957821349467	0.482551014971	135	135
95.0	98.0	82.0	123.0	135.0	123.0	14	0.0530662262241	0.000565633937832	DLR00012709-2009-07-02_17-31-36	0.0481499473194	7	103	2046.5	1031.5	0.0470437601239	0.322393308114	135	135
95.0	98.0	82.0	137.0	154.0	145.0	15	0.0515744046033	0.000866350951943	DLR00012709-2009-07-02_17-31-36	0.106938780094	7	103	2184.5	1033.5	0.10563414478	0.503596355693	135	135
95.0	98.0	82.0	127.0	140.0	128.0	16	0.0671852522777	0.000647284838604	DLR00012709-2009-07-02_17-31-36	0.0628713651536	7	103	2314.5	1025.5	0.0605580175508	0.371623421599	135	135
95.0	98.0	82.0	137.0	154.0	144.0	17	0.056795780276	0.000869253930282	DLR00012709-2009-07-02_17-31-36	0.10857595433	7	103	2458.5	1031.5	0.106212296433	0.499067611487	135	135
96.0	98.0	81.0	127.0	140.0	127.0	18	0.0520006393521	0.000658428509002	DLR00012709-2009-07-02_17-31-36	0.0657698864138	7	103	2591.5	1028.5	0.0627355584491	0.37711119399	135	135
96.0	98.0	80.0	136.0	152.0	141.0	19	0.0524268741009	0.000861956483383	DLR00012709-2009-07-02_17-31-36	0.108443979185	7	103	2725.5	1027.5	0.105393375259	0.500985667857	135	135
95.0	97.0	80.0	125.0	136.0	123.0	20	0.0594597474559	0.000619654452073	DLR00012709-2009-07-02_17-31-36	0.0634869142449	7	103	2872.5	1031.5	0.0592037093034	0.373594757313	135	135
95.0	96.0	79.0	135.0	150.0	138.0	21	0.0535457403165	0.000855635770017	DLR00012709-2009-07-02_17-31-36	0.102553474664	7	103	2999.5	1031.5	0.098871869459	0.478928019607	135	135
93.0	94.0	78.0	127.0	138.0	126.0	22	0.0664926208109	0.000706071748187	DLR00012709-2009-07-02_17-31-36	0.0809649981216	7	103	3137.5	1024.5	0.0770469475521	0.43071021365	135	135
92.0	93.0	77.0	130.0	143.0	131.0	23	0.0798657360541	0.000835897967707	DLR00012709-2009-07-02_17-31-36	0.0994746475435	7	103	3267.5	1024.5	0.095010865976	0.460386808035	135	135
90.0	91.0	76.0	122.0	132.0	120.0	24	0.054664606532	0.000683967325071	DLR00012709-2009-07-02_17-31-36	0.0797136048282	7	103	3411.5	1031.5	0.0791634263218	0.452501465182	135	135
94.0	95.0	81.0	129.0	139.0	129.0	1	0.0392135968885	0.000687986147064	DLR00012709-2009-07-02_17-31-36	0.0862265796838	8	103	276.5	1172.5	0.0848490238481	0.496083968246	135	135
97.0	98.0	83.0	125.0	134.0	122.0	2	0.0521071980393	0.000551355394965	DLR00012709-2009-07-02_17-31-36	0.0478165162634	8	103	411.5	1167.5	0.045273296211	0.315094038041	135	135
98.0	100.0	84.0	136.0	150.0	140.0	3	0.0435825030636	0.000763870699222	DLR00012709-2009-07-02_17-31-36	0.0871273387212	8	103	546.5	1155.5	0.0848019892004	0.451222760936	135	135
98.0	100.0	83.0	125.0	135.0	122.0	4	0.028397890138	0.00051474048978	DLR00012709-2009-07-02_17-31-36	0.0385000496308	8	103	678.5	1168.5	0.0372969856165	0.284138739411	135	135
99.0	101.0	84.0	135.0	149.0	138.0	5	0.0445415312483	0.000720774857132	DLR00012709-2009-07-02_17-31-36	0.0814660024748	8	103	822.5	1164.5	0.0800990633761	0.446214502637	135	135
98.0	100.0	83.0	126.0	138.0	125.0	6	0.0393734349193	0.000562959794233	DLR00012709-2009-07-02_17-31-36	0.0425180625976	8	103	952.5	1170.5	0.0407792533674	0.282220683041	135	135
97.0	100.0	84.0	132.0	147.0	135.0	7	0.048963716767	0.000697104676798	DLR00012709-2009-07-02_17-31-36	0.0831158446347	8	103	1082.5	1164.5	0.0815920366221	0.469710693164	135	135
97.0	100.0	84.0	124.0	136.0	123.0	8	0.0394799936065	0.000543368347612	DLR00012709-2009-07-02_17-31-36	0.0524192776371	8	103	1226.5	1157.5	0.0498480537028	0.343332090149	135	135
96.0	99.0	83.0	132.0	148.0	137.0	9	0.0392135968885	0.000730517656997	DLR00012709-2009-07-02_17-31-36	0.0826341202887	8	103	1358.5	1166.5	0.0813009973723	0.453407214023	135	135
95.0	99.0	83.0	124.0	136.0	124.0	10	0.0471522190847	0.000566299561847	DLR00012709-2009-07-02_17-31-36	0.0473468278162	8	103	1499.5	1164.5	0.0459132181625	0.319036709468	135	135
95.0	99.0	83.0	131.0	148.0	138.0	11	0.0454472800895	0.000739030734184	DLR00012709-2009-07-02_17-31-36	0.0773704677327	8	103	1635.5	1164.5	0.077268330796	0.429804464809	135	135
95.0	98.0	83.0	122.0	134.0	121.0	12	0.0390004795141	0.000519939143235	DLR00012709-2009-07-02_17-31-36	0.0433332077539	8	103	1777.5	1157.5	0.0425119298632	0.311417763333	135	135
94.0	98.0	82.0	130.0	146.0	135.0	13	0.0491768341414	0.000724068719398	DLR00012709-2009-07-02_17-31-36	0.0756252509981	8	103	1903.5	1164.5	0.0752305394633	0.418615802653	135	135
94.0	98.0	82.0	122.0	134.0	122.0	14	0.0468325430231	0.000554985362554	DLR00012709-2009-07-02_17-31-36	0.0498991111947	8	103	2047.5	1164.5	0.0485669768108	0.333848366988	135	135
94.0	98.0	82.0	130.0	146.0	136.0	15	0.0517875219777	0.000746077992143	DLR00012709-2009-07-02_17-31-36	0.08954907561	8	103	2182.5	1164.5	0.0878715403254	0.478288667484	135	135
95.0	98.0	82.0	124.0	137.0	125.0	16	0.0511481698545	0.000608444411831	DLR00012709-2009-07-02_17-31-36	0.0591087203188	8	103	2317.5	1164.5	0.0563776679684	0.361287228941	135	135
95.0	98.0	82.0	133.0	149.0	138.0	17	0.0582876018967	0.00080219263807	DLR00012709-2009-07-02_17-31-36	0.098650692416	8	103	2452.5	1164.5	0.0959331997198	0.488944536203	135	135
95.0	97.0	81.0	128.0	141.0	128.0	18	0.0587671159891	0.000680842598185	DLR00012709-2009-07-02_17-31-36	0.07205362306	8	103	2591.5	1163.5	0.0679677317456	0.388299856146	135	135
96.0	97.0	80.0	131.0	146.0	134.0	19	0.0521071980393	0.00077332829739	DLR00012709-2009-07-02_17-31-36	0.0945106407353	8	103	2721.5	1168.5	0.09099502663	0.483243646438	135	135
95.0	97.0	79.0	127.0	139.0	126.0	20	0.0515744046033	0.000672137106561	DLR00012709-2009-07-02_17-31-36	0.066649683208	8	103	2866.5	1164.5	0.0631946776216	0.379135809047	135	135
95.0	96.0	79.0	133.0	147.0	136.0	21	0.0552506793116	0.000815806961815	DLR00012709-2009-07-02_17-31-36	0.0977387849624	8	103	2996.5	1164.5	0.094551112116	0.470403324631	135	135
93.0	94.0	77.0	128.0	139.0	127.0	22	0.0589802333635	0.000730206482092	DLR00012709-2009-07-02_17-31-36	0.0821063040401	8	103	3137.5	1155.5	0.0786495544301	0.430337258245	135	135
91.0	92.0	77.0	131.0	144.0	134.0	23	0.0504555383878	0.000863396674224	DLR00012709-2009-07-02_17-31-36	0.10511052886	8	103	3269.5	1164.5	0.101126421454	0.477116521924	135	135
90.0	91.0	76.0	120.0	129.0	117.0	24	0.0577548084608	0.00064031280144	DLR00012709-2009-07-02_17-31-36	0.0658638526875	8	103	3408.5	1164.5	0.0638373305639	0.389472001705	135	135
94.0	95.0	80.0	128.0	139.0	128.0	1	0.0253076882093	0.000665564424196	DLR00012709-2009-07-02_17-31-36	0.0768711556654	9	103	278.5	1304.5	0.0770012903668	0.457669561511	135	135
96.0	98.0	82.0	129.0	140.0	129.0	2	0.0412382119452	0.000645785534725	DLR00012709-2009-07-02_17-31-36	0.064419842751	9	103	409.5	1304.5	0.0627055490627	0.385369492248	135	135
97.0	99.0	83.0	130.0	143.0	131.0	3	0.0400127870425	0.000655790215652	DLR00012709-2009-07-02_17-31-36	0.0762205965649	9	103	541.5	1301.5	0.0746184030997	0.44935798391	135	135
98.0	100.0	84.0	128.0	139.0	127.0	4	0.0465128669615	0.00058110800789	DLR00012709-2009-07-02_17-31-36	0.0605976868392	9	103	679.5	1304.5	0.0587913905688	0.397144227183	135	135
99.0	101.0	84.0	135.0	149.0	138.0	5	0.0384676860781	0.000721878682053	DLR00012709-2009-07-02_17-31-36	0.082196534899	9	103	815.5	1304.5	0.0803165096544	0.453460493367	135	135
98.0	100.0	83.0	127.0	139.0	126.0	6	0.0425169161916	0.000581648959589	DLR00012709-2009-07-02_17-31-36	0.0552676644558	9	103	952.5	1301.5	0.0530216366135	0.358463423731	135	135
97.0	100.0	84.0	134.0	149.0	138.0	7	0.041131653258	0.000744708131113	DLR00012709-2009-07-02_17-31-36	0.0792042569814	9	103	1082.5	1304.5	0.0770036586467	0.42138632852	135	135
97.0	100.0	84.0	128.0	142.0	130.0	8	0.0358569982418	0.000637450931323	DLR00012709-2009-07-02_17-31-36	0.0667496392783	9	103	1233.5	1304.5	0.0638411283475	0.399808194363	135	135
96.0	99.0	83.0	133.0	149.0	139.0	9	0.0317544887847	0.000766692491437	DLR00012709-2009-07-02_17-31-36	0.0883659695341	9	103	1354.5	1300.5	0.0866653326868	0.461612232937	135	135
95.0	99.0	83.0	125.0	140.0	128.0	10	0.036496350365	0.000614473018953	DLR00012709-2009-07-02_17-31-36	0.0599804351754	9	103	1497.5	1303.5	0.058677682572	0.373381639938	135	135
95.0	99.0	83.0	133.0	150.0	140.0	11	0.0569556183068	0.000776643071994	DLR00012709-2009-07-02_17-31-36	0.0979252842363	9	103	1636.5	1311.5	0.0968860681199	0.500719271139	135	135
94.0	98.0	82.0	122.0	135.0	122.0	12	0.0488571580798	0.000541396607631	DLR00012709-2009-07-02_17-31-36	0.0434875076198	9	103	1771.5	1304.5	0.0427767671952	0.301667643455	135	135
94.0	98.0	82.0	135.0	153.0	144.0	13	0.0491235547978	0.000841019387792	DLR00012709-2009-07-02_17-31-36	0.0992199304571	9	103	1906.5	1310.5	0.0994805634133	0.493313442378	135	135
94.0	97.0	82.0	127.0	141.0	130.0	14	0.0599392615483	0.000663042661979	DLR00012709-2009-07-02_17-31-36	0.063595693857	9	103	2039.5	1306.5	0.0631337012447	0.380734189355	135	135
94.0	97.0	82.0	134.0	152.0	143.0	15	0.0552506793116	0.000858948914481	DLR00012709-2009-07-02_17-31-36	0.108928571049	9	103	2180.5	1304.5	0.106917445558	0.504928339283	135	135
94.0	96.0	81.0	123.0	137.0	125.0	16	0.0365496297086	0.000622796047166	DLR00012709-2009-07-02_17-31-36	0.0575217287322	9	103	2317.5	1297.5	0.0558362941538	0.35297565134	135	135
95.0	97.0	81.0	131.0	147.0	136.0	17	0.0452341627151	0.000783047178977	DLR00012709-2009-07-02_17-31-36	0.0912530167203	9	103	2465.5	1304.5	0.0888767809003	0.460706484096	135	135
95.0	97.0	80.0	128.0	141.0	129.0	18	0.0589802333635	0.000701511836219	DLR00012709-2009-07-02_17-31-36	0.0704710672318	9	103	2591.5	1295.5	0.0669681894497	0.384570302094	135	135
95.0	97.0	80.0	137.0	153.0	142.0	19	0.0555170760296	0.00089068215534	DLR00012709-2009-07-02_17-31-36	0.110126225658	9	103	2725.5	1304.5	0.106232448718	0.49571101284	135	135
95.0	96.0	79.0	127.0	139.0	126.0	20	0.0528531088497	0.00067917274839	DLR00012709-2009-07-02_17-31-36	0.0732687824162	9	103	2866.5	1304.5	0.0696721150477	0.414992807289	135	135
94.0	96.0	79.0	134.0	148.0	137.0	21	0.0667057381853	0.000843007525471	DLR00012709-2009-07-02_17-31-36	0.0974565364587	9	103	2992.5	1304.5	0.0938827099292	0.455804784485	135	135
93.0	94.0	77.0	124.0	134.0	121.0	22	0.0640417710054	0.000659745578429	DLR00012709-2009-07-02_17-31-36	0.0648343709014	9	103	3143.5	1294.5	0.0606298929955	0.358676541105	135	135
91.0	92.0	77.0	133.0	148.0	138.0	23	0.0453407214023	0.00092096740271	DLR00012709-2009-07-02_17-31-36	0.118572806672	9	103	3271.5	1304.5	0.114265556641	0.506526719591	135	135
90.0	91.0	76.0	122.0	132.0	120.0	24	0.0487505993926	0.000695358675573	DLR00012709-2009-07-02_17-31-36	0.0719676149232	9	103	3412.5	1304.5	0.0701287226648	0.400554105173	135	135
94.0	95.0	81.0	127.0	137.0	127.0	1	0.0368160264266	0.000617624228278	DLR00012709-2009-07-02_17-31-36	0.0730040460649	10	103	265.5	1431.5	0.0735328422494	0.472694336406	135	135
96.0	97.0	81.0	120.0	128.0	116.0	2	0.0246683360861	0.000459832854069	DLR00012709-2009-07-02_17-31-36	0.0269630636569	10	103	409.5	1438.5	0.027112705394	0.223453567052	135	135
97.0	99.0	82.0	132.0	146.0	135.0	3	0.0399062283553	0.000701933810816	DLR00012709-2009-07-02_17-31-36	0.0781349859072	10	103	544.5	1446.5	0.077117961768	0.444136608237	135	135
98.0	100.0	83.0	127.0	137.0	125.0	4	0.0380414513293	0.000550145467262	DLR00012709-2009-07-02_17-31-36	0.0397043722227	10	103	678.5	1431.5	0.0382450212175	0.26724918749	135	135
98.0	101.0	84.0	137.0	152.0	142.0	5	0.0364430710214	0.0007706728153	DLR00012709-2009-07-02_17-31-36	0.0873659886916	10	103	820.5	1433.5	0.0854544214826	0.450636688156	135	135
98.0	100.0	83.0	128.0	140.0	127.0	6	0.034897970057	0.00059320166554	DLR00012709-2009-07-02_17-31-36	0.0550987785992	10	103	961.5	1439.5	0.0529422003725	0.354574031648	135	135
97.0	100.0	83.0	134.0	149.0	139.0	7	0.0361766743034	0.000744867053409	DLR00012709-2009-07-02_17-31-36	0.0865084100596	10	103	1093.5	1442.5	0.0846428697134	0.462517981778	135	135
96.0	99.0	83.0	123.0	135.0	122.0	8	0.0318077681283	0.000536441815764	DLR00012709-2009-07-02_17-31-36	0.0462206543157	10	103	1226.5	1438.5	0.0441126658254	0.316532580319	135	135
96.0	99.0	83.0	130.0	146.0	135.0	9	0.0480579679258	0.00071601718833	DLR00012709-2009-07-02_17-31-36	0.0791467035502	10	103	1355.5	1432.5	0.077550567586	0.442804624647	135	135
95.0	98.0	83.0	123.0	135.0	123.0	10	0.0368160264266	0.000555587644378	DLR00012709-2009-07-02_17-31-36	0.0521167349029	10	103	1503.5	1431.5	0.050278692215	0.352496137248	135	135
95.0	99.0	83.0	128.0	143.0	133.0	11	0.0418242847248	0.000674340448287	DLR00012709-2009-07-02_17-31-36	0.0753331938201	10	103	1642.5	1438.5	0.0738835343529	0.431349565773	135	135
94.0	98.0	82.0	124.0	138.0	126.0	12	0.0510416111674	0.000603842479473	DLR00012709-2009-07-02_17-31-36	0.0553092145849	10	103	1771.5	1438.5	0.0547879253009	0.350951036283	135	135
94.0	98.0	82.0	132.0	149.0	140.0	13	0.0481112472694	0.000781068064321	DLR00012709-2009-07-02_17-31-36	0.0854091244953	10	103	1904.5	1438.5	0.0848778573557	0.447706324258	135	135
94.0	97.0	81.0	124.0	138.0	126.0	14	0.057062176994	0.000620004117891	DLR00012709-2009-07-02_17-31-36	0.0570770988294	10	103	2046.5	1439.5	0.0559156460744	0.353828120838	135	135
93.0	97.0	81.0	131.0	148.0	138.0	15	0.0507219351058	0.00079685683677	DLR00012709-2009-07-02_17-31-36	0.0965371835174	10	103	2184.5	1438.5	0.0949836225826	0.484362512654	135	135
93.0	96.0	80.0	124.0	138.0	126.0	16	0.0511481698545	0.000652352583922	DLR00012709-2009-07-02_17-31-36	0.0631416978623	10	103	2319.5	1438.5	0.0608334017493	0.363471682029	135	135
94.0	97.0	81.0	134.0	150.0	140.0	17	0.0623901113538	0.000843525908466	DLR00012709-2009-07-02_17-31-36	0.105159052494	10	103	2462.5	1428.5	0.102408757158	0.498641376738	135	135
94.0	96.0	80.0	125.0	136.5	124.0	18	0.056529383558	0.000633789812816	DLR00012709-2009-07-02_17-31-36	0.0562681397264	10	103	2591.5	1438.5	0.0525575139649	0.335872982045	135	135
95.0	96.0	79.0	131.0	145.0	133.0	19	0.0706484096116	0.000781104262186	DLR00012709-2009-07-02_17-31-36	0.0928242371628	10	103	2721.5	1438.5	0.0889759135227	0.464862272897	135	135
94.0	96.0	79.0	124.0	134.0	120.0	20	0.0581810432095	0.000609841450147	DLR00012709-2009-07-02_17-31-36	0.0549940285993	10	103	2866.5	1435.5	0.0505311029614	0.325749906761	135	135
94.0	95.0	79.0	135.0	150.0	139.0	21	0.0529596675369	0.000885957518756	DLR00012709-2009-07-02_17-31-36	0.106044194159	10	103	3003.5	1438.5	0.10229582176	0.481378869412	135	135
93.0	94.0	78.0	129.0	141.0	130.0	22	0.0771484895306	0.000780251325586	DLR00012709-2009-07-02_17-31-36	0.0875131104765	10	103	3136.5	1430.5	0.0830188933844	0.431722521179	135	135
91.0	92.0	77.0	134.0	149.0	140.0	23	0.0481112472694	0.000950446814488	DLR00012709-2009-07-02_17-31-36	0.121476859684	10	103	3274.5	1438.5	0.117012668243	0.50769886515	135	135
90.0	90.0	76.0	121.0	130.0	119.0	24	0.050295700357	0.000672070846412	DLR00012709-2009-07-02_17-31-36	0.0680175754109	10	103	3414.5	1438.5	0.066525851191	0.395013053439	135	135
94.0	95.0	81.0	126.0	136.0	125.0	1	0.0355373221802	0.000625536495054	DLR00012709-2009-07-02_17-31-36	0.0715306004461	11	103	272.5	1578.5	0.0716868953836	0.451329319623	135	135
96.0	98.0	83.0	128.0	138.0	127.0	2	0.0572220150248	0.000609658238983	DLR00012709-2009-07-02_17-31-36	0.055670117534	11	103	409.5	1577.5	0.053018978767	0.348073951729	135	135
97.0	99.0	83.0	138.0	153.0	144.0	3	0.0436890617508	0.00081831378315	DLR00012709-2009-07-02_17-31-36	0.100083476069	11	103	539.5	1580.5	0.0982845118411	0.491395386009	135	135
98.0	100.0	84.0	127.0	139.0	127.0	4	0.0342053385902	0.000580549097958	DLR00012709-2009-07-02_17-31-36	0.0562862795291	11	103	678.5	1578.5	0.0540939015664	0.365975811178	135	135
98.0	100.0	84.0	136.0	151.0	141.0	5	0.043262827002	0.000763424990661	DLR00012709-2009-07-02_17-31-36	0.0941220802836	11	103	815.5	1578.5	0.092231600347	0.494645425968	135	135
98.0	100.0	83.0	126.0	137.0	124.0	6	0.048430923331	0.000552203746454	DLR00012709-2009-07-02_17-31-36	0.0515053638275	11	103	954.5	1576.5	0.0488463141474	0.340881240343	135	135
97.0	100.0	83.0	135.0	152.0	141.0	7	0.0432095476584	0.00079073936515	DLR00012709-2009-07-02_17-31-36	0.0891758328297	11	103	1090.5	1574.5	0.0869505268262	0.453940007459	135	135
96.0	99.0	83.0	126.0	138.0	126.0	8	0.0401726250733	0.000596271934844	DLR00012709-2009-07-02_17-31-36	0.0557781933966	11	103	1226.5	1580.5	0.0532486706419	0.353295327402	135	135
95.0	98.0	82.0	135.0	152.0	143.0	9	0.0462997495871	0.000825014324027	DLR00012709-2009-07-02_17-31-36	0.0994119926751	11	103	1366.5	1586.5	0.0975358040349	0.492620810912	135	135
95.0	98.0	82.0	125.0	138.0	126.0	10	0.0420374020992	0.000618656100292	DLR00012709-2009-07-02_17-31-36	0.0556626040933	11	103	1497.5	1578.5	0.0539365435039	0.34764771698	135	135
95.0	98.0	82.0	128.0	144.0	133.0	11	0.0501358623262	0.000706333883215	DLR00012709-2009-07-02_17-31-36	0.0778753841074	11	103	1639.5	1571.5	0.0762987101155	0.438062763067	135	135
94.0	97.0	81.0	126.0	141.0	129.0	12	0.0479514092386	0.000659747599601	DLR00012709-2009-07-02_17-31-36	0.0608116952528	11	103	1771.5	1569.5	0.0602439058325	0.370131599979	135	135
94.0	97.0	81.0	135.0	154.0	145.0	13	0.050828493793	0.000868346093598	DLR00012709-2009-07-02_17-31-36	0.106184721246	11	103	1908.5	1570.5	0.105359712649	0.502584048165	135	135
93.0	96.0	80.0	122.0	135.0	123.0	14	0.0509883318238	0.000589801096671	DLR00012709-2009-07-02_17-31-36	0.0543550661409	11	103	2046.5	1578.5	0.0528347651792	0.353401886089	135	135
93.0	96.0	80.0	131.0	147.0	137.0	15	0.0535990196601	0.000809737647991	DLR00012709-2009-07-02_17-31-36	0.0938677532395	11	103	2178.5	1578.5	0.0922537078222	0.469763972508	135	135
93.0	96.0	80.0	122.0	134.0	122.0	16	0.0553572379988	0.000604383576246	DLR00012709-2009-07-02_17-31-36	0.0569406230575	11	103	2320.5	1575.5	0.0540845987587	0.348446907134	135	135
93.0	96.0	80.0	131.0	146.0	135.0	17	0.0559433107784	0.000793741578892	DLR00012709-2009-07-02_17-31-36	0.0943054711035	11	103	2458.5	1578.5	0.0915279869516	0.475411582929	135	135
94.0	96.0	79.0	127.0	140.0	128.0	18	0.0541850924397	0.000702521527362	DLR00012709-2009-07-02_17-31-36	0.075004119404	11	103	2591.5	1573.5	0.0721199914609	0.410943577175	135	135
94.0	96.0	79.0	133.0	148.0	136.0	19	0.0656401513133	0.000833202407165	DLR00012709-2009-07-02_17-31-36	0.10243031921	11	103	2724.5	1578.5	0.098794152167	0.4835633225	135	135
94.0	95.0	79.0	126.0	137.0	124.0	20	0.0569023389632	0.000669903982882	DLR00012709-2009-07-02_17-31-36	0.0632890087994	11	103	2866.5	1578.5	0.0590481687868	0.355266663115	135	135
94.0	95.0	79.0	132.0	146.0	135.0	21	0.0606318930151	0.000835711851792	DLR00012709-2009-07-02_17-31-36	0.100403362176	11	103	2994.5	1578.5	0.0954674561071	0.464063082743	135	135
92.0	94.0	78.0	125.0	135.0	123.0	22	0.0678778837445	0.00068521459311	DLR00012709-2009-07-02_17-31-36	0.0731271787077	11	103	3137.5	1571.5	0.0678544923551	0.397890137993	135	135
90.0	92.0	77.0	133.0	147.0	137.0	23	0.0577548084608	0.000927677695521	DLR00012709-2009-07-02_17-31-36	0.116799887241	11	103	3272.5	1578.5	0.112627131895	0.497415951835	135	135
89.0	89.0	75.0	120.0	130.0	119.0	24	0.0530662262241	0.000679752649049	DLR00012709-2009-07-02_17-31-36	0.0733491916985	11	103	3405.5	1568.5	0.0713643110254	0.422025680644	135	135
94.0	95.0	81.0	128.0	139.0	129.0	1	0.0280249347328	0.000677094030847	DLR00012709-2009-07-02_17-31-36	0.0803755057546	12	103	269.5	1711.5	0.0805359134585	0.483190367095	135	135
96.0	98.0	82.0	123.0	131.0	120.0	2	0.0387873621397	0.000524855846668	DLR00012709-2009-07-02_17-31-36	0.0431708127328	12	103	409.5	1704.5	0.0406047412241	0.294474932069	135	135
97.0	98.0	83.0	133.0	146.0	136.0	3	0.0359102775854	0.000722693509226	DLR00012709-2009-07-02_17-31-36	0.0830332416696	12	103	544.5	1711.5	0.0811963204883	0.446853854761	135	135
98.0	100.0	84.0	126.0	136.0	123.0	4	0.0483243646438	0.000547769771294	DLR00012709-2009-07-02_17-31-36	0.0440099067739	12	103	680.5	1711.5	0.0409712528564	0.285097767596	135	135
98.0	100.0	84.0	135.0	150.0	139.0	5	0.0380947306729	0.000753248044061	DLR00012709-2009-07-02_17-31-36	0.0854675178843	12	103	815.5	1704.5	0.0825823889829	0.448239117694	135	135
98.0	100.0	83.0	124.0	134.0	121.0	6	0.0347381320262	0.000515619998229	DLR00012709-2009-07-02_17-31-36	0.0448798261724	12	103	952.5	1709.5	0.042448022679	0.31285630561	135	135
97.0	99.0	83.0	132.0	147.0	136.0	7	0.0437423410944	0.000728303481522	DLR00012709-2009-07-02_17-31-36	0.084242610656	12	103	1086.5	1712.5	0.0819770622635	0.458362192978	135	135
96.0	98.0	82.0	125.0	137.0	125.0	8	0.0373488198625	0.000588106554622	DLR00012709-2009-07-02_17-31-36	0.0510131004065	12	103	1222.5	1711.5	0.0486588120013	0.322819542863	135	135
95.0	98.0	82.0	133.0	148.0	138.0	9	0.0391603175449	0.000777911626826	DLR00012709-2009-07-02_17-31-36	0.0891575415749	12	103	1363.5	1711.5	0.0872325259943	0.450370291438	135	135
95.0	97.0	81.0	121.0	132.5	120.0	10	0.0351110874314	0.000539210927362	DLR00012709-2009-07-02_17-31-36	0.0419361637157	12	103	1497.5	1711.5	0.039459792584	0.274921412968	135	135
94.0	97.0	81.0	133.0	149.0	139.0	11	0.0524268741009	0.000810709991323	DLR00012709-2009-07-02_17-31-36	0.0925681808745	12	103	1634.5	1705.5	0.0907274766767	0.460440087378	135	135
94.0	96.0	81.0	123.0	136.0	123.0	12	0.0375086578933	0.000597399407047	DLR00012709-2009-07-02_17-31-36	0.0487048542751	12	103	1771.5	1705.5	0.0476527631798	0.301720922798	135	135
93.0	96.0	80.0	127.0	141.0	130.0	13	0.0530129468805	0.000697928431364	DLR00012709-2009-07-02_17-31-36	0.076368417321	12	103	1904.5	1715.5	0.0747815321415	0.430976610368	135	135
93.0	95.0	80.0	124.0	137.0	125.0	14	0.063828653631	0.000644355249383	DLR00012709-2009-07-02_17-31-36	0.0608449673667	12	103	2046.5	1711.5	0.0590252092822	0.357131440141	135	135
93.0	95.0	80.0	131.0	147.0	137.0	15	0.0602589376099	0.000815554258586	DLR00012709-2009-07-02_17-31-36	0.0944037379238	12	103	2184.5	1711.5	0.0922087200828	0.465981139112	135	135
93.0	95.0	79.0	123.0	136.0	124.0	16	0.0614843625127	0.000642350183139	DLR00012709-2009-07-02_17-31-36	0.0595306233813	12	103	2317.5	1711.5	0.0567513844453	0.352283019873	135	135
93.0	95.0	80.0	133.0	148.0	138.0	17	0.0712877617348	0.000845927909719	DLR00012709-2009-07-02_17-31-36	0.106112652894	12	103	2464.5	1710.5	0.102916243811	0.497842186584	135	135
93.0	95.0	79.0	125.0	138.0	126.0	18	0.0634024188822	0.000680744370236	DLR00012709-2009-07-02_17-31-36	0.0721328914595	12	103	2591.5	1711.5	0.0692295173822	0.409185358836	135	135
93.0	95.0	78.0	134.0	148.0	138.0	19	0.0588203953327	0.000858049246037	DLR00012709-2009-07-02_17-31-36	0.0988821320627	12	103	2722.5	1711.5	0.0959897204554	0.455005594331	135	135
93.0	94.0	78.0	126.0	136.0	124.0	20	0.0624433906974	0.000680315456829	DLR00012709-2009-07-02_17-31-36	0.06573257734	12	103	2866.5	1715.5	0.061484196676	0.350951036283	135	135
93.0	94.0	78.0	134.0	148.0	138.0	21	0.070062336832	0.000894526905658	DLR00012709-2009-07-02_17-31-36	0.113833040873	12	103	2999.5	1711.5	0.109085088284	0.496083968246	135	135
92.0	93.0	77.0	125.0	136.0	124.0	22	0.0824764238905	0.000714906083736	DLR00012709-2009-07-02_17-31-36	0.0699177371281	12	103	3137.5	1703.5	0.0647854575401	0.361500346316	135	135
89.0	90.0	76.0	127.0	139.0	129.0	23	0.0584474399275	0.000812587767852	DLR00012709-2009-07-02_17-31-36	0.0983264004461	12	103	3272.5	1711.5	0.0944419845569	0.463690127338	135	135
88.0	89.0	75.0	119.0	129.0	117.0	24	0.0556769140604	0.0006745606964	DLR00012709-2009-07-02_17-31-36	0.0740824239218	12	103	3405.5	1703.5	0.0719133734515	0.419947786243	135	135
94.0	95.0	81.0	127.0	137.0	127.0	1	0.0291438009484	0.000659705282673	DLR00012709-2009-07-02_17-31-36	0.0778558463234	13	103	275.5	1858.5	0.0775430115518	0.460653204753	135	135
95.0	97.0	82.0	125.0	134.0	123.0	2	0.0488038787362	0.000583044328141	DLR00012709-2009-07-02_17-31-36	0.0520640360742	13	103	409.5	1847.5	0.0495089016538	0.330012254249	135	135
96.0	98.0	83.0	132.0	145.0	135.0	3	0.0453940007459	0.000727845959885	DLR00012709-2009-07-02_17-31-36	0.0790136381367	13	103	544.5	1850.5	0.0767039114133	0.421706004582	135	135
97.0	99.0	83.0	126.0	137.0	124.0	4	0.0459800735255	0.000572051785413	DLR00012709-2009-07-02_17-31-36	0.0468890785509	13	103	678.5	1853.5	0.044328619998	0.30678246044	135	135
98.0	100.0	84.0	132.0	146.0	135.0	5	0.0448079279663	0.000700496497716	DLR00012709-2009-07-02_17-31-36	0.0768571811036	13	103	815.5	1850.5	0.0734266996479	0.423783898982	135	135
98.0	99.0	83.0	125.0	136.0	123.0	6	0.0395332729501	0.000559502894398	DLR00012709-2009-07-02_17-31-36	0.0499567678472	13	103	949.5	1850.5	0.0467937885237	0.329319622782	135	135
97.0	99.0	83.0	132.0	146.0	135.0	7	0.0409718152272	0.00071603599869	DLR00012709-2009-07-02_17-31-36	0.0845590220499	13	103	1081.5	1846.5	0.0823254791202	0.464702434866	135	135
96.0	98.0	82.0	123.0	134.0	121.0	8	0.041664446694	0.000548512127588	DLR00012709-2009-07-02_17-31-36	0.0451887514032	13	103	1226.5	1850.5	0.0429904149171	0.293356065853	135	135
95.0	98.0	82.0	131.0	147.0	136.0	9	0.0457136768075	0.000751982549599	DLR00012709-2009-07-02_17-31-36	0.0920762215121	13	103	1367.5	1851.5	0.0904837233977	0.481219031382	135	135
95.0	97.0	81.0	123.0	136.0	124.0	10	0.0531195055677	0.000598182028744	DLR00012709-2009-07-02_17-31-36	0.0604169230793	13	103	1494.5	1845.5	0.0574238748939	0.372316053066	135	135
94.0	97.0	81.0	132.0	149.0	139.0	11	0.0532260642549	0.000806403775145	DLR00012709-2009-07-02_17-31-36	0.097012210766	13	103	1638.5	1850.5	0.0949109066943	0.478182108796	135	135
93.0	96.0	81.0	121.0	132.0	120.0	12	0.0475784538334	0.000560923689196	DLR00012709-2009-07-02_17-31-36	0.0496797355109	13	103	1771.5	1850.5	0.0472978333076	0.326868772977	135	135
93.0	96.0	80.0	132.0	148.0	139.0	13	0.0466194256487	0.000820826607349	DLR00012709-2009-07-02_17-31-36	0.0960247534264	13	103	1908.5	1850.5	0.0942053257912	0.469018061697	135	135
92.0	95.0	79.0	121.0	133.0	121.0	14	0.0590867920507	0.000591076937537	DLR00012709-2009-07-02_17-31-36	0.052555730278	13	103	2046.5	1845.5	0.0502144643377	0.330385209654	135	135
92.0	95.0	79.0	130.0	146.0	136.0	15	0.0634556982258	0.000819973428362	DLR00012709-2009-07-02_17-31-36	0.0943129582963	13	103	2184.5	1843.5	0.0918005021258	0.462145026373	135	135
92.0	94.0	78.0	123.0	135.0	123.0	16	0.0606318930151	0.000654066003563	DLR00012709-2009-07-02_17-31-36	0.0548770360001	13	103	2317.5	1841.5	0.0521995404051	0.313975171826	135	135
93.0	94.0	79.0	131.0	146.0	135.0	17	0.0579679258352	0.000816838590945	DLR00012709-2009-07-02_17-31-36	0.0918598885179	13	103	2458.5	1850.5	0.0890519824585	0.452927699931	135	135
93.0	95.0	79.0	127.0	140.0	129.0	18	0.0782140764026	0.000734104707704	DLR00012709-2009-07-02_17-31-36	0.0833297440355	13	103	2582.5	1850.5	0.0798189602744	0.436304544728	135	135
93.0	94.0	78.0	134.0	148.0	138.0	19	0.0656401513133	0.000866112847204	DLR00012709-2009-07-02_17-31-36	0.101304452478	13	103	2729.5	1850.5	0.0983332509694	0.465927859769	135	135
92.0	94.0	78.0	125.0	136.0	124.0	20	0.0782673557462	0.000686296067544	DLR00012709-2009-07-02_17-31-36	0.0724716098524	13	103	2866.5	1841.5	0.0687078759296	0.403591027759	135	135
92.0	93.0	78.0	136.0	151.0	142.0	21	0.0679311630881	0.000969050139307	DLR00012709-2009-07-02_17-31-36	0.120695984919	13	103	2998.5	1850.5	0.115985925887	0.500879109169	135	135
91.0	91.0	76.0	123.0	133.0	122.0	22	0.0612179657947	0.00069356774042	DLR00012709-2009-07-02_17-31-36	0.0766919904178	13	103	3137.5	1846.5	0.0731689065927	0.413394426981	135	135
89.0	90.0	76.0	131.0	145.0	136.0	23	0.0619105972614	0.00093584344779	DLR00012709-2009-07-02_17-31-36	0.124555079381	13	103	3274.5	1848.5	0.119910225091	0.524961372476	135	135
88.0	89.0	75.0	120.0	129.0	119.0	24	0.0526399914753	0.00070784511261	DLR00012709-2009-07-02_17-31-36	0.0806544872575	13	103	3409.5	1856.5	0.0780069580505	0.442484948585	135	135
93.0	94.0	81.0	128.0	138.0	129.0	1	0.0344184559646	0.000689455067392	DLR00012709-2009-07-02_17-31-36	0.0735437699081	14	103	277.5	1985.5	0.0728171742294	0.432148755927	135	135
95.0	96.0	81.0	122.0	130.0	118.0	2	0.0513080078853	0.000529061223391	DLR00012709-2009-07-02_17-31-36	0.0362182389972	14	103	409.5	1985.5	0.0341202667815	0.253236720124	135	135
96.0	97.0	83.0	134.0	147.0	138.0	3	0.0392135968885	0.000766262047056	DLR00012709-2009-07-02_17-31-36	0.0895583553641	14	103	540.5	1985.5	0.0872603454675	0.458681869039	135	135
97.0	98.0	83.0	126.0	135.0	123.0	4	0.0456603974639	0.000558459173699	DLR00012709-2009-07-02_17-31-36	0.0458286116509	14	103	678.5	1980.5	0.0434360157	0.295327401566	135	135
98.0	99.0	84.0	132.0	145.0	134.0	5	0.0399595076989	0.00069279740199	DLR00012709-2009-07-02_17-31-36	0.0797619592753	14	103	814.5	1985.5	0.0768050418749	0.448931749161	135	135
97.0	99.0	83.0	123.0	132.0	119.0	6	0.0462997495871	0.000508952056095	DLR00012709-2009-07-02_17-31-36	0.0407470355256	14	103	952.5	1985.5	0.0376770250133	0.284778091534	135	135
97.0	99.0	83.0	133.0	147.0	136.0	7	0.0397463903245	0.000741003244716	DLR00012709-2009-07-02_17-31-36	0.0825980746172	14	103	1082.5	1989.5	0.080273766378	0.443390697427	135	135
96.0	98.0	81.0	123.0	134.0	121.0	8	0.0376152165805	0.000552807627871	DLR00012709-2009-07-02_17-31-36	0.0441098574282	14	103	1226.5	1978.5	0.0423086075185	0.298097927434	135	135
95.0	97.0	81.0	132.0	147.0	136.0	9	0.0473653364591	0.000773992731711	DLR00012709-2009-07-02_17-31-36	0.0868406493456	14	103	1362.5	1985.5	0.0853053739384	0.440886568277	135	135
94.0	96.0	80.0	122.0	133.0	121.0	10	0.0584474399275	0.00057700143978	DLR00012709-2009-07-02_17-31-36	0.0525627443105	14	103	1498.5	1985.5	0.0499100269019	0.337844317758	135	135
94.0	96.0	80.0	129.0	144.0	134.0	11	0.0580212051788	0.000760278847718	DLR00012709-2009-07-02_17-31-36	0.0855800259779	14	103	1633.5	1985.5	0.0829583564378	0.443124300709	135	135
93.0	96.0	80.0	125.0	137.0	125.0	12	0.0583941605839	0.00065565691354	DLR00012709-2009-07-02_17-31-36	0.0577459439868	14	103	1771.5	1980.5	0.0548299412723	0.333528690927	135	135
93.0	95.0	79.0	131.0	146.0	135.0	13	0.0630827428206	0.000807741581765	DLR00012709-2009-07-02_17-31-36	0.0842931581575	14	103	1906.5	1985.5	0.0817931388373	0.411423091268	135	135
92.0	94.0	79.0	122.0	134.0	121.0	14	0.0736320528531	0.000631451304302	DLR00012709-2009-07-02_17-31-36	0.0562857009895	14	103	2039.5	1977.5	0.053019672947	0.321807235335	135	135
92.0	94.0	78.0	126.0	140.0	128.0	15	0.063562256913	0.000716070333378	DLR00012709-2009-07-02_17-31-36	0.0754881276794	14	103	2184.5	1993.5	0.0729626582335	0.399381959614	135	135
92.0	94.0	78.0	122.0	133.0	121.0	16	0.0664393414673	0.000635333704446	DLR00012709-2009-07-02_17-31-36	0.0546172912706	14	103	2317.5	1980.5	0.0515445102575	0.317917843252	135	135
92.0	94.0	78.0	132.0	146.0	136.0	17	0.0649475198466	0.000851561436302	DLR00012709-2009-07-02_17-31-36	0.10019091388	14	103	2466.5	1985.5	0.0973656816613	0.465448345676	135	135
92.0	94.0	78.0	122.0	133.0	120.0	18	0.0806116468645	0.00062772264974	DLR00012709-2009-07-02_17-31-36	0.0600506185765	14	103	2591.5	1985.5	0.0568809155221	0.351963343812	135	135
92.0	93.0	78.0	127.0	139.0	127.0	19	0.0758697852842	0.000731841836772	DLR00012709-2009-07-02_17-31-36	0.0716613734653	14	103	2725.5	1985.5	0.0688558988638	0.383611273909	135	135
91.0	93.0	77.0	123.0	133.0	121.0	20	0.0755501092227	0.000656406743647	DLR00012709-2009-07-02_17-31-36	0.0546169471535	14	103	2866.5	1983.5	0.0515003416134	0.304065213917	135	135
91.0	92.0	77.0	130.0	144.0	134.0	21	0.0703820128936	0.000851652701053	DLR00012709-2009-07-02_17-31-36	0.101630336468	14	103	3004.5	1985.5	0.0979397237352	0.467739357451	135	135
90.0	91.0	76.0	120.0	128.0	117.0	22	0.0837551281368	0.000631261138559	DLR00012709-2009-07-02_17-31-36	0.0599865974008	14	103	3137.5	1985.5	0.0553603509571	0.343971442272	135	135
88.0	88.0	74.0	126.0	137.0	128.0	23	0.0651073578774	0.000834273019827	DLR00012709-2009-07-02_17-31-36	0.100334343275	14	103	3268.5	1985.5	0.0966904829945	0.46358356865	135	135
87.0	88.0	75.0	116.0	124.0	113.0	24	0.0466194256487	0.000632130878135	DLR00012709-2009-07-02_17-31-36	0.0616585109842	14	103	3412.5	1985.5	0.0597822048586	0.376898076616	135	135
93.0	93.0	81.0	123.0	131.0	121.0	1	0.0260003196761	0.000605648395371	DLR00012709-2009-07-02_17-31-36	0.0685346635922	15	103	269.5	2127.5	0.0682834182172	0.444562842986	135	135
95.0	95.0	81.0	124.0	131.0	119.0	2	0.0598859822047	0.000558107673226	DLR00012709-2009-07-02_17-31-36	0.0432769090348	15	103	409.5	2124.5	0.0411933603372	0.286589589216	135	135
97.0	97.0	83.0	133.0	143.0	133.0	3	0.0484842026746	0.000715005880964	DLR00012709-2009-07-02_17-31-36	0.0860552987548	15	103	544.5	2122.5	0.0831754762782	0.460813042783	135	135
98.0	99.0	83.0	123.0	131.0	118.0	4	0.0189674463211	0.000486700850128	DLR00012709-2009-07-02_17-31-36	0.0436542335972	15	103	675.5	2123.5	0.040683496694	0.324311364484	135	135
98.0	99.0	83.0	132.0	143.0	131.0	5	0.0399062283553	0.000669897360733	DLR00012709-2009-07-02_17-31-36	0.0769553157265	15	103	815.5	2129.5	0.0748326129794	0.444403004955	135	135
97.0	98.0	82.0	125.0	134.0	121.0	6	0.041131653258	0.000540650564161	DLR00012709-2009-07-02_17-31-36	0.0485178703363	15	103	952.5	2124.5	0.0462078527544	0.32676221429	135	135
97.0	99.0	83.0	133.0	145.0	134.0	7	0.0513080078853	0.000706736718269	DLR00012709-2009-07-02_17-31-36	0.082025954707	15	103	1090.5	2122.5	0.0798086563896	0.456337577921	135	135
96.0	98.0	81.0	127.0	137.0	124.0	8	0.049762906921	0.000600073253176	DLR00012709-2009-07-02_17-31-36	0.052672242978	15	103	1222.5	2122.5	0.0506934230189	0.328733550003	135	135
95.0	97.0	81.0	132.0	145.0	134.0	9	0.0535457403165	0.000771452632442	DLR00012709-2009-07-02_17-31-36	0.0929764302244	15	103	1366.5	2122.5	0.0903061873786	0.468591826949	135	135
94.0	95.0	79.0	124.0	134.0	122.0	10	0.0608450103895	0.000626688939241	DLR00012709-2009-07-02_17-31-36	0.062754590696	15	103	1497.5	2122.5	0.0594496480674	0.377164473334	135	135
93.0	95.0	79.0	130.0	143.0	131.0	11	0.0638819329746	0.000772300087837	DLR00012709-2009-07-02_17-31-36	0.0896378852585	15	103	1630.5	2122.5	0.0869403403849	0.458522031009	135	135
93.0	94.0	78.0	124.0	136.0	123.0	12	0.0643081677234	0.000649448638044	DLR00012709-2009-07-02_17-31-36	0.0632741974033	15	103	1771.5	2122.5	0.0612442683884	0.377910384144	135	135
92.0	94.0	78.0	130.0	143.0	132.0	13	0.0650540785338	0.000784365155273	DLR00012709-2009-07-02_17-31-36	0.088446257502	15	103	1901.5	2122.5	0.0862826358668	0.446853854761	135	135
92.0	93.0	78.0	121.0	131.0	118.0	14	0.0721935105759	0.000605858492847	DLR00012709-2009-07-02_17-31-36	0.0538230384389	15	103	2043.5	2122.5	0.0507945028738	0.3254302307	135	135
92.0	93.0	78.0	133.0	148.0	138.0	15	0.0673983696521	0.000886676732995	DLR00012709-2009-07-02_17-31-36	0.105963758676	15	103	2189.5	2122.5	0.103221090008	0.480739517289	135	135
92.0	93.0	77.0	122.0	131.0	119.0	16	0.0711812030476	0.000621996944437	DLR00012709-2009-07-02_17-31-36	0.055883420722	15	103	2323.5	2122.5	0.053019259022	0.326708934946	135	135
92.0	94.0	78.0	132.0	146.0	135.0	17	0.0565826629016	0.000850074439482	DLR00012709-2009-07-02_17-31-36	0.0995153217354	15	103	2458.5	2122.5	0.0964390501404	0.463104054558	135	135
93.0	94.0	78.0	122.0	132.0	119.0	18	0.0595663061431	0.000610552574064	DLR00012709-2009-07-02_17-31-36	0.0558076078185	15	103	2591.5	2128.5	0.0526508756138	0.336352496137	135	135
93.0	94.0	78.0	132.0	145.0	134.0	19	0.077095210187	0.000829404381577	DLR00012709-2009-07-02_17-31-36	0.0956668497108	15	103	2730.5	2125.5	0.09312681111	0.459161383132	135	135
93.0	93.0	78.0	127.0	138.0	126.0	20	0.0734189354787	0.000718316547316	DLR00012709-2009-07-02_17-31-36	0.0776022867472	15	103	2871.5	2124.5	0.0747952910484	0.418242847248	135	135
92.0	93.0	78.0	135.0	148.0	138.0	21	0.0548244445628	0.000895888977762	DLR00012709-2009-07-02_17-31-36	0.103474328414	15	103	3001.5	2122.5	0.0995894727384	0.463050775214	135	135
91.0	91.0	77.0	121.0	129.0	118.0	22	0.0785870318078	0.000643436261355	DLR00012709-2009-07-02_17-31-36	0.0639784075237	15	103	3137.5	2122.5	0.0595940132696	0.361180670254	135	135
89.0	90.0	76.0	124.0	134.0	124.0	23	0.064095050349	0.000766103879971	DLR00012709-2009-07-02_17-31-36	0.0976432187228	15	103	3264.5	2122.5	0.093188490404	0.474505834088	135	135
88.0	88.0	76.0	120.0	128.0	118.0	24	0.0435825030636	0.000708399466659	DLR00012709-2009-07-02_17-31-36	0.0825732503301	15	103	3417.5	2131.5	0.0811177354612	0.461292556876	135	135
97.0	98.0	88.0	131.0	139.0	131.0	1	0.0125206457456	0.000502214891571	DLR00012709-2009-07-02_17-31-36	0.0431302742071	16	103	271.5	2261.5	0.0474679295035	0.367147956737	135	135
100.0	102.0	92.0	129.0	136.0	127.0	2	0.0173690660131	0.00041732924853	DLR00012709-2009-07-02_17-31-36	0.0277895213536	16	103	409.5	2261.5	0.0304402721631	0.275933720497	135	135
102.0	104.0	93.0	137.0	147.0	138.0	3	0.0284511694816	0.000569306372339	DLR00012709-2009-07-02_17-31-36	0.0642705633241	16	103	553.5	2261.5	0.0665494985691	0.450636688156	135	135
103.0	105.0	93.0	130.0	137.0	126.0	4	0.0234429111833	0.000421665338784	DLR00012709-2009-07-02_17-31-36	0.0307974960296	16	103	678.5	2261.5	0.0322207904577	0.286323192498	135	135
101.0	103.0	90.0	137.0	147.0	138.0	5	0.0370291438009	0.000605009630826	DLR00012709-2009-07-02_17-31-36	0.0606061818059	16	103	815.5	2261.5	0.0624366485813	0.408865682775	135	135
100.0	102.0	88.0	126.0	133.0	121.0	6	0.0247216154297	0.000442866568187	DLR00012709-2009-07-02_17-31-36	0.0260397111537	16	103	952.5	2261.5	0.0269651285734	0.233736480367	135	135
100.0	103.0	90.0	139.0	151.0	141.0	7	0.0417177260376	0.000722243367658	DLR00012709-2009-07-02_17-31-36	0.0838709390407	16	103	1089.5	2261.5	0.0836461178566	0.473386967873	135	135
99.0	101.0	86.0	127.0	135.0	124.0	8	0.0406521391656	0.000514869887064	DLR00012709-2009-07-02_17-31-36	0.0427594515659	16	103	1226.5	2261.5	0.0430097731779	0.32484415792	135	135
98.0	100.0	86.0	132.0	142.0	131.0	9	0.0510416111674	0.000675612069436	DLR00012709-2009-07-02_17-31-36	0.070718220913	16	103	1357.5	2263.5	0.0714252552252	0.432308593958	135	135
97.0	99.0	85.0	124.0	132.0	120.0	10	0.0538121370345	0.000544748406125	DLR00012709-2009-07-02_17-31-36	0.0463590945047	16	103	1497.5	2266.5	0.0475789798649	0.340188608876	135	135
96.0	99.0	85.0	135.0	147.0	137.0	11	0.0477915712078	0.000764913525198	DLR00012709-2009-07-02_17-31-36	0.0873802612478	16	103	1637.5	2261.5	0.0881682125359	0.470936118067	135	135
97.0	99.0	85.0	123.0	131.0	118.0	12	0.0395865522937	0.000484242564308	DLR00012709-2009-07-02_17-31-36	0.0361273311393	16	103	1766.5	2261.5	0.0373441200248	0.294315094038	135	135
97.0	101.0	86.0	133.0	146.0	135.0	13	0.0547178858756	0.000740980856817	DLR00012709-2009-07-02_17-31-36	0.078221760462	16	103	1904.5	2265.5	0.0822520572026	0.445308753796	135	135
96.0	98.0	83.0	122.0	131.0	119.0	14	0.0410783739144	0.000526000070685	DLR00012709-2009-07-02_17-31-36	0.0429649606881	16	103	2046.5	2261.5	0.0448024652694	0.324364643828	135	135
96.0	99.0	85.0	131.0	143.0	132.0	15	0.050562097075	0.000727507213947	DLR00012709-2009-07-02_17-31-36	0.0784307857042	16	103	2184.5	2259.5	0.0803193236617	0.438062763067	135	135
97.0	99.0	85.0	123.0	132.0	120.0	16	0.0321274441899	0.000546610498926	DLR00012709-2009-07-02_17-31-36	0.0492355716582	16	103	2317.5	2261.5	0.051626931619	0.358410144387	135	135
101.0	104.0	90.0	135.0	147.0	136.0	17	0.0374553785497	0.000688503935406	DLR00012709-2009-07-02_17-31-36	0.0821327309798	16	103	2463.5	2269.5	0.0844229427785	0.494645425968	135	135
99.0	102.0	88.0	127.0	135.0	124.0	18	0.0317012094411	0.000538545281329	DLR00012709-2009-07-02_17-31-36	0.0444193082364	16	103	2591.5	2261.5	0.0470043803137	0.330864723747	135	135
99.0	102.0	89.0	137.0	149.0	139.0	19	0.0372422611753	0.000735002466109	DLR00012709-2009-07-02_17-31-36	0.0834164712796	16	103	2734.5	2261.5	0.0843871579344	0.460706484096	135	135
103.0	106.0	93.0	131.0	140.0	129.0	20	0.047898129895	0.000542140721262	DLR00012709-2009-07-02_17-31-36	0.0562931095316	16	103	2866.5	2270.5	0.0584738761487	0.420960093772	135	135
105.0	108.0	96.0	137.0	148.0	138.0	21	0.0553572379988	0.000688695106823	DLR00012709-2009-07-02_17-31-36	0.076079628566	16	103	2995.5	2269.5	0.0782339635149	0.461399115563	135	135
97.0	99.0	87.0	126.0	133.0	124.0	22	0.0306889019127	0.000566192927563	DLR00012709-2009-07-02_17-31-36	0.0552065840602	16	103	3137.5	2254.5	0.0570237436082	0.385635888966	135	135
102.0	106.0	96.0	132.0	142.0	133.0	23	0.0338856625286	0.000676595321747	DLR00012709-2009-07-02_17-31-36	0.0755673034431	16	103	3269.5	2267.5	0.0782994451794	0.473440247216	135	135
94.0	95.0	84.0	123.0	129.0	120.0	24	0.0128403218072	0.000525325071827	DLR00012709-2009-07-02_17-31-36	0.0455854597835	16	103	3414.5	2251.5	0.0481208694501	0.350578080878	135	135
