91.0	91.0	81.0	105.0	107.0	96.0	1	0.028664286856	0.000256510742026	DLR00012709-2009-07-02_08-58-15	0.0121230667207	1	103	271.5	212.5	0.00893765669153	0.125579412862	135	135
94.0	92.0	80.0	107.0	108.0	96.0	2	0.0151846129256	0.00026788339311	DLR00012709-2009-07-02_08-58-15	0.0153085167032	1	103	413.5	215.5	0.00999896461234	0.136235281581	135	135
97.0	96.0	84.0	112.0	114.0	102.0	3	0.021098620065	0.000295534477855	DLR00012709-2009-07-02_08-58-15	0.0183361245088	1	103	544.5	212.5	0.0127167623252	0.157760136395	135	135
99.0	98.0	85.0	114.0	115.0	103.0	4	0.0230166764345	0.000267690203945	DLR00012709-2009-07-02_08-58-15	0.0143692559658	1	103	678.5	207.5	0.00912463304833	0.124194149928	135	135
100.0	99.0	85.0	115.0	117.0	104.0	5	0.0180084181363	0.000292749357454	DLR00012709-2009-07-02_08-58-15	0.0191628737039	1	103	815.5	211.5	0.014602202467	0.187703127497	135	135
101.0	99.0	84.0	115.0	116.0	103.0	6	0.0071927113858	0.000264642309607	DLR00012709-2009-07-02_08-58-15	0.0105652526323	1	103	952.5	207.5	0.00608287724575	0.0846075976344	135	135
101.0	100.0	85.0	116.0	118.0	103.0	7	0.0147583781768	0.00029453274202	DLR00012709-2009-07-02_08-58-15	0.018463747035	1	103	1082.5	211.5	0.0133984443874	0.170600458202	135	135
101.0	101.0	85.0	115.0	118.0	103.0	8	0.0141723053972	0.000271030736469	DLR00012709-2009-07-02_08-58-15	0.0147312564976	1	103	1221.5	206.5	0.0091286757988	0.121103947999	135	135
101.0	101.0	86.0	115.0	118.0	103.0	9	0.00745910810379	0.000278459947378	DLR00012709-2009-07-02_08-58-15	0.017453583107	1	103	1354.5	205.5	0.0117279189003	0.158932281954	135	135
100.0	101.0	85.0	114.0	117.0	102.0	10	0.00660663860621	0.000268368559993	DLR00012709-2009-07-02_08-58-15	0.00868170760157	1	103	1492.5	203.5	0.00502452102964	0.0689434706164	135	135
101.0	102.0	87.0	115.0	118.0	103.0	11	0.007032873355	0.000284193563664	DLR00012709-2009-07-02_08-58-15	0.0195661346451	1	103	1626.5	207.5	0.0141053395572	0.183227662635	135	135
101.0	102.0	87.0	114.0	118.0	103.0	12	0.0069263146678	0.000283577063455	DLR00012709-2009-07-02_08-58-15	0.0136677380959	1	103	1778.5	201.5	0.00919662675486	0.121636741435	135	135
100.0	101.0	86.0	115.0	120.0	106.0	13	0.00735254941659	0.000294466359299	DLR00012709-2009-07-02_08-58-15	0.0230259542327	1	103	1908.5	211.5	0.0172955416169	0.218711705472	135	135
98.0	98.0	82.0	114.0	117.0	103.0	14	0.00538121370345	0.000258603226143	DLR00012709-2009-07-02_08-58-15	0.0081135415594	1	103	2046.5	211.5	0.00448522988582	0.0646811231286	135	135
100.0	101.0	86.0	115.0	119.0	104.0	15	0.0137460706484	0.000310105284336	DLR00012709-2009-07-02_08-58-15	0.0208591592068	1	103	2184.5	204.5	0.0164566067198	0.200650007992	135	135
99.0	99.0	83.0	114.0	117.0	102.0	16	0.0115083382173	0.000283288167244	DLR00012709-2009-07-02_08-58-15	0.0129127269307	1	103	2316.5	211.5	0.00892829532387	0.114124353988	135	135
101.0	102.0	87.0	116.0	118.0	104.0	17	0.0146518194896	0.000288582183557	DLR00012709-2009-07-02_08-58-15	0.0208067081728	1	103	2449.5	201.5	0.0160481204033	0.202195108956	135	135
100.0	100.0	85.0	115.0	117.0	102.0	18	0.0180616974799	0.000290319155391	DLR00012709-2009-07-02_08-58-15	0.0131639051307	1	103	2591.5	202.5	0.00857207644102	0.106132452448	135	135
99.0	99.0	86.0	115.0	117.0	104.0	19	0.0154510096436	0.000306006535784	DLR00012709-2009-07-02_08-58-15	0.0222840533323	1	103	2730.5	204.5	0.0178552332905	0.212850977676	135	135
96.0	95.0	81.0	113.0	114.0	102.0	20	0.0164100378283	0.000295505889116	DLR00012709-2009-07-02_08-58-15	0.0103438668722	1	103	2866.5	211.5	0.00935672323438	0.119505567691	135	135
96.0	96.0	84.0	111.0	114.0	102.0	21	0.0222174862806	0.000311919780466	DLR00012709-2009-07-02_08-58-15	0.0258536235006	1	103	2996.5	203.5	0.0213756858071	0.247642389046	135	135
91.0	90.0	78.0	107.0	108.0	97.0	22	0.0179551387927	0.000279557276761	DLR00012709-2009-07-02_08-58-15	0.0113661699123	1	103	3137.5	211.5	0.00793687830927	0.104161116735	135	135
91.0	91.0	80.0	105.0	107.0	96.0	23	0.0155575683308	0.000299433208048	DLR00012709-2009-07-02_08-58-15	0.0230922308203	1	103	3264.5	203.5	0.018568088129	0.228728222068	135	135
90.0	91.0	82.0	104.0	106.0	96.0	24	0.0141190260536	0.000241292156182	DLR00012709-2009-07-02_08-58-15	0.00542399868278	1	103	3419.5	211.5	0.00415745804891	0.0587671159891	135	135
89.0	87.0	75.0	103.0	105.0	93.0	1	0.00729927007299	0.000286277518146	DLR00012709-2009-07-02_08-58-15	0.0206894707921	2	103	263.5	344.5	0.0153678681834	0.201981991582	135	135
91.0	90.0	75.0	107.0	108.0	96.0	2	0.0254142468965	0.000302133261354	DLR00012709-2009-07-02_08-58-15	0.0122060043141	2	103	409.5	337.5	0.00886663206482	0.109968565187	135	135
94.0	93.0	79.0	111.0	114.0	102.0	3	0.0397996696681	0.000341109194496	DLR00012709-2009-07-02_08-58-15	0.0305686763118	2	103	543.5	344.5	0.0244187560558	0.264478661623	135	135
95.0	94.0	79.0	112.0	113.0	99.0	4	0.0142788640844	0.000290428300015	DLR00012709-2009-07-02_08-58-15	0.0100932855096	2	103	678.5	334.5	0.00600835522662	0.0785337524642	135	135
96.0	95.0	79.0	112.0	115.0	101.0	5	0.0173690660131	0.000305351572323	DLR00012709-2009-07-02_08-58-15	0.0201083266582	2	103	810.5	344.5	0.0145486006929	0.179071873835	135	135
96.0	95.0	79.0	112.0	114.0	99.0	6	0.0112419414993	0.000284437409667	DLR00012709-2009-07-02_08-58-15	0.011828446081	2	103	944.5	344.5	0.00731743357566	0.0946773935745	135	135
96.0	95.0	79.0	113.0	116.0	100.0	7	0.0167297138899	0.00030955123553	DLR00012709-2009-07-02_08-58-15	0.0190964783945	2	103	1086.5	344.5	0.0142816449824	0.176034951249	135	135
96.0	95.0	78.0	112.0	114.0	98.0	8	0.013799349992	0.000283748700968	DLR00012709-2009-07-02_08-58-15	0.0124209065244	2	103	1226.5	344.5	0.0077878350091	0.102562736427	135	135
95.0	95.0	78.0	113.0	116.0	101.0	9	0.028397890138	0.000327409702183	DLR00012709-2009-07-02_08-58-15	0.0253177650691	2	103	1357.5	343.5	0.0199923551388	0.22446587458	135	135
94.0	94.0	77.0	110.0	113.0	97.0	10	0.0136395119612	0.000290660303641	DLR00012709-2009-07-02_08-58-15	0.0125724783948	2	103	1497.5	344.5	0.00854064487521	0.107997229474	135	135
94.0	94.0	77.0	110.0	114.0	99.0	11	0.0158772443923	0.000309898139754	DLR00012709-2009-07-02_08-58-15	0.0249409019112	2	103	1636.5	344.5	0.0198406485197	0.237572593106	135	135
95.0	95.0	78.0	109.0	113.0	97.0	12	0.00756566679099	0.000278139182431	DLR00012709-2009-07-02_08-58-15	0.0147439695741	2	103	1771.5	341.5	0.00783995584927	0.104107837391	135	135
94.0	94.0	77.0	110.0	115.0	99.0	13	0.0222707656242	0.00032262544362	DLR00012709-2009-07-02_08-58-15	0.0213952600385	2	103	1900.5	335.5	0.016140966888	0.186584261282	135	135
93.0	93.0	76.0	109.0	112.0	96.0	14	0.0131599978688	0.000289560389708	DLR00012709-2009-07-02_08-58-15	0.0124800740446	2	103	2046.5	335.5	0.00938098190538	0.119292450317	135	135
93.0	93.0	76.0	111.0	115.0	100.0	15	0.0339389418722	0.00033760221196	DLR00012709-2009-07-02_08-58-15	0.0263825179723	2	103	2181.5	344.5	0.0224075095267	0.244179231712	135	135
94.0	93.0	76.0	109.0	112.0	96.0	16	0.0108157067505	0.000285845371392	DLR00012709-2009-07-02_08-58-15	0.0115195148546	2	103	2317.5	344.5	0.00824430039804	0.107251318664	135	135
94.0	93.0	76.0	111.0	114.0	99.0	17	0.0272257445788	0.000317183799744	DLR00012709-2009-07-02_08-58-15	0.0225680394097	2	103	2458.5	339.5	0.0179060237274	0.212478022271	135	135
94.0	93.0	76.0	111.0	113.0	97.0	18	0.0203527092546	0.000309318046898	DLR00012709-2009-07-02_08-58-15	0.0155456804193	2	103	2591.5	344.5	0.0106999412194	0.129149128883	135	135
93.0	92.0	76.0	111.0	113.0	98.0	19	0.027065906548	0.000328264952372	DLR00012709-2009-07-02_08-58-15	0.0240918562445	2	103	2730.5	344.5	0.0184142426889	0.205498428259	135	135
92.0	90.0	74.0	109.0	110.0	96.0	20	0.0240822633065	0.000301370896784	DLR00012709-2009-07-02_08-58-15	0.0127867113743	2	103	2866.5	344.5	0.0106412668752	0.132505727529	135	135
92.0	90.0	74.0	110.0	112.0	99.0	21	0.0522670360701	0.000369654051991	DLR00012709-2009-07-02_08-58-15	0.0329574356007	2	103	2998.5	344.5	0.0283297153725	0.288560924929	135	135
89.0	86.0	72.0	106.0	107.0	94.0	22	0.0486440407054	0.000334525884881	DLR00012709-2009-07-02_08-58-15	0.0188536838511	2	103	3137.5	344.5	0.0153026601218	0.173690660131	135	135
86.0	83.0	70.0	104.0	106.0	94.0	23	0.0542383717833	0.000372132637851	DLR00012709-2009-07-02_08-58-15	0.0297262576133	2	103	3274.5	344.5	0.0262287235172	0.26858117108	135	135
85.0	84.0	72.0	100.0	100.0	89.0	24	0.0163034791411	0.000277157494044	DLR00012709-2009-07-02_08-58-15	0.0116564914371	2	103	3414.5	344.5	0.00841509109781	0.111140710746	135	135
89.0	87.0	75.0	106.0	107.0	96.0	1	0.0282913314508	0.000326430867345	DLR00012709-2009-07-02_08-58-15	0.0233176681599	3	103	270.5	483.5	0.0194298831737	0.223560125739	135	135
91.0	90.0	76.0	109.0	111.0	99.0	2	0.0367094677394	0.000335374822459	DLR00012709-2009-07-02_08-58-15	0.0194267827662	3	103	409.5	483.5	0.0158234251988	0.176461185998	135	135
93.0	92.0	78.0	111.0	113.0	101.0	3	0.0404923011349	0.000334623404826	DLR00012709-2009-07-02_08-58-15	0.0233293778643	3	103	544.5	491.5	0.0186485714768	0.205285310885	135	135
95.0	94.0	78.0	112.0	114.0	100.0	4	0.0269060685172	0.000306821004913	DLR00012709-2009-07-02_08-58-15	0.0164522961617	3	103	671.5	492.5	0.0115850065023	0.141296819223	135	135
95.0	95.0	79.0	113.0	116.0	102.0	5	0.0351110874314	0.000322777826051	DLR00012709-2009-07-02_08-58-15	0.025492957502	3	103	815.5	483.5	0.020162667031	0.232564334807	135	135
95.0	95.0	79.0	112.0	115.0	101.0	6	0.0252011295221	0.000310731218413	DLR00012709-2009-07-02_08-58-15	0.020002541781	3	103	952.5	477.5	0.0146041726068	0.175075923065	135	135
95.0	95.0	78.0	113.0	117.0	102.0	7	0.0245617773989	0.000331820591814	DLR00012709-2009-07-02_08-58-15	0.0241210587251	3	103	1090.5	477.5	0.0189527626309	0.21098620065	135	135
95.0	95.0	78.0	112.0	116.0	101.0	8	0.0265863924556	0.000319235685648	DLR00012709-2009-07-02_08-58-15	0.0183023352018	3	103	1217.5	483.5	0.0135604994925	0.155948638713	135	135
94.0	94.0	78.0	112.0	118.0	103.0	9	0.027598699984	0.000351268601602	DLR00012709-2009-07-02_08-58-15	0.0303798100589	3	103	1367.5	483.5	0.0255890100287	0.27390910544	135	135
93.0	94.0	77.0	110.0	114.0	99.0	10	0.019766636475	0.000314050270272	DLR00012709-2009-07-02_08-58-15	0.0176952939403	3	103	1497.5	476.5	0.0134453832941	0.160157706857	135	135
93.0	93.0	77.0	109.0	114.0	98.0	11	0.0230699557781	0.000310175521373	DLR00012709-2009-07-02_08-58-15	0.0208088165244	3	103	1642.5	477.5	0.0161268996791	0.196121263786	135	135
93.0	94.0	77.0	109.0	113.0	98.0	12	0.0117747349353	0.000298538855013	DLR00012709-2009-07-02_08-58-15	0.0177395099478	3	103	1766.5	483.5	0.0119442722586	0.150673983697	135	135
93.0	94.0	78.0	110.0	116.0	100.0	13	0.0313815333795	0.000335645690002	DLR00012709-2009-07-02_08-58-15	0.0272740491339	3	103	1898.5	483.5	0.0207880718838	0.229101177473	135	135
93.0	93.0	77.0	109.0	114.0	99.0	14	0.0301028291331	0.000317842239271	DLR00012709-2009-07-02_08-58-15	0.0191149649234	3	103	2048.5	476.5	0.0135478473801	0.158452767862	135	135
93.0	93.0	76.0	111.0	116.0	101.0	15	0.0391603175449	0.000355599968612	DLR00012709-2009-07-02_08-58-15	0.0318942188861	3	103	2183.5	485.5	0.0276388188366	0.283499387288	135	135
93.0	92.0	76.0	110.0	114.0	99.0	16	0.035697160211	0.000328700539391	DLR00012709-2009-07-02_08-58-15	0.0191961855361	3	103	2317.5	479.5	0.0158207401385	0.174756247003	135	135
93.0	93.0	76.0	112.0	116.0	102.0	17	0.0410250945708	0.000368015285781	DLR00012709-2009-07-02_08-58-15	0.034696461864	3	103	2467.5	483.5	0.0300593448638	0.306516063722	135	135
93.0	92.0	76.0	109.0	112.0	97.0	18	0.0220043689062	0.000312021493922	DLR00012709-2009-07-02_08-58-15	0.0179900834443	3	103	2591.5	491.5	0.0127254707777	0.153284671533	135	135
93.0	92.0	75.0	113.0	117.0	103.0	19	0.0546113271884	0.000405199749631	DLR00012709-2009-07-02_08-58-15	0.0404077554915	3	103	2727.5	483.5	0.0362149986786	0.336885289573	135	135
92.0	90.0	74.0	110.0	111.0	96.0	20	0.0358037188982	0.000329190889013	DLR00012709-2009-07-02_08-58-15	0.0163456274122	3	103	2866.5	481.5	0.0132965408087	0.150887101071	135	135
91.0	89.0	73.0	112.0	115.0	102.0	21	0.0671852522777	0.000416736318994	DLR00012709-2009-07-02_08-58-15	0.0402946036419	3	103	3001.5	483.5	0.0363367236627	0.328786829346	135	135
89.0	87.0	71.0	107.0	108.0	95.0	22	0.0672385316213	0.000355984465557	DLR00012709-2009-07-02_08-58-15	0.0246373006316	3	103	3137.5	480.5	0.0203889752567	0.209494379029	135	135
86.0	84.0	70.0	106.0	109.0	97.0	23	0.0613778038255	0.000421942488901	DLR00012709-2009-07-02_08-58-15	0.0416013293002	3	103	3270.5	483.5	0.03796926272	0.348020672385	135	135
85.0	84.0	72.0	101.0	102.0	90.0	24	0.0400660663861	0.000333109459957	DLR00012709-2009-07-02_08-58-15	0.0216291213108	3	103	3414.5	483.5	0.0181065431783	0.206404177101	135	135
89.0	88.0	76.0	106.0	108.0	97.0	1	0.0307954605999	0.000324434134388	DLR00012709-2009-07-02_08-58-15	0.0254049416479	4	103	263.5	617.5	0.0212741518163	0.246896478235	135	135
92.0	90.0	76.0	107.0	108.0	96.0	2	0.0161969204539	0.000281951096242	DLR00012709-2009-07-02_08-58-15	0.00816424393056	4	103	409.5	622.5	0.00566962070318	0.0743779636635	135	135
94.0	92.0	77.0	111.0	114.0	101.0	3	0.0400660663861	0.000334788738917	DLR00012709-2009-07-02_08-58-15	0.0251893690113	4	103	538.5	619.5	0.0206011988215	0.221375672652	135	135
95.0	94.0	78.0	110.0	112.0	98.0	4	0.0120944109969	0.000279959022374	DLR00012709-2009-07-02_08-58-15	0.0101676284062	4	103	686.5	619.5	0.00622923442519	0.0831690553572	135	135
96.0	95.0	79.0	112.0	115.0	101.0	5	0.0263199957377	0.000309373446138	DLR00012709-2009-07-02_08-58-15	0.0232533912395	4	103	816.5	621.5	0.017185645569	0.20565826629	135	135
95.0	95.0	78.0	111.0	114.0	99.0	6	0.0178485801055	0.000289732140817	DLR00012709-2009-07-02_08-58-15	0.0112039262103	4	103	952.5	623.5	0.0067308194152	0.084128083542	135	135
95.0	95.0	78.0	112.0	116.0	102.0	7	0.0220043689062	0.000321771178748	DLR00012709-2009-07-02_08-58-15	0.0245046987643	4	103	1086.5	619.5	0.0191298137352	0.215088710107	135	135
94.0	95.0	78.0	110.0	114.0	98.0	8	0.0108157067505	0.000290115645548	DLR00012709-2009-07-02_08-58-15	0.0107540963938	4	103	1226.5	612.5	0.00647125323264	0.0851403910704	135	135
94.0	94.0	78.0	112.0	116.0	102.0	9	0.0288774042304	0.000338816300845	DLR00012709-2009-07-02_08-58-15	0.0243419948225	4	103	1361.5	619.5	0.0192767018623	0.208055836752	135	135
93.0	94.0	77.0	110.0	114.0	99.0	10	0.0207789440034	0.000305854305856	DLR00012709-2009-07-02_08-58-15	0.0138053174002	4	103	1497.5	619.5	0.00949516553186	0.114710426768	135	135
93.0	93.0	77.0	109.0	114.0	99.0	11	0.0249880121477	0.000320270643525	DLR00012709-2009-07-02_08-58-15	0.0214157334071	4	103	1632.5	624.5	0.0158850724208	0.181735841014	135	135
93.0	93.0	77.0	108.0	112.0	97.0	12	0.0184879322287	0.000297756587717	DLR00012709-2009-07-02_08-58-15	0.0158958784919	4	103	1771.5	616.5	0.0101735999513	0.124140870584	135	135
93.0	94.0	77.0	110.0	115.0	100.0	13	0.0280782140764	0.000334809536791	DLR00012709-2009-07-02_08-58-15	0.026745811535	4	103	1909.5	628.5	0.0198900393449	0.222654376898	135	135
93.0	93.0	77.0	108.0	112.0	96.0	14	0.0119878523097	0.00028671466532	DLR00012709-2009-07-02_08-58-15	0.0134432722843	4	103	2052.5	619.5	0.00847671621377	0.112153018275	135	135
93.0	93.0	76.0	110.0	114.0	100.0	15	0.0293569183228	0.000330032830239	DLR00012709-2009-07-02_08-58-15	0.0241694631902	4	103	2179.5	619.5	0.0195152390102	0.221588790026	135	135
92.0	92.0	76.0	108.0	112.0	96.0	16	0.0227502797166	0.000297149022236	DLR00012709-2009-07-02_08-58-15	0.0129265352047	4	103	2326.5	609.5	0.00959456629141	0.11918589163	135	135
92.0	92.0	76.0	109.0	113.0	98.0	17	0.0263199957377	0.000316682258084	DLR00012709-2009-07-02_08-58-15	0.022505226258	4	103	2458.5	625.5	0.0181287773359	0.214023123235	135	135
93.0	92.0	76.0	109.0	112.0	97.0	18	0.0251478501785	0.000315891200545	DLR00012709-2009-07-02_08-58-15	0.018312019936	4	103	2591.5	617.5	0.0130928746654	0.156854387554	135	135
93.0	91.0	75.0	111.0	115.0	100.0	19	0.0520539186957	0.000366640374526	DLR00012709-2009-07-02_08-58-15	0.0347769393724	4	103	2720.5	619.5	0.0298505457034	0.306409505035	135	135
92.0	90.0	74.0	108.0	110.0	95.0	20	0.0288241248868	0.000313373678495	DLR00012709-2009-07-02_08-58-15	0.0175586897292	4	103	2866.5	620.5	0.0133559906088	0.160850338324	135	135
92.0	89.0	73.0	110.0	113.0	99.0	21	0.0550908412808	0.000374316793927	DLR00012709-2009-07-02_08-58-15	0.0317241405009	4	103	2996.5	619.5	0.0269974184123	0.27465501625	135	135
90.0	87.0	71.0	106.0	108.0	94.0	22	0.041398049976	0.000339681035479	DLR00012709-2009-07-02_08-58-15	0.0206929458093	4	103	3139.5	619.5	0.0165206441559	0.184239970164	135	135
87.0	85.0	70.0	106.0	108.0	96.0	23	0.0582343225531	0.000394293270948	DLR00012709-2009-07-02_08-58-15	0.0399798778737	4	103	3271.5	619.5	0.0359803892201	0.345996057329	135	135
86.0	84.0	71.0	101.0	102.0	90.0	24	0.0343118972774	0.000324505174564	DLR00012709-2009-07-02_08-58-15	0.0185473788138	4	103	3414.5	616.5	0.0158943317027	0.183387500666	135	135
90.0	88.0	75.0	106.0	107.0	96.0	1	0.0267462304864	0.000310104877732	DLR00012709-2009-07-02_08-58-15	0.0196766222367	5	103	268.5	756.5	0.015556942499	0.184559646225	135	135
92.0	91.0	76.0	110.0	111.0	99.0	2	0.0399062283553	0.000325856058972	DLR00012709-2009-07-02_08-58-15	0.0168971695531	5	103	409.5	756.5	0.0127502664928	0.137513985828	135	135
94.0	92.0	77.0	113.0	116.0	104.0	3	0.0400127870425	0.000365624297398	DLR00012709-2009-07-02_08-58-15	0.0332400058363	5	103	535.5	750.5	0.0288859839698	0.300282380521	135	135
96.0	94.0	78.0	112.0	114.0	100.0	4	0.0215781341574	0.000305377849152	DLR00012709-2009-07-02_08-58-15	0.0177836380285	5	103	678.5	756.5	0.0123757237692	0.151366615163	135	135
96.0	95.0	78.0	113.0	116.0	101.0	5	0.0248281741169	0.000321079449272	DLR00012709-2009-07-02_08-58-15	0.0253775097328	5	103	815.5	756.5	0.0196043586584	0.22313389099	135	135
95.0	95.0	78.0	111.0	114.0	98.0	6	0.014332143428	0.000291881979519	DLR00012709-2009-07-02_08-58-15	0.0137545163483	5	103	952.5	746.5	0.00850137428928	0.1077841121	135	135
95.0	95.0	78.0	113.0	117.0	103.0	7	0.0266929511428	0.000343471625885	DLR00012709-2009-07-02_08-58-15	0.0271505638758	5	103	1082.5	756.5	0.0213356862841	0.22830198732	135	135
94.0	95.0	78.0	113.0	117.0	102.0	8	0.0325003995951	0.000341088981483	DLR00012709-2009-07-02_08-58-15	0.0167720560618	5	103	1226.5	748.5	0.01199948709	0.131386861314	135	135
94.0	94.0	78.0	111.0	117.0	103.0	9	0.0242421013373	0.000346477143026	DLR00012709-2009-07-02_08-58-15	0.028892810358	5	103	1363.5	753.5	0.0237024282909	0.254621983057	135	135
93.0	94.0	77.0	109.0	113.0	98.0	10	0.0165165965155	0.000301008474258	DLR00012709-2009-07-02_08-58-15	0.0162538077328	5	103	1497.5	746.5	0.0108267994712	0.133145079653	135	135
93.0	93.0	77.0	110.0	115.0	101.0	11	0.0335127071234	0.000342642225222	DLR00012709-2009-07-02_08-58-15	0.0258045110934	5	103	1636.5	750.5	0.0201379482406	0.22031008578	135	135
92.0	93.0	77.0	109.0	112.0	98.0	12	0.0195535191006	0.000307202532089	DLR00012709-2009-07-02_08-58-15	0.0165469129032	5	103	1771.5	765.5	0.0116336678231	0.143427992967	135	135
93.0	93.0	77.0	111.0	117.0	103.0	13	0.0454472800895	0.000366793143712	DLR00012709-2009-07-02_08-58-15	0.0343176973881	5	103	1913.5	750.5	0.029516263437	0.291438009484	135	135
92.0	93.0	76.0	109.0	113.0	99.0	14	0.0193936810698	0.000313686524202	DLR00012709-2009-07-02_08-58-15	0.0142638806309	5	103	2044.5	756.5	0.0102675254006	0.122435931589	135	135
92.0	93.0	76.0	110.0	115.0	101.0	15	0.0329799136875	0.00034518243038	DLR00012709-2009-07-02_08-58-15	0.0287021536554	5	103	2177.5	753.5	0.0239103484092	0.260855666258	135	135
92.0	92.0	76.0	110.0	114.0	99.0	16	0.0334061484363	0.000337432051448	DLR00012709-2009-07-02_08-58-15	0.0183252462039	5	103	2317.5	762.5	0.0142967078415	0.152964995471	135	135
92.0	92.0	76.0	110.0	115.0	100.0	17	0.0347914113698	0.00035284727409	DLR00012709-2009-07-02_08-58-15	0.0282089451124	5	103	2458.5	759.5	0.0233060790396	0.24977356279	135	135
92.0	92.0	75.0	109.0	112.0	97.0	18	0.0242421013373	0.000314718898274	DLR00012709-2009-07-02_08-58-15	0.0159193197437	5	103	2591.5	755.5	0.0116855016985	0.137460706484	135	135
93.0	91.0	75.0	112.0	115.0	100.0	19	0.0394799936065	0.000375623947915	DLR00012709-2009-07-02_08-58-15	0.0344268446162	5	103	2727.5	756.5	0.0294558296999	0.294208535351	135	135
93.0	91.0	74.0	110.0	112.0	97.0	20	0.0418242847248	0.000339154051141	DLR00012709-2009-07-02_08-58-15	0.0228701245372	5	103	2867.5	754.5	0.0176484496755	0.185625233097	135	135
92.0	89.0	73.0	109.0	110.0	96.0	21	0.0380947306729	0.000342839952279	DLR00012709-2009-07-02_08-58-15	0.0233840546656	5	103	3003.5	756.5	0.0182491649572	0.197613085407	135	135
90.0	87.0	71.0	107.0	109.0	95.0	22	0.0538654163781	0.000353141616305	DLR00012709-2009-07-02_08-58-15	0.0203608193089	5	103	3137.5	752.5	0.0165946899212	0.175875113219	135	135
88.0	85.0	70.0	106.0	108.0	95.0	23	0.0621237146358	0.000383010484108	DLR00012709-2009-07-02_08-58-15	0.0309269779153	5	103	3271.5	756.5	0.026661140761	0.265011455059	135	135
86.0	85.0	71.0	102.0	104.0	91.0	24	0.0315946507539	0.000331871946924	DLR00012709-2009-07-02_08-58-15	0.0167192506114	5	103	3414.5	756.5	0.0142207990929	0.161596249134	135	135
91.0	88.0	75.0	106.0	107.0	95.0	1	0.0187543289467	0.000307221144754	DLR00012709-2009-07-02_08-58-15	0.025269519934	6	103	271.5	893.5	0.0207949094813	0.25318344078	135	135
93.0	91.0	76.0	108.0	109.0	97.0	2	0.0204059885982	0.000292986776896	DLR00012709-2009-07-02_08-58-15	0.0143669032197	6	103	409.5	890.5	0.0100062873273	0.128030262667	135	135
95.0	93.0	78.0	112.0	115.0	102.0	3	0.0380947306729	0.000345456865415	DLR00012709-2009-07-02_08-58-15	0.032308193722	6	103	544.5	892.5	0.0273733829413	0.291651126858	135	135
96.0	94.0	78.0	111.0	113.0	99.0	4	0.0138526293356	0.00029168872181	DLR00012709-2009-07-02_08-58-15	0.0111569340149	6	103	670.5	887.5	0.00681692230863	0.0876445202195	135	135
96.0	95.0	78.0	112.0	116.0	101.0	5	0.0285577281688	0.000320865409866	DLR00012709-2009-07-02_08-58-15	0.0265138724245	6	103	814.5	892.5	0.0205166477664	0.235388140018	135	135
95.0	95.0	77.0	110.0	112.0	97.0	6	0.00458202354947	0.000267541850433	DLR00012709-2009-07-02_08-58-15	0.00990593653609	6	103	952.5	883.5	0.00512781033097	0.0712877617348	135	135
95.0	95.0	78.0	112.0	116.0	101.0	7	0.0171559486387	0.000323657313072	DLR00012709-2009-07-02_08-58-15	0.0213151616086	6	103	1090.5	892.5	0.0157223645023	0.182055517076	135	135
94.0	94.0	78.0	110.0	114.0	99.0	8	0.0153444509564	0.000298933471725	DLR00012709-2009-07-02_08-58-15	0.0120109197651	6	103	1226.5	895.5	0.00737367440762	0.0925994991742	135	135
94.0	94.0	78.0	110.0	115.0	100.0	9	0.0188076082903	0.000317087630812	DLR00012709-2009-07-02_08-58-15	0.0215820156578	6	103	1356.5	888.5	0.0156376346445	0.185571953754	135	135
93.0	93.0	77.0	108.0	111.0	96.0	10	0.00548777239064	0.00027486231452	DLR00012709-2009-07-02_08-58-15	0.0095853607464	6	103	1497.5	886.5	0.00516420872928	0.0695828227396	135	135
92.0	93.0	77.0	109.0	115.0	101.0	11	0.0246683360861	0.000337723447437	DLR00012709-2009-07-02_08-58-15	0.027302108974	6	103	1643.5	890.5	0.0211881719906	0.236826682295	135	135
92.0	93.0	77.0	107.0	111.0	97.0	12	0.00554105173424	0.000278987923301	DLR00012709-2009-07-02_08-58-15	0.0114679561018	6	103	1771.5	885.5	0.00721103049767	0.0967552879749	135	135
92.0	93.0	77.0	109.0	114.0	100.0	13	0.0238691459321	0.00032864640294	DLR00012709-2009-07-02_08-58-15	0.0237577747712	6	103	1907.5	899.5	0.0183086306126	0.203846768608	135	135
92.0	92.0	76.0	107.0	111.0	96.0	14	0.00772550482178	0.000286125355407	DLR00012709-2009-07-02_08-58-15	0.0114673588572	6	103	2038.5	892.5	0.0075009966449	0.0977675955032	135	135
92.0	92.0	76.0	109.0	114.0	100.0	15	0.0237093079013	0.000334395192155	DLR00012709-2009-07-02_08-58-15	0.0286699755368	6	103	2174.5	891.5	0.0234902430945	0.261068783633	135	135
92.0	92.0	76.0	109.0	112.0	98.0	16	0.0167297138899	0.000321726930547	DLR00012709-2009-07-02_08-58-15	0.0168050824618	6	103	2312.5	892.5	0.0121468630461	0.140977143162	135	135
92.0	92.0	76.0	109.0	113.0	98.0	17	0.0260003196761	0.000332587097358	DLR00012709-2009-07-02_08-58-15	0.0280648639749	6	103	2458.5	892.5	0.0225054301117	0.249080931323	135	135
92.0	92.0	75.0	109.0	111.0	96.0	18	0.0265863924556	0.000313893315885	DLR00012709-2009-07-02_08-58-15	0.0180637865895	6	103	2591.5	895.5	0.0131326484712	0.149501838137	135	135
93.0	91.0	74.0	111.0	114.0	99.0	19	0.0391603175449	0.000360505369364	DLR00012709-2009-07-02_08-58-15	0.0317184209515	6	103	2731.5	898.5	0.0259589943818	0.268794288454	135	135
93.0	91.0	74.0	109.0	111.0	96.0	20	0.0321274441899	0.00032380423381	DLR00012709-2009-07-02_08-58-15	0.0207602144026	6	103	2866.5	891.5	0.0152514799677	0.170280782141	135	135
92.0	89.0	73.0	109.0	111.0	97.0	21	0.0396398316373	0.000355498483274	DLR00012709-2009-07-02_08-58-15	0.0314697223178	6	103	2997.5	892.5	0.0263270628793	0.281847727636	135	135
90.0	88.0	72.0	107.0	109.0	94.0	22	0.0436890617508	0.000346457560519	DLR00012709-2009-07-02_08-58-15	0.0234341867321	6	103	3137.5	886.5	0.0183469846734	0.201342639459	135	135
88.0	86.0	70.0	105.0	108.0	94.0	23	0.0502424210134	0.000369239930853	DLR00012709-2009-07-02_08-58-15	0.0314338613764	6	103	3274.5	892.5	0.0271220956759	0.276839469338	135	135
86.0	85.0	70.0	102.0	103.0	90.0	24	0.0283446107944	0.000321801297808	DLR00012709-2009-07-02_08-58-15	0.0168440526542	6	103	3404.5	890.5	0.0134964216003	0.15946507539	135	135
91.0	89.0	75.0	107.0	109.0	97.0	1	0.0240289839629	0.000326439452662	DLR00012709-2009-07-02_08-58-15	0.0263349451571	7	103	274.5	1031.5	0.0214261739231	0.244072673025	135	135
93.0	91.0	76.0	110.0	111.0	98.0	2	0.02679950983	0.000315570354418	DLR00012709-2009-07-02_08-58-15	0.0165326522121	7	103	409.5	1031.5	0.012189748675	0.139538600884	135	135
95.0	93.0	77.0	112.0	115.0	102.0	3	0.033832383185	0.0003475597023	DLR00012709-2009-07-02_08-58-15	0.0306167607344	7	103	551.5	1031.5	0.0255088173793	0.269220523203	135	135
96.0	94.0	78.0	111.0	112.0	98.0	4	0.013266556556	0.000281896698028	DLR00012709-2009-07-02_08-58-15	0.0124186574263	7	103	678.5	1034.5	0.00751399165317	0.0990995790932	135	135
96.0	95.0	78.0	113.0	116.0	101.0	5	0.0175821833875	0.00033014687476	DLR00012709-2009-07-02_08-58-15	0.0258021682729	7	103	815.5	1022.5	0.0200351759567	0.228142149289	135	135
96.0	95.0	78.0	111.0	114.0	99.0	6	0.0118280142789	0.000297629503878	DLR00012709-2009-07-02_08-58-15	0.0155947708644	7	103	944.5	1023.5	0.0101326314325	0.12717779317	135	135
95.0	95.0	78.0	113.0	118.0	103.0	7	0.0303159465075	0.000359835893487	DLR00012709-2009-07-02_08-58-15	0.0333557761482	7	103	1085.5	1037.5	0.0269794851234	0.281421492887	135	135
94.0	95.0	78.0	110.0	113.0	98.0	8	0.0119878523097	0.00029296513088	DLR00012709-2009-07-02_08-58-15	0.0158764124329	7	103	1226.5	1029.5	0.00945118835548	0.11785390804	135	135
93.0	94.0	78.0	111.0	116.0	101.0	9	0.0170493899515	0.000335149811093	DLR00012709-2009-07-02_08-58-15	0.0258360824202	7	103	1363.5	1026.5	0.0200792257597	0.226437210294	135	135
93.0	93.0	77.0	108.0	112.0	98.0	10	0.0115083382173	0.000297233278262	DLR00012709-2009-07-02_08-58-15	0.0157926745164	7	103	1497.5	1030.5	0.0101836249458	0.125579412862	135	135
92.0	93.0	77.0	110.0	116.0	102.0	11	0.0314880920667	0.000353514527446	DLR00012709-2009-07-02_08-58-15	0.0324812556804	7	103	1640.5	1036.5	0.0274032344717	0.284085460067	135	135
92.0	92.0	77.0	108.0	112.0	98.0	12	0.0126272044328	0.00029580986145	DLR00012709-2009-07-02_08-58-15	0.0118253497	7	103	1771.5	1031.5	0.008189842325	0.101603708242	135	135
92.0	92.0	77.0	110.0	115.0	101.0	13	0.027332303266	0.000348731456011	DLR00012709-2009-07-02_08-58-15	0.0292655319292	7	103	1908.5	1033.5	0.0243900987132	0.256273642709	135	135
91.0	92.0	76.0	107.0	111.0	96.0	14	0.0151846129256	0.00028854253668	DLR00012709-2009-07-02_08-58-15	0.0124141348613	7	103	2046.5	1031.5	0.00812982529745	0.102136501678	135	135
92.0	92.0	76.0	110.0	115.0	101.0	15	0.0314880920667	0.000367622690001	DLR00012709-2009-07-02_08-58-15	0.0340741741818	7	103	2184.5	1033.5	0.0288998018357	0.30070861527	135	135
92.0	92.0	76.0	108.0	112.0	97.0	16	0.0271724652352	0.000319262763913	DLR00012709-2009-07-02_08-58-15	0.0170482789769	7	103	2314.5	1025.5	0.0119343516335	0.137087751079	135	135
92.0	92.0	76.0	110.0	115.0	101.0	17	0.0407054185092	0.000372420791386	DLR00012709-2009-07-02_08-58-15	0.0358706878271	7	103	2458.5	1031.5	0.0301584439841	0.294474932069	135	135
92.0	91.0	75.0	108.0	111.0	95.0	18	0.0224838829986	0.000313338950798	DLR00012709-2009-07-02_08-58-15	0.0190174718033	7	103	2591.5	1028.5	0.0134038188049	0.15680110821	135	135
93.0	91.0	74.0	110.0	113.0	98.0	19	0.0369225851138	0.000359006951968	DLR00012709-2009-07-02_08-58-15	0.0352430354028	7	103	2725.5	1027.5	0.0294224099531	0.303585699824	135	135
92.0	90.0	73.0	108.0	109.0	93.0	20	0.0234429111833	0.000307932645957	DLR00012709-2009-07-02_08-58-15	0.0170231565721	7	103	2872.5	1031.5	0.011914717071	0.144600138526	135	135
92.0	89.0	73.0	110.0	113.0	98.0	21	0.0332463104055	0.00037537033217	DLR00012709-2009-07-02_08-58-15	0.0338604782806	7	103	2999.5	1031.5	0.0286137858486	0.289200277053	135	135
90.0	88.0	72.0	107.0	108.0	93.0	22	0.0433161063456	0.000335133667333	DLR00012709-2009-07-02_08-58-15	0.0242809483784	7	103	3137.5	1024.5	0.018757021353	0.200490169961	135	135
88.0	86.0	70.0	106.0	108.0	94.0	23	0.0588203953327	0.0003747910248	DLR00012709-2009-07-02_08-58-15	0.0310556941577	7	103	3267.5	1024.5	0.0259128461498	0.248015344451	135	135
87.0	85.0	70.0	102.0	104.0	90.0	24	0.0385742447653	0.000329053409317	DLR00012709-2009-07-02_08-58-15	0.0216402791228	7	103	3411.5	1031.5	0.0181670598592	0.203154137141	135	135
92.0	90.0	75.0	107.0	109.0	96.0	1	0.0166764345463	0.000308276475525	DLR00012709-2009-07-02_08-58-15	0.0251774945744	8	103	276.5	1172.5	0.0198062820562	0.242847248122	135	135
93.0	92.0	76.0	110.0	111.0	97.0	2	0.0241355426501	0.000308064365521	DLR00012709-2009-07-02_08-58-15	0.0126554695928	8	103	411.5	1167.5	0.00894944662561	0.10645212851	135	135
95.0	93.0	77.0	113.0	115.0	102.0	3	0.0344184559646	0.000347288553454	DLR00012709-2009-07-02_08-58-15	0.0273768169818	8	103	546.5	1155.5	0.0222004018725	0.237519313762	135	135
95.0	94.0	77.0	110.0	112.0	97.0	4	0.00783206350898	0.000271870178671	DLR00012709-2009-07-02_08-58-15	0.0107725464473	8	103	678.5	1168.5	0.00629550838304	0.0870584474399	135	135
96.0	95.0	77.0	113.0	117.0	102.0	5	0.0204592679418	0.000338408673213	DLR00012709-2009-07-02_08-58-15	0.0251930157434	8	103	822.5	1164.5	0.0195037513795	0.219777292344	135	135
95.0	94.0	77.0	111.0	113.0	98.0	6	0.0102296339709	0.000290817321469	DLR00012709-2009-07-02_08-58-15	0.0125042021872	8	103	952.5	1170.5	0.00726609300322	0.0922798231126	135	135
95.0	95.0	78.0	111.0	115.0	100.0	7	0.0238691459321	0.000320415332221	DLR00012709-2009-07-02_08-58-15	0.0265731115142	8	103	1082.5	1164.5	0.0191198781968	0.218551867441	135	135
94.0	94.0	78.0	109.0	113.0	98.0	8	0.0168895519207	0.000296270406616	DLR00012709-2009-07-02_08-58-15	0.0163659372501	8	103	1226.5	1157.5	0.00927773824047	0.111300548777	135	135
93.0	94.0	78.0	109.0	114.0	99.0	9	0.0163034791411	0.000316786533567	DLR00012709-2009-07-02_08-58-15	0.0248231418816	8	103	1358.5	1166.5	0.0184987086741	0.217006766477	135	135
92.0	93.0	77.0	108.0	111.0	97.0	10	0.0103894720017	0.000289987887975	DLR00012709-2009-07-02_08-58-15	0.0128248457638	8	103	1499.5	1164.5	0.00786645685852	0.100165165965	135	135
92.0	93.0	77.0	108.0	114.0	100.0	11	0.021098620065	0.000323083538227	DLR00012709-2009-07-02_08-58-15	0.0227124106217	8	103	1635.5	1164.5	0.0175015072021	0.204752517449	135	135
92.0	92.0	77.0	107.0	112.0	97.0	12	0.0100697959401	0.000292342712323	DLR00012709-2009-07-02_08-58-15	0.011036882732	8	103	1777.5	1157.5	0.00682643313043	0.0870051680963	135	135
92.0	92.0	77.0	108.0	113.0	99.0	13	0.0220576482498	0.00032539153476	DLR00012709-2009-07-02_08-58-15	0.0217154318713	8	103	1903.5	1164.5	0.0165151001136	0.184399808194	135	135
91.0	92.0	76.0	107.0	110.0	96.0	14	0.0125739250892	0.000285152424199	DLR00012709-2009-07-02_08-58-15	0.0131557272137	8	103	2047.5	1164.5	0.00830081894172	0.103681602643	135	135
91.0	92.0	76.0	107.0	112.0	98.0	15	0.0192871223827	0.000324635982195	DLR00012709-2009-07-02_08-58-15	0.0269959806151	8	103	2182.5	1164.5	0.0205418476546	0.238744738665	135	135
91.0	92.0	76.0	107.0	111.0	96.0	16	0.0202461505674	0.000305635187085	DLR00012709-2009-07-02_08-58-15	0.0174137686844	8	103	2317.5	1164.5	0.0110816128733	0.132452448186	135	135
92.0	92.0	76.0	109.0	113.0	99.0	17	0.0327135169695	0.000355673556398	DLR00012709-2009-07-02_08-58-15	0.0311837350295	8	103	2452.5	1164.5	0.0245311473843	0.26058926954	135	135
92.0	91.0	74.0	108.0	112.0	96.0	18	0.0309552986307	0.00033327684577	DLR00012709-2009-07-02_08-58-15	0.0212298503992	8	103	2591.5	1163.5	0.0151026099612	0.160370824231	135	135
92.0	91.0	74.0	109.0	111.0	96.0	19	0.0344717353082	0.000335702205085	DLR00012709-2009-07-02_08-58-15	0.0286784238994	8	103	2721.5	1168.5	0.0219896485643	0.245298097927	135	135
92.0	90.0	73.0	108.0	110.0	94.0	20	0.0262134370505	0.000313880459915	DLR00012709-2009-07-02_08-58-15	0.0189682122134	8	103	2866.5	1164.5	0.0135452284747	0.161809366509	135	135
92.0	89.0	72.0	109.0	111.0	97.0	21	0.0407054185092	0.000359525396864	DLR00012709-2009-07-02_08-58-15	0.0302543484834	8	103	2996.5	1164.5	0.0250797749314	0.261761415099	135	135
90.0	88.0	71.0	107.0	108.0	93.0	22	0.0443284138739	0.000339983043229	DLR00012709-2009-07-02_08-58-15	0.0239687578582	8	103	3137.5	1155.5	0.0188056484334	0.207150087911	135	135
88.0	86.0	70.0	106.0	108.0	94.0	23	0.0468858223667	0.000374879132753	DLR00012709-2009-07-02_08-58-15	0.0342095326782	8	103	3269.5	1164.5	0.0294207812437	0.295647077628	135	135
86.0	84.0	70.0	102.0	103.0	89.0	24	0.0272257445788	0.000320284302503	DLR00012709-2009-07-02_08-58-15	0.0168039387861	8	103	3408.5	1164.5	0.0136243289241	0.157760136395	135	135
92.0	90.0	75.0	107.0	109.0	96.0	1	0.0151846129256	0.000303797265667	DLR00012709-2009-07-02_08-58-15	0.0226362791443	9	103	278.5	1304.5	0.0182059573359	0.2176461186	135	135
93.0	92.0	76.0	110.0	112.0	98.0	2	0.0244019393681	0.000320132458699	DLR00012709-2009-07-02_08-58-15	0.0186584226047	9	103	409.5	1304.5	0.0140165702234	0.162821674037	135	135
94.0	93.0	77.0	111.0	114.0	99.0	3	0.0303692258511	0.000320758553846	DLR00012709-2009-07-02_08-58-15	0.0228571301319	9	103	541.5	1301.5	0.017015819247	0.199371303746	135	135
95.0	94.0	78.0	111.0	113.0	98.0	4	0.022697000373	0.000291082556029	DLR00012709-2009-07-02_08-58-15	0.0168731636263	9	103	679.5	1304.5	0.0112612835286	0.141509936598	135	135
96.0	95.0	78.0	112.0	115.0	100.0	5	0.0197133571314	0.00031792476465	DLR00012709-2009-07-02_08-58-15	0.0256209401723	9	103	815.5	1304.5	0.0192235708515	0.225691299483	135	135
95.0	95.0	77.0	111.0	114.0	99.0	6	0.0230166764345	0.000307468961629	DLR00012709-2009-07-02_08-58-15	0.0162463149232	9	103	952.5	1301.5	0.0101108593092	0.120571154563	135	135
94.0	94.0	78.0	111.0	115.0	101.0	7	0.0231232351217	0.000331850176953	DLR00012709-2009-07-02_08-58-15	0.0252320747817	9	103	1082.5	1304.5	0.0187010911462	0.208801747562	135	135
94.0	94.0	78.0	109.0	113.0	99.0	8	0.0149714955512	0.000310349044771	DLR00012709-2009-07-02_08-58-15	0.0203292961869	9	103	1233.5	1304.5	0.0130634638806	0.157227342959	135	135
93.0	93.0	77.0	109.0	114.0	100.0	9	0.0172092279823	0.000335592036028	DLR00012709-2009-07-02_08-58-15	0.0276608552268	9	103	1354.5	1300.5	0.0210241198686	0.235015184613	135	135
92.0	93.0	77.0	108.0	112.0	98.0	10	0.014598540146	0.000302086308719	DLR00012709-2009-07-02_08-58-15	0.017200917817	9	103	1497.5	1303.5	0.0115431734025	0.138206617294	135	135
92.0	93.0	77.0	109.0	115.0	101.0	11	0.036762747083	0.000347192871486	DLR00012709-2009-07-02_08-58-15	0.0302677946578	9	103	1636.5	1311.5	0.0241571012325	0.248867813949	135	135
92.0	92.0	77.0	107.0	111.0	97.0	12	0.00969684053492	0.000290735919699	DLR00012709-2009-07-02_08-58-15	0.011400758343	9	103	1771.5	1304.5	0.00719079149959	0.0902019287122	135	135
91.0	92.0	76.0	108.0	115.0	101.0	13	0.0263732750813	0.000350433362064	DLR00012709-2009-07-02_08-58-15	0.0305485387737	9	103	1906.5	1310.5	0.0258991936363	0.280355906015	135	135
91.0	92.0	76.0	107.0	112.0	98.0	14	0.0206191059726	0.000319750378821	DLR00012709-2009-07-02_08-58-15	0.017636122548	9	103	2039.5	1306.5	0.0128970534939	0.150887101071	135	135
91.0	91.0	76.0	108.0	113.0	100.0	15	0.0344717353082	0.000361206775066	DLR00012709-2009-07-02_08-58-15	0.0355829983978	9	103	2180.5	1304.5	0.0295419852098	0.30145452608	135	135
90.0	91.0	75.0	106.0	109.0	95.0	16	0.0133198358996	0.000297676934303	DLR00012709-2009-07-02_08-58-15	0.0166649626473	9	103	2317.5	1297.5	0.0110453003206	0.137141030423	135	135
91.0	91.0	75.0	108.0	112.0	98.0	17	0.0279183760456	0.000340868266812	DLR00012709-2009-07-02_08-58-15	0.0286250474122	9	103	2465.5	1304.5	0.0222748678056	0.242793968778	135	135
91.0	91.0	74.0	108.0	110.0	95.0	18	0.0311151366615	0.00032026227824	DLR00012709-2009-07-02_08-58-15	0.0204044868689	9	103	2591.5	1295.5	0.0145738517943	0.164899568437	135	135
92.0	90.0	74.0	110.0	114.0	99.0	19	0.0458202354947	0.000382095507839	DLR00012709-2009-07-02_08-58-15	0.0361093442077	9	103	2725.5	1304.5	0.030348156722	0.300388939208	135	135
91.0	90.0	73.0	108.0	110.0	94.0	20	0.0289839629176	0.00032281421889	DLR00012709-2009-07-02_08-58-15	0.0209543756783	9	103	2866.5	1304.5	0.0149205867821	0.176088230593	135	135
91.0	89.0	72.0	109.0	111.0	97.0	21	0.0510416111674	0.000366299893645	DLR00012709-2009-07-02_08-58-15	0.0305838957531	9	103	2992.5	1304.5	0.0253856826935	0.258351537109	135	135
89.0	87.0	71.0	106.0	108.0	93.0	22	0.0368160264266	0.000335939805217	DLR00012709-2009-07-02_08-58-15	0.0175074804473	9	103	3143.5	1294.5	0.013353592876	0.147370664393	135	135
88.0	86.0	70.0	106.0	109.0	96.0	23	0.0485907613618	0.000388064571209	DLR00012709-2009-07-02_08-58-15	0.0405804749359	9	103	3271.5	1304.5	0.0358440828894	0.34972561138	135	135
86.0	85.0	70.0	102.0	104.0	90.0	24	0.0194469604134	0.000331395236744	DLR00012709-2009-07-02_08-58-15	0.0193199452794	9	103	3412.5	1304.5	0.0158847133917	0.181309606266	135	135
92.0	90.0	76.0	107.0	109.0	97.0	1	0.0178485801055	0.00029406307907	DLR00012709-2009-07-02_08-58-15	0.0205379666735	10	103	265.5	1431.5	0.0156342393417	0.196067984442	135	135
93.0	91.0	76.0	108.0	109.0	95.0	2	0.0070861526986	0.000270842383357	DLR00012709-2009-07-02_08-58-15	0.00644710982912	10	103	409.5	1438.5	0.00414096907292	0.0565826629016	135	135
94.0	93.0	77.0	111.0	114.0	99.0	3	0.0255208055837	0.000321312675191	DLR00012709-2009-07-02_08-58-15	0.0238425768617	10	103	544.5	1446.5	0.0181681172592	0.210773083276	135	135
95.0	94.0	77.0	112.0	114.0	99.0	4	0.0167297138899	0.000300731016911	DLR00012709-2009-07-02_08-58-15	0.011310772663	10	103	678.5	1431.5	0.00707862123513	0.0855666258192	135	135
96.0	95.0	78.0	113.0	117.0	102.0	5	0.0288774042304	0.000344411843316	DLR00012709-2009-07-02_08-58-15	0.0294474974342	10	103	820.5	1433.5	0.0229926176373	0.245830891363	135	135
95.0	94.0	77.0	111.0	114.0	99.0	6	0.0129468804944	0.000307410733398	DLR00012709-2009-07-02_08-58-15	0.0163169068935	10	103	961.5	1439.5	0.0102428994939	0.127071234482	135	135
94.0	94.0	77.0	111.0	115.0	100.0	7	0.0218445308754	0.000328130394139	DLR00012709-2009-07-02_08-58-15	0.0256716271338	10	103	1093.5	1442.5	0.0199709143399	0.232617614151	135	135
93.0	93.0	77.0	108.0	111.0	96.0	8	0.00921732644254	0.000285339617567	DLR00012709-2009-07-02_08-58-15	0.0133993329947	10	103	1226.5	1438.5	0.00750490419063	0.0961692151953	135	135
93.0	93.0	77.0	108.0	113.0	98.0	9	0.0242421013373	0.000312975441918	DLR00012709-2009-07-02_08-58-15	0.0237738159763	10	103	1355.5	1432.5	0.0172391976249	0.20299429911	135	135
92.0	93.0	77.0	107.0	111.0	96.0	10	0.0145452608024	0.000292094198846	DLR00012709-2009-07-02_08-58-15	0.0149234852518	10	103	1503.5	1431.5	0.00877577031248	0.112099738931	135	135
92.0	93.0	77.0	108.0	113.0	99.0	11	0.0140124673664	0.000319328636543	DLR00012709-2009-07-02_08-58-15	0.0234395461029	10	103	1642.5	1438.5	0.0165418997853	0.190473653365	135	135
92.0	92.0	77.0	107.0	112.0	97.0	12	0.0166231552027	0.000304694314793	DLR00012709-2009-07-02_08-58-15	0.0156049086656	10	103	1771.5	1438.5	0.0103580786939	0.122808886995	135	135
91.0	92.0	76.0	108.0	114.0	100.0	13	0.0217379721882	0.000337662111118	DLR00012709-2009-07-02_08-58-15	0.0258671523253	10	103	1904.5	1438.5	0.0204944525497	0.229154456817	135	135
91.0	91.0	76.0	106.0	111.0	97.0	14	0.0198731951622	0.000307905643979	DLR00012709-2009-07-02_08-58-15	0.0163870465289	10	103	2046.5	1439.5	0.0110511314014	0.132026213437	135	135
90.0	91.0	75.0	107.0	112.0	98.0	15	0.0329266343439	0.000345495163432	DLR00012709-2009-07-02_08-58-15	0.0299465456413	10	103	2184.5	1438.5	0.0236718215553	0.253876072247	135	135
90.0	90.0	74.0	106.0	110.0	96.0	16	0.0253609675529	0.000317320895278	DLR00012709-2009-07-02_08-58-15	0.0176900137216	10	103	2319.5	1438.5	0.0123340712994	0.141616495285	135	135
91.0	91.0	75.0	108.0	113.0	99.0	17	0.0372422611753	0.000364190639752	DLR00012709-2009-07-02_08-58-15	0.0327658358679	10	103	2462.5	1428.5	0.0265955352104	0.276359955245	135	135
91.0	90.0	74.0	107.0	109.0	94.0	18	0.0207789440034	0.000308894697229	DLR00012709-2009-07-02_08-58-15	0.0151525835285	10	103	2591.5	1438.5	0.0100440720563	0.122968725025	135	135
91.0	90.0	73.0	108.0	111.0	96.0	19	0.0416111673504	0.000350903788864	DLR00012709-2009-07-02_08-58-15	0.0275004103632	10	103	2721.5	1438.5	0.0211538993302	0.226543768981	135	135
91.0	89.0	72.0	107.0	108.0	93.0	20	0.0250945708349	0.000311986454818	DLR00012709-2009-07-02_08-58-15	0.0151929683422	10	103	2866.5	1435.5	0.0100313060914	0.119718685066	135	135
91.0	89.0	72.0	109.0	112.0	97.0	21	0.0406521391656	0.000374702221823	DLR00012709-2009-07-02_08-58-15	0.0344185166491	10	103	3003.5	1438.5	0.0291673556858	0.295700356972	135	135
89.0	87.0	72.0	107.0	109.0	95.0	22	0.0484842026746	0.00036656696953	DLR00012709-2009-07-02_08-58-15	0.0265096916261	10	103	3136.5	1430.5	0.0209311845763	0.214715754702	135	135
87.0	86.0	70.0	106.0	109.0	96.0	23	0.0535457403165	0.000398861099393	DLR00012709-2009-07-02_08-58-15	0.0422366581376	10	103	3274.5	1438.5	0.0376722768447	0.362086419095	135	135
86.0	84.0	70.0	101.0	103.0	90.0	24	0.0245617773989	0.000326705971722	DLR00012709-2009-07-02_08-58-15	0.01779092264	10	103	3414.5	1438.5	0.0145370429716	0.171079972295	135	135
92.0	90.0	76.0	107.0	109.0	96.0	1	0.0156108476744	0.000302706936478	DLR00012709-2009-07-02_08-58-15	0.0204449994185	11	103	272.5	1578.5	0.0159924597268	0.19633438116	135	135
93.0	92.0	76.0	110.0	112.0	98.0	2	0.0270126272044	0.000313567152983	DLR00012709-2009-07-02_08-58-15	0.0151035428572	11	103	409.5	1577.5	0.010778875249	0.128243380042	135	135
94.0	93.0	77.0	113.0	116.0	102.0	3	0.0391603175449	0.000356637934412	DLR00012709-2009-07-02_08-58-15	0.0333829938798	11	103	539.5	1580.5	0.0280513008557	0.288241248868	135	135
95.0	94.0	78.0	111.0	113.0	98.0	4	0.0196600777878	0.000295390507081	DLR00012709-2009-07-02_08-58-15	0.0170237849133	11	103	678.5	1578.5	0.0108765690413	0.135649208802	135	135
95.0	94.0	78.0	112.0	116.0	101.0	5	0.0255740849273	0.000331444794814	DLR00012709-2009-07-02_08-58-15	0.0299897793685	11	103	815.5	1578.5	0.0239568193287	0.273003356599	135	135
94.0	94.0	77.0	111.0	113.0	98.0	6	0.013000159838	0.000297700169048	DLR00012709-2009-07-02_08-58-15	0.0145402878297	11	103	954.5	1576.5	0.00891101497581	0.1098620065	135	135
94.0	94.0	77.0	111.0	115.0	101.0	7	0.0224838829986	0.000343257222016	DLR00012709-2009-07-02_08-58-15	0.0278164649163	11	103	1090.5	1574.5	0.0220404131764	0.238904576696	135	135
93.0	93.0	76.0	108.0	112.0	97.0	8	0.0126804837764	0.000299293075867	DLR00012709-2009-07-02_08-58-15	0.0155876550306	11	103	1226.5	1580.5	0.00991161088583	0.124247429272	135	135
92.0	93.0	77.0	109.0	114.0	100.0	9	0.0240822633065	0.000348263853723	DLR00012709-2009-07-02_08-58-15	0.0316802314162	11	103	1366.5	1586.5	0.0255508578527	0.276626351963	135	135
91.0	92.0	76.0	107.0	111.0	96.0	10	0.0126272044328	0.000304223208851	DLR00012709-2009-07-02_08-58-15	0.0161443503772	11	103	1497.5	1578.5	0.010451146212	0.13058767116	135	135
92.0	92.0	76.0	108.0	113.0	98.0	11	0.0264798337684	0.000330503609956	DLR00012709-2009-07-02_08-58-15	0.0232834546667	11	103	1639.5	1571.5	0.0167702705089	0.190473653365	135	135
91.0	92.0	76.0	107.0	111.0	97.0	12	0.0159838030795	0.000308961266927	DLR00012709-2009-07-02_08-58-15	0.0172167466745	11	103	1771.5	1569.5	0.0119209321455	0.144227183121	135	135
91.0	92.0	76.0	109.0	115.0	102.0	13	0.0336192658106	0.000373027670451	DLR00012709-2009-07-02_08-58-15	0.0341944334821	11	103	1908.5	1570.5	0.0287666201204	0.294155256007	135	135
90.0	91.0	75.0	106.0	109.0	94.0	14	0.0172625073259	0.000290376344046	DLR00012709-2009-07-02_08-58-15	0.015167861448	11	103	2046.5	1578.5	0.00969753019693	0.121903138153	135	135
90.0	90.0	74.0	107.0	111.0	97.0	15	0.0269060685172	0.00034810413756	DLR00012709-2009-07-02_08-58-15	0.0283596896139	11	103	2178.5	1578.5	0.0224366864986	0.245724332676	135	135
90.0	90.0	74.0	106.0	109.0	95.0	16	0.0232830731525	0.000313295268197	DLR00012709-2009-07-02_08-58-15	0.0155160335483	11	103	2320.5	1575.5	0.0102941571276	0.122382652246	135	135
90.0	90.0	74.0	107.0	110.0	96.0	17	0.0373488198625	0.000338809701287	DLR00012709-2009-07-02_08-58-15	0.0280038709894	11	103	2458.5	1578.5	0.0219507068315	0.244925142522	135	135
90.0	89.0	73.0	107.0	109.0	95.0	18	0.028930683574	0.000327852968703	DLR00012709-2009-07-02_08-58-15	0.0207481344598	11	103	2591.5	1573.5	0.0155115030476	0.175821833875	135	135
91.0	89.0	73.0	108.0	112.0	97.0	19	0.0512014491981	0.000368004695004	DLR00012709-2009-07-02_08-58-15	0.03197937502	11	103	2724.5	1578.5	0.0260998094479	0.261335180351	135	135
90.0	89.0	72.0	106.0	108.0	93.0	20	0.0228568384038	0.000318380589855	DLR00012709-2009-07-02_08-58-15	0.017703389864	11	103	2866.5	1578.5	0.0124622771865	0.148223133891	135	135
90.0	88.0	72.0	108.0	110.0	96.0	21	0.0483776439874	0.000368539463954	DLR00012709-2009-07-02_08-58-15	0.0315779413611	11	103	2994.5	1578.5	0.0254937899811	0.258138419735	135	135
89.0	87.0	71.0	105.0	107.0	92.0	22	0.0476850125206	0.000329882220732	DLR00012709-2009-07-02_08-58-15	0.0212291042036	11	103	3137.5	1571.5	0.0155763073072	0.174649688316	135	135
87.0	85.0	70.0	106.0	109.0	96.0	23	0.056795780276	0.000402282211809	DLR00012709-2009-07-02_08-58-15	0.0388264502712	11	103	3272.5	1578.5	0.0343710605575	0.321967073366	135	135
85.0	83.0	69.0	101.0	102.0	89.0	24	0.0260535990197	0.000325113281567	DLR00012709-2009-07-02_08-58-15	0.0187309166632	11	103	3405.5	1568.5	0.0154320993468	0.181362885609	135	135
91.0	90.0	76.0	107.0	109.0	96.0	1	0.0153444509564	0.000309250863087	DLR00012709-2009-07-02_08-58-15	0.0243596022939	12	103	269.5	1711.5	0.0194397863112	0.241089029783	135	135
92.0	91.0	76.0	108.0	110.0	97.0	2	0.0192871223827	0.000295894330321	DLR00012709-2009-07-02_08-58-15	0.0126970534552	12	103	409.5	1704.5	0.00800977583263	0.0995790931856	135	135
94.0	93.0	77.0	111.0	114.0	100.0	3	0.0292503596356	0.000338542649268	DLR00012709-2009-07-02_08-58-15	0.0268887865039	12	103	544.5	1711.5	0.0208778605755	0.230965954499	135	135
95.0	93.0	77.0	111.0	112.0	98.0	4	0.0234961905269	0.000301614204091	DLR00012709-2009-07-02_08-58-15	0.0133449900038	12	103	680.5	1711.5	0.00808063511599	0.0942511588257	135	135
95.0	94.0	78.0	112.0	115.0	100.0	5	0.0217379721882	0.000328801597093	DLR00012709-2009-07-02_08-58-15	0.0277611961677	12	103	815.5	1704.5	0.0212664800378	0.240343118973	135	135
94.0	93.0	77.0	110.0	112.0	97.0	6	0.0165165965155	0.000292225542097	DLR00012709-2009-07-02_08-58-15	0.0125296587211	12	103	952.5	1709.5	0.00737929297473	0.091160956897	135	135
93.0	93.0	77.0	109.0	113.0	98.5	7	0.0263732750813	0.000318563974168	DLR00012709-2009-07-02_08-58-15	0.0256143712062	12	103	1086.5	1712.5	0.019115451366	0.221002717247	135	135
92.0	92.0	76.0	108.0	111.5	97.0	8	0.0123608077148	0.000302929081616	DLR00012709-2009-07-02_08-58-15	0.0137532615283	12	103	1222.5	1711.5	0.00884302152053	0.107837391443	135	135
92.0	92.0	76.0	108.0	113.0	99.0	9	0.0207789440034	0.000331431718003	DLR00012709-2009-07-02_08-58-15	0.0285658697283	12	103	1363.5	1711.5	0.0226411094856	0.245671053333	135	135
91.0	91.0	75.0	107.0	110.0	95.0	10	0.0159305237359	0.00029454427473	DLR00012709-2009-07-02_08-58-15	0.0122026861907	12	103	1497.5	1711.5	0.00714849542299	0.0866322126911	135	135
91.0	92.0	76.0	108.0	113.0	99.0	11	0.0295167563536	0.000347039722376	DLR00012709-2009-07-02_08-58-15	0.0292529531159	12	103	1634.5	1705.5	0.0228700679339	0.245830891363	135	135
90.0	91.0	75.0	106.0	110.0	96.0	12	0.0150780542384	0.000306039713675	DLR00012709-2009-07-02_08-58-15	0.014542787898	12	103	1771.5	1705.5	0.00948361126404	0.110714475998	135	135
90.0	91.0	75.0	106.0	110.0	96.0	13	0.022164206937	0.000320041764475	DLR00012709-2009-07-02_08-58-15	0.0221385997316	12	103	1904.5	1715.5	0.0160733683066	0.184239970164	135	135
90.0	90.0	74.0	106.0	110.0	96.0	14	0.0262667163941	0.000326587954671	DLR00012709-2009-07-02_08-58-15	0.0166607273166	12	103	2046.5	1711.5	0.0118744690727	0.132825403591	135	135
89.0	90.0	74.0	106.0	111.0	97.0	15	0.0403324631041	0.00035035547898	DLR00012709-2009-07-02_08-58-15	0.0288008711882	12	103	2184.5	1711.5	0.022782390611	0.240982471096	135	135
89.0	89.0	73.0	105.0	108.0	94.0	16	0.0231765144653	0.000312430521015	DLR00012709-2009-07-02_08-58-15	0.0165755169625	12	103	2317.5	1711.5	0.0113611459451	0.137460706484	135	135
89.0	89.0	73.0	107.0	111.0	97.0	17	0.0532260642549	0.000365740788798	DLR00012709-2009-07-02_08-58-15	0.0323714731316	12	103	2464.5	1710.5	0.0265355946928	0.266609835367	135	135
90.0	89.0	73.0	106.0	108.0	94.0	18	0.0265863924556	0.000319284729069	DLR00012709-2009-07-02_08-58-15	0.0196591356381	12	103	2591.5	1711.5	0.0144285950853	0.171079972295	135	135
90.0	88.0	72.0	108.0	112.0	97.0	19	0.0476850125206	0.000372880934871	DLR00012709-2009-07-02_08-58-15	0.0308006303225	12	103	2722.5	1711.5	0.0257724223306	0.258937609889	135	135
89.0	88.0	72.0	107.0	109.0	94.0	20	0.0404923011349	0.000347068090375	DLR00012709-2009-07-02_08-58-15	0.0187342465386	12	103	2866.5	1715.5	0.0135314248035	0.143534551654	135	135
89.0	87.0	72.0	108.0	111.0	97.0	21	0.0621769939794	0.00039865487324	DLR00012709-2009-07-02_08-58-15	0.0383005261219	12	103	2999.5	1711.5	0.0321674963483	0.297618413341	135	135
88.0	86.0	71.0	106.0	107.0	94.0	22	0.049496510203	0.000359177682842	DLR00012709-2009-07-02_08-58-15	0.0190463251003	12	103	3137.5	1703.5	0.0148635767209	0.154083861687	135	135
86.0	84.0	70.0	104.0	106.0	93.0	23	0.0481112472694	0.000369836452281	DLR00012709-2009-07-02_08-58-15	0.0298201210962	12	103	3272.5	1711.5	0.0251725083426	0.256806436145	135	135
84.0	82.0	69.0	100.0	102.0	89.0	24	0.0270126272044	0.00032576660837	DLR00012709-2009-07-02_08-58-15	0.0182394116518	12	103	3405.5	1703.5	0.0156251440015	0.182321913794	135	135
91.0	89.0	75.0	107.0	109.0	96.0	1	0.0246150567425	0.000313747829149	DLR00012709-2009-07-02_08-58-15	0.0236684648029	13	103	275.5	1858.5	0.0190126354601	0.219137940221	135	135
92.0	91.0	76.0	108.0	110.0	97.0	2	0.0267462304864	0.000312491101254	DLR00012709-2009-07-02_08-58-15	0.0153653450848	13	103	409.5	1847.5	0.0107491385727	0.127231072513	135	135
93.0	92.0	77.0	111.0	114.0	101.0	3	0.0387340827961	0.000355138131107	DLR00012709-2009-07-02_08-58-15	0.0253861155992	13	103	544.5	1850.5	0.0197179212338	0.206723853162	135	135
94.0	93.0	77.0	110.0	112.0	98.0	4	0.0182215355107	0.000302314117064	DLR00012709-2009-07-02_08-58-15	0.0133930588285	13	103	678.5	1853.5	0.00861691815423	0.108103788161	135	135
94.0	94.0	77.0	111.0	114.0	100.0	5	0.0181149768235	0.000319465682034	DLR00012709-2009-07-02_08-58-15	0.0238716448907	13	103	815.5	1850.5	0.0171469397823	0.200969684053	135	135
94.0	93.0	77.0	109.0	112.0	97.0	6	0.01406574671	0.000292182936733	DLR00012709-2009-07-02_08-58-15	0.0141444691992	13	103	949.5	1850.5	0.00849470616569	0.108583302254	135	135
93.0	93.0	77.0	109.0	113.0	99.0	7	0.0272257445788	0.000318926426505	DLR00012709-2009-07-02_08-58-15	0.0251309931551	13	103	1081.5	1846.5	0.019069180519	0.219990409718	135	135
92.0	92.0	75.0	108.0	112.0	97.0	8	0.0133731152432	0.000312553540086	DLR00012709-2009-07-02_08-58-15	0.0119771992865	13	103	1226.5	1850.5	0.00800391367921	0.0944642762001	135	135
92.0	92.0	76.0	109.0	113.0	99.0	9	0.0290905216048	0.000336192310645	DLR00012709-2009-07-02_08-58-15	0.0277962918294	13	103	1367.5	1851.5	0.0216711889207	0.234855346582	135	135
91.0	91.0	75.0	107.0	111.0	96.0	10	0.020033033193	0.000312134286645	DLR00012709-2009-07-02_08-58-15	0.0170504835243	13	103	1494.5	1845.5	0.0108874435582	0.129042570196	135	135
91.0	91.0	75.0	108.0	112.0	99.0	11	0.0337791038414	0.000348501497421	DLR00012709-2009-07-02_08-58-15	0.0299646251737	13	103	1638.5	1850.5	0.0234840560864	0.251744898503	135	135
90.0	90.0	75.0	105.0	108.0	94.0	12	0.0172625073259	0.000295209298063	DLR00012709-2009-07-02_08-58-15	0.0137206832623	13	103	1771.5	1850.5	0.00855572730179	0.107411156695	135	135
90.0	90.0	74.0	107.0	112.0	98.0	13	0.0273855826096	0.00035246476899	DLR00012709-2009-07-02_08-58-15	0.0297670658929	13	103	1908.5	1850.5	0.0237848238936	0.253556396185	135	135
89.0	89.0	74.0	105.0	108.0	93.0	14	0.0199797538494	0.000299013772463	DLR00012709-2009-07-02_08-58-15	0.0143390801528	13	103	2046.5	1845.5	0.00927432562699	0.11178006287	135	135
89.0	89.0	73.0	106.0	110.0	96.0	15	0.0421439607864	0.000347556040141	DLR00012709-2009-07-02_08-58-15	0.0281900445396	13	103	2184.5	1843.5	0.0223806700574	0.243593158932	135	135
88.0	88.0	72.0	105.0	108.0	94.0	16	0.0226437210294	0.0003204710021	DLR00012709-2009-07-02_08-58-15	0.0150135411359	13	103	2317.5	1841.5	0.0105650014268	0.122169534871	135	135
89.0	88.0	73.0	106.0	110.0	96.0	17	0.0315413714103	0.000353728670247	DLR00012709-2009-07-02_08-58-15	0.0269888783928	13	103	2458.5	1850.5	0.0216751411033	0.234482391177	135	135
89.0	88.0	72.0	106.0	109.0	94.0	18	0.0456071181203	0.000336562882956	DLR00012709-2009-07-02_08-58-15	0.0229344415963	13	103	2582.5	1850.5	0.0177593107399	0.193350737919	135	135
89.0	88.0	72.0	108.0	111.0	97.0	19	0.0597794235175	0.000375393456536	DLR00012709-2009-07-02_08-58-15	0.0312100341847	13	103	2729.5	1850.5	0.0264395433901	0.261015504289	135	135
89.0	87.0	72.0	105.0	107.0	93.0	20	0.0466194256487	0.000331862308838	DLR00012709-2009-07-02_08-58-15	0.0199366631638	13	103	2866.5	1841.5	0.0146142489912	0.165965155309	135	135
88.0	87.0	71.0	108.0	112.0	99.0	21	0.0619105972614	0.000425666148491	DLR00012709-2009-07-02_08-58-15	0.0406629360748	13	103	2998.5	1850.5	0.0352822917219	0.317225211785	135	135
87.0	85.0	70.0	104.0	106.0	92.0	22	0.0512014491981	0.000346439985096	DLR00012709-2009-07-02_08-58-15	0.0215261797642	13	103	3137.5	1846.5	0.0169702039094	0.184080132133	135	135
85.0	83.0	69.0	103.0	106.0	94.0	23	0.0671319729341	0.000390936631345	DLR00012709-2009-07-02_08-58-15	0.0403024087144	13	103	3274.5	1848.5	0.0357584826702	0.342373061964	135	135
84.0	82.0	69.0	99.0	101.0	88.0	24	0.0334594277798	0.00032785268608	DLR00012709-2009-07-02_08-58-15	0.0212052337784	13	103	3409.5	1856.5	0.01768926765	0.202514785018	135	135
90.0	89.0	75.0	107.0	109.0	96.0	1	0.0304225051947	0.000325500705385	DLR00012709-2009-07-02_08-58-15	0.0224016675375	14	103	277.5	1985.5	0.0182214009125	0.210773083276	135	135
91.0	90.0	75.0	108.0	109.0	96.0	2	0.0257339229581	0.00030176084901	DLR00012709-2009-07-02_08-58-15	0.0100406129387	14	103	409.5	1985.5	0.00679322835194	0.0836485694496	135	135
93.0	91.0	77.0	111.0	113.0	101.0	3	0.0345250146518	0.000347526171323	DLR00012709-2009-07-02_08-58-15	0.0291588230407	14	103	540.5	1985.5	0.023482720024	0.253876072247	135	135
94.0	92.0	77.0	111.0	112.0	99.0	4	0.0266396717992	0.000314629188319	DLR00012709-2009-07-02_08-58-15	0.0137295820311	14	103	678.5	1980.5	0.00906630009132	0.103894720017	135	135
94.0	93.0	78.0	111.0	113.0	100.0	5	0.0249880121477	0.000322034717279	DLR00012709-2009-07-02_08-58-15	0.0247667203188	14	103	814.5	1985.5	0.0181793928189	0.212531301614	135	135
93.0	93.0	77.0	109.0	111.0	96.0	6	0.0144387021152	0.000284169189716	DLR00012709-2009-07-02_08-58-15	0.0114010122048	14	103	952.5	1985.5	0.00657456653891	0.0845010389472	135	135
93.0	93.0	77.0	110.0	113.0	99.0	7	0.0233363524961	0.00032256541839	DLR00012709-2009-07-02_08-58-15	0.0254590680656	14	103	1082.5	1989.5	0.0194057541296	0.219031381533	135	135
92.0	92.0	75.0	108.0	110.0	95.0	8	0.0160903617667	0.000297510617739	DLR00012709-2009-07-02_08-58-15	0.0119511968788	14	103	1226.5	1978.5	0.00754076855956	0.0951036283233	135	135
91.0	91.0	75.0	108.0	113.0	98.0	9	0.027865096702	0.000346413734916	DLR00012709-2009-07-02_08-58-15	0.0270087681872	14	103	1362.5	1985.5	0.0212471233084	0.228781501412	135	135
90.0	91.0	75.0	106.0	109.0	94.0	10	0.0183280941979	0.000300691674387	DLR00012709-2009-07-02_08-58-15	0.015173460564	14	103	1498.5	1985.5	0.00941028657398	0.116788321168	135	135
90.0	90.0	74.0	107.0	111.0	96.0	11	0.0299429911023	0.000333674891247	DLR00012709-2009-07-02_08-58-15	0.0261953056116	14	103	1633.5	1985.5	0.0199716721141	0.223027332303	135	135
89.0	90.0	74.0	106.0	109.0	95.0	12	0.0260003196761	0.000317074931649	DLR00012709-2009-07-02_08-58-15	0.0163174244331	14	103	1771.5	1980.5	0.0112472987926	0.129415525601	135	135
89.0	89.0	73.0	107.0	112.0	98.0	13	0.0444349725611	0.000371877514839	DLR00012709-2009-07-02_08-58-15	0.0258698271927	14	103	1906.5	1985.5	0.0205992379258	0.205551707603	135	135
88.0	88.0	72.0	105.0	108.0	93.0	14	0.0328733550003	0.000327104060385	DLR00012709-2009-07-02_08-58-15	0.014765020414	14	103	2039.5	1977.5	0.0105318490651	0.115296499547	135	135
88.0	88.0	72.0	105.0	109.0	95.0	15	0.0397463903245	0.000338914582307	DLR00012709-2009-07-02_08-58-15	0.0220338034901	14	103	2184.5	1993.5	0.0170538088909	0.184453087538	135	135
88.0	87.0	72.0	104.0	107.0	92.0	16	0.029729873728	0.000316423147526	DLR00012709-2009-07-02_08-58-15	0.0144438872099	14	103	2317.5	1980.5	0.0101256372023	0.119239170973	135	135
88.0	88.0	72.0	107.0	110.0	96.0	17	0.0576482497736	0.000376101600901	DLR00012709-2009-07-02_08-58-15	0.0312101639129	14	103	2466.5	1985.5	0.0258154779607	0.250785870318	135	135
88.0	87.0	72.0	105.0	107.0	92.0	18	0.0342053385902	0.00032156972219	DLR00012709-2009-07-02_08-58-15	0.015347907221	14	103	2591.5	1985.5	0.0110266899285	0.126431882359	135	135
88.0	87.0	71.0	106.0	108.0	94.0	19	0.042463636848	0.000342188973954	DLR00012709-2009-07-02_08-58-15	0.0195517228383	14	103	2725.5	1985.5	0.0151684456689	0.169055357238	135	135
88.0	86.0	71.0	105.0	107.0	93.0	20	0.0356438808674	0.000336098875305	DLR00012709-2009-07-02_08-58-15	0.0145088761531	14	103	2866.5	1983.5	0.0108803715235	0.118013746071	135	135
88.0	86.0	71.0	106.0	109.0	95.0	21	0.063295860195	0.000377191341332	DLR00012709-2009-07-02_08-58-15	0.031369957826	14	103	3004.5	1985.5	0.0264362199313	0.260482710853	135	135
86.0	84.0	69.0	103.0	104.0	91.0	22	0.0431029889712	0.000336444204079	DLR00012709-2009-07-02_08-58-15	0.0149000803383	14	103	3137.5	1985.5	0.0116837010867	0.132985241622	135	135
84.0	82.0	68.0	102.0	104.0	91.0	23	0.0535457403165	0.000368394139843	DLR00012709-2009-07-02_08-58-15	0.0299085658429	14	103	3268.5	1985.5	0.026282737622	0.26533113112	135	135
83.0	81.0	69.0	98.0	99.0	87.0	24	0.0217379721882	0.000304168331783	DLR00012709-2009-07-02_08-58-15	0.0147531036957	14	103	3412.5	1985.5	0.0124767410502	0.152378922692	135	135
90.0	88.0	75.0	105.0	105.0	93.0	1	0.0155575683308	0.000298190566507	DLR00012709-2009-07-02_08-58-15	0.0207481236034	15	103	269.5	2127.5	0.0156291705319	0.198678672279	135	135
92.0	89.0	74.0	108.0	109.0	97.0	2	0.0336725451542	0.000322796064143	DLR00012709-2009-07-02_08-58-15	0.0120494939026	15	103	409.5	2124.5	0.00907132122669	0.104693910171	135	135
94.0	92.0	77.0	112.0	113.0	101.0	3	0.0425701955352	0.000356237974916	DLR00012709-2009-07-02_08-58-15	0.0282305486779	15	103	544.5	2122.5	0.0222588186247	0.233683201023	135	135
95.0	92.0	77.0	109.0	110.0	96.0	4	0.0069263146678	0.000270501207316	DLR00012709-2009-07-02_08-58-15	0.0122131920338	15	103	675.5	2123.5	0.00682910567803	0.0944109968565	135	135
95.0	93.0	77.0	111.0	113.0	99.0	5	0.0256806436145	0.000316031354764	DLR00012709-2009-07-02_08-58-15	0.0243392668994	15	103	815.5	2129.5	0.0177946493466	0.20965421706	135	135
94.0	92.0	76.0	109.0	110.0	96.0	6	0.0159838030795	0.000290211222747	DLR00012709-2009-07-02_08-58-15	0.0131154383541	15	103	952.5	2124.5	0.00846208878113	0.106025893761	135	135
94.0	93.0	77.0	110.0	113.0	99.0	7	0.0231765144653	0.000323202527753	DLR00012709-2009-07-02_08-58-15	0.0240577508406	15	103	1090.5	2122.5	0.0181321637221	0.21157227343	135	135
93.0	91.0	75.0	109.0	111.0	96.0	8	0.0192338430391	0.000305839972399	DLR00012709-2009-07-02_08-58-15	0.014543876133	15	103	1222.5	2122.5	0.0101297492545	0.119079332943	135	135
92.0	91.0	75.0	109.0	111.0	97.0	9	0.0339922212158	0.00033633113805	DLR00012709-2009-07-02_08-58-15	0.0292158758512	15	103	1366.5	2122.5	0.0224742743842	0.245937450051	135	135
90.0	90.0	73.0	107.0	108.0	94.0	10	0.026533113112	0.000313933812274	DLR00012709-2009-07-02_08-58-15	0.0181580549558	15	103	1497.5	2122.5	0.0116647617854	0.138632852043	135	135
90.0	89.0	73.0	107.0	109.0	95.0	11	0.0374553785497	0.000345011890694	DLR00012709-2009-07-02_08-58-15	0.0270547648574	15	103	1630.5	2122.5	0.0205895835521	0.223933081144	135	135
90.0	89.0	73.0	106.0	108.0	93.0	12	0.0272790239224	0.000313362238106	DLR00012709-2009-07-02_08-58-15	0.0168181750731	15	103	1771.5	2122.5	0.0119480950898	0.14124353988	135	135
89.0	88.0	73.0	106.0	109.0	95.0	13	0.034631573339	0.000341916859034	DLR00012709-2009-07-02_08-58-15	0.0254133859169	15	103	1901.5	2122.5	0.0202991019881	0.221482231339	135	135
88.0	87.0	72.0	104.0	106.0	92.0	14	0.0279716553892	0.000314999703486	DLR00012709-2009-07-02_08-58-15	0.0133629853882	15	103	2043.5	2122.5	0.00939712189117	0.112845649742	135	135
88.0	87.0	72.0	106.0	109.0	95.0	15	0.0502424210134	0.00037259443651	DLR00012709-2009-07-02_08-58-15	0.0320567384972	15	103	2189.5	2122.5	0.0270713207897	0.272683680537	135	135
88.0	87.0	71.0	105.0	107.0	92.0	16	0.0299962704459	0.000330900003229	DLR00012709-2009-07-02_08-58-15	0.0138277826646	15	103	2323.5	2122.5	0.0102057611413	0.11444403005	135	135
89.0	87.0	71.0	107.0	109.0	95.0	17	0.0395865522937	0.000357913253401	DLR00012709-2009-07-02_08-58-15	0.0302230586075	15	103	2458.5	2122.5	0.0252775680063	0.263999147531	135	135
89.0	87.0	72.0	105.0	107.0	92.0	18	0.0255208055837	0.000313325668044	DLR00012709-2009-07-02_08-58-15	0.0139953883549	15	103	2591.5	2128.5	0.010266579363	0.122862166338	135	135
89.0	87.0	72.0	107.0	109.0	96.0	19	0.0513612872289	0.000365751630361	DLR00012709-2009-07-02_08-58-15	0.0286894949671	15	103	2730.5	2125.5	0.0242794481452	0.246736640205	135	135
89.0	87.0	72.0	106.0	108.0	94.0	20	0.04352922372	0.000342507238055	DLR00012709-2009-07-02_08-58-15	0.0211613570727	15	103	2871.5	2124.5	0.0169605967379	0.181948958389	135	135
89.0	86.0	71.0	108.0	110.0	97.0	21	0.0458202354947	0.00038340923596	DLR00012709-2009-07-02_08-58-15	0.0321461518286	15	103	3001.5	2122.5	0.0282143580569	0.281155096169	135	135
87.0	84.0	70.0	104.0	104.0	91.0	22	0.0376152165805	0.000331861208102	DLR00012709-2009-07-02_08-58-15	0.0155556039291	15	103	3137.5	2122.5	0.0126711301643	0.141669774628	135	135
85.0	83.0	69.0	102.0	103.0	91.0	23	0.0526932708189	0.000360089598202	DLR00012709-2009-07-02_08-58-15	0.0282520120295	15	103	3264.5	2122.5	0.0237201227689	0.243486600245	135	135
84.0	82.0	70.0	99.0	100.0	88.0	24	0.02946347701	0.000331377648039	DLR00012709-2009-07-02_08-58-15	0.0217258371696	15	103	3417.5	2131.5	0.0185099221875	0.213543609143	135	135
96.0	96.0	86.0	111.5	113.0	103.0	1	0.0186477702595	0.00026804666786	DLR00012709-2009-07-02_08-58-15	0.010736562766	16	103	271.5	2261.5	0.00858590184753	0.114763706111	135	135
97.0	97.0	86.0	113.0	114.0	103.0	2	0.0196600777878	0.000265746351256	DLR00012709-2009-07-02_08-58-15	0.00568541013504	16	103	409.5	2261.5	0.00478730172563	0.0664393414673	135	135
100.0	100.0	89.0	116.0	117.0	106.0	3	0.0296233150408	0.000302606687426	DLR00012709-2009-07-02_08-58-15	0.0182625640897	16	103	553.5	2261.5	0.015001541352	0.182375193138	135	135
100.0	99.0	86.0	116.0	116.0	104.0	4	0.0119345729661	0.00026396667862	DLR00012709-2009-07-02_08-58-15	0.0066660064695	16	103	678.5	2261.5	0.00450991089641	0.0619105972614	135	135
99.0	98.0	84.0	116.0	118.0	106.0	5	0.0286110075124	0.000298749161286	DLR00012709-2009-07-02_08-58-15	0.0175234098804	16	103	815.5	2261.5	0.014233619428	0.173477542757	135	135
97.0	95.0	81.0	113.0	113.0	101.0	6	0.00905748841174	0.000270564296068	DLR00012709-2009-07-02_08-58-15	0.0056334223305	16	103	952.5	2261.5	0.00386657566908	0.0532260642549	135	135
97.0	96.0	83.0	114.0	116.0	103.0	7	0.0202461505674	0.000321343229668	DLR00012709-2009-07-02_08-58-15	0.0249948015244	16	103	1089.5	2261.5	0.0204950497577	0.240130001598	135	135
96.0	94.0	79.0	111.0	112.0	98.0	8	0.0115083382173	0.000278680197487	DLR00012709-2009-07-02_08-58-15	0.0101650404073	16	103	1226.5	2261.5	0.00692636173245	0.0931855719538	135	135
95.0	94.0	79.0	110.0	111.0	98.0	9	0.022430603655	0.000314889951935	DLR00012709-2009-07-02_08-58-15	0.0198595915702	16	103	1357.5	2263.5	0.0153007700552	0.18344078001	135	135
93.0	92.0	77.0	107.0	108.0	94.0	10	0.0133731152432	0.000281804472164	DLR00012709-2009-07-02_08-58-15	0.011031529301	16	103	1497.5	2266.5	0.00817956380562	0.107144759977	135	135
93.0	93.0	78.0	109.0	112.0	98.0	11	0.028397890138	0.000329737459545	DLR00012709-2009-07-02_08-58-15	0.0254241213686	16	103	1637.5	2261.5	0.0217263283252	0.24444562843	135	135
93.0	93.0	78.0	108.0	109.0	95.0	12	0.0108157067505	0.000272535466789	DLR00012709-2009-07-02_08-58-15	0.00708825750367	16	103	1766.5	2261.5	0.00544095593086	0.0744312430071	135	135
94.0	94.0	80.0	109.0	112.0	98.0	13	0.0315413714103	0.000332646319181	DLR00012709-2009-07-02_08-58-15	0.0200071961617	16	103	1904.5	2265.5	0.0196753735382	0.217752677287	135	135
92.0	91.0	76.0	106.0	108.0	94.0	14	0.0103894720017	0.000284248845181	DLR00012709-2009-07-02_08-58-15	0.00814384588508	16	103	2046.5	2261.5	0.00703604282172	0.0918535883638	135	135
93.0	92.0	78.0	109.0	111.0	97.0	15	0.0262134370505	0.000333348574192	DLR00012709-2009-07-02_08-58-15	0.0220804417276	16	103	2184.5	2259.5	0.0191284843394	0.209547658373	135	135
93.0	92.0	77.0	107.0	108.0	95.0	16	0.0103361926581	0.000289609563771	DLR00012709-2009-07-02_08-58-15	0.0101626083831	16	103	2317.5	2261.5	0.00898879880761	0.115989131014	135	135
97.0	97.0	82.0	112.0	114.0	101.0	17	0.0361766743034	0.000293760445947	DLR00012709-2009-07-02_08-58-15	0.0243413231543	16	103	2463.5	2269.5	0.0222752959338	0.27124513826	135	135
95.0	94.0	80.0	109.0	110.0	96.0	18	0.0229101177473	0.00028195165707	DLR00012709-2009-07-02_08-58-15	0.00836043867693	16	103	2591.5	2261.5	0.00802487644429	0.10453407214	135	135
96.0	96.0	83.0	111.0	113.0	101.0	19	0.041398049976	0.000331401567568	DLR00012709-2009-07-02_08-58-15	0.0244950482586	16	103	2734.5	2261.5	0.0229320275355	0.257392508924	135	135
97.0	96.0	83.0	114.0	115.0	103.0	20	0.0456071181203	0.00029036927424	DLR00012709-2009-07-02_08-58-15	0.0164302151098	16	103	2866.5	2270.5	0.0156969738831	0.202514785018	135	135
98.0	98.0	85.0	114.0	116.0	104.0	21	0.048430923331	0.00031820779065	DLR00012709-2009-07-02_08-58-15	0.0235645844338	16	103	2995.5	2269.5	0.0231983671647	0.266822952741	135	135
93.0	91.0	79.0	107.0	108.0	97.0	22	0.0258404816453	0.000295329345341	DLR00012709-2009-07-02_08-58-15	0.0121898647953	16	103	3137.5	2254.5	0.0114112785954	0.14007139432	135	135
96.0	96.0	85.0	108.0	109.0	99.0	23	0.0441685758431	0.000312380386934	DLR00012709-2009-07-02_08-58-15	0.0228972432008	16	103	3269.5	2267.5	0.0229195399534	0.273962384783	135	135
90.0	89.0	78.0	105.0	105.0	94.0	24	0.0104960306889	0.000270623876056	DLR00012709-2009-07-02_08-58-15	0.00778706830184	16	103	3414.5	2251.5	0.00787110775038	0.107624274069	135	135
