96.0	98.0	89.0	134.0	163.0	163.0	1	0.00900420906814	0.00015745153718	DLR00012647-2009-07-03_15-42-49	-0.0040028809088	1	95	267.5	207.5	0.00305349477176	0.055996590122	135	135
99.0	101.0	90.0	147.0	161.0	157.0	2	0.0237625872449	0.000950390938481	DLR00012647-2009-07-03_15-42-49	0.125615538078	1	95	402.5	210.5	0.126278477017	0.598913101391	135	135
103.0	105.0	94.0	149.0	164.0	160.0	3	0.0263732750813	0.000924192780475	DLR00012647-2009-07-03_15-42-49	0.118738468758	1	95	545.5	210.5	0.119534960086	0.579199744259	135	135
104.0	106.0	94.0	151.0	167.0	162.0	4	0.0271191858916	0.000914863803671	DLR00012647-2009-07-03_15-42-49	0.111360171306	1	95	668.5	208.5	0.112203923436	0.55463796686	135	135
103.0	106.0	93.0	153.0	171.0	166.0	5	0.0295167563536	0.000954302869669	DLR00012647-2009-07-03_15-42-49	0.127120341735	1	95	816.5	213.5	0.128084977986	0.587244925143	135	135
103.0	104.0	88.0	129.0	135.0	131.0	6	0.0	0.000156064068591	DLR00012647-2009-07-03_15-42-49	-0.00506299559616	1	95	948.5	207.5	0.000465684234586	0.0122542490277	135	135
106.0	108.0	93.0	153.0	169.0	163.0	7	0.0323938409079	0.000900914266764	DLR00012647-2009-07-03_15-42-49	0.105090588143	1	95	1075.5	208.5	0.105686896229	0.524748255101	135	135
106.0	110.0	96.0	150.0	167.0	160.0	8	0.0287175661996	0.000842260054864	DLR00012647-2009-07-03_15-42-49	0.104187313399	1	95	1217.5	202.5	0.105156352112	0.559912621876	135	135
106.0	109.0	94.0	151.0	169.0	162.0	9	0.0311151366615	0.000887459096304	DLR00012647-2009-07-03_15-42-49	0.112668557453	1	95	1350.5	206.5	0.113456822808	0.568756992914	135	135
104.0	108.0	93.0	152.0	171.0	165.0	10	0.0322340028771	0.000913277456168	DLR00012647-2009-07-03_15-42-49	0.1187021744	1	95	1488.5	207.5	0.119276914036	0.593585167031	135	135
102.0	104.0	87.0	111.0	112.0	96.0	11	0.0	0.0001255260217	DLR00012647-2009-07-03_15-42-49	-0.00430722774158	1	95	1630.5	207.5	1.18313898566e-05	0.000372955405189	135	135
103.0	105.0	87.0	112.0	117.0	101.5	12	0.000586072779583	0.000157668926586	DLR00012647-2009-07-03_15-42-49	-0.00387556455879	1	95	1771.5	207.5	0.00020765802697	0.0036229953647	135	135
107.0	111.0	97.0	152.0	172.0	166.0	13	0.029197080292	0.000915369490897	DLR00012647-2009-07-03_15-42-49	0.12225247996	1	95	1901.5	201.5	0.123040441585	0.595929458149	135	135
101.0	105.0	90.0	150.0	169.0	162.0	14	0.0280249347328	0.00086874988575	DLR00012647-2009-07-03_15-42-49	0.11259962487	1	95	2048.5	207.5	0.113604095361	0.587404763173	135	135
105.0	110.0	96.0	150.0	168.0	161.0	15	0.02679950983	0.000875980301759	DLR00012647-2009-07-03_15-42-49	0.114257622055	1	95	2178.5	202.5	0.115436747504	0.569076668975	135	135
107.0	111.0	97.0	152.0	170.0	164.0	16	0.027065906548	0.000889309133836	DLR00012647-2009-07-03_15-42-49	0.123088831584	1	95	2316.5	198.5	0.123761324737	0.611913261229	135	135
103.0	104.0	87.0	131.0	143.5	136.0	17	0.00745910810379	0.000636314643848	DLR00012647-2009-07-03_15-42-49	-0.00071118603969	1	95	2454.5	207.5	0.00260997177473	0.0160903617667	135	135
103.0	104.0	87.0	109.5	110.0	94.5	18	0.0	9.48856935432e-05	DLR00012647-2009-07-03_15-42-49	-0.00280082487828	1	95	2587.5	207.5	5.58854753182e-05	0.00170493899515	135	135
102.0	103.0	87.0	107.0	108.5	94.0	19	0.0	0.000102620721256	DLR00012647-2009-07-03_15-42-49	-0.00354224925039	1	95	2726.5	207.5	9.27596909145e-05	0.00309020192871	135	135
101.0	104.0	90.0	152.0	168.0	162.0	20	0.0277585380148	0.000908290078562	DLR00012647-2009-07-03_15-42-49	0.117914973681	1	95	2853.5	207.5	0.11818116523	0.592199904097	135	135
100.0	104.0	91.0	150.0	167.0	162.0	21	0.0287175661996	0.000965101818118	DLR00012647-2009-07-03_15-42-49	0.127110565646	1	95	2998.5	203.5	0.12741146479	0.588363791358	135	135
95.0	99.0	87.0	147.0	162.0	157.0	22	0.0274388619532	0.000937218109402	DLR00012647-2009-07-03_15-42-49	0.12054885757	1	95	3133.5	207.5	0.121136399339	0.580744845224	135	135
95.0	98.0	87.0	144.0	160.0	154.0	23	0.0285044488252	0.00100752052196	DLR00012647-2009-07-03_15-42-49	0.130542451956	1	95	3270.5	204.5	0.131450025655	0.589322819543	135	135
92.0	94.0	84.0	113.0	124.0	120.0	24	0.0071927113858	0.000133558201183	DLR00012647-2009-07-03_15-42-49	-0.00345561310193	1	95	3411.5	207.5	0.00281018485639	0.0558367520912	135	135
93.0	94.0	83.0	145.0	161.0	156.0	1	0.0390537588577	0.00108117936515	DLR00012647-2009-07-03_15-42-49	0.156873270018	2	95	266.5	343.5	0.156591657501	0.672598433587	135	135
94.0	96.0	83.0	146.0	164.0	161.0	2	0.0572752943684	0.00109050878048	DLR00012647-2009-07-03_15-42-49	0.163924322961	2	95	402.5	343.5	0.162949762614	0.731258990889	135	135
96.0	98.0	84.0	145.0	163.0	159.0	3	0.0551441206244	0.00100922264075	DLR00012647-2009-07-03_15-42-49	0.143949822902	2	95	541.5	343.5	0.143199995132	0.691672438596	135	135
98.0	100.0	85.0	150.0	169.0	165.0	4	0.0596195854867	0.00105223648971	DLR00012647-2009-07-03_15-42-49	0.156229105852	2	95	676.5	337.5	0.15569769638	0.703820128936	135	135
98.0	101.0	86.0	150.0	169.0	164.0	5	0.0572752943684	0.00102947508383	DLR00012647-2009-07-03_15-42-49	0.149532670367	2	95	813.5	343.5	0.149253212562	0.679471468912	135	135
98.0	101.0	85.0	151.0	172.0	166.0	6	0.0516809632905	0.00105757864537	DLR00012647-2009-07-03_15-42-49	0.148601903283	2	95	947.5	343.5	0.148954623097	0.628589695775	135	135
98.0	101.0	85.0	150.0	171.0	165.0	7	0.0502424210134	0.00103475330132	DLR00012647-2009-07-03_15-42-49	0.154684491307	2	95	1077.5	351.5	0.154687979495	0.677979647291	135	135
98.0	102.0	85.0	151.0	172.0	166.0	8	0.0602056582663	0.00104788119876	DLR00012647-2009-07-03_15-42-49	0.149672182876	2	95	1214.5	343.5	0.149639254029	0.648889125686	135	135
97.0	101.0	85.0	148.0	168.0	161.0	9	0.0616442005434	0.000999260651895	DLR00012647-2009-07-03_15-42-49	0.145244207192	2	95	1360.5	343.5	0.145400359078	0.6704139805	135	135
96.0	101.0	85.0	151.0	173.0	168.0	10	0.0555170760296	0.00109638703536	DLR00012647-2009-07-03_15-42-49	0.163684196634	2	95	1502.5	341.5	0.163491745684	0.685864990143	135	135
96.0	100.0	84.0	149.0	170.0	165.0	11	0.0655868719697	0.00107371516729	DLR00012647-2009-07-03_15-42-49	0.172620864445	2	95	1634.5	342.5	0.172945381892	0.709094783952	135	135
96.0	100.0	84.0	151.0	174.0	169.0	12	0.055730193404	0.00111738914898	DLR00012647-2009-07-03_15-42-49	0.167887343948	2	95	1761.5	350.5	0.168264449878	0.667323778571	135	135
96.0	101.0	84.0	147.0	169.0	163.0	13	0.0465128669615	0.00102283844373	DLR00012647-2009-07-03_15-42-49	0.153237038307	2	95	1903.5	343.5	0.153400264987	0.669934466407	135	135
96.0	100.0	84.0	150.0	172.0	167.0	14	0.0535457403165	0.00109824156384	DLR00012647-2009-07-03_15-42-49	0.162999789971	2	95	2041.5	341.5	0.163398566035	0.655069529543	135	135
96.0	100.0	84.0	146.0	167.0	160.0	15	0.0645745644414	0.00100685714645	DLR00012647-2009-07-03_15-42-49	0.150643720411	2	95	2178.5	343.5	0.15105887294	0.67915179285	135	135
97.0	101.0	84.0	149.0	171.0	165.0	16	0.0530129468805	0.00105869693944	DLR00012647-2009-07-03_15-42-49	0.159867657595	2	95	2317.5	343.5	0.159800380172	0.687836325856	135	135
98.0	101.0	84.0	150.0	172.0	166.0	17	0.0599392615483	0.0010722918416	DLR00012647-2009-07-03_15-42-49	0.180076207702	2	95	2445.5	335.5	0.180270921549	0.741701742235	135	135
98.0	100.0	84.0	152.0	173.0	168.0	18	0.0612712451383	0.0011065975512	DLR00012647-2009-07-03_15-42-49	0.16536038909	2	95	2590.5	337.5	0.165291915898	0.687942884544	135	135
97.0	99.0	84.0	149.0	169.0	163.0	19	0.0599392615483	0.00106399739517	DLR00012647-2009-07-03_15-42-49	0.172854239898	2	95	2720.5	342.5	0.172727513435	0.74148862486	135	135
96.0	99.0	83.0	149.0	169.0	163.0	20	0.0548244445628	0.0010585439432	DLR00012647-2009-07-03_15-42-49	0.151658119988	2	95	2861.5	343.5	0.151480793938	0.681762480686	135	135
95.0	97.0	82.0	146.0	164.0	158.0	21	0.0634556982258	0.00104306264949	DLR00012647-2009-07-03_15-42-49	0.170221479447	2	95	2990.5	343.5	0.170138438542	0.753103521765	135	135
92.0	93.0	79.0	144.0	163.0	157.0	22	0.0587671159891	0.00110349194484	DLR00012647-2009-07-03_15-42-49	0.166490409043	2	95	3133.5	333.5	0.166114285683	0.739091054398	135	135
89.0	91.0	78.0	144.0	163.0	159.0	23	0.0615376418563	0.00119482814363	DLR00012647-2009-07-03_15-42-49	0.191541261406	2	95	3263.5	343.5	0.19112913595	0.775640684107	135	135
88.0	90.0	79.0	143.0	161.0	156.0	24	0.0483776439874	0.00118358241178	DLR00012647-2009-07-03_15-42-49	0.181777065148	2	95	3403.5	343.5	0.1819204434	0.718791624487	135	135
92.0	94.0	83.0	145.0	163.0	159.0	1	0.0540252544089	0.00110609213294	DLR00012647-2009-07-03_15-42-49	0.159186254001	3	95	269.5	481.5	0.159042913487	0.677926367947	135	135
93.0	96.0	83.0	145.0	164.0	160.0	2	0.0599925408919	0.00106828935286	DLR00012647-2009-07-03_15-42-49	0.139431649297	3	95	403.5	481.5	0.138599087932	0.642069369705	135	135
96.0	98.0	84.0	143.0	160.0	155.0	3	0.0742714049763	0.000958367841439	DLR00012647-2009-07-03_15-42-49	0.126554172972	3	95	547.5	481.5	0.125983487476	0.631999573765	135	135
97.0	100.0	85.0	144.0	162.0	156.0	4	0.0754435505355	0.000950616718212	DLR00012647-2009-07-03_15-42-49	0.114258270062	3	95	670.5	481.5	0.113803635818	0.573605413181	135	135
97.0	100.0	85.0	148.0	167.0	162.0	5	0.0603122169535	0.00100661529103	DLR00012647-2009-07-03_15-42-49	0.12512313683	3	95	813.5	481.5	0.124921633487	0.57935958229	135	135
97.0	101.0	85.0	147.0	167.0	161.0	6	0.0655868719697	0.000988951019411	DLR00012647-2009-07-03_15-42-49	0.127169496771	3	95	948.5	481.5	0.127581034414	0.586445734989	135	135
96.0	100.0	85.0	147.0	167.0	161.0	7	0.0683573978369	0.000990544930804	DLR00012647-2009-07-03_15-42-49	0.12221007459	3	95	1075.5	481.5	0.12286845064	0.570248814535	135	135
96.0	101.0	85.0	145.0	166.0	159.0	8	0.0744845223507	0.000964493527387	DLR00012647-2009-07-03_15-42-49	0.120885424396	3	95	1222.5	481.5	0.121528039102	0.569396345037	135	135
96.0	100.0	85.0	145.0	166.0	159.0	9	0.0832756140444	0.000974223433939	DLR00012647-2009-07-03_15-42-49	0.112414086692	3	95	1360.5	481.5	0.113158764824	0.531781128456	135	135
95.0	100.0	84.0	145.0	166.0	160.0	10	0.0669721349033	0.000997193866238	DLR00012647-2009-07-03_15-42-49	0.111125248528	3	95	1495.5	481.5	0.112214022237	0.502690606852	135	135
95.0	99.0	84.0	144.0	164.0	157.0	11	0.0784804731206	0.000970628093239	DLR00012647-2009-07-03_15-42-49	0.117098909954	3	95	1634.5	478.5	0.118103048513	0.553998614737	135	135
95.0	100.0	84.0	146.0	169.0	163.0	12	0.0598327028611	0.00102682880499	DLR00012647-2009-07-03_15-42-49	0.126749766816	3	95	1771.5	481.5	0.128124715071	0.549949384624	135	135
95.0	100.0	83.0	145.0	166.0	160.0	13	0.071394320422	0.00100167039797	DLR00012647-2009-07-03_15-42-49	0.117659513405	3	95	1899.5	471.5	0.118633328645	0.53982630934	135	135
95.0	99.0	83.0	143.0	164.0	157.0	14	0.0698492194576	0.000969626832487	DLR00012647-2009-07-03_15-42-49	0.121164728631	3	95	2037.5	481.5	0.122032802462	0.566465981139	135	135
95.0	99.0	83.0	145.0	167.0	161.0	15	0.0575416910864	0.00102643305828	DLR00012647-2009-07-03_15-42-49	0.116891257438	3	95	2173.5	481.5	0.118034336229	0.511481698545	135	135
95.0	99.0	83.0	146.0	168.0	162.0	16	0.0575416910864	0.00102956887667	DLR00012647-2009-07-03_15-42-49	0.11177112152	3	95	2316.5	471.5	0.113064861419	0.502903724226	135	135
95.0	99.0	83.0	145.0	165.0	158.0	17	0.070861526986	0.000988382335985	DLR00012647-2009-07-03_15-42-49	0.106629213053	3	95	2451.5	481.5	0.108073417216	0.491182268634	135	135
95.0	99.0	83.0	147.0	167.0	161.0	18	0.0692098673344	0.00103226743063	DLR00012647-2009-07-03_15-42-49	0.128273917716	3	95	2590.5	481.5	0.129414110226	0.548297724972	135	135
95.0	99.0	83.0	148.0	168.0	162.0	19	0.0693164260216	0.0010555131544	DLR00012647-2009-07-03_15-42-49	0.137558000137	3	95	2726.5	481.5	0.137882122862	0.599978688263	135	135
95.0	97.0	82.0	145.0	164.0	157.0	20	0.0775747242794	0.000993392222726	DLR00012647-2009-07-03_15-42-49	0.123111749033	3	95	2861.5	481.5	0.124235978017	0.568863551601	135	135
94.0	97.0	81.0	143.0	162.0	154.0	21	0.0806649262081	0.00100555291208	DLR00012647-2009-07-03_15-42-49	0.112437438503	3	95	2992.5	481.5	0.113013095805	0.521444935798	135	135
93.0	95.0	80.0	141.0	158.0	152.0	22	0.0675582076829	0.00101201713254	DLR00012647-2009-07-03_15-42-49	0.123730545581	3	95	3133.5	481.5	0.123167318373	0.593691725718	135	135
89.0	92.0	78.0	138.0	155.0	149.0	23	0.0726197453247	0.00104532959287	DLR00012647-2009-07-03_15-42-49	0.150167990511	3	95	3273.5	481.5	0.149251303763	0.704406201716	135	135
87.0	89.0	78.0	141.0	159.0	153.0	24	0.071394320422	0.00117213948808	DLR00012647-2009-07-03_15-42-49	0.17928851981	3	95	3407.5	476.5	0.179420344168	0.736107411157	135	135
93.0	95.0	83.0	146.0	164.0	161.0	1	0.0545047685013	0.00111390236063	DLR00012647-2009-07-03_15-42-49	0.168562163763	4	95	265.5	625.5	0.168794520049	0.70195535191	135	135
93.0	96.0	83.0	146.0	166.0	163.0	2	0.0564761042144	0.00109946591805	DLR00012647-2009-07-03_15-42-49	0.154889698174	4	95	405.5	614.5	0.15484011542	0.656827747882	135	135
95.0	98.0	84.0	145.0	164.0	160.0	3	0.0571687356812	0.00102176572263	DLR00012647-2009-07-03_15-42-49	0.150910924816	4	95	540.5	618.5	0.150821178078	0.684959241302	135	135
97.0	99.0	84.0	149.0	170.0	165.0	4	0.0547711652192	0.00105576125945	DLR00012647-2009-07-03_15-42-49	0.140873676425	4	95	670.5	618.5	0.141135213255	0.618946134584	135	135
97.0	100.0	85.0	146.0	166.0	160.0	5	0.0615909211999	0.000982905331926	DLR00012647-2009-07-03_15-42-49	0.114230787023	4	95	813.5	618.5	0.114563645231	0.535563961852	135	135
96.0	100.0	85.0	150.0	173.0	169.0	6	0.0497096275774	0.00108899679264	DLR00012647-2009-07-03_15-42-49	0.150499319694	4	95	944.5	618.5	0.150984541624	0.621503543076	135	135
96.0	100.0	85.0	148.0	169.0	164.0	7	0.0610048484203	0.00102948707985	DLR00012647-2009-07-03_15-42-49	0.138792600954	4	95	1079.5	623.5	0.139386258497	0.601843465289	135	135
95.0	100.0	85.0	148.0	171.0	166.0	8	0.0597261441739	0.00105113047336	DLR00012647-2009-07-03_15-42-49	0.145051218696	4	95	1224.5	623.5	0.146076204996	0.60482710853	135	135
95.0	100.0	85.0	145.0	166.0	160.0	9	0.0772550482178	0.000983990703142	DLR00012647-2009-07-03_15-42-49	0.135230059292	4	95	1356.5	613.5	0.13587355319	0.613191965475	135	135
94.0	100.0	84.0	150.0	174.0	169.0	10	0.0551441206244	0.00110088628964	DLR00012647-2009-07-03_15-42-49	0.154606074595	4	95	1485.5	618.5	0.155559798639	0.613138686131	135	135
94.0	99.0	84.0	144.0	167.0	162.0	11	0.0610581277639	0.00101335363555	DLR00012647-2009-07-03_15-42-49	0.145200412935	4	95	1631.5	618.5	0.14620500477	0.630614310832	135	135
94.0	99.0	84.0	147.0	171.0	167.0	12	0.0547178858756	0.00108379605494	DLR00012647-2009-07-03_15-42-49	0.142159645914	4	95	1771.5	622.5	0.143524918746	0.572326708935	135	135
94.0	99.0	83.0	145.0	167.0	162.0	13	0.071927113858	0.00102725368848	DLR00012647-2009-07-03_15-42-49	0.137521938911	4	95	1900.5	618.5	0.138660291808	0.600404923011	135	135
94.0	99.0	83.0	148.0	172.0	167.0	14	0.0572752943684	0.00109838872772	DLR00012647-2009-07-03_15-42-49	0.143582137894	4	95	2041.5	618.5	0.14489895467	0.57994565507	135	135
94.0	99.0	83.0	145.0	168.0	162.0	15	0.0680377217753	0.0010320934119	DLR00012647-2009-07-03_15-42-49	0.157889963229	4	95	2173.5	613.5	0.158693787651	0.667856572007	135	135
94.0	99.0	83.0	146.0	169.0	164.0	16	0.0597794235175	0.00106147346305	DLR00012647-2009-07-03_15-42-49	0.138707964188	4	95	2322.5	618.5	0.140107927567	0.587031807768	135	135
94.0	99.0	83.0	147.0	169.0	163.0	17	0.0650007991902	0.00105168860973	DLR00012647-2009-07-03_15-42-49	0.157377596596	4	95	2453.5	618.5	0.158210826585	0.66583195695	135	135
94.0	98.0	83.0	148.0	170.0	165.0	18	0.0611646864511	0.00108815733937	DLR00012647-2009-07-03_15-42-49	0.149600206673	4	95	2591.5	617.5	0.150529713319	0.626991315467	135	135
94.0	98.0	82.0	147.0	168.0	163.0	19	0.0615376418563	0.00106129831237	DLR00012647-2009-07-03_15-42-49	0.163590804154	4	95	2718.5	618.5	0.164259431148	0.695188875273	135	135
94.0	98.0	83.0	148.0	170.0	165.0	20	0.0563695455272	0.00109245565351	DLR00012647-2009-07-03_15-42-49	0.153369140267	4	95	2861.5	620.5	0.153680524672	0.63828653631	135	135
94.0	97.0	82.0	146.0	166.0	160.0	21	0.0613778038255	0.00105772795336	DLR00012647-2009-07-03_15-42-49	0.164027823945	4	95	2992.5	613.5	0.164101215674	0.694283126432	135	135
92.0	94.0	80.0	145.0	164.0	159.0	22	0.0597794235175	0.00110562653795	DLR00012647-2009-07-03_15-42-49	0.1619262347	4	95	3133.5	618.5	0.161793367582	0.695988065427	135	135
88.0	90.0	77.0	143.0	162.0	157.0	23	0.0698492194576	0.00116286830828	DLR00012647-2009-07-03_15-42-49	0.187421977924	4	95	3273.5	618.5	0.187284029526	0.777079226384	135	135
87.0	89.0	77.0	146.0	167.0	163.0	24	0.0644680057542	0.00132918286277	DLR00012647-2009-07-03_15-42-49	0.203657956276	4	95	3406.5	618.5	0.204204645019	0.697266769673	135	135
93.0	95.0	83.0	145.0	162.0	158.0	1	0.0642548883798	0.00108136524216	DLR00012647-2009-07-03_15-42-49	0.160498778039	5	95	266.5	755.5	0.160551842568	0.694975757899	135	135
94.0	96.0	83.0	146.0	165.0	161.0	2	0.0582343225531	0.0010678230448	DLR00012647-2009-07-03_15-42-49	0.141464891227	5	95	405.5	757.5	0.141382858301	0.634663540945	135	135
95.0	98.0	83.0	146.0	166.0	161.0	3	0.0588736746763	0.00103396168173	DLR00012647-2009-07-03_15-42-49	0.11548907983	5	95	533.5	757.5	0.116044373317	0.520592466301	135	135
96.0	99.0	84.0	145.0	162.0	156.0	4	0.0712344823912	0.000946933837883	DLR00012647-2009-07-03_15-42-49	0.117089379061	5	95	671.5	752.5	0.117773091399	0.571207842719	135	135
97.0	100.0	84.0	147.0	166.0	160.0	5	0.0649475198466	0.000990028782627	DLR00012647-2009-07-03_15-42-49	0.109152381884	5	95	813.5	757.5	0.110101203055	0.520059672865	135	135
97.0	100.0	84.0	146.0	166.0	160.0	6	0.0627097874154	0.000984706255836	DLR00012647-2009-07-03_15-42-49	0.119850673746	5	95	948.5	757.5	0.120761202184	0.555490436358	135	135
96.0	100.0	84.0	148.0	169.0	163.0	7	0.0706484096116	0.00102638171476	DLR00012647-2009-07-03_15-42-49	0.126782766738	5	95	1085.5	757.5	0.128114394242	0.56454792477	135	135
95.0	100.0	84.0	146.0	167.0	161.0	8	0.0611114071075	0.000995942671311	DLR00012647-2009-07-03_15-42-49	0.126275103141	5	95	1224.5	747.5	0.127945709721	0.559326549097	135	135
95.0	99.0	83.0	144.0	164.0	157.0	9	0.0728861420427	0.000951746882768	DLR00012647-2009-07-03_15-42-49	0.0978314605805	5	95	1360.5	757.5	0.100178551682	0.468485268261	135	135
94.0	99.0	84.0	146.0	167.0	162.0	10	0.062763066759	0.00101654485004	DLR00012647-2009-07-03_15-42-49	0.12497018903	5	95	1495.5	757.5	0.126616377441	0.543609142735	135	135
94.0	98.0	83.0	148.0	169.0	164.0	11	0.0736853321967	0.00106031482397	DLR00012647-2009-07-03_15-42-49	0.125378681006	5	95	1628.5	756.5	0.127404798464	0.530236027492	135	135
94.0	98.0	83.0	146.0	168.0	162.0	12	0.0702221748628	0.00104217405096	DLR00012647-2009-07-03_15-42-49	0.127874631029	5	95	1766.5	750.5	0.129506954599	0.533805743513	135	135
94.0	98.0	83.0	145.0	166.0	161.0	13	0.0682508391497	0.00102212179194	DLR00012647-2009-07-03_15-42-49	0.123259791888	5	95	1903.5	757.5	0.124812816313	0.528797485215	135	135
94.0	98.0	82.0	142.0	162.0	155.0	14	0.0823165858597	0.000955170799187	DLR00012647-2009-07-03_15-42-49	0.10795936703	5	95	2041.5	757.5	0.110246129558	0.516703074218	135	135
94.0	98.0	82.0	144.0	166.0	160.0	15	0.0725131866375	0.00102248731255	DLR00012647-2009-07-03_15-42-49	0.119880516413	5	95	2178.5	757.5	0.12166591093	0.524641696414	135	135
94.0	98.0	83.0	145.0	167.0	161.0	16	0.0685705152113	0.00103348992256	DLR00012647-2009-07-03_15-42-49	0.126721473466	5	95	2313.5	757.5	0.128083687541	0.549949384624	135	135
95.0	98.0	83.0	148.0	170.0	165.0	17	0.0637220949438	0.00108649524592	DLR00012647-2009-07-03_15-42-49	0.148694513438	5	95	2453.5	763.5	0.149696606501	0.599392615483	135	135
95.0	99.0	83.0	148.0	169.0	164.0	18	0.056529383558	0.00107214384818	DLR00012647-2009-07-03_15-42-49	0.145266083029	5	95	2590.5	754.5	0.145947334897	0.59949917417	135	135
95.0	98.0	83.0	148.0	170.0	164.0	19	0.0618573179178	0.00107736746138	DLR00012647-2009-07-03_15-42-49	0.142212603322	5	95	2721.5	749.5	0.142866384147	0.586179338271	135	135
95.0	98.0	82.0	147.0	168.0	162.0	20	0.0515744046033	0.00107593360753	DLR00012647-2009-07-03_15-42-49	0.141748559679	5	95	2853.5	757.5	0.142319552177	0.5955032234	135	135
94.0	97.0	81.0	142.0	160.0	153.0	21	0.0621769939794	0.000995468573602	DLR00012647-2009-07-03_15-42-49	0.113915808154	5	95	2998.5	757.5	0.113879091269	0.548457563003	135	135
93.0	94.0	79.0	143.0	161.0	154.0	22	0.0670254142469	0.00106896800347	DLR00012647-2009-07-03_15-42-49	0.134286866535	5	95	3124.5	757.5	0.134371370014	0.605253343279	135	135
90.0	92.0	77.0	139.0	156.0	149.0	23	0.0714475997656	0.00106391838669	DLR00012647-2009-07-03_15-42-49	0.149160553019	5	95	3265.5	757.5	0.148852818051	0.683467419681	135	135
88.0	90.0	76.0	147.0	167.0	162.0	24	0.0689434706164	0.00131792242545	DLR00012647-2009-07-03_15-42-49	0.19036241679	5	95	3408.5	759.5	0.191206551573	0.662848313709	135	135
94.0	94.0	80.0	101.5	101.5	88.5	1	0.000372955405189	0.000111089002084	DLR00012647-2009-07-03_15-42-49	-0.00354103382661	6	95	267.5	893.5	4.48928440816e-05	0.00106558687197	135	135
94.0	96.0	82.0	151.0	172.0	169.0	2	0.0600458202355	0.00118313369994	DLR00012647-2009-07-03_15-42-49	0.174941056635	6	95	403.5	891.5	0.175132213644	0.691512600565	135	135
95.0	98.0	83.0	147.0	166.0	162.0	3	0.0557834727476	0.00104420694522	DLR00012647-2009-07-03_15-42-49	0.143328309504	6	95	538.5	893.5	0.143955236659	0.655975278385	135	135
97.0	100.0	84.0	149.0	169.0	164.0	4	0.0529596675369	0.00105179670489	DLR00012647-2009-07-03_15-42-49	0.138287860434	6	95	676.5	888.5	0.138621600742	0.604933667217	135	135
97.0	100.0	84.0	149.0	171.0	166.0	5	0.0555703553732	0.00105783376819	DLR00012647-2009-07-03_15-42-49	0.150901982491	6	95	816.5	898.5	0.15141851386	0.641962811018	135	135
97.0	99.0	82.0	99.0	106.0	92.0	6	0.0	8.429393371e-05	DLR00012647-2009-07-03_15-42-49	-0.00548085275213	6	95	948.5	893.5	7.27106690429e-05	0.00282380521072	135	135
96.0	100.0	84.0	149.0	170.0	164.0	7	0.0655335926261	0.00105238898944	DLR00012647-2009-07-03_15-42-49	0.149608069617	6	95	1086.5	891.5	0.150337938699	0.627683946934	135	135
94.0	99.0	84.0	148.0	171.0	166.0	8	0.0575416910864	0.00106321646708	DLR00012647-2009-07-03_15-42-49	0.148931766881	6	95	1224.5	895.5	0.150353457209	0.607864031115	135	135
94.0	99.0	84.0	146.0	167.0	162.0	9	0.0617507592306	0.00101715742005	DLR00012647-2009-07-03_15-42-49	0.143842980337	6	95	1360.5	883.5	0.145322011379	0.616761681496	135	135
94.0	99.0	83.0	148.0	170.0	166.0	10	0.0538121370345	0.00107476504701	DLR00012647-2009-07-03_15-42-49	0.137283861952	6	95	1499.5	893.5	0.138839997549	0.553146145239	135	135
95.0	98.0	82.0	103.0	106.0	92.0	11	5.32793435985e-05	0.000100929987996	DLR00012647-2009-07-03_15-42-49	-0.00611214079776	6	95	1643.5	891.5	1.43724772379e-05	0.000479514092386	135	135
95.0	98.0	82.0	99.0	104.0	89.0	12	0.0	7.89543515306e-05	DLR00012647-2009-07-03_15-42-49	-0.00550301788977	6	95	1771.5	893.5	8.62969180821e-06	0.000426234748788	135	135
94.0	98.0	83.0	147.0	169.0	164.0	13	0.0695828227396	0.00108345786067	DLR00012647-2009-07-03_15-42-49	0.161938030518	6	95	1902.5	889.5	0.162694271631	0.637860301561	135	135
93.0	98.0	83.0	147.0	170.0	166.0	14	0.0623901113538	0.00110505726827	DLR00012647-2009-07-03_15-42-49	0.152140921491	6	95	2041.5	887.5	0.153619032435	0.592732697533	135	135
93.0	98.0	83.0	147.0	170.0	165.0	15	0.0610048484203	0.00108716713834	DLR00012647-2009-07-03_15-42-49	0.162641753585	6	95	2178.5	893.5	0.163719007949	0.640151313336	135	135
95.0	99.0	83.0	149.0	171.0	167.0	16	0.0590335127071	0.0011119833681	DLR00012647-2009-07-03_15-42-49	0.156507272239	6	95	2316.5	893.5	0.157442952705	0.609941925515	135	135
96.0	98.0	82.0	131.0	140.0	131.0	17	0.00596728648303	0.00026032332368	DLR00012647-2009-07-03_15-42-49	-0.00555702978438	6	95	2460.5	893.5	0.00124236562001	0.013799349992	135	135
96.0	98.0	81.0	119.0	125.0	112.0	18	0.000319676061591	0.00017750719299	DLR00012647-2009-07-03_15-42-49	-0.00530366556239	6	95	2590.5	893.5	0.000192452770909	0.00399595076989	135	135
95.0	97.0	80.0	96.0	103.0	90.0	19	5.32793435985e-05	8.72691311992e-05	DLR00012647-2009-07-03_15-42-49	-0.00646546787706	6	95	2726.5	894.5	0.000166810872751	0.007032873355	135	135
94.0	97.0	81.0	149.0	170.0	165.0	20	0.0581277638659	0.00112736549694	DLR00012647-2009-07-03_15-42-49	0.150672488872	6	95	2861.5	889.5	0.150945527952	0.614364111034	135	135
94.0	96.0	81.0	144.0	164.0	157.0	21	0.0588203953327	0.00105702683542	DLR00012647-2009-07-03_15-42-49	0.164434039561	6	95	2996.5	885.5	0.164268748198	0.715488305184	135	135
92.0	94.0	79.0	145.0	165.0	159.0	22	0.0533859022857	0.00113302851172	DLR00012647-2009-07-03_15-42-49	0.16144074068	6	95	3126.5	893.5	0.161665399695	0.669721349033	135	135
90.0	91.0	76.0	147.0	167.0	162.0	23	0.0637220949438	0.00123523079483	DLR00012647-2009-07-03_15-42-49	0.201832843721	6	95	3269.5	889.5	0.201654662061	0.725238425063	135	135
88.0	88.0	73.0	93.0	96.0	83.0	24	0.0	8.63926317346e-05	DLR00012647-2009-07-03_15-42-49	-0.0038796679727	6	95	3411.5	893.5	6.24148727526e-05	0.00207789440034	135	135
95.0	96.0	82.0	150.0	168.0	163.0	1	0.0548777239064	0.00114803559356	DLR00012647-2009-07-03_15-42-49	0.166395410249	7	95	272.5	1029.5	0.166195886802	0.692365070062	135	135
95.0	96.0	82.0	145.0	164.0	159.0	2	0.0569023389632	0.0010464868888	DLR00012647-2009-07-03_15-42-49	0.142756883237	7	95	410.5	1029.5	0.143027149407	0.66050402259	135	135
96.0	98.0	83.0	146.0	164.0	159.0	3	0.062496670041	0.00101501242433	DLR00012647-2009-07-03_15-42-49	0.132690157177	7	95	548.5	1025.5	0.133019579612	0.613032127444	135	135
97.0	99.0	84.0	145.0	164.0	158.0	4	0.0532793435985	0.000976964330243	DLR00012647-2009-07-03_15-42-49	0.124313066384	7	95	676.5	1028.5	0.124985542594	0.588790026107	135	135
97.0	100.0	84.0	148.0	167.0	161.0	5	0.0646811231286	0.00101284281136	DLR00012647-2009-07-03_15-42-49	0.122612079465	7	95	822.5	1029.5	0.123228770775	0.552666631147	135	135
97.0	100.0	84.0	148.0	169.0	163.0	6	0.063828653631	0.00103798974824	DLR00012647-2009-07-03_15-42-49	0.132082335521	7	95	952.5	1024.5	0.132798443398	0.572859502371	135	135
96.0	99.0	84.0	143.0	163.0	155.0	7	0.0652671959081	0.000944399824479	DLR00012647-2009-07-03_15-42-49	0.11390791403	7	95	1081.5	1029.5	0.114954977372	0.530236027492	135	135
94.0	99.0	83.0	147.0	168.0	162.0	8	0.0738451702275	0.00103794960663	DLR00012647-2009-07-03_15-42-49	0.123479007443	7	95	1219.5	1029.5	0.125151296603	0.540252544089	135	135
94.0	98.0	83.0	147.0	168.0	162.0	9	0.0582876018967	0.00104274998261	DLR00012647-2009-07-03_15-42-49	0.114937944055	7	95	1360.5	1029.5	0.117109005739	0.491395386009	135	135
94.0	98.0	83.0	146.0	167.0	162.0	10	0.0724066279503	0.0010364565189	DLR00012647-2009-07-03_15-42-49	0.118043568552	7	95	1485.5	1027.5	0.120049314311	0.506313602216	135	135
94.0	98.0	83.0	147.0	169.0	164.0	11	0.0627097874154	0.00107710537239	DLR00012647-2009-07-03_15-42-49	0.123870501487	7	95	1635.5	1024.5	0.125310624006	0.499547125579	135	135
93.0	97.0	82.0	148.0	170.0	165.0	12	0.0613778038255	0.00109878483853	DLR00012647-2009-07-03_15-42-49	0.123729049324	7	95	1771.5	1029.5	0.12546576484	0.489264212265	135	135
93.0	97.0	82.0	143.0	164.0	158.0	13	0.078427193777	0.00101335986326	DLR00012647-2009-07-03_15-42-49	0.0960695246409	7	95	1895.5	1029.5	0.0984855196422	0.430017582183	135	135
93.0	97.0	82.0	142.0	163.0	157.0	14	0.0785870318078	0.000998238380816	DLR00012647-2009-07-03_15-42-49	0.114129941356	7	95	2041.5	1032.5	0.116480652929	0.508604613991	135	135
93.0	97.0	82.0	145.0	166.0	161.0	15	0.0564761042144	0.00104453345309	DLR00012647-2009-07-03_15-42-49	0.110852384608	7	95	2178.5	1032.5	0.113602535862	0.469177899728	135	135
94.0	98.0	82.0	145.0	166.0	160.0	16	0.0503489797006	0.00101327809075	DLR00012647-2009-07-03_15-42-49	0.101995238582	7	95	2316.5	1029.5	0.104013915231	0.452448185838	135	135
95.0	99.0	82.0	145.0	166.0	160.0	17	0.0629761841334	0.0010331916152	DLR00012647-2009-07-03_15-42-49	0.138601882638	7	95	2462.5	1029.5	0.138931558169	0.583089136342	135	135
94.0	97.0	81.0	147.0	168.0	161.0	18	0.0592466300815	0.00108803441684	DLR00012647-2009-07-03_15-42-49	0.130938536407	7	95	2590.5	1029.5	0.131462690337	0.536949224786	135	135
95.0	97.0	81.0	144.0	163.0	156.0	19	0.0645212850978	0.00102595278743	DLR00012647-2009-07-03_15-42-49	0.122218028525	7	95	2728.5	1029.5	0.122408409273	0.53982630934	135	135
94.0	97.0	80.0	145.0	164.0	156.0	20	0.0697426607704	0.00103876949768	DLR00012647-2009-07-03_15-42-49	0.120799950358	7	95	2861.5	1029.5	0.121355173997	0.544141936171	135	135
94.0	96.0	80.0	145.0	165.0	158.0	21	0.0548244445628	0.00108628960572	DLR00012647-2009-07-03_15-42-49	0.134788781886	7	95	2993.5	1029.5	0.135051615523	0.580638286536	135	135
92.0	93.0	78.0	142.0	160.0	153.0	22	0.0596195854867	0.00106753695094	DLR00012647-2009-07-03_15-42-49	0.141273699417	7	95	3133.5	1022.5	0.141698306296	0.612339495977	135	135
89.0	91.0	75.0	145.0	164.0	158.0	23	0.0730459800735	0.00120668619388	DLR00012647-2009-07-03_15-42-49	0.172481261063	7	95	3273.5	1029.5	0.171979365586	0.668709041505	135	135
88.0	89.0	73.0	93.0	96.0	83.0	24	0.0	7.85659220433e-05	DLR00012647-2009-07-03_15-42-49	-0.00317977834829	7	95	3411.5	1022.5	8.81467983983e-06	0.000372955405189	135	135
96.0	98.0	84.0	147.0	164.0	160.0	1	0.0572220150248	0.00108497999965	DLR00012647-2009-07-03_15-42-49	0.167993050012	8	95	267.5	1165.5	0.167633741509	0.717726037615	135	135
95.0	97.0	83.0	148.0	168.0	164.0	2	0.0595663061431	0.00110404518722	DLR00012647-2009-07-03_15-42-49	0.163931735044	8	95	403.5	1158.5	0.163612740326	0.716820288774	135	135
96.0	98.0	83.0	145.0	164.0	159.0	3	0.0597261441739	0.00101290423112	DLR00012647-2009-07-03_15-42-49	0.130698128371	8	95	545.5	1168.5	0.131068643017	0.605466460653	135	135
97.0	99.0	83.0	150.0	170.0	166.0	4	0.0533326229421	0.00107864684541	DLR00012647-2009-07-03_15-42-49	0.144022832607	8	95	670.5	1165.5	0.144347758373	0.614577228409	135	135
96.0	99.0	83.0	145.0	164.0	157.0	5	0.0630827428206	0.000962854576889	DLR00012647-2009-07-03_15-42-49	0.121503066886	8	95	813.5	1165.5	0.122265069281	0.567584847355	135	135
96.0	99.0	84.0	149.0	171.0	167.0	6	0.0561564281528	0.00109019976623	DLR00012647-2009-07-03_15-42-49	0.152248527585	8	95	948.5	1161.5	0.152846422543	0.619905162768	135	135
95.0	99.0	83.0	146.0	166.0	160.0	7	0.0798124567105	0.00100765208511	DLR00012647-2009-07-03_15-42-49	0.137021189837	8	95	1085.5	1167.5	0.137782961614	0.617720709681	135	135
94.0	98.0	83.0	148.0	171.0	166.0	8	0.0566892215888	0.00109053679822	DLR00012647-2009-07-03_15-42-49	0.15471899138	8	95	1224.5	1167.5	0.156043212713	0.612286216634	135	135
94.0	98.0	83.0	143.0	163.0	156.0	9	0.0754968298791	0.000968877230694	DLR00012647-2009-07-03_15-42-49	0.121567012797	8	95	1360.5	1166.5	0.123201343923	0.559806063189	135	135
93.0	98.0	83.0	147.0	170.0	165.0	10	0.0612712451383	0.00108710624997	DLR00012647-2009-07-03_15-42-49	0.138746154187	8	95	1489.5	1165.5	0.14061273075	0.551601044275	135	135
93.0	97.0	83.0	145.0	167.0	162.0	11	0.0727263040119	0.00105944288906	DLR00012647-2009-07-03_15-42-49	0.155760563408	8	95	1629.5	1165.5	0.157013243017	0.629815120678	135	135
92.0	97.0	83.0	148.0	172.0	168.0	12	0.0618573179178	0.00113501328826	DLR00012647-2009-07-03_15-42-49	0.150576574216	8	95	1762.5	1158.5	0.152090486442	0.571634077468	135	135
92.0	97.0	82.0	145.0	167.0	163.0	13	0.0710213650168	0.00107561863165	DLR00012647-2009-07-03_15-42-49	0.151131562239	8	95	1903.5	1164.5	0.152826768748	0.609249294049	135	135
92.0	97.0	82.0	148.0	171.0	167.0	14	0.0553039586552	0.00113436650512	DLR00012647-2009-07-03_15-42-49	0.141325956973	8	95	2031.5	1161.5	0.1435781718	0.536203313975	135	135
92.0	97.0	82.0	144.0	166.0	161.0	15	0.0629229047898	0.00105167371086	DLR00012647-2009-07-03_15-42-49	0.146632284411	8	95	2181.5	1166.5	0.148564448545	0.596195854867	135	135
92.0	97.0	81.0	145.0	167.0	162.0	16	0.0631893015078	0.00108142273881	DLR00012647-2009-07-03_15-42-49	0.140518416863	8	95	2316.5	1155.5	0.142246116487	0.568011082103	135	135
93.0	97.0	82.0	146.0	168.0	163.0	17	0.0606851723587	0.00110299587364	DLR00012647-2009-07-03_15-42-49	0.172602631811	8	95	2443.5	1162.5	0.173417258302	0.681176407907	135	135
94.0	98.0	82.0	147.0	169.0	164.0	18	0.0565826629016	0.00111691930282	DLR00012647-2009-07-03_15-42-49	0.155949874678	8	95	2590.5	1163.5	0.156630320891	0.623741275507	135	135
94.0	97.0	81.0	146.0	166.0	160.0	19	0.0706484096116	0.00108733030171	DLR00012647-2009-07-03_15-42-49	0.163497272284	8	95	2726.5	1161.5	0.163602160008	0.67590175289	135	135
94.0	96.0	80.0	145.0	166.0	159.0	20	0.0558367520912	0.00108044198976	DLR00012647-2009-07-03_15-42-49	0.145223865816	8	95	2861.5	1161.5	0.145669131747	0.635089775694	135	135
93.0	95.0	79.0	145.0	165.0	158.0	21	0.0621237146358	0.00108786261782	DLR00012647-2009-07-03_15-42-49	0.168695467315	8	95	2991.5	1158.5	0.1690251315	0.706270978742	135	135
91.0	93.0	78.0	146.0	166.0	160.0	22	0.0530662262241	0.00116488986803	DLR00012647-2009-07-03_15-42-49	0.169178417647	8	95	3133.5	1156.5	0.169476056088	0.690393734349	135	135
89.0	90.0	75.0	147.0	167.0	162.0	23	0.0652139165645	0.00126848818885	DLR00012647-2009-07-03_15-42-49	0.219007320825	8	95	3274.5	1161.5	0.218768423403	0.753423197826	135	135
88.0	88.0	73.0	94.0	96.0	81.0	24	0.00069263146678	0.000115739600688	DLR00012647-2009-07-03_15-42-49	-0.00286229688145	8	95	3411.5	1165.5	0.000136136650055	0.00330331930311	135	135
95.0	97.0	83.0	145.0	162.0	156.0	1	0.0576482497736	0.00104413972883	DLR00012647-2009-07-03_15-42-49	0.153325790904	9	95	269.5	1302.5	0.153335193242	0.681176407907	135	135
95.0	97.0	82.0	145.0	164.0	158.0	2	0.0577015291172	0.00103442803432	DLR00012647-2009-07-03_15-42-49	0.142888848541	9	95	403.5	1301.5	0.143017173797	0.656827747882	135	135
96.0	98.0	82.0	145.0	164.0	158.0	3	0.0587138366455	0.0010145598991	DLR00012647-2009-07-03_15-42-49	0.128172476612	9	95	544.5	1300.5	0.128556742063	0.583728488465	135	135
96.0	99.0	83.0	146.0	166.0	160.0	4	0.0569023389632	0.00101799623963	DLR00012647-2009-07-03_15-42-49	0.133172625979	9	95	666.5	1301.5	0.13372437772	0.595449944057	135	135
96.0	99.0	83.0	146.0	165.0	159.0	5	0.0646811231286	0.000990876672477	DLR00012647-2009-07-03_15-42-49	0.121072818724	9	95	813.5	1301.5	0.122608416163	0.558740476317	135	135
96.0	99.0	83.0	142.0	162.0	154.0	6	0.0611646864511	0.000938127769946	DLR00012647-2009-07-03_15-42-49	0.103957973896	9	95	948.5	1301.5	0.105283932938	0.514252224413	135	135
95.0	99.0	82.0	148.0	169.0	163.0	7	0.0562097074964	0.00106521491229	DLR00012647-2009-07-03_15-42-49	0.133402933931	9	95	1083.5	1301.5	0.134766735192	0.557568330758	135	135
94.0	98.0	82.0	143.0	163.0	156.0	8	0.0737918908839	0.000980658508792	DLR00012647-2009-07-03_15-42-49	0.11144362692	9	95	1224.5	1301.5	0.11336037119	0.512494006074	135	135
94.0	98.0	83.0	145.0	166.0	160.0	9	0.0589802333635	0.00100583672694	DLR00012647-2009-07-03_15-42-49	0.124766421849	9	95	1360.5	1306.5	0.126882253782	0.544301774202	135	135
93.0	98.0	83.0	145.0	166.0	161.0	10	0.0606851723587	0.000958311339549	DLR00012647-2009-07-03_15-42-49	0.11438183878	9	95	1495.5	1301.5	0.117542822954	0.52309659545	135	135
94.0	99.0	84.0	144.0	166.0	161.0	11	0.0570088976504	0.000930706654895	DLR00012647-2009-07-03_15-42-49	0.09616895298	9	95	1634.5	1301.5	0.100230389635	0.460972880814	135	135
93.0	99.0	85.0	143.0	165.0	159.0	12	0.0619105972614	0.000918044519163	DLR00012647-2009-07-03_15-42-49	0.101964598914	9	95	1764.5	1310.5	0.105949085691	0.489850285044	135	135
93.0	98.0	84.0	144.0	165.0	159.0	13	0.0590867920507	0.000968139909404	DLR00012647-2009-07-03_15-42-49	0.105197464207	9	95	1912.5	1301.5	0.109740247328	0.485960892962	135	135
93.0	98.0	83.0	146.0	168.0	163.0	14	0.0571154563376	0.000968491101994	DLR00012647-2009-07-03_15-42-49	0.10548550412	9	95	2036.5	1301.5	0.110872636502	0.487825669988	135	135
93.0	97.0	82.0	147.0	169.0	164.0	15	0.0554105173424	0.000986731113738	DLR00012647-2009-07-03_15-42-49	0.122522009313	9	95	2169.5	1301.5	0.126352751882	0.536309872662	135	135
93.0	97.0	82.0	146.0	168.0	163.0	16	0.0482710853002	0.000942895016712	DLR00012647-2009-07-03_15-42-49	0.108168680824	9	95	2307.5	1301.5	0.111431015141	0.500879109169	135	135
93.0	98.0	83.0	145.0	166.0	161.0	17	0.0579146464916	0.0010084667678	DLR00012647-2009-07-03_15-42-49	0.115523373676	9	95	2444.5	1301.5	0.117741592955	0.508871010709	135	135
94.0	98.0	83.0	145.0	166.0	160.0	18	0.0461399115563	0.000980157315113	DLR00012647-2009-07-03_15-42-49	0.121168972676	9	95	2587.5	1292.5	0.123242074	0.536203313975	135	135
94.0	97.0	81.0	146.0	166.0	160.0	19	0.0626032287282	0.00107187107685	DLR00012647-2009-07-03_15-42-49	0.120027043059	9	95	2721.5	1301.5	0.120835804377	0.505407853375	135	135
94.0	96.0	79.0	143.0	161.0	153.0	20	0.0701688955192	0.00102461403294	DLR00012647-2009-07-03_15-42-49	0.117293013942	9	95	2861.5	1301.5	0.118564653452	0.540732058181	135	135
92.0	95.0	78.0	144.0	164.0	157.0	21	0.0616442005434	0.0010958063273	DLR00012647-2009-07-03_15-42-49	0.148215896954	9	95	2998.5	1301.5	0.148504870515	0.633438116042	135	135
91.0	93.0	77.0	141.0	160.0	153.0	22	0.0630827428206	0.00107218282972	DLR00012647-2009-07-03_15-42-49	0.143318969951	9	95	3134.5	1302.5	0.143710994726	0.634397144227	135	135
88.0	90.0	75.0	141.0	160.0	154.0	23	0.0686237945549	0.00116934602349	DLR00012647-2009-07-03_15-42-49	0.166843225444	9	95	3273.5	1301.5	0.167002273215	0.708508711173	135	135
87.0	89.0	75.0	144.0	163.0	159.0	24	0.0645745644414	0.00129835080507	DLR00012647-2009-07-03_15-42-49	0.184721260405	9	95	3414.5	1295.5	0.185272791901	0.644893174916	135	135
96.0	97.0	83.0	149.0	167.0	162.0	1	0.0541850924397	0.00111882537975	DLR00012647-2009-07-03_15-42-49	0.169408754034	10	95	263.5	1444.5	0.169507891675	0.692258511375	135	135
95.0	97.0	82.0	148.0	169.0	165.0	2	0.0521604773829	0.00111844377195	DLR00012647-2009-07-03_15-42-49	0.162524293047	10	95	403.5	1441.5	0.162414553629	0.703820128936	135	135
95.0	98.0	82.0	144.0	164.0	158.0	3	0.0607384517023	0.0010183335516	DLR00012647-2009-07-03_15-42-49	0.146178376232	10	95	537.5	1447.5	0.146659980858	0.665991794981	135	135
96.0	99.0	83.0	148.0	169.0	165.0	4	0.0500825829826	0.00107169892632	DLR00012647-2009-07-03_15-42-49	0.147372255211	10	95	676.5	1440.5	0.147871192367	0.624167510256	135	135
96.0	99.0	83.0	147.0	168.0	162.0	5	0.0580212051788	0.00103568215369	DLR00012647-2009-07-03_15-42-49	0.156698813008	10	95	809.5	1439.5	0.157251046128	0.671586126059	135	135
96.0	99.0	83.0	150.0	171.0	166.0	6	0.0553572379988	0.0010890911911	DLR00012647-2009-07-03_15-42-49	0.147222668149	10	95	948.5	1431.5	0.148157143785	0.608663221269	135	135
95.0	99.0	83.0	146.0	166.0	160.0	7	0.0675582076829	0.00102587035319	DLR00012647-2009-07-03_15-42-49	0.142414716998	10	95	1076.5	1436.5	0.14309550569	0.620065000799	135	135
94.0	98.0	82.0	150.0	173.0	169.0	8	0.0558367520912	0.00114981645563	DLR00012647-2009-07-03_15-42-49	0.157858538714	10	95	1224.5	1440.5	0.15882174805	0.600724599073	135	135
93.0	97.0	82.0	146.0	168.0	162.0	9	0.0746976397251	0.00107178429238	DLR00012647-2009-07-03_15-42-49	0.154633440981	10	95	1360.5	1437.5	0.155830369316	0.630987266237	135	135
93.0	98.0	83.0	147.0	171.0	166.0	10	0.0568490596196	0.00110143373409	DLR00012647-2009-07-03_15-42-49	0.152054231176	10	95	1487.5	1435.5	0.153733395713	0.595343385369	135	135
93.0	98.0	84.0	144.0	167.0	162.0	11	0.061697479887	0.00101977340578	DLR00012647-2009-07-03_15-42-49	0.145928347695	10	95	1634.5	1435.5	0.148377655406	0.62230273323	135	135
92.0	97.0	82.0	146.0	169.0	164.0	12	0.0592999094251	0.00110843197957	DLR00012647-2009-07-03_15-42-49	0.135434071104	10	95	1771.5	1440.5	0.137946191438	0.537055783473	135	135
92.0	97.0	82.0	147.0	169.0	165.0	13	0.0608450103895	0.00111494871041	DLR00012647-2009-07-03_15-42-49	0.171448119607	10	95	1908.5	1435.5	0.172982088059	0.651553092866	135	135
93.0	95.0	79.0	100.0	105.5	90.0	14	0.0	8.27687944747e-05	DLR00012647-2009-07-03_15-42-49	-0.00874800553078	10	95	2041.5	1448.5	1.54406098165e-05	0.000639352123182	135	135
92.0	95.0	79.0	102.5	105.5	91.0	15	0.0	0.000129516982909	DLR00012647-2009-07-03_15-42-49	-0.0081642808014	10	95	2178.5	1440.5	2.96879863043e-05	0.000852469497576	135	135
92.0	96.0	80.0	147.0	170.0	165.0	16	0.0591400713943	0.00116437159944	DLR00012647-2009-07-03_15-42-49	0.148226365157	10	95	2316.5	1438.5	0.149129589043	0.56795780276	135	135
92.0	95.0	79.0	144.0	166.0	160.0	17	0.0737386115403	0.00110575589147	DLR00012647-2009-07-03_15-42-49	0.162532847744	10	95	2453.5	1440.5	0.163790849599	0.650487505994	135	135
93.0	96.0	80.0	146.0	168.0	162.0	18	0.0580212051788	0.00113097698049	DLR00012647-2009-07-03_15-42-49	0.146384046167	10	95	2590.5	1440.5	0.146941004663	0.588470350045	135	135
94.0	96.0	80.0	149.0	171.0	166.0	19	0.0653737545953	0.00117046430745	DLR00012647-2009-07-03_15-42-49	0.191676996806	10	95	2721.5	1436.5	0.191570689415	0.732804091854	135	135
94.0	95.0	77.0	95.0	101.0	88.0	20	0.0	9.1178861483e-05	DLR00012647-2009-07-03_15-42-49	-0.00444153216802	10	95	2861.5	1442.5	0.00033578433549	0.013799349992	135	135
92.0	94.0	79.0	148.0	169.0	164.0	21	0.0635089775694	0.00119571259969	DLR00012647-2009-07-03_15-42-49	0.20762065989	10	95	2994.5	1435.5	0.207561128269	0.788853961319	135	135
91.0	93.0	78.0	143.0	163.0	157.0	22	0.0541850924397	0.00111092662651	DLR00012647-2009-07-03_15-42-49	0.161922500748	10	95	3133.5	1442.5	0.162309608614	0.709680856732	135	135
87.0	89.0	75.0	142.0	162.0	156.0	23	0.0597261441739	0.00119375675178	DLR00012647-2009-07-03_15-42-49	0.192296438191	10	95	3273.5	1434.5	0.192651360119	0.765251212105	135	135
85.0	88.0	74.0	144.0	164.0	160.0	24	0.0592466300815	0.00133020867302	DLR00012647-2009-07-03_15-42-49	0.197825978262	10	95	3407.5	1440.5	0.198340468273	0.687196973733	135	135
95.0	95.0	80.0	102.0	104.0	90.0	1	0.0	0.00013637541988	DLR00012647-2009-07-03_15-42-49	-0.00268083406329	11	95	267.5	1574.5	0.000164143293868	0.00436890617508	135	135
95.0	96.0	81.0	148.0	167.0	163.0	2	0.057062176994	0.00110721208754	DLR00012647-2009-07-03_15-42-49	0.149998839734	11	95	406.5	1574.5	0.150116187476	0.639192285151	135	135
95.0	97.0	82.0	148.0	169.0	164.0	3	0.055463796686	0.00109884683767	DLR00012647-2009-07-03_15-42-49	0.159324512107	11	95	541.5	1574.5	0.159679582468	0.673184506367	135	135
96.0	98.0	83.0	146.0	165.0	159.0	4	0.0520539186957	0.00101197173733	DLR00012647-2009-07-03_15-42-49	0.118496634164	11	95	676.5	1574.5	0.119317437957	0.552346955086	135	135
96.0	98.0	83.0	147.0	167.0	162.0	5	0.048164526613	0.00103997160209	DLR00012647-2009-07-03_15-42-49	0.135191155489	11	95	813.5	1574.5	0.136412280008	0.587990835953	135	135
96.0	98.0	81.0	98.0	105.0	90.0	6	0.0	7.92909701632e-05	DLR00012647-2009-07-03_15-42-49	-0.00675962913693	11	95	948.5	1571.5	9.41735041301e-05	0.00426234748788	135	135
96.0	98.0	80.0	107.0	109.0	91.0	7	0.0	0.000134364309829	DLR00012647-2009-07-03_15-42-49	-0.00517687164515	11	95	1082.5	1574.5	1.25497596328e-05	0.000372955405189	135	135
95.0	97.0	80.0	101.0	103.0	89.0	8	0.0	8.61178967896e-05	DLR00012647-2009-07-03_15-42-49	-0.00526499563335	11	95	1224.5	1574.5	1.56546704056e-05	0.00069263146678	135	135
94.0	96.0	80.0	103.0	106.0	93.0	9	0.0	0.000129737414542	DLR00012647-2009-07-03_15-42-49	-0.00640108814758	11	95	1355.5	1574.5	3.33996151945e-05	0.000905748841174	135	135
92.0	96.0	81.0	146.0	168.0	163.0	10	0.0595130267995	0.00110057547826	DLR00012647-2009-07-03_15-42-49	0.1380474379	11	95	1495.5	1574.5	0.13978667801	0.548084607598	135	135
92.0	96.0	81.0	139.0	159.0	153.0	11	0.0744312430071	0.000965656308136	DLR00012647-2009-07-03_15-42-49	0.109259224364	11	95	1625.5	1574.5	0.111723185796	0.498854494113	135	135
91.0	95.0	80.0	144.0	165.0	160.0	12	0.0707016889552	0.00106592552943	DLR00012647-2009-07-03_15-42-49	0.124147582476	11	95	1767.5	1572.5	0.127876807526	0.521285097768	135	135
91.0	95.0	80.0	144.0	165.0	160.0	13	0.0659598273749	0.00107584663708	DLR00012647-2009-07-03_15-42-49	0.129075312321	11	95	1912.5	1574.5	0.131351857112	0.525547445255	135	135
92.0	95.0	79.0	100.5	104.0	88.5	14	0.0	0.000107112165448	DLR00012647-2009-07-03_15-42-49	-0.00731115806212	11	95	2041.5	1574.5	2.42942877247e-05	0.000745910810379	135	135
92.0	94.0	78.0	95.0	102.0	88.0	15	0.0	9.74857584748e-05	DLR00012647-2009-07-03_15-42-49	-0.00703678981625	11	95	2178.5	1574.5	5.83458632556e-05	0.00218445308754	135	135
91.0	95.0	79.0	144.0	166.0	160.0	16	0.0749640364431	0.00111441516868	DLR00012647-2009-07-03_15-42-49	0.136894304567	11	95	2316.5	1574.5	0.137983982747	0.54648622729	135	135
91.0	95.0	79.0	140.0	160.0	154.0	17	0.0715541584528	0.00103401236561	DLR00012647-2009-07-03_15-42-49	0.125766691329	11	95	2454.5	1574.5	0.126840918985	0.551867440993	135	135
93.0	96.0	80.0	143.0	165.0	159.0	18	0.0567425009324	0.00107734863717	DLR00012647-2009-07-03_15-42-49	0.145527683083	11	95	2589.5	1574.5	0.146086553462	0.598806542703	135	135
93.0	95.0	77.0	96.0	101.0	86.0	19	0.0	9.34087083934e-05	DLR00012647-2009-07-03_15-42-49	-0.00357968385631	11	95	2726.5	1574.5	0.000120533981245	0.00506153764186	135	135
93.0	94.0	77.0	96.0	101.0	87.0	20	0.0	9.24531623844e-05	DLR00012647-2009-07-03_15-42-49	-0.00399904833521	11	95	2859.5	1574.5	0.000173413663597	0.0070861526986	135	135
92.0	93.0	77.0	95.0	99.0	86.0	21	0.00149182162076	9.47161704898e-05	DLR00012647-2009-07-03_15-42-49	-0.00234277654917	11	95	2998.5	1574.5	0.000664287104132	0.0213117374394	135	135
91.0	93.0	78.0	140.0	158.0	151.0	22	0.0535990196601	0.00101129848781	DLR00012647-2009-07-03_15-42-49	0.132420023771	11	95	3135.5	1574.5	0.133023730585	0.628856092493	135	135
87.0	89.0	75.0	137.0	156.0	150.0	23	0.0635089775694	0.00112886201451	DLR00012647-2009-07-03_15-42-49	0.15554606987	11	95	3273.5	1574.5	0.155455030416	0.678512440727	135	135
85.0	87.0	73.0	138.0	156.0	151.0	24	0.071927113858	0.00121642619916	DLR00012647-2009-07-03_15-42-49	0.164507477923	11	95	3408.5	1574.5	0.16513911391	0.638446374341	135	135
94.0	94.0	79.0	100.0	100.0	87.0	1	0.0	8.77618783664e-05	DLR00012647-2009-07-03_15-42-49	-0.00303654317167	12	95	267.5	1715.5	2.62732073995e-05	0.00101230752837	135	135
94.0	96.0	81.0	151.0	172.0	168.0	2	0.0574884117428	0.00120373055078	DLR00012647-2009-07-03_15-42-49	0.176792357562	12	95	403.5	1710.5	0.176936026521	0.687623208482	135	135
94.0	97.0	82.0	141.0	159.0	152.0	3	0.0761894613458	0.000958772754858	DLR00012647-2009-07-03_15-42-49	0.1440286952	12	95	538.5	1713.5	0.144071300306	0.701635675848	135	135
95.0	98.0	82.0	149.0	169.0	164.0	4	0.0518408013213	0.00108782046619	DLR00012647-2009-07-03_15-42-49	0.146397331659	12	95	667.5	1713.5	0.146855258755	0.6396185199	135	135
95.0	98.0	83.0	145.0	165.0	159.0	5	0.0691033086472	0.00101242403823	DLR00012647-2009-07-03_15-42-49	0.146728557323	12	95	808.5	1718.5	0.146944870912	0.66716394054	135	135
95.0	98.0	83.0	150.0	171.0	166.0	6	0.0539719750653	0.00111165325673	DLR00012647-2009-07-03_15-42-49	0.14927374653	12	95	948.5	1711.5	0.149857534435	0.61415099366	135	135
95.0	98.0	82.0	148.0	169.0	164.0	7	0.0649475198466	0.00108712627385	DLR00012647-2009-07-03_15-42-49	0.155779867627	12	95	1081.5	1705.5	0.156231717031	0.645639085726	135	135
94.0	97.0	82.0	148.0	171.0	166.0	8	0.0572220150248	0.0011364060318	DLR00012647-2009-07-03_15-42-49	0.155189869511	12	95	1224.5	1708.5	0.155590055031	0.609462411423	135	135
92.0	97.0	81.0	144.0	165.0	160.0	9	0.0719803932016	0.00105895634495	DLR00012647-2009-07-03_15-42-49	0.161497727344	12	95	1361.5	1715.5	0.162139775545	0.674942724706	135	135
91.0	96.0	80.0	146.0	170.0	165.0	10	0.0598859822047	0.00113312699331	DLR00012647-2009-07-03_15-42-49	0.144474347458	12	95	1504.5	1710.5	0.146323979356	0.563695455272	135	135
91.0	95.0	80.0	142.0	164.0	160.0	11	0.06899674996	0.00106402757765	DLR00012647-2009-07-03_15-42-49	0.154909083933	12	95	1634.5	1707.5	0.156750661409	0.635995524535	135	135
90.0	94.0	79.0	143.0	166.0	161.0	12	0.0651073578774	0.00109752293927	DLR00012647-2009-07-03_15-42-49	0.141608572777	12	95	1768.5	1710.5	0.144186072767	0.569396345037	135	135
90.0	94.0	79.0	143.0	165.0	160.0	13	0.0727795833555	0.0010922739256	DLR00012647-2009-07-03_15-42-49	0.160871920051	12	95	1906.5	1704.5	0.162721351758	0.643561191326	135	135
90.0	94.0	79.0	145.0	168.0	163.0	14	0.0654270339389	0.00114883067519	DLR00012647-2009-07-03_15-42-49	0.150049560151	12	95	2041.5	1703.5	0.151525377043	0.578507112792	135	135
90.0	94.0	80.0	145.0	168.0	163.0	15	0.0665459001545	0.00115267161805	DLR00012647-2009-07-03_15-42-49	0.18329852334	12	95	2175.5	1705.5	0.183950913934	0.698332356545	135	135
90.0	94.0	79.0	144.0	166.0	162.0	16	0.0543982098141	0.00113465389695	DLR00012647-2009-07-03_15-42-49	0.145491583919	12	95	2316.5	1710.5	0.146564957312	0.576855453141	135	135
90.0	94.0	78.0	142.0	163.0	157.0	17	0.0725131866375	0.00108792237463	DLR00012647-2009-07-03_15-42-49	0.159611458337	12	95	2448.5	1710.5	0.160701438982	0.663274548458	135	135
91.0	94.0	79.0	146.0	168.0	163.0	18	0.0558900314348	0.00116002504048	DLR00012647-2009-07-03_15-42-49	0.150355920496	12	95	2590.5	1710.5	0.151857513341	0.598593425329	135	135
92.0	95.0	79.0	145.0	166.0	160.0	19	0.0632425808514	0.00110443463822	DLR00012647-2009-07-03_15-42-49	0.171772314891	12	95	2724.5	1701.5	0.172812270933	0.68655762161	135	135
91.0	94.0	78.0	147.0	168.0	164.0	20	0.0589802333635	0.00118851015614	DLR00012647-2009-07-03_15-42-49	0.166320941941	12	95	2861.5	1710.5	0.166929926571	0.642442325111	135	135
91.0	93.0	78.0	142.0	162.0	155.0	21	0.0611114071075	0.0011096864666	DLR00012647-2009-07-03_15-42-49	0.168417344051	12	95	2998.5	1706.5	0.168568294411	0.719484255954	135	135
90.0	92.0	77.0	143.0	163.0	157.0	22	0.0526932708189	0.00113741390698	DLR00012647-2009-07-03_15-42-49	0.164309403028	12	95	3133.5	1710.5	0.164709983782	0.674356651926	135	135
87.0	89.0	75.0	141.0	161.0	157.0	23	0.0631893015078	0.00122117245788	DLR00012647-2009-07-03_15-42-49	0.189765025671	12	95	3264.5	1710.5	0.189838511723	0.731045873515	135	135
85.0	86.0	74.0	142.0	162.0	158.0	24	0.0676114870265	0.00134724613364	DLR00012647-2009-07-03_15-42-49	0.217051521005	12	95	3408.5	1705.5	0.217188704333	0.7186850658	135	135
94.0	95.0	83.0	148.0	167.0	163.0	1	0.0546113271884	0.00117476800466	DLR00012647-2009-07-03_15-42-49	0.177552641787	13	95	271.5	1853.5	0.177174956997	0.716447333369	135	135
93.0	95.0	81.0	147.0	168.0	164.0	2	0.0579146464916	0.00116279300051	DLR00012647-2009-07-03_15-42-49	0.166580169563	13	95	403.5	1849.5	0.166281483449	0.702275027972	135	135
94.0	96.0	81.0	146.0	166.0	162.0	3	0.0538121370345	0.00110037848607	DLR00012647-2009-07-03_15-42-49	0.14435407552	13	95	541.5	1850.5	0.144341530417	0.62555277319	135	135
95.0	97.0	82.0	145.0	164.0	158.0	4	0.0618573179178	0.0010200457017	DLR00012647-2009-07-03_15-42-49	0.129990924958	13	95	679.5	1850.5	0.130572456522	0.600031967606	135	135
95.0	98.0	82.0	144.0	164.0	158.0	5	0.0553039586552	0.000999797262248	DLR00012647-2009-07-03_15-42-49	0.135221646529	13	95	808.5	1850.5	0.135604825551	0.635995524535	135	135
95.0	98.0	83.0	145.0	165.0	160.0	6	0.0610581277639	0.0010290172888	DLR00012647-2009-07-03_15-42-49	0.134226752201	13	95	948.5	1850.5	0.134514616283	0.601630347914	135	135
94.0	97.0	82.0	145.0	165.0	160.0	7	0.0532793435985	0.00104362031743	DLR00012647-2009-07-03_15-42-49	0.123321904762	13	95	1080.5	1850.5	0.124748069048	0.540678778837	135	135
93.0	97.0	81.0	146.0	167.0	162.0	8	0.0564761042144	0.00109392968069	DLR00012647-2009-07-03_15-42-49	0.144567262633	13	95	1224.5	1850.5	0.145489390276	0.597527838457	135	135
92.0	96.0	80.0	142.0	163.0	157.0	9	0.0653204752517	0.00104054307027	DLR00012647-2009-07-03_15-42-49	0.133890863434	13	95	1364.5	1850.5	0.135280536777	0.572166870904	135	135
91.0	95.0	80.0	143.0	164.0	159.0	10	0.0628696254462	0.00106304153467	DLR00012647-2009-07-03_15-42-49	0.120815358758	13	95	1495.5	1841.5	0.123269277226	0.521338377111	135	135
91.0	95.0	79.0	142.0	163.0	158.0	11	0.0611114071075	0.00106013205792	DLR00012647-2009-07-03_15-42-49	0.133359191921	13	95	1628.5	1850.5	0.135405070085	0.566199584421	135	135
90.0	94.0	79.0	138.0	159.0	152.0	12	0.0686770738984	0.000999270910993	DLR00012647-2009-07-03_15-42-49	0.112128294222	13	95	1771.5	1855.5	0.115357091954	0.513879269007	135	135
90.0	94.0	79.0	140.0	161.0	155.0	13	0.0712344823912	0.00104073307643	DLR00012647-2009-07-03_15-42-49	0.119105865572	13	95	1903.5	1850.5	0.121802186614	0.522190846609	135	135
89.0	93.0	78.0	141.0	163.0	157.0	14	0.0685172358677	0.00108303289486	DLR00012647-2009-07-03_15-42-49	0.126714284044	13	95	2044.5	1840.5	0.129096536935	0.528211412435	135	135
90.0	93.0	78.0	138.0	159.0	152.0	15	0.0722467899195	0.00102023738908	DLR00012647-2009-07-03_15-42-49	0.125513944654	13	95	2184.5	1850.5	0.127193223789	0.56129788481	135	135
89.0	93.0	78.0	138.0	158.0	151.0	16	0.0724599072939	0.00102313340575	DLR00012647-2009-07-03_15-42-49	0.120010087477	13	95	2316.5	1840.5	0.122361668509	0.535510682508	135	135
89.0	93.0	77.0	140.0	162.0	156.0	17	0.0631360221642	0.00109097622057	DLR00012647-2009-07-03_15-42-49	0.143043354128	13	95	2455.5	1850.5	0.144703590175	0.596249134211	135	135
90.0	93.0	78.0	140.0	160.0	154.0	18	0.0834887314188	0.00106048559944	DLR00012647-2009-07-03_15-42-49	0.143151671037	13	95	2589.5	1850.5	0.144562021187	0.625126538441	135	135
91.0	94.0	78.0	139.0	159.0	152.0	19	0.071394320422	0.00100965249569	DLR00012647-2009-07-03_15-42-49	0.121961759908	13	95	2722.5	1850.5	0.123563662538	0.562789706431	135	135
91.0	93.0	77.0	143.0	163.0	157.0	20	0.0662795034365	0.00112071070316	DLR00012647-2009-07-03_15-42-49	0.146007494187	13	95	2861.5	1840.5	0.146802116088	0.605679578028	135	135
90.0	92.0	77.0	138.0	156.0	149.0	21	0.0621237146358	0.00103350625673	DLR00012647-2009-07-03_15-42-49	0.124830071893	13	95	3007.5	1850.5	0.1252207513	0.585646544835	135	135
88.0	90.0	75.0	136.0	152.0	145.0	22	0.0634024188822	0.00103030719026	DLR00012647-2009-07-03_15-42-49	0.129550236375	13	95	3133.5	1850.5	0.130039284065	0.596142575523	135	135
85.0	87.0	74.0	134.0	152.0	146.0	23	0.0754435505355	0.00110177948198	DLR00012647-2009-07-03_15-42-49	0.157073849073	13	95	3273.5	1850.5	0.156429710975	0.705844743993	135	135
84.0	86.0	73.0	138.0	156.0	151.0	24	0.0821567478289	0.00126504521396	DLR00012647-2009-07-03_15-42-49	0.189145461238	13	95	3405.5	1842.5	0.189332162631	0.715381746497	135	135
93.0	95.0	82.0	143.0	160.0	155.0	1	0.0540785337525	0.00108326098752	DLR00012647-2009-07-03_15-42-49	0.160742421427	14	95	270.5	1992.5	0.160137191081	0.708881666578	135	135
92.0	94.0	80.0	146.0	167.0	163.0	2	0.0543982098141	0.00117373339712	DLR00012647-2009-07-03_15-42-49	0.165417156879	14	95	412.5	1986.5	0.164991947372	0.689168309446	135	135
94.0	96.0	81.0	138.0	155.0	149.0	3	0.0755501092227	0.000935248540959	DLR00012647-2009-07-03_15-42-49	0.129923654759	14	95	541.5	1986.5	0.12950459306	0.646065320475	135	135
95.0	97.0	82.0	148.0	168.0	164.0	4	0.0513612872289	0.00110352334825	DLR00012647-2009-07-03_15-42-49	0.153731008302	14	95	676.5	1986.5	0.153546618259	0.665032766796	135	135
95.0	97.0	82.0	143.0	161.0	154.0	5	0.0741115669455	0.00097703145982	DLR00012647-2009-07-03_15-42-49	0.136990004397	14	95	814.5	1986.5	0.137368154133	0.657520379349	135	135
94.0	97.0	82.0	149.0	170.0	165.0	6	0.05759497043	0.00112156587506	DLR00012647-2009-07-03_15-42-49	0.160117475084	14	95	948.5	1981.5	0.160464260156	0.660450743247	135	135
94.0	97.0	81.0	141.0	160.0	153.0	7	0.0847674356652	0.000974480978543	DLR00012647-2009-07-03_15-42-49	0.123118778483	14	95	1091.5	1986.5	0.123867349865	0.591933507379	135	135
93.0	96.0	81.0	147.0	169.0	164.0	8	0.0620704352922	0.00112792166634	DLR00012647-2009-07-03_15-42-49	0.153163163065	14	95	1215.5	1986.5	0.153740122849	0.619372369332	135	135
92.0	95.0	80.0	144.0	166.0	160.0	9	0.0749640364431	0.00109707354407	DLR00012647-2009-07-03_15-42-49	0.162273736488	14	95	1359.5	1986.5	0.162975811799	0.669348393628	135	135
91.0	95.0	80.0	144.0	166.0	161.0	10	0.0571687356812	0.00111933876016	DLR00012647-2009-07-03_15-42-49	0.139186679392	14	95	1495.5	1986.5	0.140484375727	0.558420800256	135	135
91.0	94.0	79.0	145.0	167.0	162.0	11	0.0752304331611	0.00113799218338	DLR00012647-2009-07-03_15-42-49	0.169054538235	14	95	1637.5	1986.5	0.170125649719	0.663967179924	135	135
90.0	94.0	79.0	144.0	166.0	161.0	12	0.0615909211999	0.00113188708838	DLR00012647-2009-07-03_15-42-49	0.143332236701	14	95	1771.5	1976.5	0.145450757121	0.567691406042	135	135
89.0	93.0	78.0	142.0	164.0	158.0	13	0.076828813469	0.00110321523755	DLR00012647-2009-07-03_15-42-49	0.162501902381	14	95	1904.5	1982.5	0.164061653113	0.658958921626	135	135
89.0	93.0	78.0	143.0	166.0	161.0	14	0.06899674996	0.0011507321915	DLR00012647-2009-07-03_15-42-49	0.158269908605	14	95	2033.5	1977.5	0.159669903255	0.614683787096	135	135
89.0	93.0	77.0	140.0	161.0	155.0	15	0.0761894613458	0.00105871474775	DLR00012647-2009-07-03_15-42-49	0.158633662896	14	95	2181.5	1979.5	0.159786511508	0.667110661197	135	135
89.0	93.0	77.0	140.0	161.0	156.0	16	0.07032873355	0.00109922349694	DLR00012647-2009-07-03_15-42-49	0.139907813292	14	95	2316.5	1979.5	0.141237385474	0.576322659705	135	135
89.0	92.0	77.0	141.0	162.0	156.0	17	0.0832223347008	0.00110720027366	DLR00012647-2009-07-03_15-42-49	0.17298981567	14	95	2448.5	1977.5	0.174218673306	0.708242314455	135	135
90.0	93.0	78.0	144.0	166.0	162.0	18	0.0616442005434	0.00117638134489	DLR00012647-2009-07-03_15-42-49	0.172718352033	14	95	2592.5	1986.5	0.173467938197	0.65901220097	135	135
91.0	93.0	77.0	143.0	163.0	157.0	19	0.0691565879908	0.0011151212172	DLR00012647-2009-07-03_15-42-49	0.173652696561	14	95	2732.5	1986.5	0.174163627842	0.706803772178	135	135
91.0	93.0	77.0	141.0	160.0	154.0	20	0.0647876818158	0.00108621839554	DLR00012647-2009-07-03_15-42-49	0.146786716342	14	95	2865.5	1981.5	0.14720736982	0.641323458895	135	135
90.0	92.0	77.0	142.0	161.0	154.0	21	0.0699024988012	0.00112046504039	DLR00012647-2009-07-03_15-42-49	0.178451996692	14	95	2995.5	1982.5	0.178478023457	0.739890244552	135	135
88.0	90.0	75.0	143.0	163.0	159.0	22	0.0631893015078	0.00123899452807	DLR00012647-2009-07-03_15-42-49	0.180146700025	14	95	3133.5	1986.5	0.180031852757	0.725931056529	135	135
85.0	86.0	72.0	141.0	161.0	156.0	23	0.0736853321967	0.00128307741356	DLR00012647-2009-07-03_15-42-49	0.214464215839	14	95	3273.5	1979.5	0.21426968424	0.777079226384	135	135
84.0	84.0	71.0	88.0	91.0	80.0	24	0.00831157760136	0.000117354450252	DLR00012647-2009-07-03_15-42-49	0.000362508667301	14	95	3411.5	1986.5	0.00340781678198	0.0532260642549	135	135
93.0	94.0	82.0	145.0	163.0	159.0	1	0.0462464702435	0.00116583999238	DLR00012647-2009-07-03_15-42-49	0.188668624799	15	95	272.5	2122.5	0.188297846007	0.7628003623	135	135
92.0	93.0	80.0	146.0	165.0	161.0	2	0.0556236347168	0.00116562104765	DLR00012647-2009-07-03_15-42-49	0.179451477977	15	95	403.5	2122.5	0.179076198424	0.76562416751	135	135
94.0	95.0	80.0	148.0	165.0	161.0	3	0.0614310831691	0.0011189121831	DLR00012647-2009-07-03_15-42-49	0.163965129237	15	95	547.5	2124.5	0.164338488529	0.700836485694	135	135
95.0	96.0	81.0	150.0	168.0	163.0	4	0.0625499493846	0.0011137010623	DLR00012647-2009-07-03_15-42-49	0.150619567715	15	95	670.5	2128.5	0.150944360711	0.659651553093	135	135
96.0	97.0	81.0	148.0	166.0	160.0	5	0.0585007192711	0.00107542373189	DLR00012647-2009-07-03_15-42-49	0.152277796658	15	95	810.5	2125.5	0.152468512363	0.65634823379	135	135
95.0	96.0	81.0	146.0	165.0	159.0	6	0.0660131067185	0.00107240297644	DLR00012647-2009-07-03_15-42-49	0.144468624223	15	95	948.5	2122.5	0.144463228269	0.634983217007	135	135
94.0	96.0	81.0	143.0	161.0	154.0	7	0.0751238744739	0.00100700272629	DLR00012647-2009-07-03_15-42-49	0.133153058348	15	95	1075.5	2122.5	0.133296615541	0.631413500986	135	135
94.0	96.0	80.0	144.0	163.0	157.0	8	0.0749640364431	0.00105476131421	DLR00012647-2009-07-03_15-42-49	0.127414674181	15	95	1221.5	2112.5	0.128162011023	0.56321594118	135	135
93.0	95.0	79.0	143.0	163.0	156.0	9	0.0748574777559	0.00107600025371	DLR00012647-2009-07-03_15-42-49	0.144433601384	15	95	1359.5	2122.5	0.144895817031	0.651233416804	135	135
91.0	94.0	78.0	148.0	169.0	164.0	10	0.0656401513133	0.00120138941889	DLR00012647-2009-07-03_15-42-49	0.169660190122	15	95	1496.5	2123.5	0.170739767943	0.637061111407	135	135
91.0	93.0	77.0	147.0	167.0	162.0	11	0.0718205551708	0.00118236425435	DLR00012647-2009-07-03_15-42-49	0.137196624128	15	95	1636.5	2123.5	0.138897130448	0.53924023656	135	135
91.0	93.0	77.0	147.0	168.0	162.0	12	0.0783206350898	0.00119095983332	DLR00012647-2009-07-03_15-42-49	0.146695844341	15	95	1771.5	2125.5	0.148721842103	0.565506952954	135	135
90.0	92.0	77.0	144.0	164.0	157.0	13	0.084927273696	0.00113383563618	DLR00012647-2009-07-03_15-42-49	0.138467583237	15	95	1903.5	2122.5	0.14084328679	0.562736427087	135	135
90.0	92.0	77.0	141.0	160.0	153.0	14	0.0944642762001	0.00109031344124	DLR00012647-2009-07-03_15-42-49	0.151899957541	15	95	2047.5	2122.5	0.152709294657	0.661143374714	135	135
90.0	92.0	77.0	137.0	155.0	148.0	15	0.0728328626991	0.00101710943395	DLR00012647-2009-07-03_15-42-49	0.120852492831	15	95	2178.5	2122.5	0.121978722694	0.569129948319	135	135
90.0	92.0	76.0	138.0	157.0	150.0	16	0.0757099472534	0.00104851333693	DLR00012647-2009-07-03_15-42-49	0.136542809408	15	95	2316.5	2122.5	0.137878493069	0.618786296553	135	135
90.0	92.0	76.0	139.0	159.0	152.0	17	0.0737386115403	0.00106923692206	DLR00012647-2009-07-03_15-42-49	0.138914056931	15	95	2453.5	2122.5	0.140343978498	0.628056902339	135	135
90.0	92.0	76.0	146.0	166.0	161.0	18	0.0639884916618	0.00119020998286	DLR00012647-2009-07-03_15-42-49	0.14593001326	15	95	2590.5	2122.5	0.147973428219	0.561084767436	135	135
91.0	92.0	77.0	146.0	165.0	160.0	19	0.0717672758272	0.00118377060698	DLR00012647-2009-07-03_15-42-49	0.165187749269	15	95	2734.5	2116.5	0.165974083043	0.662262240929	135	135
91.0	92.0	77.0	144.0	162.0	155.0	20	0.0687836325856	0.00112433614884	DLR00012647-2009-07-03_15-42-49	0.142316491122	15	95	2866.5	2122.5	0.143129041552	0.597847514519	135	135
91.0	91.0	76.0	143.0	160.0	154.0	21	0.061963876605	0.00112434482157	DLR00012647-2009-07-03_15-42-49	0.146935812813	15	95	3006.5	2122.5	0.147998714752	0.616495284778	135	135
89.0	90.0	75.0	138.0	155.0	148.0	22	0.0680377217753	0.00108750131288	DLR00012647-2009-07-03_15-42-49	0.145882311715	15	95	3133.5	2122.5	0.14566507554	0.669561511002	135	135
87.0	87.0	75.0	135.0	150.0	143.0	23	0.101656987586	0.00107759426142	DLR00012647-2009-07-03_15-42-49	0.1782654972	15	95	3268.5	2130.5	0.177885758014	0.818850231765	135	135
87.0	88.0	76.0	140.0	157.0	153.0	24	0.0667057381853	0.0012649730545	DLR00012647-2009-07-03_15-42-49	0.187479928176	15	95	3414.5	2122.5	0.187513615966	0.709840694763	135	135
112.0	115.0	107.0	147.0	161.0	157.0	1	0.0160370824231	0.000731781952992	DLR00012647-2009-07-03_15-42-49	0.0860488619844	16	95	267.5	2300.5	0.0947106425026	0.550855133465	135	135
115.0	119.0	110.0	156.0	172.0	169.0	2	0.0168362725771	0.0008535621733	DLR00012647-2009-07-03_15-42-49	0.0911029125296	16	95	403.5	2300.5	0.0997267898062	0.510149714956	135	135
110.0	113.0	104.0	167.0	185.0	183.0	3	0.0110821034685	0.000200716978616	DLR00012647-2009-07-03_15-42-49	-0.00883146615917	16	95	541.5	2300.5	0.00415731028799	0.0836485694496	135	135
114.0	116.0	106.0	170.0	189.0	187.0	4	0.0107624274069	0.000206318117286	DLR00012647-2009-07-03_15-42-49	-0.00767699357413	16	95	676.5	2300.5	0.00421762460743	0.0817305130801	135	135
112.0	115.0	105.0	160.0	178.0	176.0	5	0.0160370824231	0.000186071867459	DLR00012647-2009-07-03_15-42-49	-0.00573628276608	16	95	813.5	2300.5	0.00469113889731	0.0935585273589	135	135
117.0	121.0	110.0	154.0	172.0	168.0	6	0.0225371623422	0.000824644000896	DLR00012647-2009-07-03_15-42-49	0.0901668690305	16	95	948.5	2300.5	0.0959834675457	0.522883478076	135	135
116.0	121.0	110.0	151.0	168.0	163.0	7	0.0267462304864	0.000731402844784	DLR00012647-2009-07-03_15-42-49	0.0866037150879	16	95	1080.5	2300.5	0.0925755873095	0.550162501998	135	135
117.0	123.0	112.0	154.0	172.0	168.0	8	0.0237093079013	0.000831310792345	DLR00012647-2009-07-03_15-42-49	0.0833072158518	16	95	1224.5	2300.5	0.0912750686768	0.492940486973	135	135
116.0	122.0	111.0	152.0	170.0	165.0	9	0.0305290638819	0.000814652186823	DLR00012647-2009-07-03_15-42-49	0.0957680749015	16	95	1350.5	2300.5	0.103162092541	0.551174809526	135	135
106.0	111.0	100.0	161.0	181.0	179.0	10	0.0119878523097	0.000189809609955	DLR00012647-2009-07-03_15-42-49	-0.0107484204737	16	95	1495.5	2300.5	0.00389930888506	0.0788534285258	135	135
106.0	110.0	98.0	163.0	183.0	180.0	11	0.0131599978688	0.000207723924966	DLR00012647-2009-07-03_15-42-49	-0.00943395970392	16	95	1624.5	2300.5	0.00429741799309	0.0802919708029	135	135
107.0	111.0	99.0	166.0	185.0	182.0	12	0.0128936011508	0.000200839518973	DLR00012647-2009-07-03_15-42-49	-0.00814678777703	16	95	1771.5	2300.5	0.0045081737996	0.0900420906814	135	135
106.0	110.0	97.0	167.0	185.0	182.5	13	0.0121476903405	0.00016298970673	DLR00012647-2009-07-03_15-42-49	-0.00822902161779	16	95	1903.5	2300.5	0.00520704282703	0.115083382173	135	135
114.0	121.0	109.0	152.0	172.0	167.0	14	0.0312749746923	0.000957742310717	DLR00012647-2009-07-03_15-42-49	0.0932457423184	16	95	2041.5	2300.5	0.102047660791	0.493846235814	135	135
115.0	121.0	110.0	149.0	167.0	162.0	15	0.0314348127231	0.000859784289392	DLR00012647-2009-07-03_15-42-49	0.097780773186	16	95	2171.5	2300.5	0.105795456057	0.554051894081	135	135
114.0	121.0	109.0	150.0	168.0	163.0	16	0.0331930310619	0.000892586798223	DLR00012647-2009-07-03_15-42-49	0.0858128099384	16	95	2323.5	2300.5	0.0946804011226	0.479460813043	135	135
117.0	123.0	111.0	152.0	170.0	165.0	17	0.0261068783633	0.000917347543737	DLR00012647-2009-07-03_15-42-49	0.107009168105	16	95	2453.5	2300.5	0.114308013306	0.569449624381	135	135
107.0	109.0	97.0	166.0	188.0	185.0	18	0.0139591880228	0.000228757456146	DLR00012647-2009-07-03_15-42-49	-0.00659798870956	16	95	2590.5	2300.5	0.00483853768744	0.0879109169375	135	135
107.0	109.0	97.0	165.0	184.0	182.0	19	0.00980339922212	0.000225388382188	DLR00012647-2009-07-03_15-42-49	-0.00748439395324	16	95	2726.5	2300.5	0.00393938722662	0.0738984495711	135	135
108.0	110.0	98.0	162.0	182.0	180.0	20	0.0141190260536	0.00021441091544	DLR00012647-2009-07-03_15-42-49	-0.00622631768189	16	95	2861.5	2300.5	0.00448625078039	0.0842346422292	135	135
109.0	110.0	99.0	163.0	183.0	182.0	21	0.0187010496031	0.000196649744205	DLR00012647-2009-07-03_15-42-49	-0.00756811962461	16	95	2998.5	2300.5	0.00539400847683	0.102882412489	135	135
115.0	119.0	110.0	153.0	169.0	165.0	22	0.0310085779743	0.000954650891073	DLR00012647-2009-07-03_15-42-49	0.0842165821428	16	95	3123.5	2300.5	0.0934172717896	0.453620331398	135	135
112.0	117.0	108.0	150.0	166.0	163.0	23	0.0244019393681	0.000918565781797	DLR00012647-2009-07-03_15-42-49	0.0948735975565	16	95	3279.5	2300.5	0.104384842536	0.514944855879	135	135
109.0	113.0	105.0	146.0	162.0	158.0	24	0.0178485801055	0.000860052837447	DLR00012647-2009-07-03_15-42-49	0.0787400356496	16	95	3411.5	2300.5	0.0891381543159	0.474505834088	135	135
