92.0	91.0	79.0	135.0	159.0	158.0	1	0.0376684959241	0.00027789496168	DLR00012709-2009-07-01_11-32-39	0.000592456877481	1	103	271.5	212.5	0.001724009002	0.0195535191006	135	135
95.0	92.0	79.0	104.0	104.0	93.0	2	0.000532793435985	0.000232627505855	DLR00012709-2009-07-01_11-32-39	0.000266853799839	1	103	413.5	215.5	1.60973438938e-05	0.000266396717992	135	135
98.0	96.0	82.0				3	0.0		DLR00012709-2009-07-01_11-32-39	0.000428371278361	1	103	544.5	212.5	0.0	0.0	135	135
101.0	98.0	83.0	127.0	132.0	123.0	4	0.00596728648303	0.000212196367531	DLR00012709-2009-07-01_11-32-39	0.0001964562528	1	103	678.5	207.5	5.24517227411e-05	0.000959028184773	135	135
101.0	99.0	83.0	115.0	114.5	99.5	5	0.000586072779583	0.000263951130195	DLR00012709-2009-07-01_11-32-39	-0.000152626079711	1	103	815.5	211.5	7.17220290901e-06	0.000106558687197	135	135
102.0	99.0	83.0				6	0.00388939208269		DLR00012709-2009-07-01_11-32-39	0.000276625293641	1	103	952.5	207.5	0.0	0.0	135	135
102.0	99.0	82.0				7	0.0		DLR00012709-2009-07-01_11-32-39	0.00037586679544	1	103	1082.5	211.5	0.0	0.0	135	135
102.0	100.0	83.0	113.0	113.0	95.0	8	0.000532793435985	0.000209578747459	DLR00012709-2009-07-01_11-32-39	0.000659955702832	1	103	1221.5	206.5	2.84738561468e-06	5.32793435985e-05	135	135
102.0	100.0	83.0				9	5.32793435985e-05		DLR00012709-2009-07-01_11-32-39	0.000920411909954	1	103	1354.5	205.5	0.0	0.0	135	135
101.0	100.0	82.0	122.5	122.0	107.0	10	0.00143854227716	0.000374102688812	DLR00012709-2009-07-01_11-32-39	-0.000280314668692	1	103	1492.5	203.5	3.3241102306e-05	0.000319676061591	135	135
101.0	99.0	82.0				11	0.0		DLR00012709-2009-07-01_11-32-39	0.00013728259694	1	103	1626.5	207.5	0.0	0.0	135	135
101.0	100.0	83.0				12	5.32793435985e-05		DLR00012709-2009-07-01_11-32-39	-0.00017707367106	1	103	1778.5	201.5	0.0	0.0	135	135
100.0	99.0	82.0	116.0	122.5	107.5	13	0.000959028184773	0.000259915113885	DLR00012709-2009-07-01_11-32-39	-1.4950219812e-05	1	103	1908.5	211.5	2.06637829486e-05	0.000319676061591	135	135
100.0	98.0	81.0				14	0.0		DLR00012709-2009-07-01_11-32-39	-0.000807829047716	1	103	2046.5	211.5	0.0	0.0	135	135
101.0	99.0	82.0				15	0.0		DLR00012709-2009-07-01_11-32-39	6.32512782035e-05	1	103	2184.5	204.5	0.0	0.0	135	135
100.0	98.0	81.0				16	0.0		DLR00012709-2009-07-01_11-32-39	-0.000539000445785	1	103	2316.5	211.5	0.0	0.0	135	135
102.0	99.0	83.0				17	0.0		DLR00012709-2009-07-01_11-32-39	0.000371258811223	1	103	2449.5	201.5	0.0	0.0	135	135
101.0	99.0	83.0	122.5	123.0	107.0	18	0.00106558687197	0.000317651800675	DLR00012709-2009-07-01_11-32-39	0.000867571468881	1	103	2591.5	202.5	8.63138251075e-06	0.000106558687197	135	135
99.0	97.0	82.0				19	0.0		DLR00012709-2009-07-01_11-32-39	-0.00179972000084	1	103	2730.5	204.5	0.0	0.0	135	135
97.0	94.0	79.0	110.0	110.0	94.0	20	0.000426234748788	0.000247226772861	DLR00012709-2009-07-01_11-32-39	-0.006331936735	1	103	2866.5	211.5	3.35888044539e-06	5.32793435985e-05	135	135
97.0	95.0	81.0	107.0	107.0	93.0	21	5.32793435985e-05	0.000216715931532	DLR00012709-2009-07-01_11-32-39	0.000841860924177	1	103	2996.5	203.5	2.94435305773e-06	5.32793435985e-05	135	135
93.0	91.0	77.0	109.5	111.5	99.5	22	0.00149182162076	0.000241788354824	DLR00012709-2009-07-01_11-32-39	-0.000172220063768	1	103	3137.5	211.5	2.69859342076e-05	0.000426234748788	135	135
91.0	90.0	78.0				23	0.000532793435985		DLR00012709-2009-07-01_11-32-39	0.000414558390871	1	103	3264.5	203.5	0.0	0.0	135	135
90.0	91.0	81.0	118.0	127.0	124.0	24	0.0258937609889	0.000248820719745	DLR00012709-2009-07-01_11-32-39	-0.000373217252114	1	103	3419.5	211.5	0.00158748720184	0.0184346528851	135	135
90.0	88.0	75.0	108.0	108.0	96.0	1	0.000852469497576	0.000306864882012	DLR00012709-2009-07-01_11-32-39	0.000928260788963	2	103	263.5	344.5	2.0875342076e-05	0.000266396717992	135	135
93.0	91.0	76.0	106.0	104.5	94.0	2	0.00117214555917	0.000245871196711	DLR00012709-2009-07-01_11-32-39	0.000569742578435	2	103	409.5	337.5	2.73203499604e-05	0.000426234748788	135	135
96.0	93.0	78.0	135.0	135.0	123.0	3	0.00127870424636	0.000655240266688	DLR00012709-2009-07-01_11-32-39	0.00102344606707	2	103	543.5	344.5	8.23685810919e-05	0.000479514092386	135	135
98.0	95.0	79.0				4	0.0		DLR00012709-2009-07-01_11-32-39	5.30567617687e-05	2	103	678.5	334.5	0.0	0.0	135	135
98.0	96.0	79.0				5	0.0		DLR00012709-2009-07-01_11-32-39	0.000213916241167	2	103	810.5	344.5	0.0	0.0	135	135
98.0	96.0	78.0	111.0	111.0	95.0	6	0.000372955405189	0.000219384647523	DLR00012709-2009-07-01_11-32-39	-0.000197895321703	2	103	944.5	344.5	2.98061085398e-06	5.32793435985e-05	135	135
98.0	96.0	78.0				7	0.000852469497576		DLR00012709-2009-07-01_11-32-39	-0.000209192945111	2	103	1086.5	344.5	0.0	0.0	135	135
97.0	96.0	78.0	115.0	116.0	99.0	8	0.00117214555917	0.000275480517594	DLR00012709-2009-07-01_11-32-39	-0.000172300006327	2	103	1226.5	344.5	3.19339898227e-05	0.000426234748788	135	135
97.0	96.0	78.0	111.0	111.0	95.0	9	0.000532793435985	0.000225223823496	DLR00012709-2009-07-01_11-32-39	0.000399594866741	2	103	1357.5	343.5	9.74926848705e-06	0.000159838030795	135	135
96.0	95.0	77.0	111.0	110.0	96.0	10	0.000266396717992	0.000236919919437	DLR00012709-2009-07-01_11-32-39	-0.000512312042554	2	103	1497.5	344.5	3.21884913721e-06	5.32793435985e-05	135	135
96.0	95.0	77.0	112.5	112.5	94.5	11	0.00111886621557	0.0002430500906	DLR00012709-2009-07-01_11-32-39	-0.000336665661119	2	103	1636.5	344.5	1.3265576407e-05	0.000213117374394	135	135
96.0	95.0	77.0	111.0	112.0	96.0	12	0.000426234748788	0.00024413617302	DLR00012709-2009-07-01_11-32-39	-0.00082430053241	2	103	1771.5	341.5	3.31689083702e-06	5.32793435985e-05	135	135
95.0	95.0	77.0	110.0	110.0	94.0	13	0.00122542490277	0.000224839269775	DLR00012709-2009-07-01_11-32-39	-0.000749631998487	2	103	1900.5	335.5	1.66155171647e-05	0.000266396717992	135	135
95.0	94.0	76.0				14	0.0		DLR00012709-2009-07-01_11-32-39	-0.00130644175943	2	103	2046.5	335.5	0.0	0.0	135	135
95.0	94.0	76.0				15	0.0		DLR00012709-2009-07-01_11-32-39	-0.000890131861906	2	103	2181.5	344.5	0.0	0.0	135	135
95.0	94.0	76.0	114.0	114.5	98.5	16	0.00245084980553	0.000304771410234	DLR00012709-2009-07-01_11-32-39	-0.00116095845216	2	103	2317.5	344.5	5.52631676909e-05	0.000639352123182	135	135
96.0	94.0	76.0				17	0.000106558687197		DLR00012709-2009-07-01_11-32-39	-0.000659754936684	2	103	2458.5	339.5	0.0	0.0	135	135
96.0	94.0	77.0	107.0	107.0	91.0	18	0.0	0.000219850160887	DLR00012709-2009-07-01_11-32-39	0.00226463694038	2	103	2591.5	344.5	2.98693542683e-06	5.32793435985e-05	135	135
95.0	93.0	76.0	110.0	110.0	94.0	19	0.000745910810379	0.00023862934994	DLR00012709-2009-07-01_11-32-39	0.00145829626397	2	103	2730.5	344.5	1.75709866422e-05	0.000266396717992	135	135
94.0	91.0	74.0				20	0.0		DLR00012709-2009-07-01_11-32-39	-0.00311719030522	2	103	2866.5	344.5	0.0	0.0	135	135
94.0	90.0	74.0	105.5	106.5	90.5	21	0.000106558687197	0.000216680673102	DLR00012709-2009-07-01_11-32-39	0.000983415582145	2	103	2998.5	344.5	5.887748057e-06	0.000106558687197	135	135
91.0	87.0	72.0	105.0	105.0	87.0	22	0.00138526293356	0.000239092398714	DLR00012709-2009-07-01_11-32-39	-0.0002484129567	2	103	3137.5	344.5	2.74258486583e-05	0.000372955405189	135	135
88.0	85.0	70.0				23	0.0		DLR00012709-2009-07-01_11-32-39	-0.000114230274813	2	103	3274.5	344.5	0.0	0.0	135	135
86.0	85.0	72.0	100.5	99.5	87.5	24	0.00149182162076	0.000266355097515	DLR00012709-2009-07-01_11-32-39	-0.000874622486401	2	103	3414.5	344.5	3.95103284869e-05	0.000532793435985	135	135
91.0	89.0	75.0	109.0	107.0	97.0	1	0.00159838030795	0.000265263576675	DLR00012709-2009-07-01_11-32-39	0.000870318102643	3	103	270.5	483.5	4.42335847968e-05	0.000586072779583	135	135
93.0	91.0	77.0	108.0	108.0	96.0	2	0.000639352123182	0.000285658433979	DLR00012709-2009-07-01_11-32-39	0.00100433566731	3	103	409.5	483.5	1.32723578004e-05	0.000159838030795	135	135
95.0	93.0	78.0	119.5	120.5	108.0	3	0.00271724652352	0.000421021786918	DLR00012709-2009-07-01_11-32-39	0.00110652812358	3	103	544.5	491.5	0.00018188637574	0.00127870424636	135	135
97.0	95.0	79.0	117.0	116.0	102.0	4	0.000852469497576	0.000317439170772	DLR00012709-2009-07-01_11-32-39	0.000720614156779	3	103	671.5	492.5	1.39478979655e-05	0.000159838030795	135	135
97.0	96.0	79.0				5	0.0		DLR00012709-2009-07-01_11-32-39	0.00091961433033	3	103	815.5	483.5	0.0	0.0	135	135
97.0	96.0	79.0				6	0.0		DLR00012709-2009-07-01_11-32-39	0.00114603329066	3	103	952.5	477.5	0.0	0.0	135	135
97.0	96.0	78.0	115.5	116.5	100.5	7	0.000586072779583	0.000298794297722	DLR00012709-2009-07-01_11-32-39	0.000461004384838	3	103	1090.5	477.5	8.11897766733e-06	0.000106558687197	135	135
96.0	96.0	78.0	110.0	111.0	95.0	8	0.000213117374394	0.000223494952131	DLR00012709-2009-07-01_11-32-39	0.000217383031635	3	103	1217.5	483.5	3.03645440852e-06	5.32793435985e-05	135	135
95.0	95.0	78.0	113.0	113.0	95.0	9	0.000319676061591	0.000254154945201	DLR00012709-2009-07-01_11-32-39	0.000162615381536	3	103	1367.5	483.5	3.45300820642e-06	5.32793435985e-05	135	135
95.0	95.0	77.0	111.0	111.0	95.0	10	0.000905748841174	0.000237375134847	DLR00012709-2009-07-01_11-32-39	-8.7429795702e-05	3	103	1497.5	476.5	1.05620165932e-05	0.000159838030795	135	135
95.0	94.0	76.0	108.0	108.0	94.0	11	0.000426234748788	0.000209028441061	DLR00012709-2009-07-01_11-32-39	-0.000141129427755	3	103	1642.5	477.5	8.61850171458e-06	0.000159838030795	135	135
95.0	95.0	76.0	111.0	112.0	98.0	12	0.00197133571314	0.000268282864791	DLR00012709-2009-07-01_11-32-39	-0.000304475521746	3	103	1766.5	483.5	3.57178357261e-05	0.000479514092386	135	135
95.0	95.0	76.0	113.0	112.0	98.0	13	0.000959028184773	0.000268894758881	DLR00012709-2009-07-01_11-32-39	-2.42163215154e-05	3	103	1898.5	483.5	2.17368990516e-05	0.000266396717992	135	135
94.0	94.0	76.0				14	0.0		DLR00012709-2009-07-01_11-32-39	-0.000597236271264	3	103	2048.5	476.5	0.0	0.0	135	135
94.0	94.0	76.0				15	0.0		DLR00012709-2009-07-01_11-32-39	-0.000281413489437	3	103	2183.5	485.5	0.0	0.0	135	135
94.0	94.0	76.0	111.0	112.0	96.0	16	0.00170493899515	0.000261595821646	DLR00012709-2009-07-01_11-32-39	-0.000871241993586	3	103	2317.5	479.5	4.56049373595e-05	0.000586072779583	135	135
95.0	94.0	76.0				17	0.0		DLR00012709-2009-07-01_11-32-39	0.00073083815072	3	103	2467.5	483.5	0.0	0.0	135	135
95.0	94.0	76.0	109.0	111.0	95.5	18	0.00303692258511	0.000264350497866	DLR00012709-2009-07-01_11-32-39	0.00334350711084	3	103	2591.5	491.5	0.000133273628208	0.00181149768235	135	135
94.0	92.0	75.0	107.0	108.0	88.0	19	0.000479514092386	0.000209716502518	DLR00012709-2009-07-01_11-32-39	0.00042096272389	3	103	2727.5	483.5	8.75761844176e-06	0.000159838030795	135	135
94.0	91.0	74.0				20	0.0		DLR00012709-2009-07-01_11-32-39	-0.000491719152573	3	103	2866.5	481.5	0.0	0.0	135	135
93.0	90.0	73.0	108.5	107.5	93.5	21	0.000319676061591	0.000273137224352	DLR00012709-2009-07-01_11-32-39	0.000710960043301	3	103	3001.5	483.5	7.42181173315e-06	0.000106558687197	135	135
91.0	87.0	72.0				22	0.000159838030795		DLR00012709-2009-07-01_11-32-39	0.000164118353615	3	103	3137.5	480.5	0.0	0.0	135	135
88.0	85.0	70.0	100.0	100.0	86.0	23	0.00106558687197	0.000232032503069	DLR00012709-2009-07-01_11-32-39	0.00048523709407	3	103	3270.5	483.5	2.07892796898e-05	0.000319676061591	135	135
87.0	84.0	71.0	99.0	96.0	82.0	24	0.000426234748788	0.000216826124193	DLR00012709-2009-07-01_11-32-39	-4.41606092765e-05	3	103	3414.5	483.5	2.94585016087e-06	5.32793435985e-05	135	135
91.0	89.0	76.0	105.5	107.0	94.0	1	0.00261068783633	0.000260684178857	DLR00012709-2009-07-01_11-32-39	0.000530262636092	4	103	263.5	617.5	8.43567871298e-05	0.00117214555917	135	135
94.0	91.0	77.0	112.0	111.0	97.0	2	0.000426234748788	0.000282643621753	DLR00012709-2009-07-01_11-32-39	-8.85296136732e-05	4	103	409.5	622.5	3.84006199303e-06	5.32793435985e-05	135	135
96.0	93.0	78.0	107.0	107.0	93.0	3	0.000159838030795	0.000217720979815	DLR00012709-2009-07-01_11-32-39	0.000612974660424	4	103	538.5	619.5	2.9580078775e-06	5.32793435985e-05	135	135
97.0	95.0	78.0				4	0.0		DLR00012709-2009-07-01_11-32-39	0.000190781400305	4	103	686.5	619.5	0.0	0.0	135	135
97.0	96.0	79.0	110.0	111.0	95.0	5	0.000213117374394	0.00022046892846	DLR00012709-2009-07-01_11-32-39	0.00062337244665	4	103	816.5	621.5	2.99534214701e-06	5.32793435985e-05	135	135
97.0	96.0	78.0				6	0.0		DLR00012709-2009-07-01_11-32-39	0.000633251180936	4	103	952.5	623.5	0.0	0.0	135	135
97.0	96.0	78.0				7	0.0		DLR00012709-2009-07-01_11-32-39	0.00047114797885	4	103	1086.5	619.5	0.0	0.0	135	135
96.0	96.0	78.0	110.0	111.5	94.0	8	0.000213117374394	0.000223663782044	DLR00012709-2009-07-01_11-32-39	-0.000484724887062	4	103	1226.5	612.5	6.07749634196e-06	0.000106558687197	135	135
95.0	95.0	78.0	112.0	112.0	98.0	9	0.000639352123182	0.000253372579942	DLR00012709-2009-07-01_11-32-39	-0.000233036210903	4	103	1361.5	619.5	1.03968659849e-05	0.000159838030795	135	135
95.0	95.0	77.0				10	0.0		DLR00012709-2009-07-01_11-32-39	-0.000296965875532	4	103	1497.5	619.5	0.0	0.0	135	135
94.0	94.0	76.0				11	0.0		DLR00012709-2009-07-01_11-32-39	8.57334337874e-05	4	103	1632.5	624.5	0.0	0.0	135	135
94.0	94.0	76.0				12	0.0		DLR00012709-2009-07-01_11-32-39	-0.000107165425188	4	103	1771.5	616.5	0.0	0.0	135	135
94.0	94.0	76.0				13	0.0		DLR00012709-2009-07-01_11-32-39	-0.000209263680955	4	103	1909.5	628.5	0.0	0.0	135	135
94.0	94.0	76.0	110.0	112.0	94.0	14	0.000852469497576	0.000254197588108	DLR00012709-2009-07-01_11-32-39	-0.000817609065745	4	103	2052.5	619.5	1.03782963768e-05	0.000159838030795	135	135
94.0	94.0	76.0	111.0	114.0	101.0	15	0.00149182162076	0.000286835878212	DLR00012709-2009-07-01_11-32-39	-0.000609584594909	4	103	2179.5	619.5	4.87149334174e-05	0.000586072779583	135	135
94.0	93.0	75.0				16	5.32793435985e-05		DLR00012709-2009-07-01_11-32-39	-0.00169699936861	4	103	2326.5	609.5	0.0	0.0	135	135
94.0	93.0	76.0	107.0	107.0	95.0	17	0.000319676061591	0.000213267489808	DLR00012709-2009-07-01_11-32-39	-0.000793654996579	4	103	2458.5	625.5	2.89750172631e-06	5.32793435985e-05	135	135
95.0	93.0	76.0	106.5	109.0	96.5	18	0.00138526293356	0.000259100300127	DLR00012709-2009-07-01_11-32-39	0.00259807170962	4	103	2591.5	617.5	6.3288324426e-05	0.000959028184773	135	135
94.0	92.0	75.0				19	0.0		DLR00012709-2009-07-01_11-32-39	-2.24448085081e-05	4	103	2720.5	619.5	0.0	0.0	135	135
94.0	91.0	74.0	112.5	113.5	97.5	20	0.000372955405189	0.000324876895607	DLR00012709-2009-07-01_11-32-39	-0.00015184834506	4	103	2866.5	620.5	8.8277061516e-06	0.000106558687197	135	135
94.0	90.0	73.0	107.0	108.5	99.0	21	0.00452874420587	0.000310211939649	DLR00012709-2009-07-01_11-32-39	0.000801378326099	4	103	2996.5	619.5	0.000202078926786	0.00255740849273	135	135
92.0	88.0	72.0	105.5	105.0	89.0	22	0.00111886621557	0.000274356297399	DLR00012709-2009-07-01_11-32-39	0.000550374050366	4	103	3139.5	619.5	1.6378789266e-05	0.000213117374394	135	135
89.0	85.0	70.0	105.0	104.0	88.0	23	0.000426234748788	0.000258501203938	DLR00012709-2009-07-01_11-32-39	0.000568536602797	4	103	3271.5	619.5	1.24359098015e-05	0.000159838030795	135	135
87.0	85.0	70.0	107.0	105.0	94.0	24	0.00218445308754	0.000381903271053	DLR00012709-2009-07-01_11-32-39	-0.000627715312634	4	103	3414.5	616.5	9.27273327832e-05	0.000799190153977	135	135
92.0	89.0	75.0	108.0	107.0	95.0	1	0.000959028184773	0.000270708384563	DLR00012709-2009-07-01_11-32-39	0.000102924088193	5	103	268.5	756.5	1.80746276295e-05	0.000266396717992	135	135
94.0	92.0	77.0	105.5	107.0	93.0	2	0.000852469497576	0.000239679018807	DLR00012709-2009-07-01_11-32-39	0.000358751539502	5	103	409.5	756.5	2.7481218427e-05	0.000426234748788	135	135
96.0	94.0	78.0				3	0.000106558687197		DLR00012709-2009-07-01_11-32-39	0.000777935462239	5	103	535.5	750.5	0.0	0.0	135	135
97.0	95.0	78.0				4	0.0		DLR00012709-2009-07-01_11-32-39	0.000498712916931	5	103	678.5	756.5	0.0	0.0	135	135
98.0	96.0	78.0	111.0	111.0	97.0	5	0.000319676061591	0.000226696879609	DLR00012709-2009-07-01_11-32-39	0.000790646732809	5	103	815.5	756.5	9.23846210001e-06	0.000159838030795	135	135
97.0	96.0	78.0				6	0.0		DLR00012709-2009-07-01_11-32-39	0.000306597888201	5	103	952.5	746.5	0.0	0.0	135	135
96.0	96.0	78.0	113.0	112.0	97.0	7	0.000745910810379	0.000251623955721	DLR00012709-2009-07-01_11-32-39	0.000453114356226	5	103	1082.5	756.5	1.36619537491e-05	0.000213117374394	135	135
96.0	95.0	78.0				8	0.0		DLR00012709-2009-07-01_11-32-39	-6.73230527893e-05	5	103	1226.5	748.5	0.0	0.0	135	135
95.0	95.0	78.0				9	5.32793435985e-05		DLR00012709-2009-07-01_11-32-39	0.0002598817598	5	103	1363.5	753.5	0.0	0.0	135	135
94.0	94.0	78.0				10	5.32793435985e-05		DLR00012709-2009-07-01_11-32-39	8.50081921775e-05	5	103	1497.5	746.5	0.0	0.0	135	135
94.0	94.0	77.0				11	0.0		DLR00012709-2009-07-01_11-32-39	0.00100292251095	5	103	1636.5	750.5	0.0	0.0	135	135
94.0	94.0	77.0				12	0.0		DLR00012709-2009-07-01_11-32-39	-0.000354508661671	5	103	1771.5	765.5	0.0	0.0	135	135
94.0	94.0	76.0	110.0	111.0	95.0	13	0.00069263146678	0.000250509629322	DLR00012709-2009-07-01_11-32-39	0.000157692741183	5	103	1913.5	750.5	1.44267848995e-05	0.000213117374394	135	135
94.0	94.0	76.0	109.5	112.0	97.0	14	0.00175821833875	0.000252212692679	DLR00012709-2009-07-01_11-32-39	-0.000605573800124	5	103	2044.5	756.5	4.61107460116e-05	0.000532793435985	135	135
94.0	93.0	76.0	110.0	113.0	100.5	15	0.00245084980553	0.000302694620927	DLR00012709-2009-07-01_11-32-39	-7.1734722322e-05	5	103	2177.5	753.5	0.000128955452104	0.00159838030795	135	135
93.0	93.0	76.0	109.5	109.5	95.5	16	0.000479514092386	0.000254589822444	DLR00012709-2009-07-01_11-32-39	-0.00141758555986	5	103	2317.5	762.5	6.91783309961e-06	0.000106558687197	135	135
94.0	93.0	75.0				17	0.000213117374394		DLR00012709-2009-07-01_11-32-39	-0.000471273405734	5	103	2458.5	759.5	0.0	0.0	135	135
94.0	92.0	75.0	112.5	112.5	96.5	18	0.000959028184773	0.000296302882462	DLR00012709-2009-07-01_11-32-39	-0.000385407084571	5	103	2591.5	755.5	1.65227434571e-05	0.000213117374394	135	135
95.0	92.0	74.0	107.0	108.0	92.0	19	0.000372955405189	0.000235140451426	DLR00012709-2009-07-01_11-32-39	0.000833785776881	5	103	2727.5	756.5	3.19467287088e-06	5.32793435985e-05	135	135
94.0	92.0	74.0	106.0	105.0	91.0	20	0.000159838030795	0.000213778414975	DLR00012709-2009-07-01_11-32-39	0.000615226397027	5	103	2867.5	754.5	2.90444327448e-06	5.32793435985e-05	135	135
94.0	90.0	73.0	106.5	105.0	91.5	21	0.00197133571314	0.000247084419067	DLR00012709-2009-07-01_11-32-39	0.000595839022434	5	103	3003.5	756.5	6.46438057239e-05	0.000959028184773	135	135
92.0	88.0	71.0	115.0	113.0	100.0	22	0.00207789440034	0.000417301061535	DLR00012709-2009-07-01_11-32-39	4.03741430339e-05	5	103	3137.5	752.5	9.50790856287e-05	0.000799190153977	135	135
90.0	86.0	70.0	113.0	112.0	98.0	23	0.00122542490277	0.000394676719999	DLR00012709-2009-07-01_11-32-39	9.80195825055e-05	5	103	3271.5	756.5	3.54279065405e-05	0.000372955405189	135	135
88.0	85.0	70.0				24	0.0		DLR00012709-2009-07-01_11-32-39	-0.000919436927329	5	103	3414.5	756.5	0.0	0.0	135	135
92.0	89.0	75.0				1	0.0		DLR00012709-2009-07-01_11-32-39	0.000678140168164	6	103	271.5	893.5	0.0	0.0	135	135
94.0	92.0	77.0	110.0	110.0	96.0	2	0.00191805636955	0.000289826296817	DLR00012709-2009-07-01_11-32-39	0.000134698337841	6	103	409.5	890.5	3.78833974453e-05	0.000532793435985	135	135
96.0	94.0	78.0	112.0	112.0	96.0	3	0.00069263146678	0.000266718073872	DLR00012709-2009-07-01_11-32-39	4.8426344898e-05	6	103	544.5	892.5	1.12536519037e-05	0.000159838030795	135	135
97.0	95.0	78.0	111.0	110.5	95.5	4	0.00101230752837	0.000225042466385	DLR00012709-2009-07-01_11-32-39	0.000200335391895	6	103	670.5	887.5	1.85681504456e-05	0.000319676061591	135	135
98.0	96.0	78.0				5	0.0		DLR00012709-2009-07-01_11-32-39	0.000597504682145	6	103	814.5	892.5	0.0	0.0	135	135
97.0	96.0	78.0	112.0	111.0	98.0	6	0.000959028184773	0.00024748980056	DLR00012709-2009-07-01_11-32-39	9.54175202819e-05	6	103	952.5	883.5	2.31090213679e-05	0.000372955405189	135	135
96.0	96.0	78.0	112.0	112.0	94.0	7	0.000479514092386	0.000236180059185	DLR00012709-2009-07-01_11-32-39	0.000337899039594	6	103	1090.5	892.5	6.41759444745e-06	0.000106558687197	135	135
95.0	95.0	78.0	109.5	110.5	94.5	8	0.000372955405189	0.000225018268608	DLR00012709-2009-07-01_11-32-39	-2.13260423251e-05	6	103	1226.5	895.5	6.11430108104e-06	0.000106558687197	135	135
95.0	95.0	78.0				9	0.0		DLR00012709-2009-07-01_11-32-39	8.52617033086e-05	6	103	1356.5	888.5	0.0	0.0	135	135
94.0	94.0	77.0				10	0.0		DLR00012709-2009-07-01_11-32-39	6.26353635345e-06	6	103	1497.5	886.5	0.0	0.0	135	135
94.0	94.0	77.0	108.0	108.0	92.0	11	0.000159838030795	0.000218481090425	DLR00012709-2009-07-01_11-32-39	0.00120540114606	6	103	1643.5	890.5	2.96833491707e-06	5.32793435985e-05	135	135
94.0	94.0	77.0	107.5	113.5	101.5	12	0.00143854227716	0.000303268982684	DLR00012709-2009-07-01_11-32-39	7.80171777432e-05	6	103	1771.5	885.5	5.51756806338e-05	0.000745910810379	135	135
94.0	94.0	77.0	115.0	118.0	106.0	13	0.00165165965155	0.00038506611631	DLR00012709-2009-07-01_11-32-39	-6.94475595257e-05	6	103	1907.5	899.5	4.27817268631e-05	0.000479514092386	135	135
93.0	93.0	77.0				14	0.0		DLR00012709-2009-07-01_11-32-39	-0.000781219555995	6	103	2038.5	892.5	0.0	0.0	135	135
93.0	93.0	76.0	108.0	109.0	93.0	15	0.000266396717992	0.00023495977876	DLR00012709-2009-07-01_11-32-39	-0.000362402766383	6	103	2174.5	891.5	3.19221821001e-06	5.32793435985e-05	135	135
93.0	93.0	76.0	107.5	109.5	90.5	16	0.00069263146678	0.000230467076473	DLR00012709-2009-07-01_11-32-39	-0.000739389375909	6	103	2312.5	892.5	1.30639280019e-05	0.000213117374394	135	135
93.0	92.0	75.0	107.5	107.5	94.0	17	0.000905748841174	0.000238582597409	DLR00012709-2009-07-01_11-32-39	-0.000417235592305	6	103	2458.5	892.5	2.76868866489e-05	0.000426234748788	135	135
94.0	92.0	74.0	105.0	106.0	90.0	18	5.32793435985e-05	0.000206554667882	DLR00012709-2009-07-01_11-32-39	-0.000248006968416	6	103	2591.5	895.5	2.8062997661e-06	5.32793435985e-05	135	135
95.0	92.0	74.0	105.0	105.0	91.0	19	0.0	0.000211568606874	DLR00012709-2009-07-01_11-32-39	0.000777264309659	6	103	2731.5	898.5	2.87442030758e-06	5.32793435985e-05	135	135
94.0	91.0	73.0	108.0	108.0	93.0	20	0.00415578880068	0.000277427103445	DLR00012709-2009-07-01_11-32-39	0.000513650636483	6	103	2866.5	891.5	0.00022930313232	0.00314348127231	135	135
94.0	90.0	73.0				21	0.0		DLR00012709-2009-07-01_11-32-39	0.000650678515891	6	103	2997.5	892.5	0.0	0.0	135	135
92.0	88.0	71.0				22	0.0		DLR00012709-2009-07-01_11-32-39	0.000340708038205	6	103	3137.5	886.5	0.0	0.0	135	135
90.0	87.0	70.0	103.0	102.0	85.0	23	0.00069263146678	0.000224619449939	DLR00012709-2009-07-01_11-32-39	0.000668700397877	6	103	3274.5	892.5	9.69130200225e-06	0.000159838030795	135	135
88.0	85.0	70.0	104.0	103.0	90.0	24	0.00138526293356	0.000284387529078	DLR00012709-2009-07-01_11-32-39	-0.00088264344301	6	103	3404.5	890.5	1.91686139363e-05	0.000266396717992	135	135
93.0	90.0	75.0				1	0.0		DLR00012709-2009-07-01_11-32-39	0.000892968286967	7	103	274.5	1031.5	0.0	0.0	135	135
95.0	92.0	77.0				2	0.0		DLR00012709-2009-07-01_11-32-39	0.00081655598627	7	103	409.5	1031.5	0.0	0.0	135	135
97.0	94.0	78.0	108.0	108.0	92.0	3	0.0	0.000210918995256	DLR00012709-2009-07-01_11-32-39	0.00147345116904	7	103	551.5	1031.5	2.86559453302e-06	5.32793435985e-05	135	135
98.0	95.0	78.0				4	0.0		DLR00012709-2009-07-01_11-32-39	0.000695632039664	7	103	678.5	1034.5	0.0	0.0	135	135
98.0	96.0	78.0				5	0.0		DLR00012709-2009-07-01_11-32-39	0.000980148959762	7	103	815.5	1022.5	0.0	0.0	135	135
97.0	96.0	78.0				6	0.0		DLR00012709-2009-07-01_11-32-39	0.00051681763708	7	103	944.5	1023.5	0.0	0.0	135	135
96.0	95.0	78.0				7	0.000106558687197		DLR00012709-2009-07-01_11-32-39	0.00104626711766	7	103	1085.5	1037.5	0.0	0.0	135	135
95.0	95.0	78.0	117.0	118.0	101.5	8	0.000905748841174	0.00033650367232	DLR00012709-2009-07-01_11-32-39	0.000536439499793	7	103	1226.5	1029.5	1.78879819483e-05	0.000213117374394	135	135
95.0	95.0	78.0	113.0	113.0	99.0	9	0.00165165965155	0.000276340908534	DLR00012709-2009-07-01_11-32-39	0.000922589670498	7	103	1363.5	1026.5	3.57552232044e-05	0.000479514092386	135	135
94.0	94.0	77.0	113.0	113.0	99.0	10	0.000479514092386	0.000290965873493	DLR00012709-2009-07-01_11-32-39	0.000232509506411	7	103	1497.5	1030.5	3.95313004106e-06	5.32793435985e-05	135	135
94.0	94.0	78.0				11	0.0		DLR00012709-2009-07-01_11-32-39	0.000631272858003	7	103	1640.5	1036.5	0.0	0.0	135	135
93.0	94.0	77.0	116.0	116.0	104.0	12	0.00122542490277	0.000339967819754	DLR00012709-2009-07-01_11-32-39	-1.47199752394e-05	7	103	1771.5	1031.5	3.33853383368e-05	0.000319676061591	135	135
93.0	93.0	77.0	112.0	114.0	98.5	13	0.00106558687197	0.000306639997579	DLR00012709-2009-07-01_11-32-39	0.000319946457267	7	103	1908.5	1033.5	1.77150609712e-05	0.000213117374394	135	135
93.0	93.0	77.0	107.0	108.0	93.0	14	0.000639352123182	0.000219136594985	DLR00012709-2009-07-01_11-32-39	-0.000459776543337	7	103	2046.5	1031.5	9.19709478321e-06	0.000159838030795	135	135
93.0	93.0	76.0				15	0.0		DLR00012709-2009-07-01_11-32-39	0.000349577678488	7	103	2184.5	1033.5	0.0	0.0	135	135
93.0	92.0	76.0	106.0	108.0	89.0	16	0.000479514092386	0.000207833010739	DLR00012709-2009-07-01_11-32-39	-0.000387025598048	7	103	2314.5	1025.5	9.07843242219e-06	0.000159838030795	135	135
93.0	92.0	75.0	107.5	107.5	92.5	17	0.000426234748788	0.000243963932596	DLR00012709-2009-07-01_11-32-39	0.000901166631902	7	103	2458.5	1031.5	6.62910147712e-06	0.000106558687197	135	135
94.0	92.0	74.0	105.0	107.0	91.0	18	0.00404923011349	0.000229370901098	DLR00012709-2009-07-01_11-32-39	0.00192108348439	7	103	2591.5	1028.5	0.000225547514047	0.00372955405189	135	135
94.0	92.0	74.0				19	0.0		DLR00012709-2009-07-01_11-32-39	0.00115899852968	7	103	2725.5	1027.5	0.0	0.0	135	135
94.0	91.0	73.0				20	0.0		DLR00012709-2009-07-01_11-32-39	8.11988764138e-05	7	103	2872.5	1031.5	0.0	0.0	135	135
94.0	90.0	72.0	108.0	109.0	93.0	21	0.00122542490277	0.000270539480275	DLR00012709-2009-07-01_11-32-39	0.000730891100585	7	103	2999.5	1031.5	3.43342379034e-05	0.000479514092386	135	135
92.0	89.0	71.0	104.0	104.0	90.0	22	0.000159838030795	0.00027073664592	DLR00012709-2009-07-01_11-32-39	0.000647946380474	7	103	3137.5	1024.5	3.67829104958e-06	5.32793435985e-05	135	135
90.0	87.0	70.0	98.5	100.0	85.5	23	0.0	0.000216080618988	DLR00012709-2009-07-01_11-32-39	0.000754823410751	7	103	3267.5	1024.5	5.87144310747e-06	0.000106558687197	135	135
88.0	85.0	70.0	96.5	100.0	88.0	24	0.000106558687197	0.000216589533419	DLR00012709-2009-07-01_11-32-39	-0.000704587540991	7	103	3411.5	1031.5	1.18946529348e-05	0.000213117374394	135	135
93.0	91.0	76.0				1	0.0		DLR00012709-2009-07-01_11-32-39	0.00106331094392	8	103	276.5	1172.5	0.0	0.0	135	135
95.0	93.0	76.0				2	0.0		DLR00012709-2009-07-01_11-32-39	0.000259964115527	8	103	411.5	1167.5	0.0	0.0	135	135
97.0	94.0	77.0	115.0	111.0	98.0	3	0.00069263146678	0.000268467829722	DLR00012709-2009-07-01_11-32-39	0.000911226084465	8	103	546.5	1155.5	1.0798898083e-05	0.000159838030795	135	135
97.0	95.0	77.0				4	0.0		DLR00012709-2009-07-01_11-32-39	0.000574209430906	8	103	678.5	1168.5	0.0	0.0	135	135
97.0	96.0	78.0				5	0.0		DLR00012709-2009-07-01_11-32-39	0.0014234398802	8	103	822.5	1164.5	0.0	0.0	135	135
97.0	95.0	77.0				6	0.0		DLR00012709-2009-07-01_11-32-39	0.00113896916071	8	103	952.5	1170.5	0.0	0.0	135	135
96.0	95.0	78.0	121.0	122.0	106.0	7	0.000905748841174	0.000391973312072	DLR00012709-2009-07-01_11-32-39	0.00151249352226	8	103	1082.5	1164.5	2.40077965765e-05	0.000266396717992	135	135
95.0	95.0	78.0				8	0.0		DLR00012709-2009-07-01_11-32-39	0.00111109583448	8	103	1226.5	1157.5	0.0	0.0	135	135
94.0	94.0	77.0				9	0.0		DLR00012709-2009-07-01_11-32-39	0.00102947424555	8	103	1358.5	1166.5	0.0	0.0	135	135
94.0	94.0	77.0				10	0.0		DLR00012709-2009-07-01_11-32-39	0.000197034489177	8	103	1499.5	1164.5	0.0	0.0	135	135
94.0	94.0	78.0	110.0	116.0	104.0	11	0.00575416910864	0.0003041610525	DLR00012709-2009-07-01_11-32-39	0.000596368455645	8	103	1635.5	1164.5	0.000242397955839	0.00293036389792	135	135
93.0	94.0	78.0	107.0	113.0	100.0	12	0.00127870424636	0.000250855439321	DLR00012709-2009-07-01_11-32-39	0.000172895973103	8	103	1777.5	1157.5	4.77516937478e-05	0.000745910810379	135	135
93.0	93.0	77.0	107.0	107.0	95.0	13	0.000159838030795	0.000226938173874	DLR00012709-2009-07-01_11-32-39	0.000468037231334	8	103	1903.5	1164.5	3.08323482007e-06	5.32793435985e-05	135	135
93.0	93.0	77.0	108.0	108.0	94.0	14	0.000213117374394	0.000235784888205	DLR00012709-2009-07-01_11-32-39	0.000265348001288	8	103	2047.5	1164.5	6.40685667775e-06	0.000106558687197	135	135
93.0	93.0	76.0				15	0.0		DLR00012709-2009-07-01_11-32-39	0.00116150187951	8	103	2182.5	1164.5	0.0	0.0	135	135
93.0	92.0	76.0	121.5	122.5	109.5	16	0.00261068783633	0.000470090242166	DLR00012709-2009-07-01_11-32-39	0.000882341573644	8	103	2317.5	1164.5	0.00011424677907	0.000959028184773	135	135
93.0	92.0	75.0				17	0.0		DLR00012709-2009-07-01_11-32-39	0.00126844425122	8	103	2452.5	1164.5	0.0	0.0	135	135
93.0	92.0	74.0	105.0	105.0	91.0	18	0.000106558687197	0.000217815538371	DLR00012709-2009-07-01_11-32-39	0.000924137290875	8	103	2591.5	1163.5	2.95929257204e-06	5.32793435985e-05	135	135
94.0	91.0	73.0				19	0.0		DLR00012709-2009-07-01_11-32-39	0.000723319076633	8	103	2721.5	1168.5	0.0	0.0	135	135
94.0	91.0	73.0	107.0	108.0	92.0	20	0.000852469497576	0.000270136656307	DLR00012709-2009-07-01_11-32-39	6.55748442899e-05	8	103	2866.5	1164.5	2.06311741218e-05	0.000266396717992	135	135
93.0	90.0	72.0	106.0	106.0	89.0	21	0.000959028184773	0.000253618519567	DLR00012709-2009-07-01_11-32-39	0.000590461673652	8	103	2996.5	1164.5	1.62142473718e-05	0.000266396717992	135	135
92.0	89.0	71.0	104.0	104.0	90.0	22	0.000266396717992	0.00027073664592	DLR00012709-2009-07-01_11-32-39	0.00111675100335	8	103	3137.5	1155.5	3.67829104958e-06	5.32793435985e-05	135	135
90.0	87.0	70.0	104.0	100.0	85.5	23	0.000319676061591	0.000235596588747	DLR00012709-2009-07-01_11-32-39	0.00157755403661	8	103	3269.5	1164.5	6.40174011727e-06	0.000106558687197	135	135
88.0	85.0	70.0	101.0	104.0	92.5	24	0.0034098779903	0.000326103301288	DLR00012709-2009-07-01_11-32-39	2.55557135942e-05	8	103	3408.5	1164.5	0.000246430143861	0.00287708455432	135	135
94.0	91.0	76.0				1	0.0		DLR00012709-2009-07-01_11-32-39	0.000880699793351	9	103	278.5	1304.5	0.0	0.0	135	135
95.0	93.0	76.0	114.0	114.5	99.5	2	0.00138526293356	0.000324696595727	DLR00012709-2009-07-01_11-32-39	0.000817491544736	9	103	409.5	1304.5	3.52638255971e-05	0.000426234748788	135	135
96.0	94.0	77.0	115.5	116.0	99.0	3	0.00101230752837	0.000328129822028	DLR00012709-2009-07-01_11-32-39	0.00113246897209	9	103	541.5	1301.5	1.83703857098e-05	0.000213117374394	135	135
97.0	95.0	77.0	112.0	112.0	97.0	4	0.00143854227716	0.00024777937912	DLR00012709-2009-07-01_11-32-39	0.000742879068398	9	103	679.5	1304.5	2.44261554025e-05	0.000372955405189	135	135
97.0	96.0	78.0	113.5	113.5	97.5	5	0.000426234748788	0.000264216264517	DLR00012709-2009-07-01_11-32-39	0.00172441433167	9	103	815.5	1304.5	7.17940726217e-06	0.000106558687197	135	135
97.0	95.0	77.0	115.0	115.0	99.0	6	0.000426234748788	0.000295828707927	DLR00012709-2009-07-01_11-32-39	0.00140383824423	9	103	952.5	1301.5	4.01919764087e-06	5.32793435985e-05	135	135
96.0	95.0	77.0				7	0.0		DLR00012709-2009-07-01_11-32-39	0.00198908729771	9	103	1082.5	1304.5	0.0	0.0	135	135
95.0	95.0	77.0	110.0	111.0	95.0	8	0.000905748841174	0.000255124844256	DLR00012709-2009-07-01_11-32-39	0.00146341945922	9	103	1233.5	1304.5	1.72696909397e-05	0.000266396717992	135	135
94.0	94.0	77.0				9	0.0		DLR00012709-2009-07-01_11-32-39	0.000969398134301	9	103	1354.5	1300.5	0.0	0.0	135	135
93.0	94.0	77.0	108.5	111.5	96.5	10	0.000905748841174	0.000269518270091	DLR00012709-2009-07-01_11-32-39	0.000594722803234	9	103	1497.5	1303.5	2.5024724712e-05	0.000319676061591	135	135
93.0	94.0	77.0	109.0	109.0	97.0	11	0.00197133571314	0.000252252118956	DLR00012709-2009-07-01_11-32-39	0.0010804390896	9	103	1636.5	1311.5	3.95652126154e-05	0.000586072779583	135	135
93.0	93.0	77.0	107.0	108.5	92.5	12	0.000799190153977	0.000221418172423	DLR00012709-2009-07-01_11-32-39	0.000196275212157	9	103	1771.5	1304.5	1.34592384398e-05	0.000213117374394	135	135
93.0	93.0	77.0	111.0	112.0	97.0	13	0.00213117374394	0.000279930878557	DLR00012709-2009-07-01_11-32-39	0.000544393920355	9	103	1906.5	1310.5	3.71409503236e-05	0.000479514092386	135	135
92.0	93.0	76.0	111.0	112.0	96.0	14	0.000905748841174	0.000275527840812	DLR00012709-2009-07-01_11-32-39	0.000374194240722	9	103	2039.5	1306.5	3.32619650556e-05	0.000372955405189	135	135
92.0	92.0	76.0	105.0	105.0	91.0	15	0.000159838030795	0.000208113254579	DLR00012709-2009-07-01_11-32-39	0.00187853949074	9	103	2180.5	1304.5	2.82747508752e-06	5.32793435985e-05	135	135
92.0	91.0	75.0	106.5	106.5	90.5	16	0.000372955405189	0.000231007641526	DLR00012709-2009-07-01_11-32-39	0.000422687973019	9	103	2317.5	1297.5	6.27704710845e-06	0.000106558687197	135	135
92.0	92.0	75.0	108.0	107.0	93.0	17	0.000745910810379	0.000251908320218	DLR00012709-2009-07-01_11-32-39	0.00133364546788	9	103	2465.5	1304.5	2.36093261065e-05	0.000372955405189	135	135
93.0	91.0	74.0	112.0	113.0	97.0	18	0.00170493899515	0.000335405602767	DLR00012709-2009-07-01_11-32-39	0.000576235288971	9	103	2591.5	1295.5	4.73815243801e-05	0.000532793435985	135	135
93.0	91.0	73.0				19	0.0		DLR00012709-2009-07-01_11-32-39	0.000488752673334	9	103	2725.5	1304.5	0.0	0.0	135	135
93.0	90.0	72.0	104.0	105.0	90.0	20	0.000586072779583	0.000224406595023	DLR00012709-2009-07-01_11-32-39	6.65790002881e-05	9	103	2866.5	1304.5	9.87669312715e-06	0.000159838030795	135	135
93.0	90.0	72.0	107.0	108.0	89.5	21	0.000372955405189	0.000265652190157	DLR00012709-2009-07-01_11-32-39	0.00061240440597	9	103	2992.5	1304.5	7.21842490171e-06	0.000106558687197	135	135
92.0	88.0	71.0	109.0	109.0	93.0	22	0.00138526293356	0.000324154622767	DLR00012709-2009-07-01_11-32-39	0.000432509304208	9	103	3143.5	1294.5	2.4531415569e-05	0.000319676061591	135	135
90.0	87.0	70.0	100.5	101.5	89.5	23	0.00181149768235	0.00027238092551	DLR00012709-2009-07-01_11-32-39	0.00192458694029	9	103	3271.5	1304.5	5.37524197004e-05	0.000745910810379	135	135
88.0	85.0	70.0	100.0	100.0	88.0	24	5.32793435985e-05	0.000207314575698	DLR00012709-2009-07-01_11-32-39	0.000423310554779	9	103	3412.5	1304.5	2.81662405046e-06	5.32793435985e-05	135	135
94.0	92.0	76.0	104.5	111.0	106.5	1	0.000479514092386	0.000219033887245	DLR00012709-2009-07-01_11-32-39	0.000869159033379	10	103	265.5	1431.5	2.47571071492e-05	0.000426234748788	135	135
95.0	93.0	76.0	109.0	107.0	95.0	2	0.000319676061591	0.000229250236252	DLR00012709-2009-07-01_11-32-39	0.000257877107237	10	103	409.5	1438.5	9.47230791547e-06	0.000159838030795	135	135
96.0	94.0	77.0	116.0	116.0	101.0	3	0.00202461505674	0.000330540059195	DLR00012709-2009-07-01_11-32-39	0.00139225237761	10	103	544.5	1446.5	5.81517154424e-05	0.000639352123182	135	135
97.0	95.0	77.0	114.0	113.0	97.0	4	0.00293036389792	0.000275888084359	DLR00012709-2009-07-01_11-32-39	0.001119801709	10	103	678.5	1431.5	8.0944442007e-05	0.00106558687197	135	135
97.0	96.0	78.0	110.0	113.0	98.0	5	0.00133198358996	0.000263790959273	DLR00012709-2009-07-01_11-32-39	0.00238333813796	10	103	820.5	1433.5	7.51877075122e-05	0.00111886621557	135	135
97.0	95.0	77.0				6	0.0		DLR00012709-2009-07-01_11-32-39	0.00162647021286	10	103	961.5	1439.5	0.0	0.0	135	135
95.0	95.0	77.0	112.0	113.0	97.0	7	0.000319676061591	0.000273793821035	DLR00012709-2009-07-01_11-32-39	0.00207706002234	10	103	1093.5	1442.5	3.71982654185e-06	5.32793435985e-05	135	135
95.0	94.0	77.0				8	0.0		DLR00012709-2009-07-01_11-32-39	0.00160861566641	10	103	1226.5	1438.5	0.0	0.0	135	135
94.0	94.0	77.0				9	0.0		DLR00012709-2009-07-01_11-32-39	0.00105465749148	10	103	1355.5	1432.5	0.0	0.0	135	135
93.0	93.0	77.0	110.0	112.0	99.0	10	0.00213117374394	0.000278396454945	DLR00012709-2009-07-01_11-32-39	0.000718764828262	10	103	1503.5	1431.5	5.71346181306e-05	0.000745910810379	135	135
93.0	94.0	77.0				11	0.0		DLR00012709-2009-07-01_11-32-39	0.000798364541165	10	103	1642.5	1438.5	0.0	0.0	135	135
93.0	93.0	76.0				12	0.0		DLR00012709-2009-07-01_11-32-39	0.000313162834088	10	103	1771.5	1438.5	0.0	0.0	135	135
93.0	93.0	76.0	109.0	111.0	92.0	13	0.000745910810379	0.000258511792691	DLR00012709-2009-07-01_11-32-39	0.000493275652516	10	103	1904.5	1438.5	1.44175460315e-05	0.000213117374394	135	135
92.0	92.0	76.0	110.0	110.0	97.0	14	0.000905748841174	0.000288815952903	DLR00012709-2009-07-01_11-32-39	0.00107547640232	10	103	2046.5	1439.5	1.10832208348e-05	0.000159838030795	135	135
92.0	92.0	75.0	112.0	119.0	106.0	15	0.00303692258511	0.000385933713104	DLR00012709-2009-07-01_11-32-39	0.00118617288138	10	103	2184.5	1438.5	0.000146743735382	0.00133198358996	135	135
91.0	91.0	74.0	106.0	106.0	92.0	16	0.00069263146678	0.000230799161237	DLR00012709-2009-07-01_11-32-39	0.000281511660138	10	103	2319.5	1438.5	1.56974653239e-05	0.000266396717992	135	135
92.0	91.0	74.0	108.0	108.0	94.0	17	0.00207789440034	0.000266364196791	DLR00012709-2009-07-01_11-32-39	0.00180174921652	10	103	2462.5	1428.5	6.97862064277e-05	0.000905748841174	135	135
92.0	91.0	73.0	108.0	108.5	92.5	18	0.00117214555917	0.000253076501795	DLR00012709-2009-07-01_11-32-39	-0.000108636452447	10	103	2591.5	1438.5	3.47829856661e-05	0.000532793435985	135	135
93.0	90.0	72.0	111.0	112.0	96.0	19	0.00117214555917	0.00034736896565	DLR00012709-2009-07-01_11-32-39	0.000631307802092	10	103	2721.5	1438.5	5.91149353368e-05	0.000586072779583	135	135
93.0	90.0	72.0	109.0	110.0	92.5	20	0.00106558687197	0.000307081527997	DLR00012709-2009-07-01_11-32-39	8.25660398337e-05	10	103	2866.5	1435.5	1.65868093419e-05	0.000213117374394	135	135
93.0	89.0	72.0				21	0.0		DLR00012709-2009-07-01_11-32-39	0.000670294895525	10	103	3003.5	1438.5	0.0	0.0	135	135
91.0	88.0	71.0				22	0.0		DLR00012709-2009-07-01_11-32-39	0.00199800776247	10	103	3136.5	1430.5	0.0	0.0	135	135
89.0	87.0	71.0	101.0	103.0	88.0	23	0.00149182162076	0.000257254280646	DLR00012709-2009-07-01_11-32-39	0.0020887872763	10	103	3274.5	1438.5	3.0755810439e-05	0.000479514092386	135	135
88.0	85.0	70.0	97.0	100.0	88.0	24	0.00069263146678	0.000231304679626	DLR00012709-2009-07-01_11-32-39	1.39947064971e-05	10	103	3414.5	1438.5	1.37268200786e-05	0.000213117374394	135	135
94.0	91.0	76.0	110.0	109.0	96.0	1	0.000905748841174	0.000281740428327	DLR00012709-2009-07-01_11-32-39	0.0013583705723	11	103	272.5	1578.5	1.83758490887e-05	0.000266396717992	135	135
95.0	93.0	77.0				2	0.000266396717992		DLR00012709-2009-07-01_11-32-39	0.00123176107405	11	103	409.5	1577.5	0.0	0.0	135	135
96.0	94.0	77.0	111.0	108.0	94.0	3	0.000532793435985	0.000221491513204	DLR00012709-2009-07-01_11-32-39	0.00200778461794	11	103	539.5	1580.5	9.4918740289e-06	0.000159838030795	135	135
97.0	95.0	78.0	110.0	110.0	94.0	4	0.000639352123182	0.000214856435042	DLR00012709-2009-07-01_11-32-39	0.00207610017562	11	103	678.5	1578.5	1.04328648556e-05	0.000159838030795	135	135
97.0	95.0	78.0	110.0	110.5	96.0	5	0.000586072779583	0.000244135643319	DLR00012709-2009-07-01_11-32-39	0.00231553220146	11	103	815.5	1578.5	1.34143516704e-05	0.000213117374394	135	135
96.0	95.0	77.0				6	0.0		DLR00012709-2009-07-01_11-32-39	0.00113917884548	11	103	954.5	1576.5	0.0	0.0	135	135
95.0	94.0	77.0	109.0	110.0	94.0	7	0.00111886621557	0.000240022574724	DLR00012709-2009-07-01_11-32-39	0.00188211973745	11	103	1090.5	1574.5	2.39164894995e-05	0.000372955405189	135	135
94.0	94.0	76.0	109.0	109.5	94.0	8	0.00149182162076	0.000244172153861	DLR00012709-2009-07-01_11-32-39	0.0014502649002	11	103	1226.5	1580.5	3.44917888233e-05	0.000532793435985	135	135
94.0	93.0	77.0	109.0	110.0	94.0	9	0.000852469497576	0.000251287453762	DLR00012709-2009-07-01_11-32-39	0.00206043976574	11	103	1366.5	1586.5	1.9510777403e-05	0.000266396717992	135	135
93.0	93.0	76.0	113.0	116.0	103.0	10	0.00159838030795	0.000356714306297	DLR00012709-2009-07-01_11-32-39	0.00137506879396	11	103	1497.5	1578.5	6.13836236126e-05	0.000586072779583	135	135
93.0	93.0	76.0	110.0	110.0	96.0	11	0.000852469497576	0.000270037531512	DLR00012709-2009-07-01_11-32-39	0.00186625512534	11	103	1639.5	1571.5	1.15833941771e-05	0.000159838030795	135	135
92.0	93.0	76.0	106.5	109.5	93.5	12	0.000479514092386	0.000263122325834	DLR00012709-2009-07-01_11-32-39	0.000363303289579	11	103	1771.5	1569.5	7.14968225133e-06	0.000106558687197	135	135
92.0	92.0	76.0				13	0.000319676061591		DLR00012709-2009-07-01_11-32-39	0.00100962342077	11	103	1908.5	1570.5	0.0	0.0	135	135
92.0	92.0	75.0	117.5	120.0	109.5	14	0.00170493899515	0.000428267143884	DLR00012709-2009-07-01_11-32-39	0.000764966862252	11	103	2046.5	1578.5	9.96351312772e-05	0.000745910810379	135	135
91.0	91.0	75.0	106.0	106.0	90.0	15	5.32793435985e-05	0.000227073961852	DLR00012709-2009-07-01_11-32-39	0.00117536876924	11	103	2178.5	1578.5	3.08507966712e-06	5.32793435985e-05	135	135
91.0	90.0	74.0	110.0	111.0	96.0	16	0.00101230752837	0.000311341361008	DLR00012709-2009-07-01_11-32-39	0.000300021368	11	103	2320.5	1575.5	3.38312072064e-05	0.000372955405189	135	135
92.0	91.0	75.0	111.0	111.0	96.0	17	0.000959028184773	0.000327447068942	DLR00012709-2009-07-01_11-32-39	0.00299838732408	11	103	2458.5	1578.5	8.89754409722e-06	0.000106558687197	135	135
92.0	90.0	73.0	103.0	104.0	88.0	18	0.000532793435985	0.000223348987671	DLR00012709-2009-07-01_11-32-39	0.00178023684703	11	103	2591.5	1573.5	9.55445786603e-06	0.000159838030795	135	135
92.0	90.0	72.0				19	0.0		DLR00012709-2009-07-01_11-32-39	0.0010316947037	11	103	2724.5	1578.5	0.0	0.0	135	135
92.0	89.0	72.0				20	0.0		DLR00012709-2009-07-01_11-32-39	0.000734314647553	11	103	2866.5	1578.5	0.0	0.0	135	135
92.0	89.0	72.0				21	0.0		DLR00012709-2009-07-01_11-32-39	0.00151587131578	11	103	2994.5	1578.5	0.0	0.0	135	135
91.0	88.0	71.0				22	0.0		DLR00012709-2009-07-01_11-32-39	0.000862857075737	11	103	3137.5	1571.5	0.0	0.0	135	135
89.0	86.0	70.0	103.5	100.5	86.5	23	0.000266396717992	0.000241184947867	DLR00012709-2009-07-01_11-32-39	0.00138569510221	11	103	3272.5	1578.5	6.55358961118e-06	0.000106558687197	135	135
87.0	84.0	69.0	101.0	101.0	85.0	24	0.000586072779583	0.000252188928608	DLR00012709-2009-07-01_11-32-39	-0.000349762052771	11	103	3405.5	1568.5	1.0261049163e-05	0.000159838030795	135	135
93.0	91.0	76.0	107.0	107.0	93.0	1	0.00069263146678	0.000258510717935	DLR00012709-2009-07-01_11-32-39	0.00175100139513	12	103	269.5	1711.5	1.22642092638e-05	0.000159838030795	135	135
94.0	92.0	77.0	107.5	105.5	95.0	2	0.000372955405189	0.000238584309037	DLR00012709-2009-07-01_11-32-39	0.00121112063658	12	103	409.5	1704.5	6.48292384299e-06	0.000106558687197	135	135
96.0	94.0	77.0	112.5	109.5	95.5	3	0.000479514092386	0.00024404379211	DLR00012709-2009-07-01_11-32-39	0.00215312007067	12	103	544.5	1711.5	6.63127145699e-06	0.000106558687197	135	135
97.0	95.0	78.0				4	5.32793435985e-05		DLR00012709-2009-07-01_11-32-39	0.00302672144427	12	103	680.5	1711.5	0.0	0.0	135	135
97.0	95.0	78.0	110.0	110.5	96.0	5	0.000586072779583	0.000244135643319	DLR00012709-2009-07-01_11-32-39	0.00349524930717	12	103	815.5	1704.5	1.34143516704e-05	0.000213117374394	135	135
96.0	95.0	77.0				6	0.0		DLR00012709-2009-07-01_11-32-39	0.00125623472288	12	103	952.5	1709.5	0.0	0.0	135	135
95.0	94.0	76.0	111.0	112.5	99.5	7	0.00106558687197	0.000278924779068	DLR00012709-2009-07-01_11-32-39	0.00136774343979	12	103	1086.5	1712.5	3.0436058297e-05	0.000426234748788	135	135
94.0	93.0	76.0	109.0	110.0	94.0	8	0.000959028184773	0.000261937301574	DLR00012709-2009-07-01_11-32-39	0.00124833153506	12	103	1222.5	1711.5	1.73156102653e-05	0.000266396717992	135	135
93.0	93.0	76.0	113.0	111.5	98.0	9	0.00197133571314	0.000294076008644	DLR00012709-2009-07-01_11-32-39	0.00179294149152	12	103	1363.5	1711.5	3.49945911749e-05	0.000426234748788	135	135
93.0	93.0	76.0	109.0	110.5	100.0	10	0.000745910810379	0.000284031257712	DLR00012709-2009-07-01_11-32-39	0.00110597813372	12	103	1497.5	1711.5	1.78741123539e-05	0.000213117374394	135	135
92.0	92.0	76.0	109.5	112.5	96.5	11	0.00122542490277	0.000294240295497	DLR00012709-2009-07-01_11-32-39	0.0020223487918	12	103	1634.5	1705.5	4.02998469927e-05	0.000532793435985	135	135
92.0	92.0	75.0	105.5	107.0	91.5	12	0.00101230752837	0.000238291039256	DLR00012709-2009-07-01_11-32-39	0.000740031847058	12	103	1771.5	1705.5	1.28979072571e-05	0.000213117374394	135	135
92.0	91.0	75.0	103.0	106.0	91.0	13	0.000319676061591	0.000228628262275	DLR00012709-2009-07-01_11-32-39	0.000648037008455	12	103	1904.5	1715.5	3.10619675422e-06	5.32793435985e-05	135	135
91.0	91.0	74.0	108.0	109.0	93.0	14	0.000639352123182	0.0002842288068	DLR00012709-2009-07-01_11-32-39	0.000411147846628	12	103	2046.5	1711.5	1.65256155857e-05	0.000213117374394	135	135
91.0	90.0	74.0	111.0	113.0	100.0	15	0.00245084980553	0.000340891452335	DLR00012709-2009-07-01_11-32-39	0.000969855353875	12	103	2184.5	1711.5	9.58257930665e-05	0.00101230752837	135	135
91.0	90.0	73.0	108.5	108.0	92.5	16	0.00234429111833	0.000279207537056	DLR00012709-2009-07-01_11-32-39	0.00063633123964	12	103	2317.5	1711.5	5.3712578734e-05	0.000639352123182	135	135
91.0	90.0	74.0	106.5	106.5	92.5	17	0.000426234748788	0.000272964288293	DLR00012709-2009-07-01_11-32-39	0.00315607169724	12	103	2464.5	1710.5	7.41711263411e-06	0.000106558687197	135	135
92.0	90.0	72.0	106.0	107.0	91.0	18	0.00069263146678	0.000265745144061	DLR00012709-2009-07-01_11-32-39	0.000343981228841	12	103	2591.5	1711.5	1.77461928695e-05	0.000266396717992	135	135
92.0	89.0	72.0				19	0.0		DLR00012709-2009-07-01_11-32-39	0.000566103877676	12	103	2722.5	1711.5	0.0	0.0	135	135
91.0	89.0	72.0				20	0.0		DLR00012709-2009-07-01_11-32-39	0.00127699004191	12	103	2866.5	1715.5	0.0	0.0	135	135
91.0	88.0	71.0	105.0	104.5	89.0	21	0.00117214555917	0.000268725817968	DLR00012709-2009-07-01_11-32-39	0.00209114564907	12	103	2999.5	1711.5	3.0306751515e-05	0.000426234748788	135	135
90.0	87.0	71.0	103.0	103.0	91.0	22	0.00122542490277	0.000261985712852	DLR00012709-2009-07-01_11-32-39	0.000218548684003	12	103	3137.5	1703.5	2.7540132438e-05	0.000372955405189	135	135
88.0	85.0	70.0				23	0.0		DLR00012709-2009-07-01_11-32-39	0.000914038384599	12	103	3272.5	1711.5	0.0	0.0	135	135
86.0	84.0	69.0				24	0.0		DLR00012709-2009-07-01_11-32-39	0.000206535849334	12	103	3405.5	1703.5	0.0	0.0	135	135
93.0	90.5	76.0	118.0	116.0	105.0	1	0.000532793435985	0.000367224086157	DLR00012709-2009-07-01_11-32-39	0.00149101506687	13	103	275.5	1858.5	1.33415435334e-05	0.000159838030795	135	135
94.0	92.0	76.0	115.0	115.0	103.0	2	0.00117214555917	0.00036700849788	DLR00012709-2009-07-01_11-32-39	0.00106731485928	13	103	409.5	1847.5	2.32350733238e-05	0.000266396717992	135	135
95.0	93.0	77.0	110.0	110.0	95.0	3	0.0033565986467	0.000265808491511	DLR00012709-2009-07-01_11-32-39	0.00180245012309	13	103	544.5	1850.5	9.34955018064e-05	0.00133198358996	135	135
96.0	94.0	77.0	111.0	111.0	99.0	4	0.00101230752837	0.000271183029556	DLR00012709-2009-07-01_11-32-39	0.00242045023489	13	103	678.5	1853.5	2.92087667645e-05	0.000372955405189	135	135
96.0	95.0	78.0				5	0.0		DLR00012709-2009-07-01_11-32-39	0.00304029541845	13	103	815.5	1850.5	0.0	0.0	135	135
96.0	94.0	77.0				6	0.0		DLR00012709-2009-07-01_11-32-39	0.00205628787743	13	103	949.5	1850.5	0.0	0.0	135	135
95.0	94.0	76.0	98.0	106.0	105.0	7	0.000213117374394	0.000245456305547	DLR00012709-2009-07-01_11-32-39	0.0012463741968	13	103	1081.5	1846.5	0.000130650986157	0.00207789440034	135	135
94.0	93.0	76.0	109.5	112.0	94.5	8	0.000532793435985	0.000278766945149	DLR00012709-2009-07-01_11-32-39	0.000790257585234	13	103	1226.5	1850.5	7.5747851258e-06	0.000106558687197	135	135
93.0	93.0	76.0	106.0	109.0	96.5	9	0.000745910810379	0.00024427577678	DLR00012709-2009-07-01_11-32-39	0.00096822699054	13	103	1367.5	1851.5	1.99434937432e-05	0.000319676061591	135	135
92.0	92.0	76.0	107.0	107.0	90.0	10	0.000799190153977	0.000224555919571	DLR00012709-2009-07-01_11-32-39	0.0013627034396	13	103	1494.5	1845.5	9.54000573141e-06	0.000159838030795	135	135
92.0	92.0	75.0	105.0	107.0	94.0	11	0.00133198358996	0.000240157089119	DLR00012709-2009-07-01_11-32-39	0.00156679864805	13	103	1638.5	1850.5	3.87455946055e-05	0.000586072779583	135	135
91.0	91.0	75.0	112.0	115.5	103.0	12	0.00186477702595	0.00035746969953	DLR00012709-2009-07-01_11-32-39	0.00114195833088	13	103	1771.5	1850.5	7.69827723369e-05	0.000745910810379	135	135
91.0	91.0	74.0	104.5	105.5	89.5	13	0.000852469497576	0.000229376343035	DLR00012709-2009-07-01_11-32-39	0.00150932316013	13	103	1908.5	1850.5	1.93487345273e-05	0.000319676061591	135	135
90.0	90.0	74.0	107.0	108.0	94.0	14	0.00186477702595	0.000277030547916	DLR00012709-2009-07-01_11-32-39	0.000633064430588	13	103	2046.5	1845.5	4.4342853756e-05	0.000586072779583	135	135
90.0	89.0	73.0	104.5	104.5	86.5	15	0.000479514092386	0.000231608401928	DLR00012709-2009-07-01_11-32-39	0.000919143466225	13	103	2184.5	1843.5	6.29337124957e-06	0.000106558687197	135	135
90.0	89.0	73.0	100.0	104.0	92.0	16	0.000905748841174	0.000233073116993	DLR00012709-2009-07-01_11-32-39	0.000560165813431	13	103	2317.5	1841.5	7.76091598137e-05	0.00127870424636	135	135
91.0	89.0	72.0	109.0	108.5	95.0	17	0.000905748841174	0.000309445990067	DLR00012709-2009-07-01_11-32-39	0.000705166649924	13	103	2458.5	1850.5	1.69336754043e-05	0.000213117374394	135	135
91.0	89.0	72.0	107.0	109.0	90.0	18	0.000639352123182	0.000291668632514	DLR00012709-2009-07-01_11-32-39	6.527601762e-06	13	103	2582.5	1850.5	1.12363265835e-05	0.000159838030795	135	135
91.0	89.0	72.0				19	0.0		DLR00012709-2009-07-01_11-32-39	0.000377368277262	13	103	2729.5	1850.5	0.0	0.0	135	135
90.0	88.0	72.0				20	0.0		DLR00012709-2009-07-01_11-32-39	0.000669248348929	13	103	2866.5	1841.5	0.0	0.0	135	135
90.0	87.0	71.0				21	5.32793435985e-05		DLR00012709-2009-07-01_11-32-39	0.00181948427296	13	103	2998.5	1850.5	0.0	0.0	135	135
89.0	86.0	70.0	101.5	101.0	84.5	22	0.000586072779583	0.000246000432089	DLR00012709-2009-07-01_11-32-39	0.000469747233672	13	103	3137.5	1846.5	5.28918789761e-05	0.000852469497576	135	135
87.0	84.0	69.0				23	0.0		DLR00012709-2009-07-01_11-32-39	0.00131823547215	13	103	3274.5	1848.5	0.0	0.0	135	135
86.0	83.0	69.0				24	0.0		DLR00012709-2009-07-01_11-32-39	0.00036011694508	13	103	3409.5	1856.5	0.0	0.0	135	135
92.0	90.0	75.0	106.0	105.0	89.0	1	0.000639352123182	0.000236015722908	DLR00012709-2009-07-01_11-32-39	0.00156987059447	14	103	277.5	1985.5	1.74546140246e-05	0.000266396717992	135	135
93.0	91.0	76.0	111.0	110.0	96.0	2	0.00202461505674	0.000278422661248	DLR00012709-2009-07-01_11-32-39	0.00114803132183	14	103	409.5	1985.5	4.54596971836e-05	0.000586072779583	135	135
95.0	92.0	77.0	112.5	111.5	97.5	3	0.00069263146678	0.000300738475281	DLR00012709-2009-07-01_11-32-39	0.00192105833373	14	103	540.5	1985.5	1.89829913561e-05	0.000213117374394	135	135
96.0	94.0	77.0	110.0	111.0	99.0	4	0.00117214555917	0.000270053837093	DLR00012709-2009-07-01_11-32-39	0.00171747059959	14	103	678.5	1980.5	3.20570852028e-05	0.000426234748788	135	135
96.0	94.0	77.0				5	0.0		DLR00012709-2009-07-01_11-32-39	0.0023754724928	14	103	814.5	1985.5	0.0	0.0	135	135
96.0	94.0	77.0	112.0	112.0	96.0	6	0.000852469497576	0.000264861602906	DLR00012709-2009-07-01_11-32-39	0.00169627772553	14	103	952.5	1985.5	1.07143752256e-05	0.000159838030795	135	135
95.0	94.0	76.0				7	0.0		DLR00012709-2009-07-01_11-32-39	0.00238755156378	14	103	1082.5	1989.5	0.0	0.0	135	135
94.0	93.0	76.0				8	0.0		DLR00012709-2009-07-01_11-32-39	0.00175702721768	14	103	1226.5	1978.5	0.0	0.0	135	135
93.0	92.0	75.0				9	0.0		DLR00012709-2009-07-01_11-32-39	0.00200519004588	14	103	1362.5	1985.5	0.0	0.0	135	135
92.0	92.0	75.0	108.0	108.0	93.0	10	0.00202461505674	0.000268978064386	DLR00012709-2009-07-01_11-32-39	0.00177829709204	14	103	1498.5	1985.5	3.90171701794e-05	0.000532793435985	135	135
91.0	91.0	74.0	108.0	108.0	94.0	11	0.00165165965155	0.000273884432279	DLR00012709-2009-07-01_11-32-39	0.00177740191552	14	103	1633.5	1985.5	3.80732325407e-05	0.000479514092386	135	135
91.0	91.0	74.0				12	0.0		DLR00012709-2009-07-01_11-32-39	0.00121725400824	14	103	1771.5	1980.5	0.0	0.0	135	135
91.0	90.0	73.0				13	0.000106558687197		DLR00012709-2009-07-01_11-32-39	0.00102223394618	14	103	1906.5	1985.5	0.0	0.0	135	135
90.0	89.0	72.0	105.0	106.0	90.0	14	0.000159838030795	0.000252698952963	DLR00012709-2009-07-01_11-32-39	0.000380321163245	14	103	2039.5	1977.5	3.43322675718e-06	5.32793435985e-05	135	135
89.0	89.0	72.0	100.0	106.0	95.0	15	0.00751238744739	0.000294635372539	DLR00012709-2009-07-01_11-32-39	0.000842749634867	14	103	2184.5	1993.5	0.00094293511578	0.0122542490277	135	135
90.0	88.0	72.0				16	0.0		DLR00012709-2009-07-01_11-32-39	0.000256629839401	14	103	2317.5	1980.5	0.0	0.0	135	135
90.0	88.0	71.0				17	0.000106558687197		DLR00012709-2009-07-01_11-32-39	0.000590844176973	14	103	2466.5	1985.5	0.0	0.0	135	135
91.0	88.0	71.0				18	0.0		DLR00012709-2009-07-01_11-32-39	0.000106160938619	14	103	2591.5	1985.5	0.0	0.0	135	135
90.0	88.0	72.0	101.0	101.5	86.0	19	0.000586072779583	0.000219710646282	DLR00012709-2009-07-01_11-32-39	0.000283628212528	14	103	2725.5	1985.5	2.4745264106e-05	0.000426234748788	135	135
90.0	87.0	71.0	102.5	104.5	90.5	20	0.000586072779583	0.000245677116635	DLR00012709-2009-07-01_11-32-39	0.000700242512598	14	103	2866.5	1983.5	4.04003422474e-05	0.000639352123182	135	135
90.0	87.0	71.0	100.5	103.5	87.5	21	5.32793435985e-05	0.000219528028832	DLR00012709-2009-07-01_11-32-39	0.00114465105717	14	103	3004.5	1985.5	1.19296716047e-05	0.000213117374394	135	135
88.0	85.0	70.0				22	0.0		DLR00012709-2009-07-01_11-32-39	0.000130506178975	14	103	3137.5	1985.5	0.0	0.0	135	135
87.0	83.0	69.0				23	0.0		DLR00012709-2009-07-01_11-32-39	0.000975643573853	14	103	3268.5	1985.5	0.0	0.0	135	135
85.0	82.0	68.0				24	0.0		DLR00012709-2009-07-01_11-32-39	-0.000256362236524	14	103	3412.5	1985.5	0.0	0.0	135	135
92.0	89.0	75.0	110.0	109.0	99.0	1	0.000372955405189	0.000285913171416	DLR00012709-2009-07-01_11-32-39	0.00202982335306	15	103	269.5	2127.5	3.88448285529e-06	5.32793435985e-05	135	135
94.0	90.0	75.0				2	0.0		DLR00012709-2009-07-01_11-32-39	0.00157291057849	15	103	409.5	2124.5	0.0	0.0	135	135
96.0	92.0	77.0	113.0	112.0	100.0	3	0.00298364324152	0.000314460815538	DLR00012709-2009-07-01_11-32-39	0.00281370293957	15	103	544.5	2122.5	8.47097429102e-05	0.00101230752837	135	135
97.0	94.0	77.0	108.0	107.0	93.0	4	5.32793435985e-05	0.000209587138592	DLR00012709-2009-07-01_11-32-39	0.00199669721549	15	103	675.5	2123.5	8.70241011651e-06	0.000159838030795	135	135
97.0	94.0	77.0	114.0	111.0	97.0	5	0.000532793435985	0.000277503703723	DLR00012709-2009-07-01_11-32-39	0.00241436503501	15	103	815.5	2129.5	7.54045974205e-06	0.000106558687197	135	135
96.0	93.0	77.0				6	0.0		DLR00012709-2009-07-01_11-32-39	0.00200566556217	15	103	952.5	2124.5	0.0	0.0	135	135
96.0	94.0	77.0	117.0	117.0	101.0	7	0.00101230752837	0.000335752017087	DLR00012709-2009-07-01_11-32-39	0.00253522702159	15	103	1090.5	2122.5	2.9055191261e-05	0.000372955405189	135	135
95.0	93.0	75.0				8	0.0		DLR00012709-2009-07-01_11-32-39	0.00161739579653	15	103	1222.5	2122.5	0.0	0.0	135	135
94.0	92.0	75.0	106.5	105.0	89.5	9	5.32793435985e-05	0.000211577515271	DLR00012709-2009-07-01_11-32-39	0.00325081617819	15	103	1366.5	2122.5	5.74908267825e-06	0.000106558687197	135	135
92.0	90.0	74.0				10	0.0		DLR00012709-2009-07-01_11-32-39	0.00245211064499	15	103	1497.5	2122.5	0.0	0.0	135	135
92.0	90.0	73.0				11	0.0		DLR00012709-2009-07-01_11-32-39	0.0017125024048	15	103	1630.5	2122.5	0.0	0.0	135	135
91.0	90.0	72.0	104.0	104.0	90.0	12	0.000532793435985	0.000247930552081	DLR00012709-2009-07-01_11-32-39	0.000379021246684	15	103	1771.5	2122.5	1.7488675877e-05	0.000266396717992	135	135
91.0	89.0	72.0	108.0	108.0	92.0	13	0.000745910810379	0.000283061064347	DLR00012709-2009-07-01_11-32-39	0.000155766917713	15	103	1901.5	2122.5	1.96998578461e-05	0.000266396717992	135	135
90.0	88.0	72.0				14	0.000159838030795		DLR00012709-2009-07-01_11-32-39	0.000711209375316	15	103	2043.5	2122.5	0.0	0.0	135	135
90.0	88.0	72.0				15	0.0		DLR00012709-2009-07-01_11-32-39	0.00100759489761	15	103	2189.5	2122.5	0.0	0.0	135	135
90.0	88.0	71.0	102.0	102.0	86.0	16	0.000159838030795	0.000217065688868	DLR00012709-2009-07-01_11-32-39	0.000329873898761	15	103	2323.5	2122.5	2.94910494226e-06	5.32793435985e-05	135	135
91.0	88.0	71.0				17	0.0		DLR00012709-2009-07-01_11-32-39	0.00103958869968	15	103	2458.5	2122.5	0.0	0.0	135	135
91.0	89.0	72.0	103.0	103.0	89.0	18	0.000213117374394	0.000232867154179	DLR00012709-2009-07-01_11-32-39	0.000375923747182	15	103	2591.5	2128.5	6.32757465134e-06	0.000106558687197	135	135
91.0	88.0	72.0	104.0	105.0	93.0	19	0.00293036389792	0.000279250321275	DLR00012709-2009-07-01_11-32-39	0.00100072954191	15	103	2730.5	2125.5	0.000187743298823	0.00255740849273	135	135
92.0	88.0	72.0				20	0.0		DLR00012709-2009-07-01_11-32-39	0.000859474931468	15	103	2871.5	2124.5	0.0	0.0	135	135
91.0	87.0	72.0				21	0.000159838030795		DLR00012709-2009-07-01_11-32-39	0.0012908811879	15	103	3001.5	2122.5	0.0	0.0	135	135
89.0	85.0	70.0	104.0	101.0	87.0	22	0.000319676061591	0.000241677230563	DLR00012709-2009-07-01_11-32-39	0.000172882801757	15	103	3137.5	2122.5	3.28348307281e-06	5.32793435985e-05	135	135
88.0	84.0	69.0				23	0.0		DLR00012709-2009-07-01_11-32-39	0.00116103442165	15	103	3264.5	2122.5	0.0	0.0	135	135
86.0	83.0	69.0				24	0.0		DLR00012709-2009-07-01_11-32-39	0.000508082574358	15	103	3417.5	2131.5	0.0	0.0	135	135
96.0	95.0	84.0				1	0.0149182162076		DLR00012709-2009-07-01_11-32-39	-4.92921368028e-05	16	103	271.5	2261.5	0.0	0.0	135	135
98.0	97.0	85.0	119.0	117.0	107.0	2	0.0165165965155	0.000293864143454	DLR00012709-2009-07-01_11-32-39	-0.000583862479545	16	103	409.5	2261.5	7.77362557956e-05	0.000905748841174	135	135
100.0	98.0	85.0	132.5	132.0	123.0	3	0.0112419414993	0.000418384727991	DLR00012709-2009-07-01_11-32-39	0.000115497845296	16	103	553.5	2261.5	0.00033320147669	0.00223773243114	135	135
101.0	98.0	85.0	122.5	123.0	112.5	4	0.00106558687197	0.000281347269302	DLR00012709-2009-07-01_11-32-39	-0.000356421848461	16	103	678.5	2261.5	7.64489889412e-06	0.000106558687197	135	135
100.0	97.0	82.0	174.0	186.0	184.0	5	0.00948372316053	0.000435009713381	DLR00012709-2009-07-01_11-32-39	0.00059861357362	16	103	815.5	2261.5	0.000626186700254	0.00591400713943	135	135
98.0	96.0	81.0	124.0	123.0	112.0	6	0.00117214555917	0.00036639232763	DLR00012709-2009-07-01_11-32-39	-0.000148150592633	16	103	952.5	2261.5	4.15041104309e-05	0.000426234748788	135	135
98.0	96.0	80.0	111.0	109.5	93.0	7	0.000266396717992	0.000235052148239	DLR00012709-2009-07-01_11-32-39	0.000976345204302	16	103	1089.5	2261.5	6.38694632649e-06	0.000106558687197	135	135
98.0	94.0	78.0				8	0.0		DLR00012709-2009-07-01_11-32-39	-0.000125136472826	16	103	1226.5	2261.5	0.0	0.0	135	135
96.0	93.0	77.0				9	0.000319676061591		DLR00012709-2009-07-01_11-32-39	0.000831190359044	16	103	1357.5	2263.5	0.0	0.0	135	135
94.0	92.0	76.0				10	0.00117214555917		DLR00012709-2009-07-01_11-32-39	-0.000575109744978	16	103	1497.5	2266.5	0.0	0.0	135	135
94.0	92.0	76.0				11	0.00266396717992		DLR00012709-2009-07-01_11-32-39	7.48164944465e-05	16	103	1637.5	2261.5	0.0	0.0	135	135
95.0	93.0	76.0	117.5	120.5	109.5	12	0.00570088976504	0.000236184060115	DLR00012709-2009-07-01_11-32-39	-0.00106404919252	16	103	1766.5	2261.5	4.26907269789e-05	0.000532793435985	135	135
94.0	93.0	77.0	175.0	193.0	190.0	13	0.0213117374394	0.000407335895693	DLR00012709-2009-07-01_11-32-39	-0.000712331510907	16	103	1904.5	2265.5	0.000713509051461	0.00655335926261	135	135
94.0	91.0	75.0	98.0	109.0	106.0	14	0.00905748841174	0.00030536271368	DLR00012709-2009-07-01_11-32-39	-0.000950608059529	16	103	2046.5	2261.5	0.000193601556657	0.00234429111833	135	135
94.0	91.0	75.0				15	0.0034631573339		DLR00012709-2009-07-01_11-32-39	-0.00037421308078	16	103	2184.5	2259.5	0.0	0.0	135	135
95.0	91.0	75.0	116.0	117.0	107.0	16	0.00159838030795	0.000217542790953	DLR00012709-2009-07-01_11-32-39	-0.00189809760203	16	103	2317.5	2261.5	2.95558696218e-06	5.32793435985e-05	135	135
96.0	93.0	78.0	158.0	176.0	174.0	17	0.0185944909159	0.00024394649319	DLR00012709-2009-07-01_11-32-39	0.00185068993152	16	103	2463.5	2269.5	0.00301568533303	0.0482710853002	135	135
96.0	93.0	78.0	156.0	174.0	170.0	18	0.0180616974799	0.000229937098836	DLR00012709-2009-07-01_11-32-39	-0.00137450723535	16	103	2591.5	2261.5	0.000169026971552	0.00282380521072	135	135
96.0	93.0	79.0	158.0	176.0	172.0	19	0.0193404017263	0.000242616182047	DLR00012709-2009-07-01_11-32-39	-0.000100428007553	16	103	2734.5	2261.5	0.000518110426152	0.00831157760136	135	135
96.0	94.0	80.0	164.0	180.0	178.0	20	0.0371357024881	0.000275687997373	DLR00012709-2009-07-01_11-32-39	0.00325263623072	16	103	2866.5	2270.5	0.00472421510573	0.0646811231286	135	135
96.0	94.0	80.0	168.0	184.0	181.0	21	0.0337791038414	0.000276296878673	DLR00012709-2009-07-01_11-32-39	0.00357350593474	16	103	2995.5	2269.5	0.00443385261527	0.0570088976504	135	135
93.0	90.0	77.0	100.0	103.0	88.0	22	0.000319676061591	0.000226478775625	DLR00012709-2009-07-01_11-32-39	-0.00122639165199	16	103	3137.5	2254.5	9.03505807086e-06	0.000159838030795	135	135
93.0	91.0	79.0	169.0	189.0	188.0	23	0.041131653258	0.000310438974658	DLR00012709-2009-07-01_11-32-39	0.00457484907095	16	103	3269.5	2267.5	0.00579224555889	0.0640417710054	135	135
91.0	88.0	77.0	117.0	121.0	119.0	24	0.00602056582663	0.000220533048619	DLR00012709-2009-07-01_11-32-39	-0.00129010985283	16	103	3414.5	2251.5	6.14782888198e-05	0.00106558687197	135	135
