95.0	98.0	88.0	128.0	154.0	156.0	1	0.00751238744739	0.000171427379838	DLR00012647-2009-07-04_09-35-20	-0.00114932975662	1	95	267.5	207.5	0.00337535032306	0.0632425808514	135	135
97.0	101.0	90.0	145.0	164.0	160.0	2	0.0151846129256	0.00100819308231	DLR00012647-2009-07-04_09-35-20	0.14832840306	1	95	402.5	210.5	0.148388587495	0.660557301934	135	135
101.0	105.0	93.0	147.0	167.0	163.0	3	0.0218445308754	0.000975678256012	DLR00012647-2009-07-04_09-35-20	0.135394593131	1	95	545.5	210.5	0.135712903302	0.618786296553	135	135
102.0	105.0	93.0	149.0	169.0	165.0	4	0.0248814534605	0.000957826262926	DLR00012647-2009-07-04_09-35-20	0.125621990936	1	95	668.5	208.5	0.125880136095	0.587138366455	135	135
101.0	105.0	92.0	151.0	172.0	168.0	5	0.027598699984	0.000985624522909	DLR00012647-2009-07-04_09-35-20	0.142384337512	1	95	816.5	213.5	0.142881512	0.630720869519	135	135
101.0	103.0	87.0	124.0	132.0	122.0	6	0.0	0.000115575477948	DLR00012647-2009-07-04_09-35-20	-0.00427365881261	1	95	948.5	207.5	0.000478433531374	0.0154510096436	135	135
104.0	107.0	93.0	150.0	171.0	166.0	7	0.0290372422612	0.000945011980641	DLR00012647-2009-07-04_09-35-20	0.121029768494	1	95	1075.5	208.5	0.121156034065	0.570941446001	135	135
105.0	109.0	96.0	148.0	169.0	164.0	8	0.027865096702	0.000893907169873	DLR00012647-2009-07-04_09-35-20	0.118414740701	1	95	1217.5	202.5	0.119022961414	0.588949864138	135	135
103.0	108.0	93.0	149.0	171.0	165.0	9	0.0307421812563	0.00092738017532	DLR00012647-2009-07-04_09-35-20	0.126305934726	1	95	1350.5	206.5	0.126960365354	0.606425488838	135	135
103.0	107.0	93.0	150.0	172.0	167.0	10	0.028664286856	0.000952268418939	DLR00012647-2009-07-04_09-35-20	0.134845058553	1	95	1488.5	207.5	0.135179036189	0.638712771059	135	135
101.0	103.0	86.0	102.0	107.0	95.0	11	0.000745910810379	0.000110494260717	DLR00012647-2009-07-04_09-35-20	-0.00369809299146	1	95	1630.5	207.5	8.99571581596e-05	0.00223773243114	135	135
101.0	103.0	86.0	112.0	118.0	100.5	12	0.000426234748788	0.000218395429015	DLR00012647-2009-07-04_09-35-20	-0.00353396360207	1	95	1771.5	207.5	0.000173452289504	0.00266396717992	135	135
104.0	110.0	96.0	150.0	173.0	168.0	13	0.0305290638819	0.000948115564511	DLR00012647-2009-07-04_09-35-20	0.136253064722	1	95	1901.5	201.5	0.136927107726	0.628589695775	135	135
99.0	104.0	89.0	148.0	170.0	165.0	14	0.0297831530716	0.00090294574312	DLR00012647-2009-07-04_09-35-20	0.12428282002	1	95	2048.5	207.5	0.125072740962	0.616122329373	135	135
104.0	110.0	96.5	147.0	170.0	164.0	15	0.0288774042304	0.000911664228075	DLR00012647-2009-07-04_09-35-20	0.126824463005	1	95	2178.5	202.5	0.127593503946	0.603921359689	135	135
105.0	111.0	98.0	150.0	172.0	166.0	16	0.0261068783633	0.000929992625167	DLR00012647-2009-07-04_09-35-20	0.140377332872	1	95	2316.5	198.5	0.140592212505	0.665032766796	135	135
102.0	104.0	87.0	138.5	155.0	148.0	17	0.00873781235015	0.000825825251932	DLR00012647-2009-07-04_09-35-20	0.00356339278296	1	95	2454.5	207.5	0.00512283902269	0.027065906548	135	135
102.0	104.0	87.0	109.5	113.0	103.0	18	0.00266396717992	0.000210054947298	DLR00012647-2009-07-04_09-35-20	-5.87378565671e-05	1	95	2587.5	207.5	0.000450389805892	0.00564761042144	135	135
101.0	102.0	87.0	108.0	111.0	99.0	19	0.00383611273909	0.000166538615007	DLR00012647-2009-07-04_09-35-20	-0.00120928415591	1	95	2726.5	207.5	0.000589914240827	0.00857797431936	135	135
99.0	103.0	90.0	150.0	170.0	166.0	20	0.0280782140764	0.000957050790417	DLR00012647-2009-07-04_09-35-20	0.135875700787	1	95	2853.5	207.5	0.135598359456	0.642602163141	135	135
98.0	103.0	91.0	147.0	168.0	164.0	21	0.0260535990197	0.0010033128033	DLR00012647-2009-07-04_09-35-20	0.141010781289	1	95	2998.5	203.5	0.140646738398	0.622569129948	135	135
93.0	98.0	86.0	144.0	164.0	160.0	22	0.0231765144653	0.000980918066725	DLR00012647-2009-07-04_09-35-20	0.137371788137	1	95	3133.5	207.5	0.137073268497	0.633118439981	135	135
94.0	98.0	89.0	143.0	163.0	159.0	23	0.0193936810698	0.00106893254243	DLR00012647-2009-07-04_09-35-20	0.155418236753	1	95	3270.5	204.5	0.155102928464	0.656934306569	135	135
91.0	94.0	84.0	113.0	124.0	120.0	24	0.00676647663701	0.0001526133074	DLR00012647-2009-07-04_09-35-20	0.00279142433557	1	95	3411.5	207.5	0.00565782093302	0.0720336725452	135	135
91.0	94.0	82.0	144.0	164.0	160.0	1	0.0271724652352	0.00114391857939	DLR00012647-2009-07-04_09-35-20	0.186402845831	2	95	266.5	343.5	0.185786199103	0.734562310192	135	135
91.0	95.0	82.0	144.0	167.0	164.0	2	0.05759497043	0.00114117025953	DLR00012647-2009-07-04_09-35-20	0.18309065888	2	95	402.5	343.5	0.182122566793	0.773669348394	135	135
94.0	97.0	84.0	145.0	167.0	163.0	3	0.055463796686	0.00107549868724	DLR00012647-2009-07-04_09-35-20	0.158073670033	2	95	541.5	343.5	0.157428735774	0.712238265225	135	135
95.0	98.0	84.0	148.0	171.0	167.0	4	0.0606851723587	0.00108747113009	DLR00012647-2009-07-04_09-35-20	0.167670204986	2	95	676.5	337.5	0.167428756149	0.732218019074	135	135
95.0	99.0	85.0	148.0	171.0	167.0	5	0.0587671159891	0.00107481123909	DLR00012647-2009-07-04_09-35-20	0.161905344095	2	95	813.5	343.5	0.16167676419	0.692205232032	135	135
96.0	100.0	84.0	149.0	173.0	168.0	6	0.0527465501625	0.00109197992816	DLR00012647-2009-07-04_09-35-20	0.161084783568	2	95	947.5	343.5	0.161664510539	0.656401513133	135	135
95.0	100.0	84.0	148.0	172.0	167.0	7	0.0522670360701	0.0010704136402	DLR00012647-2009-07-04_09-35-20	0.166105474718	2	95	1077.5	351.5	0.16627032288	0.698652032607	135	135
95.0	100.0	84.0	148.0	173.0	168.0	8	0.0602589376099	0.00108033909418	DLR00012647-2009-07-04_09-35-20	0.160196907736	2	95	1214.5	343.5	0.160265116604	0.667110661197	135	135
94.0	99.0	84.0	146.0	170.0	164.0	9	0.0618040385742	0.00104828006468	DLR00012647-2009-07-04_09-35-20	0.157019857624	2	95	1360.5	343.5	0.157498261932	0.68714369439	135	135
94.0	99.0	83.0	148.0	174.0	169.0	10	0.0555170760296	0.00111959999155	DLR00012647-2009-07-04_09-35-20	0.17439728493	2	95	1502.5	341.5	0.174583757164	0.713730086845	135	135
93.0	98.0	83.0	146.0	172.0	167.0	11	0.0668655762161	0.00111253980988	DLR00012647-2009-07-04_09-35-20	0.188797624424	2	95	1634.5	342.5	0.189387759251	0.739677127178	135	135
93.0	99.0	82.0	148.0	175.0	170.0	12	0.0580744845224	0.0011387208571	DLR00012647-2009-07-04_09-35-20	0.180340931494	2	95	1761.5	350.5	0.1812576629	0.696840534925	135	135
93.0	99.0	83.0	145.0	170.0	166.0	13	0.0498161862646	0.0010634080595	DLR00012647-2009-07-04_09-35-20	0.163914931382	2	95	1903.5	343.5	0.164657145343	0.678032926634	135	135
93.0	99.0	83.0	147.0	173.0	168.0	14	0.0553039586552	0.00111715033684	DLR00012647-2009-07-04_09-35-20	0.171190078843	2	95	2041.5	341.5	0.171838347541	0.675209121424	135	135
93.0	99.0	83.0	144.0	169.0	163.0	15	0.0638819329746	0.00105234785957	DLR00012647-2009-07-04_09-35-20	0.162716311704	2	95	2178.5	343.5	0.163233261086	0.697639725079	135	135
94.0	99.0	84.0	147.0	172.0	167.0	16	0.0547178858756	0.00109324330923	DLR00012647-2009-07-04_09-35-20	0.172124343559	2	95	2317.5	343.5	0.172124562775	0.714316159625	135	135
95.0	99.0	83.0	149.0	174.0	169.0	17	0.0559433107784	0.00111797729894	DLR00012647-2009-07-04_09-35-20	0.199208834283	2	95	2445.5	335.5	0.199484977913	0.776493153604	135	135
95.0	99.0	83.0	150.0	175.0	170.0	18	0.0610048484203	0.00114517522403	DLR00012647-2009-07-04_09-35-20	0.183752681627	2	95	2590.5	337.5	0.183714657202	0.732484415792	135	135
94.0	98.0	83.0	148.0	172.0	167.0	19	0.0602056582663	0.00111818490068	DLR00012647-2009-07-04_09-35-20	0.19238168818	2	95	2720.5	342.5	0.192346945037	0.783153071554	135	135
94.0	98.0	82.0	147.0	171.0	166.0	20	0.0538654163781	0.00110506486441	DLR00012647-2009-07-04_09-35-20	0.164245682029	2	95	2861.5	343.5	0.164190313053	0.707176727583	135	135
92.0	96.0	81.0	145.0	167.0	162.0	21	0.0610581277639	0.00109911016577	DLR00012647-2009-07-04_09-35-20	0.184949819206	2	95	2990.5	343.5	0.184771388918	0.777665299164	135	135
89.0	92.0	79.0	143.0	165.0	161.0	22	0.062230273323	0.00115846599157	DLR00012647-2009-07-04_09-35-20	0.180830439804	2	95	3133.5	333.5	0.180467997468	0.77287015824	135	135
87.0	90.0	77.0	143.0	166.0	162.0	23	0.0612179657947	0.0012517005515	DLR00012647-2009-07-04_09-35-20	0.212160680889	2	95	3263.5	343.5	0.211737675489	0.816772337365	135	135
86.0	90.0	78.0	142.0	164.0	160.0	24	0.0386275241089	0.00124678806905	DLR00012647-2009-07-04_09-35-20	0.215902544764	2	95	3403.5	343.5	0.215575245375	0.808780435825	135	135
90.0	94.0	83.0	143.0	165.0	162.0	1	0.0506686557622	0.00116056800917	DLR00012647-2009-07-04_09-35-20	0.185074398955	3	95	269.5	481.5	0.184589880486	0.742500932389	135	135
90.0	95.0	83.0	143.0	167.0	164.0	2	0.0617507592306	0.00113037143043	DLR00012647-2009-07-04_09-35-20	0.154565194853	3	95	403.5	481.5	0.153791497631	0.675368959454	135	135
93.0	97.0	83.0	143.0	164.0	160.0	3	0.0751771538175	0.00103228779513	DLR00012647-2009-07-04_09-35-20	0.139308582335	3	95	547.5	481.5	0.139088454187	0.649368639778	135	135
94.0	98.0	84.0	144.0	166.0	161.0	4	0.0773083275614	0.00101823477346	DLR00012647-2009-07-04_09-35-20	0.12424567925	3	95	670.5	481.5	0.124299402868	0.585539986147	135	135
94.0	99.0	84.0	146.0	170.0	165.0	5	0.0614843625127	0.00105748254112	DLR00012647-2009-07-04_09-35-20	0.133711220888	3	95	813.5	481.5	0.133974417304	0.589855612979	135	135
94.0	99.0	84.0	146.0	169.0	164.0	6	0.0651606372209	0.00103937298971	DLR00012647-2009-07-04_09-35-20	0.136963998812	3	95	948.5	481.5	0.137787419591	0.599339336139	135	135
93.0	99.0	83.0	145.0	170.0	165.0	7	0.06899674996	0.00104421914778	DLR00012647-2009-07-04_09-35-20	0.131273031263	3	95	1075.5	481.5	0.132350702516	0.578400554105	135	135
93.0	99.0	83.0	144.0	168.0	163.0	8	0.0759763439714	0.00102186259563	DLR00012647-2009-07-04_09-35-20	0.13038373443	3	95	1222.5	481.5	0.131623004796	0.579625979008	135	135
92.0	99.0	83.0	144.0	168.0	162.0	9	0.0864190953167	0.001027463919	DLR00012647-2009-07-04_09-35-20	0.121330298566	3	95	1360.5	481.5	0.122849946404	0.545740316479	135	135
92.0	98.0	82.0	144.0	169.0	164.0	10	0.0684106771805	0.0010524576877	DLR00012647-2009-07-04_09-35-20	0.119476905157	3	95	1495.5	481.5	0.121528894966	0.515157973254	135	135
92.0	98.0	82.0	143.0	167.0	161.0	11	0.0779476796846	0.00103349437019	DLR00012647-2009-07-04_09-35-20	0.126721227585	3	95	1634.5	478.5	0.128533188059	0.562683147744	135	135
91.0	98.0	82.0	144.0	171.0	166.0	12	0.061697479887	0.00106783190689	DLR00012647-2009-07-04_09-35-20	0.134879722362	3	95	1771.5	481.5	0.137097498553	0.564867600831	135	135
92.0	98.0	82.0	144.0	169.0	164.0	13	0.0739517289147	0.0010534313793	DLR00012647-2009-07-04_09-35-20	0.125813970721	3	95	1899.5	471.5	0.127576484779	0.546059992541	135	135
91.0	98.0	82.0	142.0	166.0	161.0	14	0.0716074377964	0.00102250515036	DLR00012647-2009-07-04_09-35-20	0.130722051477	3	95	2037.5	481.5	0.13216626101	0.579466140977	135	135
91.0	98.0	82.0	144.0	169.0	164.0	15	0.0591933507379	0.0010708024958	DLR00012647-2009-07-04_09-35-20	0.124490590989	3	95	2173.5	481.5	0.126305783373	0.527518780969	135	135
92.0	98.0	82.0	144.0	170.0	165.0	16	0.0605786136715	0.00107576583194	DLR00012647-2009-07-04_09-35-20	0.119883792848	3	95	2316.5	471.5	0.121898554098	0.520006393521	135	135
92.0	98.0	82.0	144.0	168.0	162.0	17	0.0723533486067	0.00105067838777	DLR00012647-2009-07-04_09-35-20	0.116978522074	3	95	2451.5	481.5	0.119026608741	0.510416111674	135	135
92.0	97.0	82.0	146.0	170.0	165.0	18	0.0646811231286	0.00108803343691	DLR00012647-2009-07-04_09-35-20	0.139800150118	3	95	2590.5	481.5	0.141560822307	0.56662581917	135	135
92.0	97.0	82.0	146.0	171.0	166.0	19	0.0694762640524	0.00110997637151	DLR00012647-2009-07-04_09-35-20	0.14833553191	3	95	2726.5	481.5	0.148862828312	0.612712451383	135	135
92.0	96.0	81.0	144.0	166.0	160.0	20	0.075763226597	0.00104726671343	DLR00012647-2009-07-04_09-35-20	0.135761449491	3	95	2861.5	481.5	0.136810682804	0.602429538068	135	135
92.0	96.0	81.0	143.0	164.0	158.0	21	0.0807714848953	0.00105643384634	DLR00012647-2009-07-04_09-35-20	0.12520173506	3	95	2992.5	481.5	0.125482401534	0.556875699291	135	135
90.0	94.0	79.0	141.0	162.0	156.0	22	0.0692098673344	0.00108407833947	DLR00012647-2009-07-04_09-35-20	0.136455945975	3	95	3133.5	481.5	0.135907052427	0.615855932655	135	135
86.0	90.0	77.0	138.0	160.0	155.0	23	0.0743779636635	0.0011408153596	DLR00012647-2009-07-04_09-35-20	0.170206205114	3	95	3273.5	481.5	0.169410028046	0.74548457563	135	135
85.0	89.0	77.0	141.0	163.0	159.0	24	0.0582876018967	0.00126363306691	DLR00012647-2009-07-04_09-35-20	0.215721403323	3	95	3407.5	476.5	0.215503529141	0.812616548564	135	135
91.0	94.0	83.0	144.0	167.0	163.0	1	0.0514145665725	0.00116740058437	DLR00012647-2009-07-04_09-35-20	0.193683495067	4	95	265.5	625.5	0.193677210567	0.756833075817	135	135
91.0	94.0	82.0	145.0	169.0	166.0	2	0.0576482497736	0.00115058121178	DLR00012647-2009-07-04_09-35-20	0.168251791182	4	95	405.5	614.5	0.16858275952	0.681336245937	135	135
92.0	96.0	82.0	144.0	167.0	163.0	3	0.0597794235175	0.0010774573014	DLR00012647-2009-07-04_09-35-20	0.161851234666	4	95	540.5	618.5	0.162204113522	0.695988065427	135	135
93.0	98.0	83.0	147.0	171.0	167.0	4	0.0559433107784	0.00109319034521	DLR00012647-2009-07-04_09-35-20	0.148153299706	4	95	670.5	618.5	0.148999875301	0.625979007939	135	135
94.0	99.0	84.0	145.0	168.0	163.0	5	0.0663327827801	0.00103042389431	DLR00012647-2009-07-04_09-35-20	0.121085760952	4	95	813.5	618.5	0.122207355664	0.543449304705	135	135
93.0	99.0	83.0	147.0	174.0	169.0	6	0.0537588576909	0.0011075650845	DLR00012647-2009-07-04_09-35-20	0.156133307636	4	95	944.5	618.5	0.157045686109	0.630241355427	135	135
93.0	99.0	83.0	145.0	171.0	166.0	7	0.0639352123182	0.00106222233009	DLR00012647-2009-07-04_09-35-20	0.146195451963	4	95	1079.5	623.5	0.147323114598	0.616655122809	135	135
92.0	98.0	83.0	146.0	172.0	167.0	8	0.0608982897331	0.00107955876354	DLR00012647-2009-07-04_09-35-20	0.151020519618	4	95	1224.5	623.5	0.152847951432	0.612073099259	135	135
91.0	98.0	83.0	143.0	168.0	163.0	9	0.078427193777	0.00102312849312	DLR00012647-2009-07-04_09-35-20	0.143559536994	4	95	1356.5	613.5	0.145044679459	0.628536416431	135	135
91.0	98.0	83.0	146.0	174.0	170.0	10	0.0579679258352	0.00111924393623	DLR00012647-2009-07-04_09-35-20	0.160211386207	4	95	1485.5	618.5	0.162038151864	0.624806862379	135	135
91.0	97.0	82.0	143.0	169.0	164.0	11	0.0657999893441	0.00105188815491	DLR00012647-2009-07-04_09-35-20	0.153347935355	4	95	1631.5	618.5	0.155149624975	0.642975118547	135	135
91.0	97.0	82.0	144.0	172.0	167.0	12	0.0586605573019	0.0011071736184	DLR00012647-2009-07-04_09-35-20	0.147876024469	4	95	1771.5	622.5	0.150275816908	0.585699824178	135	135
91.0	97.0	82.0	143.0	169.0	164.0	13	0.0747509190687	0.00106819289082	DLR00012647-2009-07-04_09-35-20	0.145277876343	4	95	1900.5	618.5	0.147235050741	0.610261601577	135	135
91.0	97.0	81.0	145.0	172.0	168.0	14	0.0594064681123	0.00111798797372	DLR00012647-2009-07-04_09-35-20	0.148546765109	4	95	2041.5	618.5	0.150829145366	0.588470350045	135	135
91.0	97.0	82.0	143.0	169.0	164.0	15	0.0676114870265	0.0010678862931	DLR00012647-2009-07-04_09-35-20	0.165764790822	4	95	2173.5	613.5	0.167289457665	0.678618999414	135	135
91.0	97.0	81.0	144.0	170.0	166.0	16	0.0607384517023	0.00109402366876	DLR00012647-2009-07-04_09-35-20	0.145553695961	4	95	2322.5	618.5	0.147642815711	0.595076988651	135	135
91.0	97.0	82.0	145.0	170.0	166.0	17	0.0646811231286	0.00109055583791	DLR00012647-2009-07-04_09-35-20	0.166112977881	4	95	2453.5	618.5	0.167307404713	0.672598433587	135	135
91.0	97.0	81.0	146.0	172.0	167.0	18	0.0660663860621	0.00112036888061	DLR00012647-2009-07-04_09-35-20	0.156803168149	4	95	2591.5	617.5	0.158418084431	0.633224998668	135	135
91.0	97.0	81.0	145.0	170.0	165.0	19	0.0639884916618	0.00109913555376	DLR00012647-2009-07-04_09-35-20	0.172767248727	4	95	2718.5	618.5	0.173637398843	0.703820128936	135	135
92.0	97.0	82.0	146.0	171.0	166.0	20	0.0592466300815	0.00111826463542	DLR00012647-2009-07-04_09-35-20	0.161481855608	4	95	2861.5	620.5	0.161877482077	0.665565560232	135	135
92.0	96.0	81.0	144.0	167.0	162.0	21	0.0625499493846	0.0010970821135	DLR00012647-2009-07-04_09-35-20	0.174784051403	4	95	2992.5	613.5	0.174897822857	0.718471948426	135	135
90.0	93.0	78.0	144.0	167.0	162.0	22	0.061963876605	0.00115743394949	DLR00012647-2009-07-04_09-35-20	0.172609337507	4	95	3133.5	618.5	0.172716048425	0.711971868507	135	135
86.0	90.0	76.0	142.0	165.0	161.0	23	0.0682508391497	0.00122974088824	DLR00012647-2009-07-04_09-35-20	0.206212671751	4	95	3273.5	618.5	0.205999523882	0.805796792584	135	135
85.0	89.0	77.0	145.0	169.0	166.0	24	0.0620704352922	0.00137940147742	DLR00012647-2009-07-04_09-35-20	0.235184631795	4	95	3406.5	618.5	0.235253996625	0.770259470403	135	135
92.0	94.0	83.0	145.0	166.0	163.0	1	0.0587671159891	0.00115600249931	DLR00012647-2009-07-04_09-35-20	0.191535037374	5	95	266.5	755.5	0.191280785746	0.758005221376	135	135
91.0	95.0	82.0	145.0	168.0	165.0	2	0.0575416910864	0.00113145204468	DLR00012647-2009-07-04_09-35-20	0.156568278311	5	95	405.5	757.5	0.156671915159	0.662901593052	135	135
92.0	96.0	82.0	145.0	168.0	164.0	3	0.0588736746763	0.00108334763208	DLR00012647-2009-07-04_09-35-20	0.124457018399	5	95	533.5	757.5	0.125506502349	0.537428738878	135	135
93.0	97.0	83.0	144.0	165.0	160.0	4	0.0737386115403	0.00100396350144	DLR00012647-2009-07-04_09-35-20	0.12627091457	5	95	671.5	752.5	0.12746190182	0.583035856998	135	135
94.0	98.0	83.0	146.0	168.0	163.0	5	0.0680377217753	0.00103855035764	DLR00012647-2009-07-04_09-35-20	0.115927162792	5	95	813.5	757.5	0.117613688477	0.527572060312	135	135
93.0	98.0	83.0	145.0	168.0	163.0	6	0.0665991794981	0.00103309528209	DLR00012647-2009-07-04_09-35-20	0.127654330188	5	95	948.5	757.5	0.1292786884	0.564228248708	135	135
93.0	98.0	82.0	146.0	170.0	165.0	7	0.0715541584528	0.00106452498333	DLR00012647-2009-07-04_09-35-20	0.133482619394	5	95	1085.5	757.5	0.135623086847	0.572433267622	135	135
92.0	98.0	82.0	144.0	168.0	163.0	8	0.0630827428206	0.0010362928649	DLR00012647-2009-07-04_09-35-20	0.132917349268	5	95	1224.5	747.5	0.135473637271	0.566572539826	135	135
91.0	98.0	82.0	143.0	166.0	161.0	9	0.0762427406894	0.00100021354215	DLR00012647-2009-07-04_09-35-20	0.103998103135	5	95	1360.5	757.5	0.107543326608	0.479087857638	135	135
91.0	97.0	82.0	144.0	169.0	165.0	10	0.0649475198466	0.00106104858087	DLR00012647-2009-07-04_09-35-20	0.131752291089	5	95	1495.5	757.5	0.134781413167	0.551014971496	135	135
91.0	97.0	81.0	145.0	171.0	166.0	11	0.0752304331611	0.00109936213537	DLR00012647-2009-07-04_09-35-20	0.133500958848	5	95	1628.5	756.5	0.136552210075	0.542650114551	135	135
90.0	97.0	81.0	144.0	169.0	165.0	12	0.0726197453247	0.00108728758549	DLR00012647-2009-07-04_09-35-20	0.135902138901	5	95	1766.5	750.5	0.138622949804	0.548457563003	135	135
91.0	97.0	81.0	143.0	168.0	163.0	13	0.069795940114	0.00106179484325	DLR00012647-2009-07-04_09-35-20	0.130309472045	5	95	1903.5	757.5	0.132903377499	0.539719750653	135	135
90.0	96.0	81.0	140.0	164.0	159.0	14	0.0864190953167	0.00100137986068	DLR00012647-2009-07-04_09-35-20	0.115178277471	5	95	2041.5	757.5	0.118554755424	0.530129468805	135	135
90.0	96.0	81.0	142.0	168.0	163.0	15	0.0709680856732	0.00106238700859	DLR00012647-2009-07-04_09-35-20	0.12659481119	5	95	2178.5	757.5	0.129338530186	0.534551654324	135	135
91.0	97.0	81.0	143.0	168.0	164.0	16	0.0734189354787	0.00107305949589	DLR00012647-2009-07-04_09-35-20	0.134090841214	5	95	2313.5	757.5	0.136257639365	0.56071181203	135	135
91.0	97.0	81.0	146.0	171.0	167.0	17	0.0644147264106	0.00111859321641	DLR00012647-2009-07-04_09-35-20	0.156926192273	5	95	2453.5	763.5	0.158507175817	0.613138686131	135	135
92.0	97.0	81.0	146.0	171.0	166.0	18	0.0591400713943	0.00111411606783	DLR00012647-2009-07-04_09-35-20	0.154454345467	5	95	2590.5	754.5	0.155537201771	0.614683787096	135	135
92.0	97.0	82.0	146.0	171.0	166.0	19	0.062496670041	0.00111326135018	DLR00012647-2009-07-04_09-35-20	0.151172047868	5	95	2721.5	749.5	0.151973163134	0.605466460653	135	135
92.0	97.0	81.0	146.0	170.0	165.0	20	0.0543982098141	0.00111281990415	DLR00012647-2009-07-04_09-35-20	0.150136749347	5	95	2853.5	757.5	0.150760651912	0.610101763546	135	135
92.0	95.0	80.0	141.0	162.0	156.0	21	0.0635089775694	0.00104492482609	DLR00012647-2009-07-04_09-35-20	0.12255035273	5	95	2998.5	757.5	0.122879860799	0.566838936544	135	135
90.0	93.0	78.0	142.0	164.0	158.0	22	0.0694762640524	0.00112698696591	DLR00012647-2009-07-04_09-35-20	0.146913840464	5	95	3124.5	757.5	0.147279154309	0.631999573765	135	135
87.0	91.0	76.0	140.0	161.0	156.0	23	0.0705418509244	0.00116989072388	DLR00012647-2009-07-04_09-35-20	0.171949016271	5	95	3265.5	757.5	0.171812978251	0.73067291811	135	135
86.0	89.0	76.0	147.0	170.0	166.0	24	0.0660663860621	0.00139375019535	DLR00012647-2009-07-04_09-35-20	0.230513199841	5	95	3408.5	759.5	0.230711473535	0.751451862113	135	135
92.0	93.0	79.0	100.0	103.5	95.0	1	0.0034631573339	0.000182360167101	DLR00012647-2009-07-04_09-35-20	-0.00235127761809	6	95	267.5	893.5	0.000428928091901	0.00639352123182	135	135
91.0	95.0	82.0	149.0	174.0	171.0	2	0.0601523789227	0.00121398499366	DLR00012647-2009-07-04_09-35-20	0.191015017755	6	95	403.5	891.5	0.191293243716	0.722521178539	135	135
92.0	96.0	81.0	145.0	169.0	165.0	3	0.0588203953327	0.00109339044944	DLR00012647-2009-07-04_09-35-20	0.153597202063	6	95	538.5	893.5	0.154612457019	0.67115989131	135	135
94.0	98.0	83.0	147.0	170.0	166.0	4	0.0534924609729	0.00108267106535	DLR00012647-2009-07-04_09-35-20	0.145293323003	6	95	676.5	888.5	0.146223285285	0.617933827055	135	135
94.0	99.0	83.0	147.0	172.0	167.0	5	0.0580744845224	0.00108778904477	DLR00012647-2009-07-04_09-35-20	0.158207984536	6	95	816.5	898.5	0.158967816833	0.649794874527	135	135
94.0	98.0	81.0	95.0	104.0	91.0	6	0.0	7.24977139697e-05	DLR00012647-2009-07-04_09-35-20	-0.00717927850855	6	95	948.5	893.5	7.53755850489e-05	0.00325003995951	135	135
93.0	98.0	82.0	147.0	171.0	167.0	7	0.0671319729341	0.00108577658261	DLR00012647-2009-07-04_09-35-20	0.156778600897	6	95	1086.5	891.5	0.158017276498	0.633118439981	135	135
91.0	97.0	82.0	146.0	171.0	167.0	8	0.0621237146358	0.00108497186599	DLR00012647-2009-07-04_09-35-20	0.153783807246	6	95	1224.5	895.5	0.155980982347	0.613032127444	135	135
91.0	97.0	82.0	144.0	169.0	164.0	9	0.0645745644414	0.00105660900862	DLR00012647-2009-07-04_09-35-20	0.151304570725	6	95	1360.5	883.5	0.153606867865	0.625872449251	135	135
91.0	97.0	82.0	145.0	171.0	167.0	10	0.0576482497736	0.0011069901059	DLR00012647-2009-07-04_09-35-20	0.143950517132	6	95	1499.5	893.5	0.146652782825	0.566679098514	135	135
92.0	96.0	80.0	105.5	112.0	96.0	11	0.0	0.000198351495683	DLR00012647-2009-07-04_09-35-20	-0.00864728327874	6	95	1643.5	891.5	1.05692779472e-05	0.000213117374394	135	135
92.0	96.0	80.0	99.5	106.0	93.0	12	0.0	0.000128409713869	DLR00012647-2009-07-04_09-35-20	-0.00790774256655	6	95	1771.5	893.5	6.10754441802e-05	0.00170493899515	135	135
90.0	96.0	82.0	144.0	170.0	166.0	13	0.0704352922372	0.00111564855828	DLR00012647-2009-07-04_09-35-20	0.170244583148	6	95	1902.5	889.5	0.171826934437	0.652299003676	135	135
90.0	96.0	81.0	144.0	171.0	167.0	14	0.0642016090362	0.00112526821666	DLR00012647-2009-07-04_09-35-20	0.157287432864	6	95	2041.5	887.5	0.159709159013	0.603068890191	135	135
90.0	96.0	81.0	144.0	170.0	166.0	15	0.0637220949438	0.00111298686698	DLR00012647-2009-07-04_09-35-20	0.16917466531	6	95	2178.5	893.5	0.170996643912	0.652565400394	135	135
91.0	97.0	81.0	146.0	172.0	168.0	16	0.0636688156002	0.00113361606883	DLR00012647-2009-07-04_09-35-20	0.16301660874	6	95	2316.5	893.5	0.16463124197	0.622728967979	135	135
94.0	97.0	80.0	124.0	133.0	122.0	17	0.00580744845224	0.000246881681695	DLR00012647-2009-07-04_09-35-20	-0.00689519810076	6	95	2460.5	893.5	0.00137058273607	0.0160370824231	135	135
94.0	97.0	79.0	117.0	124.0	110.0	18	0.000266396717992	0.000181405062461	DLR00012647-2009-07-04_09-35-20	-0.00626057058616	6	95	2590.5	893.5	0.000211992153464	0.00431562683148	135	135
93.0	95.0	78.0	93.0	101.0	90.0	19	0.0	8.27932456047e-05	DLR00012647-2009-07-04_09-35-20	-0.00711393747181	6	95	2726.5	894.5	0.000153591923244	0.0068730353242	135	135
91.0	96.0	80.0	146.0	171.0	167.0	20	0.0606851723587	0.00115754651621	DLR00012647-2009-07-04_09-35-20	0.158473081523	6	95	2861.5	889.5	0.158923101583	0.629495444616	135	135
91.0	95.0	79.0	143.0	166.0	160.0	21	0.0620704352922	0.00110397286039	DLR00012647-2009-07-04_09-35-20	0.174297850385	6	95	2996.5	885.5	0.174326228289	0.727049922745	135	135
90.0	93.0	77.0	144.0	167.0	162.0	22	0.0557834727476	0.00118479161803	DLR00012647-2009-07-04_09-35-20	0.173321957561	6	95	3126.5	893.5	0.173894248501	0.691992114657	135	135
87.0	90.0	75.0	146.0	170.0	166.0	23	0.0652671959081	0.00129964749884	DLR00012647-2009-07-04_09-35-20	0.230007042554	6	95	3269.5	889.5	0.229767509987	0.781661249933	135	135
87.0	88.0	73.0	91.0	95.0	79.0	24	0.0	9.87256127155e-05	DLR00012647-2009-07-04_09-35-20	-0.00206841403315	6	95	3411.5	893.5	3.53550818493e-05	0.00127870424636	135	135
93.0	95.0	82.0	148.0	170.0	166.0	1	0.0474718951463	0.00119626076163	DLR00012647-2009-07-04_09-35-20	0.192721474686	7	95	272.5	1029.5	0.192293864412	0.751824817518	135	135
92.0	95.0	81.0	144.0	167.0	164.0	2	0.057861367148	0.00111123419688	DLR00012647-2009-07-04_09-35-20	0.15781788515	7	95	410.5	1029.5	0.158329389836	0.689594544195	135	135
92.0	96.0	82.0	145.0	167.0	163.0	3	0.062763066759	0.00107042770762	DLR00012647-2009-07-04_09-35-20	0.142256466398	7	95	548.5	1025.5	0.143214427086	0.620544514892	135	135
93.0	97.0	82.0	144.0	166.0	161.0	4	0.0547711652192	0.00102795644814	DLR00012647-2009-07-04_09-35-20	0.131427923826	7	95	676.5	1028.5	0.132647661184	0.591081037882	135	135
93.0	98.0	83.0	146.0	169.0	164.0	5	0.0634024188822	0.00105762298909	DLR00012647-2009-07-04_09-35-20	0.129058402069	7	95	822.5	1029.5	0.130314546332	0.553039586552	135	135
93.0	98.0	82.0	147.0	170.0	165.0	6	0.0659065480313	0.00107989021407	DLR00012647-2009-07-04_09-35-20	0.13935715423	7	95	952.5	1024.5	0.140559248796	0.581064521285	135	135
92.0	98.0	82.0	142.0	165.0	159.0	7	0.0680377217753	0.00099318154581	DLR00012647-2009-07-04_09-35-20	0.121340751294	7	95	1081.5	1029.5	0.123074819152	0.53849432575	135	135
91.0	97.0	82.0	145.0	169.0	164.0	8	0.0764025787202	0.00106945183227	DLR00012647-2009-07-04_09-35-20	0.12941485755	7	95	1219.5	1029.5	0.13199814987	0.551387926901	135	135
90.0	97.0	81.0	144.0	169.0	165.0	9	0.0614843625127	0.00107840819306	DLR00012647-2009-07-04_09-35-20	0.119690963909	7	95	1360.5	1029.5	0.123252613862	0.497948745271	135	135
91.0	96.0	81.0	144.0	168.0	164.0	10	0.0740050082583	0.00107274603511	DLR00012647-2009-07-04_09-35-20	0.124811435897	7	95	1485.5	1027.5	0.127915223742	0.519207203367	135	135
91.0	96.0	81.0	145.0	171.0	166.0	11	0.0662262240929	0.00111589205959	DLR00012647-2009-07-04_09-35-20	0.131380452188	7	95	1635.5	1024.5	0.13381939984	0.514838297192	135	135
90.0	96.0	81.0	145.0	171.0	167.0	12	0.0629761841334	0.00112907930891	DLR00012647-2009-07-04_09-35-20	0.130364242427	7	95	1771.5	1029.5	0.133307758641	0.504715221908	135	135
89.0	95.0	81.0	142.0	166.0	161.0	13	0.0819436304545	0.00105902787592	DLR00012647-2009-07-04_09-35-20	0.102884332928	7	95	1895.5	1029.5	0.106638943065	0.443870211519	135	135
89.0	95.0	80.0	141.0	165.0	160.0	14	0.0814108370185	0.00104508437379	DLR00012647-2009-07-04_09-35-20	0.121842864924	7	95	2041.5	1032.5	0.125347539759	0.520379348926	135	135
90.0	95.0	80.0	143.0	168.0	163.0	15	0.0587138366455	0.00108281226323	DLR00012647-2009-07-04_09-35-20	0.116490184758	7	95	2178.5	1032.5	0.120424398154	0.479620651074	135	135
91.0	96.0	81.0	143.0	168.0	163.0	16	0.0543449304705	0.00105738770131	DLR00012647-2009-07-04_09-35-20	0.108079733855	7	95	2316.5	1029.5	0.111192674358	0.462038467686	135	135
92.0	97.0	81.0	144.0	168.0	163.0	17	0.0639352123182	0.00108278984099	DLR00012647-2009-07-04_09-35-20	0.147835386035	7	95	2462.5	1029.5	0.14880771151	0.596515530929	135	135
91.0	96.0	80.0	145.0	170.0	164.0	18	0.0612712451383	0.00113360429875	DLR00012647-2009-07-04_09-35-20	0.139802711611	7	95	2590.5	1029.5	0.140946533838	0.551494485588	135	135
91.0	96.0	80.0	143.0	166.0	160.0	19	0.0678778837445	0.00108707048564	DLR00012647-2009-07-04_09-35-20	0.131889679234	7	95	2728.5	1029.5	0.132681162248	0.553199424583	135	135
91.0	95.0	79.0	143.0	166.0	159.0	20	0.0704885715808	0.00108947792637	DLR00012647-2009-07-04_09-35-20	0.129007718811	7	95	2861.5	1029.5	0.130030345195	0.554265011455	135	135
91.0	94.0	79.0	143.0	166.0	161.0	21	0.0582343225531	0.00112734249605	DLR00012647-2009-07-04_09-35-20	0.142754534721	7	95	2993.5	1029.5	0.143368847272	0.59417123981	135	135
89.0	92.0	77.0	142.0	163.0	157.0	22	0.0617507592306	0.00113394289476	DLR00012647-2009-07-04_09-35-20	0.155796870715	7	95	3133.5	1022.5	0.156427328709	0.639298843838	135	135
87.0	90.0	75.0	146.0	168.0	164.0	23	0.0757099472534	0.00129763571899	DLR00012647-2009-07-04_09-35-20	0.205374085612	7	95	3273.5	1029.5	0.204819528917	0.741861580265	135	135
87.0	88.0	73.0	93.0	94.0	82.0	24	0.0	9.62125948986e-05	DLR00012647-2009-07-04_09-35-20	0.000378280186437	7	95	3411.5	1022.5	3.20454944573e-05	0.00122542490277	135	135
94.0	97.0	84.0	146.0	167.0	163.0	1	0.047898129895	0.00114228833901	DLR00012647-2009-07-04_09-35-20	0.193794775994	8	95	267.5	1165.5	0.193310696284	0.775427566732	135	135
92.0	96.0	82.0	146.0	170.0	166.0	2	0.0603654962971	0.00114933057405	DLR00012647-2009-07-04_09-35-20	0.176828773635	8	95	403.5	1158.5	0.176667094779	0.735468059034	135	135
93.0	97.0	81.0	144.0	167.0	162.0	3	0.0629229047898	0.00106340449672	DLR00012647-2009-07-04_09-35-20	0.140382664788	8	95	545.5	1168.5	0.141273645225	0.619265810645	135	135
93.0	97.0	82.0	147.0	171.0	167.0	4	0.0543982098141	0.001105396096	DLR00012647-2009-07-04_09-35-20	0.150252476214	8	95	670.5	1165.5	0.15108913897	0.622942085354	135	135
93.0	98.0	82.0	143.0	165.0	160.0	5	0.0660131067185	0.00100826912808	DLR00012647-2009-07-04_09-35-20	0.128605642412	8	95	813.5	1165.5	0.129874972035	0.576535777079	135	135
93.0	98.0	82.0	147.0	172.0	167.0	6	0.0595130267995	0.00111270814361	DLR00012647-2009-07-04_09-35-20	0.157514745994	8	95	948.5	1161.5	0.158742535601	0.625073259097	135	135
92.0	97.0	82.0	144.0	167.0	162.0	7	0.0822633065161	0.00104654047278	DLR00012647-2009-07-04_09-35-20	0.14473506303	8	95	1085.5	1167.5	0.146036556958	0.63088070755	135	135
91.0	97.0	82.0	145.0	171.0	167.0	8	0.0591933507379	0.0011144502976	DLR00012647-2009-07-04_09-35-20	0.160319011917	8	95	1224.5	1167.5	0.162178136166	0.621024028984	135	135
90.0	96.0	81.0	141.0	164.0	159.0	9	0.0819969097981	0.00101272034099	DLR00012647-2009-07-04_09-35-20	0.129050483423	8	95	1360.5	1166.5	0.131630155434	0.57136768075	135	135
90.0	96.0	81.0	145.0	170.0	166.0	10	0.0605786136715	0.00111509964241	DLR00012647-2009-07-04_09-35-20	0.144375690936	8	95	1489.5	1165.5	0.147159498673	0.563482337898	135	135
89.0	96.0	81.0	143.0	169.0	164.0	11	0.0754968298791	0.00109238775772	DLR00012647-2009-07-04_09-35-20	0.163011388111	8	95	1629.5	1165.5	0.165088674707	0.642868559859	135	135
89.0	95.0	81.0	145.0	172.0	168.0	12	0.0663327827801	0.00115209898738	DLR00012647-2009-07-04_09-35-20	0.155619950434	8	95	1762.5	1158.5	0.158227856751	0.58468751665	135	135
89.0	95.0	81.0	143.0	169.0	164.0	13	0.0723533486067	0.00111166425102	DLR00012647-2009-07-04_09-35-20	0.158765600952	8	95	1903.5	1164.5	0.161270034764	0.620917470297	135	135
89.0	95.0	80.0	145.0	172.0	167.0	14	0.0593531887687	0.001153263546	DLR00012647-2009-07-04_09-35-20	0.14656861002	8	95	2031.5	1161.5	0.149847712876	0.548883797752	135	135
89.0	95.0	80.0	142.0	168.0	163.0	15	0.0658532686877	0.00108991638934	DLR00012647-2009-07-04_09-35-20	0.154279884505	8	95	2181.5	1166.5	0.157021563606	0.610794395013	135	135
89.0	95.0	80.0	143.0	168.0	164.0	16	0.0657467100005	0.00111482909224	DLR00012647-2009-07-04_09-35-20	0.147516925099	8	95	2316.5	1155.5	0.149904090795	0.579679258352	135	135
89.0	95.0	80.0	144.0	169.0	165.0	17	0.0628696254462	0.0011343300268	DLR00012647-2009-07-04_09-35-20	0.18041801855	8	95	2443.5	1162.5	0.181697165546	0.691725717939	135	135
91.0	96.0	81.0	144.0	170.0	165.0	18	0.0596728648303	0.0011511286151	DLR00012647-2009-07-04_09-35-20	0.162624483184	8	95	2590.5	1163.5	0.16378014704	0.629761841334	135	135
91.0	95.0	79.0	144.0	168.0	163.0	19	0.0721402312324	0.0011295423119	DLR00012647-2009-07-04_09-35-20	0.172398797326	8	95	2726.5	1161.5	0.172944642136	0.685012520646	135	135
91.0	95.0	79.0	143.0	167.0	162.0	20	0.0597261441739	0.00112112108275	DLR00012647-2009-07-04_09-35-20	0.152308269019	8	95	2861.5	1161.5	0.153315783485	0.64361447067	135	135
90.0	94.0	78.0	143.0	166.0	161.0	21	0.0647344024722	0.0011287939059	DLR00012647-2009-07-04_09-35-20	0.178116897922	8	95	2991.5	1158.5	0.178729100521	0.719857211359	135	135
88.0	92.0	76.0	144.0	167.0	162.0	22	0.0566359422452	0.00120873042013	DLR00012647-2009-07-04_09-35-20	0.180779502128	8	95	3133.5	1156.5	0.181338046451	0.71335713144	135	135
86.0	89.0	75.0	146.0	170.0	166.0	23	0.069795940114	0.00132779694843	DLR00012647-2009-07-04_09-35-20	0.249187463717	8	95	3274.5	1161.5	0.248948713899	0.817411689488	135	135
87.0	88.0	72.0	92.0	94.0	81.0	24	0.00218445308754	0.000122291193011	DLR00012647-2009-07-04_09-35-20	-0.000254240269475	8	95	3411.5	1165.5	0.000277173346569	0.00596728648303	135	135
93.0	96.0	82.0	145.0	166.0	161.0	1	0.0533326229421	0.00111587085658	DLR00012647-2009-07-04_09-35-20	0.181017570823	9	95	269.5	1302.5	0.18069289336	0.740316479301	135	135
92.0	96.0	81.0	144.0	167.0	162.5	2	0.0577015291172	0.00109974954562	DLR00012647-2009-07-04_09-35-20	0.157545293417	9	95	403.5	1301.5	0.157787038708	0.686344504236	135	135
92.0	96.0	81.0	144.0	167.0	162.0	3	0.0600458202355	0.00106961803749	DLR00012647-2009-07-04_09-35-20	0.137478378477	9	95	544.5	1300.5	0.138446891386	0.59475731259	135	135
93.0	97.0	82.0	145.0	168.0	163.0	4	0.0602589376099	0.00105970647378	DLR00012647-2009-07-04_09-35-20	0.140412871717	9	95	666.5	1301.5	0.141490710902	0.604507432468	135	135
93.0	98.0	82.0	145.0	167.0	162.0	5	0.0683573978369	0.00103594969405	DLR00012647-2009-07-04_09-35-20	0.128600199882	9	95	813.5	1301.5	0.130497646616	0.567211891949	135	135
93.0	97.0	82.0	141.0	164.0	157.0	6	0.0642016090362	0.000986439064805	DLR00012647-2009-07-04_09-35-20	0.111406540869	9	95	948.5	1301.5	0.113135028635	0.529649954713	135	135
92.0	97.0	81.0	146.0	170.0	165.0	7	0.0586072779583	0.00110089847863	DLR00012647-2009-07-04_09-35-20	0.139927951719	9	95	1083.5	1301.5	0.141716993017	0.565347114924	135	135
91.0	97.0	81.0	142.0	165.0	160.0	8	0.0759763439714	0.00102848724363	DLR00012647-2009-07-04_09-35-20	0.119692135573	9	95	1224.5	1301.5	0.122035292657	0.526080238691	135	135
91.0	97.0	81.0	143.0	167.0	163.0	9	0.0630827428206	0.00104675320233	DLR00012647-2009-07-04_09-35-20	0.131554771694	9	95	1360.5	1306.5	0.134531452154	0.554158452768	135	135
90.0	97.0	82.0	143.0	168.0	163.0	10	0.0653737545953	0.00099120513569	DLR00012647-2009-07-04_09-35-20	0.120328010535	9	95	1495.5	1301.5	0.124477508662	0.534711492354	135	135
90.0	97.0	83.0	142.0	167.0	163.0	11	0.0605253343279	0.000957617778159	DLR00012647-2009-07-04_09-35-20	0.101115516242	9	95	1634.5	1301.5	0.106173754172	0.47290745378	135	135
90.0	97.0	83.0	142.0	166.0	162.0	12	0.0662262240929	0.000957226526882	DLR00012647-2009-07-04_09-35-20	0.108493970438	9	95	1764.5	1310.5	0.113300065158	0.502850444883	135	135
90.0	97.0	83.0	142.0	167.0	162.0	13	0.0624433906974	0.00101489951262	DLR00012647-2009-07-04_09-35-20	0.113350007261	9	95	1912.5	1301.5	0.118681977732	0.502157813416	135	135
90.0	96.0	81.0	144.0	169.0	165.0	14	0.0615376418563	0.00101058571393	DLR00012647-2009-07-04_09-35-20	0.114665584122	9	95	2036.5	1301.5	0.12051205143	0.507752144494	135	135
90.0	96.0	81.0	144.0	170.0	166.0	15	0.0592466300815	0.00102575901445	DLR00012647-2009-07-04_09-35-20	0.131750661651	9	95	2169.5	1301.5	0.135973413761	0.556502743886	135	135
90.0	96.0	81.0	144.0	169.0	165.0	16	0.0519473600085	0.000975212824317	DLR00012647-2009-07-04_09-35-20	0.114975696825	9	95	2307.5	1301.5	0.11886405939	0.516223560126	135	135
90.0	96.0	82.0	143.0	168.0	163.0	17	0.0608450103895	0.00104759474883	DLR00012647-2009-07-04_09-35-20	0.122031027024	9	95	2444.5	1301.5	0.124887432065	0.519047365336	135	135
91.0	97.0	82.0	143.0	168.0	163.0	18	0.0490169961106	0.0010193216502	DLR00012647-2009-07-04_09-35-20	0.127492750887	9	95	2587.5	1292.5	0.130173639865	0.54190420374	135	135
91.0	96.0	80.0	144.0	168.0	163.0	19	0.0653737545953	0.00111457270689	DLR00012647-2009-07-04_09-35-20	0.127666146757	9	95	2721.5	1301.5	0.128920446049	0.518194895839	135	135
91.0	94.0	78.0	142.0	164.0	157.0	20	0.0742714049763	0.00108478037547	DLR00012647-2009-07-04_09-35-20	0.127115152035	9	95	2861.5	1301.5	0.128723387988	0.556609302573	135	135
90.0	93.0	78.0	142.0	165.0	160.0	21	0.0639352123182	0.00113901974506	DLR00012647-2009-07-04_09-35-20	0.15793195637	9	95	2998.5	1301.5	0.158400367179	0.656188395759	135	135
88.0	91.0	76.0	140.0	162.0	156.0	22	0.0644147264106	0.00113066602727	DLR00012647-2009-07-04_09-35-20	0.155826530075	9	95	3134.5	1302.5	0.156426917656	0.658213010816	135	135
85.0	89.0	74.0	141.0	164.0	159.0	23	0.0710213650168	0.00124793484988	DLR00012647-2009-07-04_09-35-20	0.187212501172	9	95	3273.5	1301.5	0.187445529584	0.746123927753	135	135
85.0	89.0	75.0	144.0	168.0	164.0	24	0.0620171559486	0.00137968610875	DLR00012647-2009-07-04_09-35-20	0.225413469838	9	95	3414.5	1295.5	0.225383446388	0.73482870691	135	135
94.0	97.0	83.0	148.0	170.0	166.0	1	0.0462464702435	0.00118177233755	DLR00012647-2009-07-04_09-35-20	0.202174086944	10	95	263.5	1444.5	0.201795693735	0.7628003623	135	135
92.0	96.0	81.0	147.0	171.0	167.0	2	0.0547711652192	0.00116328410542	DLR00012647-2009-07-04_09-35-20	0.177694464081	10	95	403.5	1441.5	0.177709484418	0.740795993393	135	135
92.0	96.0	81.0	143.0	166.0	162.0	3	0.0633491395386	0.00107180518846	DLR00012647-2009-07-04_09-35-20	0.157603432753	10	95	537.5	1447.5	0.158376142072	0.68256167084	135	135
93.0	97.0	82.0	146.0	170.0	166.0	4	0.0532260642549	0.00110252416593	DLR00012647-2009-07-04_09-35-20	0.154055714495	10	95	676.5	1440.5	0.155002383807	0.63562256913	135	135
93.0	98.0	82.0	146.0	169.0	164.0	5	0.0599392615483	0.0010716839669	DLR00012647-2009-07-04_09-35-20	0.165103979509	10	95	809.5	1439.5	0.165899934057	0.684692844584	135	135
93.0	97.0	82.0	147.0	172.0	167.0	6	0.0586072779583	0.00112095608922	DLR00012647-2009-07-04_09-35-20	0.155258082454	10	95	948.5	1431.5	0.156436289615	0.627364270872	135	135
92.0	97.0	81.0	145.0	168.0	163.0	7	0.0708082476424	0.00107722967229	DLR00012647-2009-07-04_09-35-20	0.153438275273	10	95	1076.5	1436.5	0.154444243607	0.636901273376	135	135
91.0	97.0	81.0	147.0	174.0	169.0	8	0.0580744845224	0.00117451626791	DLR00012647-2009-07-04_09-35-20	0.165586410207	10	95	1224.5	1440.5	0.166855390341	0.614470669721	135	135
90.0	96.0	81.0	144.0	169.0	165.0	9	0.0758697852842	0.00111103110415	DLR00012647-2009-07-04_09-35-20	0.164039026	10	95	1360.5	1437.5	0.165653251351	0.644839895572	135	135
90.0	96.0	82.0	144.0	171.0	167.0	10	0.0603122169535	0.00111932620312	DLR00012647-2009-07-04_09-35-20	0.157945388973	10	95	1487.5	1435.5	0.160240653501	0.609036176674	135	135
90.0	96.0	82.0	142.0	168.0	164.0	11	0.0637753742874	0.00105140313035	DLR00012647-2009-07-04_09-35-20	0.152680872153	10	95	1634.5	1435.5	0.155829747456	0.632798763919	135	135
89.0	95.0	80.0	143.0	170.0	165.0	12	0.0629761841334	0.00113110380069	DLR00012647-2009-07-04_09-35-20	0.141167294202	10	95	1771.5	1440.5	0.144562593324	0.55048217806	135	135
89.0	96.0	81.0	144.0	170.0	166.0	13	0.0655335926261	0.00114502573718	DLR00012647-2009-07-04_09-35-20	0.181428432226	10	95	1908.5	1435.5	0.183221337882	0.67174596409	135	135
90.0	94.0	78.0	99.0	104.0	88.0	14	0.0	9.28102693749e-05	DLR00012647-2009-07-04_09-35-20	-0.00986276480473	10	95	2041.5	1448.5	6.4101966295e-06	0.000266396717992	135	135
90.0	93.0	77.0	98.0	103.0	88.0	15	0.0	0.000105501698695	DLR00012647-2009-07-04_09-35-20	-0.00921496761786	10	95	2178.5	1440.5	1.42003178439e-05	0.000532793435985	135	135
89.0	94.0	79.0	144.0	171.0	167.0	16	0.0619105972614	0.00119175287382	DLR00012647-2009-07-04_09-35-20	0.157032790931	10	95	2316.5	1438.5	0.158384962367	0.586978528425	135	135
89.0	93.0	78.0	142.0	167.0	163.0	17	0.0761894613458	0.00114155797809	DLR00012647-2009-07-04_09-35-20	0.171948173659	10	95	2453.5	1440.5	0.173382214333	0.665938515637	135	135
90.0	94.0	79.0	144.0	169.0	164.0	18	0.0607917310459	0.0011659452212	DLR00012647-2009-07-04_09-35-20	0.153569401548	10	95	2590.5	1440.5	0.154469341224	0.598433587298	135	135
91.0	95.0	79.0	147.0	172.0	167.0	19	0.0673450903085	0.00119769945739	DLR00012647-2009-07-04_09-35-20	0.202795385544	10	95	2721.5	1436.5	0.202675389196	0.755447812883	135	135
92.0	94.0	76.0	93.0	100.0	87.0	20	0.0	9.15980914429e-05	DLR00012647-2009-07-04_09-35-20	-0.00434242346825	10	95	2861.5	1442.5	0.000403110543263	0.0165698758591	135	135
90.0	93.0	78.0	146.0	170.0	165.0	21	0.064627843785	0.00122989835736	DLR00012647-2009-07-04_09-35-20	0.219142828355	10	95	2994.5	1435.5	0.219130662338	0.80782140764	135	135
88.0	92.0	77.0	142.0	165.0	160.0	22	0.0584474399275	0.00115630556169	DLR00012647-2009-07-04_09-35-20	0.172221343433	10	95	3133.5	1442.5	0.172687902353	0.729980286643	135	135
84.0	88.0	74.0	141.0	164.0	160.0	23	0.0623901113538	0.00125215359724	DLR00012647-2009-07-04_09-35-20	0.209964101055	10	95	3273.5	1434.5	0.210325523565	0.792263839309	135	135
83.0	87.0	74.0	142.0	167.0	163.0	24	0.0584474399275	0.00137994321707	DLR00012647-2009-07-04_09-35-20	0.229367364019	10	95	3407.5	1440.5	0.229325890306	0.7648782567	135	135
94.0	95.0	79.0	108.0	112.5	101.5	1	0.0034631573339	0.000291820309743	DLR00012647-2009-07-04_09-35-20	0.000443165676358	11	95	267.5	1574.5	0.000698759476506	0.0069263146678	135	135
92.0	95.0	80.0	148.0	171.0	167.0	2	0.0569023389632	0.00117996640353	DLR00012647-2009-07-04_09-35-20	0.172391962259	11	95	406.5	1574.5	0.17226824783	0.682135436091	135	135
92.0	96.0	81.0	147.0	170.0	166.0	3	0.0570088976504	0.00114085320918	DLR00012647-2009-07-04_09-35-20	0.17068998359	11	95	541.5	1574.5	0.171117458738	0.695082316586	135	135
92.0	97.0	82.0	144.0	167.0	162.0	4	0.0563162661836	0.00105593080138	DLR00012647-2009-07-04_09-35-20	0.126311790942	11	95	676.5	1574.5	0.127379296853	0.569076668975	135	135
93.0	97.0	82.0	146.0	169.0	164.0	5	0.0509350524802	0.00108216980792	DLR00012647-2009-07-04_09-35-20	0.144055208322	11	95	813.5	1574.5	0.145140971291	0.601470509883	135	135
94.0	97.0	80.0	94.0	103.0	90.0	6	0.0	7.65330613763e-05	DLR00012647-2009-07-04_09-35-20	-0.00615698314857	11	95	948.5	1571.5	0.00011979909872	0.00559433107784	135	135
94.0	97.0	80.0	102.0	105.0	90.0	7	0.0	0.00010889239769	DLR00012647-2009-07-04_09-35-20	-0.00478618128012	11	95	1082.5	1574.5	6.10453068269e-06	0.000213117374394	135	135
93.0	96.0	79.0	98.5	102.5	87.5	8	0.0	8.26216045547e-05	DLR00012647-2009-07-04_09-35-20	-0.00605838961187	11	95	1224.5	1574.5	1.44777653979e-05	0.000639352123182	135	135
91.0	95.0	79.0	99.5	103.0	86.5	9	0.0	7.91796183289e-05	DLR00012647-2009-07-04_09-35-20	-0.00756725489875	11	95	1355.5	1574.5	5.12044941364e-06	0.000213117374394	135	135
89.0	95.0	80.0	143.0	169.0	165.0	10	0.0604187756407	0.0011304694957	DLR00012647-2009-07-04_09-35-20	0.145047639979	11	95	1495.5	1574.5	0.147326808157	0.562576589056	135	135
89.0	94.0	80.0	138.0	162.0	156.0	11	0.0779476796846	0.00101629342164	DLR00012647-2009-07-04_09-35-20	0.116546690521	11	95	1625.5	1574.5	0.11981281	0.509403804145	135	135
88.0	94.0	78.0	141.0	167.0	162.0	12	0.0712877617348	0.00110367085641	DLR00012647-2009-07-04_09-35-20	0.131473246721	11	95	1767.5	1572.5	0.135858206268	0.536150034632	135	135
88.0	94.0	79.0	142.0	167.0	163.0	13	0.0677713250573	0.00112227895546	DLR00012647-2009-07-04_09-35-20	0.139211855836	11	95	1912.5	1574.5	0.141836878971	0.544887846982	135	135
90.0	93.0	77.0	98.5	104.0	87.0	14	0.0	0.000121547579702	DLR00012647-2009-07-04_09-35-20	-0.00841075394654	11	95	2041.5	1574.5	1.40920212025e-05	0.000426234748788	135	135
89.0	93.0	77.0	92.0	100.0	88.0	15	0.0	9.90019920673e-05	DLR00012647-2009-07-04_09-35-20	-0.00784092591034	11	95	2178.5	1574.5	7.68005674282e-05	0.00287708455432	135	135
88.0	93.0	78.0	143.0	168.0	163.0	16	0.0759230646278	0.00116011059452	DLR00012647-2009-07-04_09-35-20	0.147922709898	11	95	2316.5	1574.5	0.149506053394	0.573552133838	135	135
88.0	93.0	78.0	139.0	163.0	157.0	17	0.07032873355	0.00108613128589	DLR00012647-2009-07-04_09-35-20	0.135095410772	11	95	2454.5	1574.5	0.136320572736	0.566093025734	135	135
90.0	94.0	79.0	142.0	166.0	161.0	18	0.0603654962971	0.00111840529406	DLR00012647-2009-07-04_09-35-20	0.154580717344	11	95	2589.5	1574.5	0.155399706535	0.614950183814	135	135
92.0	94.0	77.0	93.0	100.0	85.0	19	0.0	8.80662202693e-05	DLR00012647-2009-07-04_09-35-20	-0.00339527162719	11	95	2726.5	1574.5	0.000144698897011	0.00602056582663	135	135
92.0	93.0	76.0	93.0	101.0	86.0	20	0.0	0.000102197417977	DLR00012647-2009-07-04_09-35-20	-0.00335587253146	11	95	2859.5	1574.5	0.000235043374896	0.00884437103735	135	135
90.0	92.0	76.0	92.0	98.0	86.0	21	0.00293036389792	0.000101799812184	DLR00012647-2009-07-04_09-35-20	-0.00234560582668	11	95	2998.5	1574.5	0.000924083446941	0.0247748947733	135	135
88.0	92.0	77.0	139.0	161.0	155.0	22	0.05626298684	0.00107218393447	DLR00012647-2009-07-04_09-35-20	0.144164229175	11	95	3135.5	1574.5	0.144859644551	0.649848153871	135	135
84.0	88.0	74.0	137.0	159.0	154.0	23	0.0663860621237	0.00120489624041	DLR00012647-2009-07-04_09-35-20	0.171935284845	11	95	3273.5	1574.5	0.171778246458	0.715541584528	135	135
83.0	86.0	73.0	138.0	161.0	156.0	24	0.0727795833555	0.001308286446	DLR00012647-2009-07-04_09-35-20	0.199022770031	11	95	3408.5	1574.5	0.199049385094	0.718258831051	135	135
93.0	94.0	79.0	94.0	98.0	86.0	1	0.0	8.33677993952e-05	DLR00012647-2009-07-04_09-35-20	-0.000645883363325	12	95	267.5	1715.5	0.000131596025239	0.00586072779583	135	135
92.0	95.0	80.0	149.0	174.0	171.0	2	0.0569023389632	0.00124520796702	DLR00012647-2009-07-04_09-35-20	0.197826563643	12	95	403.5	1710.5	0.197628803665	0.733922958069	135	135
92.0	96.0	81.0	141.0	162.0	157.0	3	0.0703820128936	0.00102719629716	DLR00012647-2009-07-04_09-35-20	0.159138450056	12	95	538.5	1713.5	0.159166835734	0.723160530662	135	135
92.0	96.0	81.0	146.0	170.0	166.0	4	0.0542916511269	0.00111881658129	DLR00012647-2009-07-04_09-35-20	0.154214761286	12	95	667.5	1713.5	0.154842274977	0.654749853482	135	135
92.0	97.0	82.0	144.0	167.0	162.0	5	0.0685705152113	0.00105514968388	DLR00012647-2009-07-04_09-35-20	0.156216584731	12	95	808.5	1718.5	0.156619768462	0.685332196707	135	135
92.0	97.0	82.0	147.0	172.0	168.0	6	0.0561031488092	0.00114228946434	DLR00012647-2009-07-04_09-35-20	0.15763812002	12	95	948.5	1711.5	0.158227846127	0.635409451756	135	135
92.0	97.0	81.0	146.0	170.0	166.0	7	0.0657999893441	0.00112644840144	DLR00012647-2009-07-04_09-35-20	0.166355862751	12	95	1081.5	1705.5	0.166734440567	0.666258191699	135	135
91.0	96.0	80.0	146.0	172.0	167.0	8	0.0613245244819	0.00116479829817	DLR00012647-2009-07-04_09-35-20	0.163307886041	12	95	1224.5	1708.5	0.164194019242	0.625979007939	135	135
90.0	95.0	80.0	143.0	167.0	162.0	9	0.070595130268	0.00110434889494	DLR00012647-2009-07-04_09-35-20	0.171708437514	12	95	1361.5	1715.5	0.172693148869	0.687996163887	135	135
88.0	94.0	79.0	144.0	170.0	166.0	10	0.0635089775694	0.00115424047595	DLR00012647-2009-07-04_09-35-20	0.150104513792	12	95	1504.5	1710.5	0.152504679721	0.5759497043	135	135
88.0	93.0	79.0	140.0	166.0	161.0	11	0.0705418509244	0.00109894715913	DLR00012647-2009-07-04_09-35-20	0.162541881298	12	95	1634.5	1707.5	0.164795820892	0.646971069316	135	135
87.0	93.0	78.0	141.0	167.0	163.0	12	0.0664393414673	0.0011275887055	DLR00012647-2009-07-04_09-35-20	0.148355725226	12	95	1768.5	1710.5	0.151678447929	0.580318610475	135	135
87.0	93.0	78.0	140.0	166.0	162.0	13	0.0751238744739	0.00112933475919	DLR00012647-2009-07-04_09-35-20	0.170505954481	12	95	1906.5	1704.5	0.172726261943	0.661303212744	135	135
87.0	93.0	78.0	143.0	169.0	165.0	14	0.0654270339389	0.00118434720616	DLR00012647-2009-07-04_09-35-20	0.15957097987	12	95	2041.5	1703.5	0.16161134617	0.598593425329	135	135
87.0	93.0	78.0	142.0	169.0	165.0	15	0.0684106771805	0.00118228858616	DLR00012647-2009-07-04_09-35-20	0.193712096711	12	95	2175.5	1705.5	0.194725987902	0.718578507113	135	135
87.0	93.0	78.0	141.0	167.0	163.0	16	0.0585539986147	0.0011660170651	DLR00012647-2009-07-04_09-35-20	0.152788137611	12	95	2316.5	1710.5	0.154278393579	0.589962171666	135	135
87.0	93.0	77.0	140.0	165.0	159.0	17	0.0746443603815	0.00113119352978	DLR00012647-2009-07-04_09-35-20	0.169064741123	12	95	2448.5	1710.5	0.170222207968	0.673610741116	135	135
89.0	93.0	78.0	143.0	169.0	164.0	18	0.0588203953327	0.00118391086749	DLR00012647-2009-07-04_09-35-20	0.156680512881	12	95	2590.5	1710.5	0.158381904426	0.611114071075	135	135
90.0	94.0	78.0	143.0	167.0	163.0	19	0.0649475198466	0.0011464218282	DLR00012647-2009-07-04_09-35-20	0.183067446578	12	95	2724.5	1701.5	0.18399125121	0.705791464649	135	135
89.0	93.0	77.0	145.0	169.0	165.0	20	0.0610581277639	0.00122058328861	DLR00012647-2009-07-04_09-35-20	0.176256083005	12	95	2861.5	1710.5	0.176862255073	0.665618839576	135	135
89.0	92.0	76.0	141.0	164.0	159.0	21	0.063295860195	0.00116216839761	DLR00012647-2009-07-04_09-35-20	0.180521184432	12	95	2998.5	1706.5	0.18066601188	0.736267249187	135	135
87.0	91.0	76.0	141.5	165.0	160.0	22	0.0543449304705	0.00118036778894	DLR00012647-2009-07-04_09-35-20	0.174767528313	12	95	3133.5	1710.5	0.174969958885	0.693057701529	135	135
84.0	88.0	74.0	140.0	164.0	160.0	23	0.0654803132825	0.00128158501659	DLR00012647-2009-07-04_09-35-20	0.206506610984	12	95	3264.5	1710.5	0.206420057464	0.750013319836	135	135
83.0	86.0	74.0	141.0	165.0	161.0	24	0.0663860621237	0.00140308605188	DLR00012647-2009-07-04_09-35-20	0.248453651648	12	95	3408.5	1705.5	0.248345356492	0.795513879269	135	135
92.0	95.0	83.0	147.0	169.0	166.0	1	0.0469391017103	0.00122745308232	DLR00012647-2009-07-04_09-35-20	0.208953498181	13	95	271.5	1853.5	0.208309389207	0.79641962811	135	135
90.0	94.0	80.0	146.0	170.0	167.0	2	0.0598327028611	0.00121120041004	DLR00012647-2009-07-04_09-35-20	0.183467836371	13	95	403.5	1849.5	0.183004613768	0.744578826789	135	135
91.0	95.0	80.0	145.0	168.0	165.0	3	0.0556769140604	0.00114653992568	DLR00012647-2009-07-04_09-35-20	0.155172719496	13	95	541.5	1850.5	0.155092802052	0.649635036496	135	135
92.0	96.0	81.0	143.0	166.0	161.0	4	0.0604720549843	0.00106497072586	DLR00012647-2009-07-04_09-35-20	0.139232468998	13	95	679.5	1850.5	0.139828627032	0.620757632266	135	135
92.0	97.0	82.0	143.0	165.0	161.0	5	0.0597261441739	0.0010456526981	DLR00012647-2009-07-04_09-35-20	0.14416560751	13	95	808.5	1850.5	0.144587880902	0.649528477809	135	135
92.0	97.0	81.0	143.0	167.0	162.0	6	0.0606318930151	0.00106788161721	DLR00012647-2009-07-04_09-35-20	0.142730880647	13	95	948.5	1850.5	0.143267448683	0.628323299057	135	135
91.0	96.0	81.0	143.0	167.0	163.0	7	0.0558900314348	0.0010864863487	DLR00012647-2009-07-04_09-35-20	0.131201934066	13	95	1080.5	1850.5	0.13265636887	0.553146145239	135	135
90.0	95.0	80.0	143.0	169.0	164.0	8	0.0588736746763	0.00112863402082	DLR00012647-2009-07-04_09-35-20	0.151785147443	13	95	1224.5	1850.5	0.153002304669	0.609462411423	135	135
89.0	94.0	79.0	141.0	165.0	160.0	9	0.0665459001545	0.00108419509962	DLR00012647-2009-07-04_09-35-20	0.141908779655	13	95	1364.5	1850.5	0.143664870614	0.583941605839	135	135
88.0	94.0	79.0	141.0	166.0	161.0	10	0.064894240503	0.00110216786711	DLR00012647-2009-07-04_09-35-20	0.128081419842	13	95	1495.5	1841.5	0.130859647852	0.532047525174	135	135
88.0	93.0	78.0	140.0	165.0	160.0	11	0.063295860195	0.00110260419049	DLR00012647-2009-07-04_09-35-20	0.141836604642	13	95	1628.5	1850.5	0.144279174011	0.579412861634	135	135
87.0	93.0	78.0	138.0	161.0	156.0	12	0.0705418509244	0.00105413209748	DLR00012647-2009-07-04_09-35-20	0.121264697004	13	95	1771.5	1855.5	0.124743066693	0.527252384251	135	135
86.0	92.0	78.0	138.0	163.0	158.0	13	0.070595130268	0.00108991169272	DLR00012647-2009-07-04_09-35-20	0.127686435259	13	95	1903.5	1850.5	0.130841797987	0.537535297565	135	135
87.0	92.0	77.0	139.0	164.0	160.0	14	0.0667057381853	0.00112580998716	DLR00012647-2009-07-04_09-35-20	0.13520174122	13	95	2044.5	1840.5	0.137882053591	0.541797645053	135	135
87.0	92.0	77.0	137.0	161.0	155.0	15	0.0704352922372	0.00107737987739	DLR00012647-2009-07-04_09-35-20	0.135367461659	13	95	2184.5	1850.5	0.137268856132	0.57877350951	135	135
87.0	92.0	77.0	136.0	160.0	155.0	16	0.0744312430071	0.00107611004809	DLR00012647-2009-07-04_09-35-20	0.129396778898	13	95	2316.5	1840.5	0.131649127054	0.551920720337	135	135
87.0	92.0	77.0	138.0	163.0	158.0	17	0.0636688156002	0.00112850680561	DLR00012647-2009-07-04_09-35-20	0.152161712144	13	95	2455.5	1850.5	0.153716397527	0.621343705046	135	135
88.0	92.0	77.0	138.0	162.0	156.0	18	0.0828493792956	0.00110443969545	DLR00012647-2009-07-04_09-35-20	0.15349922556	13	95	2589.5	1850.5	0.154889218744	0.649635036496	135	135
88.0	93.0	78.0	138.0	161.0	155.0	19	0.0730459800735	0.0010645395666	DLR00012647-2009-07-04_09-35-20	0.132494123581	13	95	2722.5	1850.5	0.133892467196	0.579519420321	135	135
88.0	92.0	77.0	141.0	165.0	160.0	20	0.0673983696521	0.00116616600184	DLR00012647-2009-07-04_09-35-20	0.156799628283	13	95	2861.5	1840.5	0.157390170304	0.631679897704	135	135
88.0	91.0	76.0	137.0	159.0	153.0	21	0.0681442804625	0.00109027973485	DLR00012647-2009-07-04_09-35-20	0.135936079418	13	95	3007.5	1850.5	0.135919723348	0.616442005434	135	135
86.0	89.0	74.0	135.0	156.0	150.0	22	0.0654803132825	0.00110909796044	DLR00012647-2009-07-04_09-35-20	0.14285629015	13	95	3133.5	1850.5	0.14311969752	0.621343705046	135	135
83.0	86.0	73.0	135.0	156.0	151.0	23	0.0767755341254	0.00119236129808	DLR00012647-2009-07-04_09-35-20	0.177249348401	13	95	3273.5	1850.5	0.176679312874	0.757365869252	135	135
83.0	86.0	73.0	139.0	161.0	158.0	24	0.0772017688742	0.00137166549171	DLR00012647-2009-07-04_09-35-20	0.229838532329	13	95	3405.5	1842.5	0.229499498259	0.796899142203	135	135
92.0	94.0	82.0	142.0	163.0	160.0	1	0.0507219351058	0.00115825022105	DLR00012647-2009-07-04_09-35-20	0.189692341616	14	95	270.5	1992.5	0.188965054515	0.780808780436	135	135
90.0	93.0	79.0	145.0	169.0	165.0	2	0.0577015291172	0.00122344359857	DLR00012647-2009-07-04_09-35-20	0.180296741589	14	95	412.5	1986.5	0.179823739993	0.720283446108	135	135
91.0	95.0	80.0	139.0	159.0	154.0	3	0.0734189354787	0.00102091862239	DLR00012647-2009-07-04_09-35-20	0.144956145941	14	95	541.5	1986.5	0.144402566722	0.669561511002	135	135
92.0	96.0	81.0	146.0	170.0	166.0	4	0.0523735947573	0.00114387197497	DLR00012647-2009-07-04_09-35-20	0.163789138832	14	95	676.5	1986.5	0.163641002725	0.686451062923	135	135
92.0	96.0	81.0	142.0	164.0	159.0	5	0.0734722148223	0.00103777900817	DLR00012647-2009-07-04_09-35-20	0.14901919201	14	95	814.5	1986.5	0.149401064078	0.677340295168	135	135
92.0	96.0	81.0	146.0	171.0	167.0	6	0.0587671159891	0.00115121082431	DLR00012647-2009-07-04_09-35-20	0.168657635095	14	95	948.5	1981.5	0.168910478751	0.67781980926	135	135
91.0	96.0	80.0	140.0	163.0	157.0	7	0.0883371516863	0.00102667472869	DLR00012647-2009-07-04_09-35-20	0.133141104265	14	95	1091.5	1986.5	0.133961553727	0.609196014705	135	135
91.0	95.0	80.0	145.0	170.0	166.0	8	0.0640417710054	0.00115960237126	DLR00012647-2009-07-04_09-35-20	0.160758941012	14	95	1215.5	1986.5	0.161492359299	0.630561031488	135	135
89.0	94.0	79.0	143.0	167.0	163.0	9	0.0729394213863	0.0011386574288	DLR00012647-2009-07-04_09-35-20	0.172037584454	14	95	1359.5	1986.5	0.172919472972	0.685598593425	135	135
88.0	94.0	79.0	142.0	168.0	164.0	10	0.0590335127071	0.00116075105636	DLR00012647-2009-07-04_09-35-20	0.147953014484	14	95	1495.5	1986.5	0.149411999218	0.570781607971	135	135
88.0	93.0	78.0	143.0	169.0	165.0	11	0.0737918908839	0.00117873059878	DLR00012647-2009-07-04_09-35-20	0.18066709639	14	95	1637.5	1986.5	0.181921971282	0.684586285897	135	135
87.0	92.0	78.0	142.0	168.0	163.0	12	0.0652671959081	0.00117402674363	DLR00012647-2009-07-04_09-35-20	0.153686396699	14	95	1771.5	1976.5	0.155988860767	0.589269540199	135	135
86.0	92.0	78.0	141.0	166.0	161.0	13	0.0767222547818	0.00115344694903	DLR00012647-2009-07-04_09-35-20	0.174614797301	14	95	1904.5	1982.5	0.176287973932	0.67781980926	135	135
86.0	92.0	77.0	141.0	167.0	163.0	14	0.0699024988012	0.0011866779885	DLR00012647-2009-07-04_09-35-20	0.167144105697	14	95	2033.5	1977.5	0.168850094601	0.631093824924	135	135
86.0	92.0	77.0	139.0	163.0	158.0	15	0.0783739144334	0.00110494657709	DLR00012647-2009-07-04_09-35-20	0.169143214829	14	95	2181.5	1979.5	0.170364123849	0.6858117108	135	135
86.0	92.0	77.0	138.0	163.0	158.0	16	0.0716074377964	0.00114221173587	DLR00012647-2009-07-04_09-35-20	0.148349217009	14	95	2316.5	1979.5	0.149737793491	0.595343385369	135	135
86.0	91.0	76.0	139.0	164.0	159.0	17	0.0814641163621	0.00115108127797	DLR00012647-2009-07-04_09-35-20	0.185247676242	14	95	2448.5	1977.5	0.186238022145	0.732910650541	135	135
87.0	92.0	77.0	141.0	167.0	163.0	18	0.0636688156002	0.00120503099961	DLR00012647-2009-07-04_09-35-20	0.182584828412	14	95	2592.5	1986.5	0.183299332203	0.690020778944	135	135
88.0	92.0	77.0	142.0	165.0	160.0	19	0.070861526986	0.00117146427598	DLR00012647-2009-07-04_09-35-20	0.187606904429	14	95	2732.5	1986.5	0.188013509877	0.730033565986	135	135
88.0	92.0	77.0	140.0	163.0	158.0	20	0.0660131067185	0.00114774931755	DLR00012647-2009-07-04_09-35-20	0.160350772727	14	95	2865.5	1981.5	0.160613121533	0.671639405403	135	135
87.0	91.0	76.0	141.0	163.0	158.0	21	0.07032873355	0.00117789624687	DLR00012647-2009-07-04_09-35-20	0.193851108879	14	95	2995.5	1982.5	0.193921017699	0.771431615962	135	135
86.0	89.0	75.0	141.0	165.0	161.0	22	0.0661196654057	0.00128373292406	DLR00012647-2009-07-04_09-35-20	0.192852769515	14	95	3133.5	1986.5	0.192613697668	0.749746923118	135	135
83.0	85.0	72.0	141.0	164.0	160.0	23	0.0777878416538	0.00134981172595	DLR00012647-2009-07-04_09-35-20	0.238961051913	14	95	3273.5	1979.5	0.238508427796	0.823165858597	135	135
83.0	84.0	70.0	86.0	91.0	80.0	24	0.0120411316533	0.000128339257127	DLR00012647-2009-07-04_09-35-20	0.00717427672905	14	95	3411.5	1986.5	0.00775149500161	0.0820501891417	135	135
91.0	93.0	82.0	143.0	164.0	161.0	1	0.0443284138739	0.00120006080614	DLR00012647-2009-07-04_09-35-20	0.212050262518	15	95	272.5	2122.5	0.21146594191	0.822952741222	135	135
90.0	92.0	79.0	145.0	167.0	163.0	2	0.0547711652192	0.00120868548591	DLR00012647-2009-07-04_09-35-20	0.195506187294	15	95	403.5	2122.5	0.195033321602	0.804677926368	135	135
92.0	94.0	80.0	146.5	168.0	164.0	3	0.0606851723587	0.00117656961879	DLR00012647-2009-07-04_09-35-20	0.182787764482	15	95	547.5	2124.5	0.182796856498	0.741435345517	135	135
94.0	95.0	80.0	149.0	170.0	166.0	4	0.063295860195	0.00116315529735	DLR00012647-2009-07-04_09-35-20	0.169235184049	15	95	670.5	2128.5	0.169231949223	0.70994725345	135	135
94.0	96.0	80.0	147.0	168.0	164.0	5	0.0586605573019	0.00113373806207	DLR00012647-2009-07-04_09-35-20	0.168984007683	15	95	810.5	2125.5	0.168906468387	0.695828227396	135	135
93.0	96.0	80.0	144.0	167.0	162.0	6	0.0656401513133	0.00111993919789	DLR00012647-2009-07-04_09-35-20	0.157287690078	15	95	948.5	2122.5	0.157049800414	0.664872928766	135	135
92.0	95.0	80.0	142.0	164.0	158.0	7	0.0772017688742	0.00106114661077	DLR00012647-2009-07-04_09-35-20	0.144294169348	15	95	1075.5	2122.5	0.14433105094	0.653364590548	135	135
91.0	95.0	79.0	143.0	165.0	160.0	8	0.0742181256327	0.00110231940027	DLR00012647-2009-07-04_09-35-20	0.137477019606	15	95	1221.5	2112.5	0.138349914856	0.585380148117	135	135
90.0	94.0	79.0	142.0	165.0	160.0	9	0.0735787735095	0.00113156860775	DLR00012647-2009-07-04_09-35-20	0.156839684031	15	95	1359.5	2122.5	0.157341973005	0.676008311578	135	135
89.0	93.0	77.0	146.0	171.0	166.0	10	0.0657999893441	0.00123911775499	DLR00012647-2009-07-04_09-35-20	0.185634736711	15	95	1496.5	2123.5	0.186566776317	0.673184506367	135	135
88.0	92.0	77.0	146.0	170.0	165.0	11	0.0674516489957	0.00123965395304	DLR00012647-2009-07-04_09-35-20	0.156942559846	15	95	1636.5	2123.5	0.158519500617	0.581490756034	135	135
88.0	92.0	76.0	146.0	170.0	166.0	12	0.0740582876019	0.00124936540155	DLR00012647-2009-07-04_09-35-20	0.166977483742	15	95	1771.5	2125.5	0.168633714086	0.609142735362	135	135
88.0	91.0	76.0	143.0	167.0	162.0	13	0.0813575576749	0.00120502119977	DLR00012647-2009-07-04_09-35-20	0.156951380386	15	95	1903.5	2122.5	0.159052074332	0.598273749267	135	135
87.0	91.0	76.0	140.0	163.0	157.0	14	0.0910543982098	0.00115258152534	DLR00012647-2009-07-04_09-35-20	0.166743040234	15	95	2047.5	2122.5	0.167627224997	0.689168309446	135	135
87.0	91.0	76.0	137.0	158.0	152.0	15	0.0767222547818	0.00108574495564	DLR00012647-2009-07-04_09-35-20	0.131499368706	15	95	2178.5	2122.5	0.132707764835	0.587884277266	135	135
87.0	91.0	76.0	137.0	160.0	154.0	16	0.0778411209974	0.00110623159291	DLR00012647-2009-07-04_09-35-20	0.147929309507	15	95	2316.5	2122.5	0.14916395886	0.640630827428	135	135
88.0	91.0	75.0	139.0	162.0	156.0	17	0.0751238744739	0.00113563085792	DLR00012647-2009-07-04_09-35-20	0.152794490095	15	95	2453.5	2122.5	0.15405243232	0.653364590548	135	135
88.0	91.0	76.0	144.0	168.0	164.0	18	0.0658532686877	0.00123505772137	DLR00012647-2009-07-04_09-35-20	0.162478539379	15	95	2590.5	2122.5	0.164051244969	0.599019660078	135	135
89.0	92.0	76.0	145.0	168.0	164.0	19	0.0727795833555	0.00124646579305	DLR00012647-2009-07-04_09-35-20	0.187186566957	15	95	2734.5	2116.5	0.187442166844	0.708721828547	135	135
89.0	91.0	76.0	144.0	166.0	161.0	20	0.0647876818158	0.00120998775577	DLR00012647-2009-07-04_09-35-20	0.166130329661	15	95	2866.5	2122.5	0.166312297136	0.651126858117	135	135
89.0	90.0	75.0	143.0	164.0	160.0	21	0.0632425808514	0.00120541099216	DLR00012647-2009-07-04_09-35-20	0.167827943136	15	95	3006.5	2122.5	0.16831868884	0.660397463903	135	135
87.0	89.0	75.0	137.0	158.0	152.0	22	0.0706484096116	0.00116228708071	DLR00012647-2009-07-04_09-35-20	0.164290168658	15	95	3133.5	2122.5	0.163892514376	0.718258831051	135	135
85.0	87.0	74.0	136.0	156.0	151.0	23	0.0971815227236	0.00119953692568	DLR00012647-2009-07-04_09-35-20	0.204142829062	15	95	3268.5	2130.5	0.203592012395	0.853694922479	135	135
86.0	88.0	76.0	140.0	161.0	157.0	24	0.0591933507379	0.00133790958383	DLR00012647-2009-07-04_09-35-20	0.224680602332	15	95	3414.5	2122.5	0.224108001921	0.794022057648	135	135
111.0	115.0	106.0	145.0	163.0	159.0	1	0.0115083382173	0.000778651802673	DLR00012647-2009-07-04_09-35-20	0.10064441996	16	95	267.5	2300.5	0.107983163426	0.594437636528	135	135
114.0	119.0	110.0	153.0	173.0	170.0	2	0.0117747349353	0.000869637399556	DLR00012647-2009-07-04_09-35-20	0.100742457574	16	95	403.5	2300.5	0.108048879943	0.544301774202	135	135
109.0	113.0	104.0	165.0	183.0	181.0	3	0.00905748841174	0.000199617713562	DLR00012647-2009-07-04_09-35-20	-0.006079538576	16	95	541.5	2300.5	0.00404785341575	0.0829026586392	135	135
113.0	116.0	106.0	168.0	187.0	185.0	4	0.00836485694496	0.000209983032656	DLR00012647-2009-07-04_09-35-20	-0.00519170409653	16	95	676.5	2300.5	0.0039714637191	0.0774681655922	135	135
111.0	115.0	104.0	158.0	177.0	174.0	5	0.0149182162076	0.000190954507895	DLR00012647-2009-07-04_09-35-20	-0.0029008811881	16	95	813.5	2300.5	0.00495120471694	0.098193830252	135	135
115.0	120.0	109.0	152.0	172.0	169.0	6	0.0206723853162	0.000845889984756	DLR00012647-2009-07-04_09-35-20	0.0996769967315	16	95	948.5	2300.5	0.104309005885	0.55596995045	135	135
114.0	120.0	109.0	149.0	169.0	164.0	7	0.0255208055837	0.000764967692824	DLR00012647-2009-07-04_09-35-20	0.0949144779426	16	95	1080.5	2300.5	0.100004300046	0.570142255847	135	135
115.0	122.0	111.0	151.0	172.0	168.0	8	0.0237093079013	0.000846933544526	DLR00012647-2009-07-04_09-35-20	0.0891816128533	16	95	1224.5	2300.5	0.0962776163765	0.510575949704	135	135
114.0	121.0	110.0	150.0	171.0	167.0	9	0.0264265544248	0.000846395395247	DLR00012647-2009-07-04_09-35-20	0.105635770677	16	95	1350.5	2300.5	0.112154272694	0.578080878044	135	135
105.0	110.0	99.0	159.0	179.0	177.0	10	0.0111353828121	0.000191691900866	DLR00012647-2009-07-04_09-35-20	-0.00878282453648	16	95	1495.5	2300.5	0.00385314434535	0.0774681655922	135	135
105.0	110.0	98.0	161.0	181.0	178.0	11	0.0121476903405	0.00020716205256	DLR00012647-2009-07-04_09-35-20	-0.00714046394058	16	95	1624.5	2300.5	0.00418608770318	0.0799722947413	135	135
107.0	111.0	98.0	164.0	184.0	181.0	12	0.0119345729661	0.000198661348742	DLR00012647-2009-07-04_09-35-20	-0.00566847257976	16	95	1771.5	2300.5	0.00439196924583	0.0891896211839	135	135
105.0	109.0	96.0	166.0	184.0	181.0	13	0.0110821034685	0.000167664914427	DLR00012647-2009-07-04_09-35-20	-0.0056094946835	16	95	1903.5	2300.5	0.00550468257135	0.120091640471	135	135
113.0	121.0	109.0	149.0	172.0	168.0	14	0.0272790239224	0.000980266735979	DLR00012647-2009-07-04_09-35-20	0.103159567186	16	95	2041.5	2300.5	0.110795750318	0.525547445255	135	135
112.0	120.0	108.0	146.0	168.0	163.0	15	0.02679950983	0.000893573108135	DLR00012647-2009-07-04_09-35-20	0.105385018038	16	95	2171.5	2300.5	0.112536278959	0.574138206617	135	135
113.0	120.0	108.5	147.0	168.0	164.0	16	0.0305290638819	0.00092003147184	DLR00012647-2009-07-04_09-35-20	0.09262689404	16	95	2323.5	2300.5	0.10063921558	0.500665991795	135	135
115.0	122.0	111.0	149.0	170.0	166.0	17	0.0226437210294	0.000949383409401	DLR00012647-2009-07-04_09-35-20	0.117880699633	16	95	2453.5	2300.5	0.124205022232	0.604560711812	135	135
106.0	109.0	96.0	163.0	186.0	183.0	18	0.0145452608024	0.000231199318997	DLR00012647-2009-07-04_09-35-20	-0.0039573018392	16	95	2590.5	2300.5	0.0049082093718	0.089828973307	135	135
107.0	109.0	97.0	162.0	181.0	181.0	19	0.00681975598061	0.000225181898959	DLR00012647-2009-07-04_09-35-20	-0.0039113627147	16	95	2726.5	2300.5	0.00389252129419	0.0750173157867	135	135
107.0	110.0	98.0	160.0	180.0	178.0	20	0.00996323725292	0.000215079687873	DLR00012647-2009-07-04_09-35-20	-0.00273213626489	16	95	2861.5	2300.5	0.00451129492235	0.0861526985988	135	135
108.0	110.0	98.0	161.0	181.0	180.0	21	0.0149714955512	0.000194032348423	DLR00012647-2009-07-04_09-35-20	-0.00389551968936	16	95	2998.5	2300.5	0.00567200990068	0.108050508818	135	135
114.0	119.0	110.0	150.0	170.0	167.0	22	0.0272790239224	0.000983463462097	DLR00012647-2009-07-04_09-35-20	0.0963810050934	16	95	3123.5	2300.5	0.103799835631	0.492088017476	135	135
110.0	117.0	108.0	148.0	168.0	164.0	23	0.0189674463211	0.000943929976651	DLR00012647-2009-07-04_09-35-20	0.105630627402	16	95	3279.5	2300.5	0.113673028405	0.546432947946	135	135
108.0	113.0	104.0	144.0	164.0	161.0	24	0.0141723053972	0.00090208079808	DLR00012647-2009-07-04_09-35-20	0.0945087713104	16	95	3411.5	2300.5	0.102917747531	0.524055623635	135	135
