92.0	93.0	83.0	128.0	155.0	153.0	1	0.035963556929	0.000184514396064	DLR00012647-2009-07-02_08-57-51	-0.00133281818507	1	95	267.5	207.5	0.00357063461051	0.0619105972614	135	135
94.0	93.0	81.0	104.0	104.0	93.0	2	0.0162501997975	0.000168209452978	DLR00012647-2009-07-02_08-57-51	0.00827885369897	1	95	402.5	210.5	0.0077928054852	0.167030742181	135	135
98.0	97.0	83.0	108.0	108.0	96.0	3	0.0228035590602	0.000188649189336	DLR00012647-2009-07-02_08-57-51	0.00873580709051	1	95	545.5	210.5	0.00800632934831	0.154403537748	135	135
100.0	98.0	85.0	110.0	111.0	97.0	4	0.0172092279823	0.000180630545407	DLR00012647-2009-07-02_08-57-51	0.00854653340701	1	95	668.5	208.5	0.0081392774298	0.162928232724	135	135
100.0	99.0	84.0	110.0	111.0	98.0	5	0.0186477702595	0.000190237542746	DLR00012647-2009-07-02_08-57-51	0.0107546241111	1	95	816.5	213.5	0.0103386996335	0.201342639459	135	135
100.0	98.0	82.0	123.0	126.0	118.0	6	0.000905748841174	0.00013799963342	DLR00012647-2009-07-02_08-57-51	-0.00151074534109	1	95	948.5	207.5	0.000531496128128	0.0155575683308	135	135
101.0	100.0	84.0	110.0	110.0	95.0	7	0.00490169961106	0.000156252364477	DLR00012647-2009-07-02_08-57-51	0.00576240105623	1	95	1075.5	208.5	0.00519531056886	0.120890830625	135	135
101.0	101.0	84.0	111.0	112.0	97.0	8	0.00543449304705	0.000147438855083	DLR00012647-2009-07-02_08-57-51	0.00562410040822	1	95	1217.5	202.5	0.00518020613739	0.122116255528	135	135
101.0	100.0	84.0	111.0	112.0	97.0	9	0.00772550482178	0.000166374809075	DLR00012647-2009-07-02_08-57-51	0.00780904612836	1	95	1350.5	206.5	0.00707256959418	0.151419894507	135	135
100.0	99.0	83.0	110.0	112.0	96.0	10	0.00591400713943	0.000165714864402	DLR00012647-2009-07-02_08-57-51	0.00727578298447	1	95	1488.5	207.5	0.00679803558642	0.150673983697	135	135
99.0	98.0	81.0	104.5	104.0	88.0	11	5.32793435985e-05	8.75161389709e-05	DLR00012647-2009-07-02_08-57-51	-0.00176273254872	1	95	1630.5	207.5	2.45925988741e-05	0.000852469497576	135	135
99.0	98.0	81.0	104.0	105.0	90.0	12	0.0	8.58106740826e-05	DLR00012647-2009-07-02_08-57-51	-0.00170772252645	1	95	1771.5	207.5	3.57951482849e-05	0.00165165965155	135	135
101.0	101.0	85.0	110.0	112.0	97.0	13	0.00836485694496	0.000169520137411	DLR00012647-2009-07-02_08-57-51	0.00942663770427	1	95	1901.5	201.5	0.00888720233967	0.191326122862	135	135
99.0	99.0	83.0	110.0	112.0	97.0	14	0.00602056582663	0.000167465028468	DLR00012647-2009-07-02_08-57-51	0.00763555371639	1	95	2048.5	207.5	0.00740822508399	0.163407746817	135	135
100.0	100.0	84.0	110.0	111.0	96.0	15	0.00538121370345	0.000174338936232	DLR00012647-2009-07-02_08-57-51	0.00757676168523	1	95	2178.5	202.5	0.00753246815989	0.158079812457	135	135
101.0	101.0	85.0	110.0	112.0	97.0	16	0.00468858223667	0.000158056174446	DLR00012647-2009-07-02_08-57-51	0.00748015228266	1	95	2316.5	198.5	0.00729769790126	0.163780702222	135	135
100.0	98.0	81.0	105.0	103.5	84.5	17	0.0	9.5613893531e-05	DLR00012647-2009-07-02_08-57-51	-0.00245190446456	1	95	2454.5	207.5	2.59806519798e-06	0.000106558687197	135	135
99.0	97.0	82.0	106.0	106.0	91.0	18	0.000586072779583	0.000108015745055	DLR00012647-2009-07-02_08-57-51	-0.00180526258011	1	95	2587.5	207.5	5.68493191974e-05	0.00165165965155	135	135
99.0	97.0	81.0	102.0	103.0	87.0	19	5.32793435985e-05	0.000113527578327	DLR00012647-2009-07-02_08-57-51	-0.00222942976924	1	95	2726.5	207.5	7.85171153814e-05	0.00250412914913	135	135
98.0	97.0	82.0	109.0	110.0	96.0	20	0.0119345729661	0.000176377750662	DLR00012647-2009-07-02_08-57-51	0.00737748534966	1	95	2853.5	207.5	0.00765703362177	0.157280622303	135	135
96.0	95.0	82.0	107.0	108.0	95.0	21	0.0174756247003	0.000196409812185	DLR00012647-2009-07-02_08-57-51	0.0118679583797	1	95	2998.5	203.5	0.0119509236929	0.215408386169	135	135
92.0	92.0	79.0	104.0	105.0	93.0	22	0.013000159838	0.000184377967646	DLR00012647-2009-07-02_08-57-51	0.00831032577073	1	95	3133.5	207.5	0.00909854436465	0.175981671906	135	135
90.0	89.0	78.0	99.0	100.0	89.0	23	0.0104960306889	0.000164722356536	DLR00012647-2009-07-02_08-57-51	0.00720662194984	1	95	3270.5	204.5	0.00829381540158	0.183227662635	135	135
88.0	88.0	78.0	109.0	118.0	115.0	24	0.0126804837764	0.000150850499581	DLR00012647-2009-07-02_08-57-51	-0.00360996073483	1	95	3411.5	207.5	0.00232941245741	0.0523203154137	135	135
89.0	88.0	75.0	99.0	99.0	87.0	1	0.00788534285258	0.000179414580624	DLR00012647-2009-07-02_08-57-51	0.00998807240382	2	95	266.5	343.5	0.00969438800842	0.200596728648	135	135
92.0	90.0	76.0	102.0	102.0	90.0	2	0.0321807235335	0.000203715481109	DLR00012647-2009-07-02_08-57-51	0.0149711215573	2	95	402.5	343.5	0.0133360268841	0.244925142522	135	135
94.0	92.0	78.0	105.0	106.0	92.0	3	0.0347914113698	0.000211958105916	DLR00012647-2009-07-02_08-57-51	0.0133805259436	2	95	541.5	343.5	0.0116975285516	0.20091640471	135	135
96.0	94.0	79.0	108.0	108.0	94.0	4	0.0327667963131	0.000215672696621	DLR00012647-2009-07-02_08-57-51	0.0168277402712	2	95	676.5	337.5	0.0150515724996	0.261388459694	135	135
97.0	95.0	79.0	108.0	108.0	94.0	5	0.0231765144653	0.000207947652295	DLR00012647-2009-07-02_08-57-51	0.0145495473784	2	95	813.5	343.5	0.0130250386256	0.238318503916	135	135
97.0	96.0	79.0	107.0	108.0	92.0	6	0.0240289839629	0.00019281800319	DLR00012647-2009-07-02_08-57-51	0.0131377002868	2	95	947.5	343.5	0.0121920989923	0.229527412222	135	135
97.0	96.0	79.0	108.0	109.0	93.0	7	0.0225904416858	0.000201231063397	DLR00012647-2009-07-02_08-57-51	0.0144030469413	2	95	1077.5	351.5	0.0130147446004	0.235654536736	135	135
96.0	96.0	78.0	108.0	109.0	93.0	8	0.0194469604134	0.000206652385295	DLR00012647-2009-07-02_08-57-51	0.0135296559896	2	95	1214.5	343.5	0.0124412560141	0.223826522457	135	135
96.0	95.0	78.0	106.0	108.0	91.0	9	0.0133731152432	0.000188942615353	DLR00012647-2009-07-02_08-57-51	0.0112642013538	2	95	1360.5	343.5	0.0104163971972	0.201768874207	135	135
95.0	95.0	77.0	107.0	109.0	93.0	10	0.027332303266	0.000219531685303	DLR00012647-2009-07-02_08-57-51	0.017597110938	2	95	1502.5	341.5	0.0165787875948	0.281474772231	135	135
95.0	94.0	77.0	105.0	107.0	90.0	11	0.0148116575204	0.000193971494134	DLR00012647-2009-07-02_08-57-51	0.0139454492875	2	95	1634.5	342.5	0.012842041006	0.246310405456	135	135
95.0	95.0	77.0	107.0	109.0	93.0	12	0.0329266343439	0.000219265699186	DLR00012647-2009-07-02_08-57-51	0.0183292672102	2	95	1761.5	350.5	0.0176297720083	0.295220842879	135	135
95.0	95.0	77.0	106.0	108.0	91.0	13	0.0144387021152	0.000188386676339	DLR00012647-2009-07-02_08-57-51	0.0132457463772	2	95	1903.5	343.5	0.0123706242085	0.24119558847	135	135
95.0	94.0	77.0	107.0	110.0	94.0	14	0.0244552187117	0.000233233371255	DLR00012647-2009-07-02_08-57-51	0.0210682937797	2	95	2041.5	341.5	0.0206872132192	0.334594277798	135	135
95.0	94.0	77.0	105.0	107.0	90.0	15	0.0176354627311	0.000191760662	DLR00012647-2009-07-02_08-57-51	0.012712998436	2	95	2178.5	343.5	0.0122329444704	0.233310245618	135	135
95.0	95.0	77.0	106.0	108.0	92.0	16	0.015664127018	0.000204219746959	DLR00012647-2009-07-02_08-57-51	0.015382714054	2	95	2317.5	343.5	0.0150177043301	0.278704246364	135	135
96.0	95.0	77.0	107.0	108.0	91.0	17	0.0239224252757	0.00019511089891	DLR00012647-2009-07-02_08-57-51	0.014118682227	2	95	2445.5	335.5	0.0139289576925	0.25185145719	135	135
95.0	94.0	77.0	107.0	108.0	92.0	18	0.0261068783633	0.000212483118374	DLR00012647-2009-07-02_08-57-51	0.0155697053312	2	95	2590.5	337.5	0.0151286929318	0.259044168576	135	135
95.0	94.0	77.0	106.0	107.0	91.0	19	0.0241355426501	0.000194557308963	DLR00012647-2009-07-02_08-57-51	0.0133500523752	2	95	2720.5	342.5	0.0125974940171	0.235441419362	135	135
95.0	93.0	77.0	107.0	107.0	93.0	20	0.0234429111833	0.000217488758607	DLR00012647-2009-07-02_08-57-51	0.0152876359228	2	95	2861.5	343.5	0.0150831503242	0.260163034791	135	135
93.0	91.0	75.0	105.0	106.0	91.0	21	0.0374553785497	0.000223041472636	DLR00012647-2009-07-02_08-57-51	0.0168782754293	2	95	2990.5	343.5	0.0163476694875	0.27465501625	135	135
90.0	88.0	73.0	102.0	103.0	89.0	22	0.0440620171559	0.00023354748261	DLR00012647-2009-07-02_08-57-51	0.017764381545	2	95	3133.5	333.5	0.0176886515407	0.288987159678	135	135
87.0	85.0	71.0	100.0	100.0	87.0	23	0.0593531887687	0.000250136391575	DLR00012647-2009-07-02_08-57-51	0.0213557486404	2	95	3263.5	343.5	0.0213505835852	0.325643348074	135	135
85.0	84.0	72.0	95.0	96.0	84.0	24	0.0111353828121	0.000191576010774	DLR00012647-2009-07-02_08-57-51	0.0142973249151	2	95	3403.5	343.5	0.0146129373496	0.28456497416	135	135
89.0	88.0	75.0	100.0	101.0	89.0	1	0.0198731951622	0.000205518111754	DLR00012647-2009-07-02_08-57-51	0.0108984985731	3	95	269.5	481.5	0.0114327627374	0.210506686558	135	135
91.0	90.0	76.0	103.0	104.0	92.0	2	0.0447546486227	0.000224620844122	DLR00012647-2009-07-02_08-57-51	0.0119858627187	3	95	403.5	481.5	0.0113984994263	0.186744099313	135	135
94.0	92.0	78.0	105.0	106.0	93.0	3	0.0302626671639	0.000218848598624	DLR00012647-2009-07-02_08-57-51	0.0105303299235	3	95	547.5	481.5	0.00903963340999	0.155842080026	135	135
95.0	94.0	78.0	106.0	107.0	93.0	4	0.0191805636955	0.000205099168355	DLR00012647-2009-07-02_08-57-51	0.00967668427777	3	95	670.5	481.5	0.00795431246064	0.144973093931	135	135
96.0	95.0	79.0	108.0	109.0	94.0	5	0.0299962704459	0.000212274349796	DLR00012647-2009-07-02_08-57-51	0.0127045793009	3	95	813.5	481.5	0.0107436041392	0.181203047578	135	135
96.0	95.0	79.0	107.0	109.0	93.0	6	0.0242421013373	0.000201160971553	DLR00012647-2009-07-02_08-57-51	0.0113448368665	3	95	948.5	481.5	0.00972844981013	0.178272683681	135	135
96.0	96.0	78.0	107.0	109.0	93.0	7	0.0247748947733	0.000206888258364	DLR00012647-2009-07-02_08-57-51	0.0107306411369	3	95	1075.5	481.5	0.00921350717267	0.165858596622	135	135
95.0	95.0	78.0	106.0	108.0	92.0	8	0.0183813735415	0.0001923859167	DLR00012647-2009-07-02_08-57-51	0.00907118218632	3	95	1222.5	481.5	0.0080578729425	0.153124833502	135	135
95.0	95.0	78.0	107.0	109.0	93.0	9	0.0248814534605	0.000212685310278	DLR00012647-2009-07-02_08-57-51	0.008287664041	3	95	1360.5	481.5	0.00759280241564	0.129095849539	135	135
94.0	94.0	78.0	105.0	107.0	91.0	10	0.0147050988332	0.000190050051968	DLR00012647-2009-07-02_08-57-51	0.00865087673484	3	95	1495.5	481.5	0.00801454726011	0.148702647983	135	135
94.0	94.0	77.0	105.0	107.0	91.0	11	0.0115616175609	0.000195799299298	DLR00012647-2009-07-02_08-57-51	0.00878407548022	3	95	1634.5	478.5	0.00811077143564	0.15147317385	135	135
94.0	95.0	77.0	106.0	109.0	93.0	12	0.021897810219	0.000211311364392	DLR00012647-2009-07-02_08-57-51	0.0126818455042	3	95	1771.5	481.5	0.0115365255115	0.196973733284	135	135
94.0	95.0	77.0	106.0	109.0	92.0	13	0.0182748148543	0.000209697794194	DLR00012647-2009-07-02_08-57-51	0.0115510268774	3	95	1899.5	471.5	0.0106351396487	0.179391549896	135	135
94.0	94.0	76.0	105.0	107.0	90.0	14	0.0199797538494	0.00018331938339	DLR00012647-2009-07-02_08-57-51	0.00853372033804	3	95	2037.5	481.5	0.00814725281434	0.157653577708	135	135
94.0	94.0	76.0	105.0	108.0	91.5	15	0.0215781341574	0.000209018949902	DLR00012647-2009-07-02_08-57-51	0.0101665173036	3	95	2173.5	481.5	0.0099062632687	0.166977462838	135	135
94.0	94.0	77.0	106.0	108.0	91.0	16	0.0123608077148	0.000203753936961	DLR00012647-2009-07-02_08-57-51	0.0084325612286	3	95	2316.5	471.5	0.00867964167082	0.16079705898	135	135
93.0	93.0	76.0	106.0	108.0	92.0	17	0.020299429911	0.000207529547512	DLR00012647-2009-07-02_08-57-51	0.00510318331414	3	95	2451.5	481.5	0.00731309741475	0.123767915179	135	135
93.0	93.0	76.0	106.0	107.0	92.0	18	0.0241888219937	0.000214154997618	DLR00012647-2009-07-02_08-57-51	0.0073554159044	3	95	2590.5	481.5	0.0091654164074	0.161649528478	135	135
94.0	93.0	76.0	106.0	108.0	92.0	19	0.0339389418722	0.000219974601555	DLR00012647-2009-07-02_08-57-51	0.0115847581372	3	95	2726.5	481.5	0.0121721919952	0.209227982311	135	135
94.0	92.0	75.0	106.0	107.0	91.0	20	0.022697000373	0.00021253809422	DLR00012647-2009-07-02_08-57-51	0.00912635372172	3	95	2861.5	481.5	0.00976423034626	0.172305397198	135	135
93.0	91.0	74.0	105.0	105.0	90.0	21	0.0223240449678	0.000212656525322	DLR00012647-2009-07-02_08-57-51	0.00790931276916	3	95	2992.5	481.5	0.00881066715626	0.158559326549	135	135
91.0	88.0	73.0	103.0	103.0	89.0	22	0.0338856625286	0.000224183442387	DLR00012647-2009-07-02_08-57-51	0.00907746423331	3	95	3133.5	481.5	0.00985976074151	0.166178272684	135	135
87.0	85.0	71.0	99.0	100.0	86.0	23	0.0397996696681	0.00022559848721	DLR00012647-2009-07-02_08-57-51	0.0114953739783	3	95	3273.5	481.5	0.0118699480525	0.196547498535	135	135
85.0	84.0	71.0	94.0	95.0	82.0	24	0.0225371623422	0.000192699088067	DLR00012647-2009-07-02_08-57-51	0.01161930998	3	95	3407.5	476.5	0.0117894777813	0.220523203154	135	135
91.0	89.0	76.0	101.0	101.0	89.0	1	0.0262667163941	0.000201980636557	DLR00012647-2009-07-02_08-57-51	0.0137862455326	4	95	265.5	625.5	0.012669027141	0.230646278438	135	135
92.0	91.0	77.0	104.0	105.0	92.0	2	0.0338856625286	0.000230669011951	DLR00012647-2009-07-02_08-57-51	0.0189330159852	4	95	405.5	614.5	0.0170151119988	0.275827161809	135	135
94.0	93.0	78.0	106.0	106.0	92.0	3	0.0386275241089	0.000217417148604	DLR00012647-2009-07-02_08-57-51	0.0167478365674	4	95	540.5	618.5	0.0141631871833	0.244658745804	135	135
96.0	94.0	78.0	108.0	109.0	94.0	4	0.0280782140764	0.000223488313442	DLR00012647-2009-07-02_08-57-51	0.0168863739578	4	95	670.5	618.5	0.0152055632543	0.256486760083	135	135
96.0	95.0	78.0	107.0	108.0	92.0	5	0.0173157866695	0.000196601939289	DLR00012647-2009-07-02_08-57-51	0.0108118323012	4	95	813.5	618.5	0.00924817297745	0.171239810326	135	135
96.0	95.0	78.0	108.0	111.0	95.0	6	0.036229953647	0.00023487310468	DLR00012647-2009-07-02_08-57-51	0.0204978542583	4	95	944.5	618.5	0.0187011779197	0.30145452608	135	135
96.0	96.0	78.0	107.0	109.0	93.0	7	0.0238691459321	0.000209103733577	DLR00012647-2009-07-02_08-57-51	0.0148211577236	4	95	1079.5	623.5	0.0128419116464	0.228621663381	135	135
95.0	95.0	79.0	106.0	109.0	93.0	8	0.0247216154297	0.00020807770773	DLR00012647-2009-07-02_08-57-51	0.0177490512431	4	95	1224.5	623.5	0.0157408873488	0.272736959881	135	135
95.0	95.0	78.0	105.0	108.0	92.0	9	0.01406574671	0.000194480457268	DLR00012647-2009-07-02_08-57-51	0.0115668416347	4	95	1356.5	613.5	0.00993091281669	0.190313815334	135	135
94.0	95.0	78.0	106.0	109.0	94.0	10	0.0255208055837	0.000221053344377	DLR00012647-2009-07-02_08-57-51	0.0190262434375	4	95	1485.5	618.5	0.0178656698858	0.291011774735	135	135
94.0	94.0	78.0	104.0	107.0	91.0	11	0.0168895519207	0.000185809397325	DLR00012647-2009-07-02_08-57-51	0.0125555248273	4	95	1631.5	618.5	0.0115107724914	0.223773243114	135	135
94.0	94.0	77.0	105.0	108.0	92.0	12	0.0202461505674	0.000209014061267	DLR00012647-2009-07-02_08-57-51	0.0164572145804	4	95	1771.5	622.5	0.0149456810975	0.26666311471	135	135
94.0	95.0	77.0	104.0	106.0	91.0	13	0.0158772443923	0.000187534434716	DLR00012647-2009-07-02_08-57-51	0.0149884787575	4	95	1900.5	618.5	0.0131497628971	0.254621983057	135	135
94.0	94.0	77.0	106.0	109.0	93.0	14	0.0247216154297	0.000228381003354	DLR00012647-2009-07-02_08-57-51	0.0182255022995	4	95	2041.5	618.5	0.0172617469695	0.280142788641	135	135
94.0	94.0	77.0	105.0	108.0	92.0	15	0.0267462304864	0.000207099638274	DLR00012647-2009-07-02_08-57-51	0.015678313979	4	95	2173.5	613.5	0.0144174990263	0.253289999467	135	135
93.0	94.0	76.0	105.0	107.0	91.0	16	0.0141723053972	0.000201637571325	DLR00012647-2009-07-02_08-57-51	0.0130007041597	4	95	2322.5	618.5	0.0129488075965	0.241834940594	135	135
94.0	93.0	77.0	105.0	107.0	92.0	17	0.0191805636955	0.000203632974877	DLR00012647-2009-07-02_08-57-51	0.0142844725231	4	95	2453.5	618.5	0.0140759765727	0.255740849273	135	135
94.0	93.0	76.0	106.0	108.0	92.0	18	0.0299429911023	0.000222588209729	DLR00012647-2009-07-02_08-57-51	0.0168130906075	4	95	2591.5	617.5	0.0163395292023	0.275454206404	135	135
94.0	93.0	76.0	106.0	107.0	92.0	19	0.0280782140764	0.000219282394718	DLR00012647-2009-07-02_08-57-51	0.0170705888159	4	95	2718.5	618.5	0.0169784654877	0.297032340562	135	135
94.0	93.0	76.0	107.0	109.0	94.0	20	0.0322340028771	0.000245353067139	DLR00012647-2009-07-02_08-57-51	0.0198337646617	4	95	2861.5	620.5	0.0197703755368	0.307901326656	135	135
94.0	92.0	75.0	106.0	107.0	92.0	21	0.0407054185092	0.000237220055374	DLR00012647-2009-07-02_08-57-51	0.0189054889668	4	95	2992.5	613.5	0.0184910465952	0.297991368746	135	135
92.0	89.0	73.0	104.0	105.0	90.0	22	0.050828493793	0.000251079600157	DLR00012647-2009-07-02_08-57-51	0.0208920746736	4	95	3133.5	618.5	0.0200734636676	0.301987319516	135	135
88.0	85.0	71.0	100.0	101.0	87.0	23	0.0655335926261	0.000247575484895	DLR00012647-2009-07-02_08-57-51	0.021254902628	4	95	3273.5	618.5	0.0205184281136	0.313548937077	135	135
85.0	84.0	70.0	97.0	98.0	86.0	24	0.0426234748788	0.000256722458808	DLR00012647-2009-07-02_08-57-51	0.0221832582648	4	95	3406.5	618.5	0.022493572137	0.334540998455	135	135
91.0	89.0	76.0	101.0	101.0	89.0	1	0.0145452608024	0.000200382578486	DLR00012647-2009-07-02_08-57-51	0.0106446669945	5	95	266.5	755.5	0.00966293593269	0.183067824604	135	135
93.0	91.0	77.0	104.0	105.0	92.0	2	0.0312216953487	0.000221045286308	DLR00012647-2009-07-02_08-57-51	0.0140868199068	5	95	405.5	757.5	0.0119367719137	0.201981991582	135	135
94.0	93.0	77.0	106.0	107.0	93.0	3	0.0253609675529	0.000222958042336	DLR00012647-2009-07-02_08-57-51	0.0118935029961	5	95	533.5	757.5	0.0103195614825	0.172305397198	135	135
96.0	94.0	78.0	106.0	107.0	92.0	4	0.0179018594491	0.000196948247732	DLR00012647-2009-07-02_08-57-51	0.00904822114942	5	95	671.5	752.5	0.00793175317472	0.146464915552	135	135
96.0	95.0	78.0	107.0	108.0	92.0	5	0.0136395119612	0.000200575449466	DLR00012647-2009-07-02_08-57-51	0.00993667157736	5	95	813.5	757.5	0.00824999188231	0.152698598753	135	135
96.0	95.0	78.0	106.0	107.0	91.0	6	0.0127870424636	0.000184429856318	DLR00012647-2009-07-02_08-57-51	0.0100665408983	5	95	948.5	757.5	0.00814791678132	0.159997868826	135	135
95.0	95.0	78.0	107.0	109.0	93.0	7	0.019766636475	0.000211491454981	DLR00012647-2009-07-02_08-57-51	0.0124045324178	5	95	1085.5	757.5	0.0105308929751	0.187703127497	135	135
95.0	95.0	78.0	106.0	108.0	92.0	8	0.0185944909159	0.000196791831744	DLR00012647-2009-07-02_08-57-51	0.0119812804488	5	95	1224.5	747.5	0.00989375195956	0.185305557036	135	135
95.0	95.0	78.0	105.0	108.0	92.0	9	0.00543449304705	0.000186922195761	DLR00012647-2009-07-02_08-57-51	0.00840880411221	5	95	1360.5	757.5	0.00674524652781	0.130694229847	135	135
94.0	95.0	78.0	104.0	107.0	91.0	10	0.00916404709894	0.000186084465216	DLR00012647-2009-07-02_08-57-51	0.00992546671191	5	95	1495.5	757.5	0.00849273926905	0.168575843146	135	135
93.0	94.0	77.0	104.0	106.0	91.0	11	0.0138526293356	0.000188590290142	DLR00012647-2009-07-02_08-57-51	0.00880559633732	5	95	1628.5	756.5	0.00788558581254	0.152538760722	135	135
93.0	94.0	77.0	104.0	106.0	90.0	12	0.014598540146	0.000191742639143	DLR00012647-2009-07-02_08-57-51	0.00966787136968	5	95	1766.5	750.5	0.00878687839114	0.161542969791	135	135
94.0	94.0	77.0	103.0	106.0	90.0	13	0.0158239650488	0.000183230661638	DLR00012647-2009-07-02_08-57-51	0.0106929221477	5	95	1903.5	757.5	0.00943752459259	0.183653897384	135	135
93.0	93.0	77.0	104.0	106.0	90.0	14	0.0101230752837	0.00018154434048	DLR00012647-2009-07-02_08-57-51	0.00724230092435	5	95	2041.5	757.5	0.00731211255728	0.146145239491	135	135
93.0	93.0	76.0	104.0	106.0	90.0	15	0.0199264745058	0.000191894516511	DLR00012647-2009-07-02_08-57-51	0.0101047657928	5	95	2178.5	757.5	0.00960987135124	0.184239970164	135	135
93.0	93.0	77.0	104.0	106.0	90.0	16	0.0140124673664	0.000191414757217	DLR00012647-2009-07-02_08-57-51	0.0107324089442	5	95	2313.5	757.5	0.0100045410496	0.191645798924	135	135
94.0	94.0	77.0	105.0	107.0	91.0	17	0.0242421013373	0.000206015085393	DLR00012647-2009-07-02_08-57-51	0.0140097493225	5	95	2453.5	763.5	0.0131132918239	0.225691299483	135	135
94.0	94.0	76.0	105.0	107.0	90.0	18	0.0177420214183	0.000205269431872	DLR00012647-2009-07-02_08-57-51	0.0135606190983	5	95	2590.5	754.5	0.0120916590211	0.226756886355	135	135
95.0	93.0	76.0	106.0	108.0	92.0	19	0.0311684160051	0.00022922837656	DLR00012647-2009-07-02_08-57-51	0.0146960058281	5	95	2721.5	749.5	0.0137193978042	0.223027332303	135	135
94.0	93.0	75.0	106.0	107.0	91.0	20	0.0221109275934	0.00022137586684	DLR00012647-2009-07-02_08-57-51	0.0162925661596	5	95	2853.5	757.5	0.0154354825019	0.261708135756	135	135
93.0	91.0	74.0	103.0	104.0	88.0	21	0.0192871223827	0.00019783173751	DLR00012647-2009-07-02_08-57-51	0.0102754186484	5	95	2998.5	757.5	0.00989441848742	0.181682561671	135	135
92.0	89.0	72.0	103.0	103.0	89.0	22	0.0338856625286	0.000234088921679	DLR00012647-2009-07-02_08-57-51	0.014393506472	5	95	3124.5	757.5	0.0141127623879	0.226490489637	135	135
88.0	86.0	70.0	99.0	98.0	84.0	23	0.0262667163941	0.000205861857295	DLR00012647-2009-07-02_08-57-51	0.0102418736611	5	95	3265.5	757.5	0.0104399549923	0.186850658	135	135
85.0	84.0	70.0	96.0	97.0	84.0	24	0.0316479300975	0.000228484146192	DLR00012647-2009-07-02_08-57-51	0.0132031982152	5	95	3408.5	759.5	0.0139961618877	0.229261015504	135	135
91.0	89.0	75.0	98.0	95.0	84.0	1	0.00069263146678	0.000111284362683	DLR00012647-2009-07-02_08-57-51	-0.000693880939292	6	95	267.5	893.5	4.84302329647e-05	0.00111886621557	135	135
93.0	91.0	76.0	107.0	108.0	95.0	2	0.0380947306729	0.000267320326767	DLR00012647-2009-07-02_08-57-51	0.0238444692573	6	95	403.5	891.5	0.0219552218685	0.32351217433	135	135
95.0	93.0	78.0	106.0	107.0	93.0	3	0.0330331930311	0.000220759535302	DLR00012647-2009-07-02_08-57-51	0.0169445208463	6	95	538.5	893.5	0.0144156787039	0.248761255261	135	135
96.0	95.0	78.0	108.0	109.0	94.0	4	0.0282913314508	0.0002232666819	DLR00012647-2009-07-02_08-57-51	0.0178369899139	6	95	676.5	888.5	0.0153378501419	0.257818743673	135	135
97.0	95.0	78.0	107.0	108.0	92.0	5	0.0258404816453	0.000202002797715	DLR00012647-2009-07-02_08-57-51	0.0178341002644	6	95	816.5	898.5	0.0149362018791	0.266183600618	135	135
96.0	95.0	77.0	101.5	101.0	85.0	6	0.000426234748788	0.000101048151059	DLR00012647-2009-07-02_08-57-51	0.00126301770551	6	95	948.5	893.5	0.000111080914185	0.00394267142629	135	135
95.0	95.0	78.0	106.0	108.0	92.0	7	0.0192338430391	0.000200254576201	DLR00012647-2009-07-02_08-57-51	0.0159016572021	6	95	1086.5	891.5	0.0132681428668	0.241248867814	135	135
95.0	95.0	78.0	105.0	108.0	92.0	8	0.0237093079013	0.00020024578852	DLR00012647-2009-07-02_08-57-51	0.0179847510965	6	95	1224.5	895.5	0.0159747369423	0.277798497523	135	135
94.0	95.0	78.0	105.0	107.0	91.0	9	0.0100697959401	0.000191678453585	DLR00012647-2009-07-02_08-57-51	0.0134054783291	6	95	1360.5	883.5	0.0115699919178	0.226756886355	135	135
94.0	94.0	78.0	104.0	106.0	91.0	10	0.00660663860621	0.000184652625642	DLR00012647-2009-07-02_08-57-51	0.0122813814895	6	95	1499.5	893.5	0.0104980708768	0.211092759337	135	135
93.0	93.0	77.0	98.0	98.5	84.0	11	0.000319676061591	8.3984209091e-05	DLR00012647-2009-07-02_08-57-51	0.000181775270191	6	95	1643.5	891.5	4.60427603753e-05	0.00170493899515	135	135
93.0	93.0	77.0	98.0	101.0	88.0	12	0.000799190153977	0.000129369668666	DLR00012647-2009-07-02_08-57-51	-0.00015622538111	6	95	1771.5	893.5	0.000152138198353	0.00383611273909	135	135
93.0	93.0	77.0	104.0	106.0	90.0	13	0.0217379721882	0.00019564978368	DLR00012647-2009-07-02_08-57-51	0.0142396071983	6	95	1902.5	889.5	0.0124921734811	0.2330438489	135	135
93.0	93.0	77.0	104.0	107.0	92.0	14	0.0197133571314	0.000215437806742	DLR00012647-2009-07-02_08-57-51	0.0173579018561	6	95	2041.5	887.5	0.0160934219698	0.279343598487	135	135
93.0	93.0	77.0	105.0	108.0	93.0	15	0.0291438009484	0.000228179390918	DLR00012647-2009-07-02_08-57-51	0.0188591919559	6	95	2178.5	893.5	0.0172335221469	0.283552666631	135	135
93.0	94.0	77.0	105.0	107.0	92.0	16	0.0187010496031	0.000216404579697	DLR00012647-2009-07-02_08-57-51	0.0170204688745	6	95	2316.5	893.5	0.016030212626	0.272843518568	135	135
94.0	93.0	76.0	127.5	131.0	121.0	17	0.0125739250892	0.000280015698349	DLR00012647-2009-07-02_08-57-51	-0.00141105845956	6	95	2460.5	893.5	0.00134539977388	0.0147050988332	135	135
94.0	93.0	75.0	115.0	117.0	104.0	18	0.00218445308754	0.000167907776859	DLR00012647-2009-07-02_08-57-51	-0.00141223803732	6	95	2590.5	893.5	0.000237732868676	0.00495497895466	135	135
94.0	92.0	74.0	98.0	98.0	81.0	19	0.000586072779583	8.49237776702e-05	DLR00012647-2009-07-02_08-57-51	-0.00168554746175	6	95	2726.5	894.5	3.96757745896e-05	0.00127870424636	135	135
94.0	92.0	74.0	106.0	107.0	91.0	20	0.0238691459321	0.000231480359242	DLR00012647-2009-07-02_08-57-51	0.0182175211497	6	95	2861.5	889.5	0.0173315987855	0.281474772231	135	135
93.0	91.0	74.0	104.0	105.0	89.0	21	0.0261068783633	0.000218376761597	DLR00012647-2009-07-02_08-57-51	0.0181915365762	6	95	2996.5	885.5	0.0172062528164	0.294315094038	135	135
92.0	89.0	72.0	103.0	103.0	88.0	22	0.0353242048058	0.000232877276617	DLR00012647-2009-07-02_08-57-51	0.0206511809228	6	95	3126.5	893.5	0.0198976295551	0.32010229634	135	135
88.0	86.0	70.0	100.0	100.0	85.0	23	0.0468325430231	0.000228574754946	DLR00012647-2009-07-02_08-57-51	0.0192544684478	6	95	3269.5	889.5	0.0188484390475	0.30811444403	135	135
85.0	83.0	68.0	92.0	93.0	79.0	24	0.000159838030795	0.000141427437903	DLR00012647-2009-07-02_08-57-51	-0.00338870703688	6	95	3411.5	893.5	6.77837236203e-05	0.00175821833875	135	135
93.0	90.0	76.0	103.0	104.0	90.0	1	0.0195535191006	0.00022412393484	DLR00012647-2009-07-02_08-57-51	0.0152629981778	7	95	272.5	1029.5	0.0135433562495	0.23437583249	135	135
94.0	92.0	76.0	105.0	105.0	91.0	2	0.0303692258511	0.000216154693976	DLR00012647-2009-07-02_08-57-51	0.0149350142332	7	95	410.5	1029.5	0.012231559647	0.213170653738	135	135
96.0	94.0	78.0	106.0	107.0	92.0	3	0.028930683574	0.000218040595719	DLR00012647-2009-07-02_08-57-51	0.0160522340058	7	95	548.5	1025.5	0.0125823456878	0.214023123235	135	135
97.0	95.0	78.0	107.0	107.0	91.0	4	0.0281847727636	0.000198367492425	DLR00012647-2009-07-02_08-57-51	0.0153301139079	7	95	676.5	1028.5	0.0118644024958	0.21173211146	135	135
97.0	95.0	78.0	107.0	108.0	92.0	5	0.0245617773989	0.000213899220618	DLR00012647-2009-07-02_08-57-51	0.0142618066118	7	95	822.5	1029.5	0.0109388662005	0.186584261282	135	135
96.0	95.0	78.0	106.0	108.0	92.0	6	0.0248814534605	0.000202920087418	DLR00012647-2009-07-02_08-57-51	0.0151004529585	7	95	952.5	1024.5	0.0117221816415	0.204965634823	135	135
95.0	95.0	78.0	105.0	106.0	90.0	7	0.0122542490277	0.000177943976564	DLR00012647-2009-07-02_08-57-51	0.0104556442727	7	95	1081.5	1029.5	0.00786053554968	0.155628962651	135	135
94.0	95.0	78.0	106.0	108.0	92.0	8	0.0199797538494	0.000209917926842	DLR00012647-2009-07-02_08-57-51	0.0133040401331	7	95	1219.5	1029.5	0.0112109474013	0.191539240237	135	135
94.0	94.0	78.0	105.0	107.0	92.0	9	0.0154510096436	0.000205532572894	DLR00012647-2009-07-02_08-57-51	0.0117160970551	7	95	1360.5	1029.5	0.0097929478736	0.175129202408	135	135
94.0	94.0	78.0	104.0	106.0	91.0	10	0.00927060578614	0.00018886525823	DLR00012647-2009-07-02_08-57-51	0.0108337019345	7	95	1485.5	1027.5	0.00879022984195	0.168682401833	135	135
93.0	94.0	78.0	103.0	105.0	90.0	11	0.0123075283713	0.000188269543907	DLR00012647-2009-07-02_08-57-51	0.0106427709516	7	95	1635.5	1024.5	0.00840000686867	0.157706857052	135	135
93.0	93.0	77.0	103.0	106.0	91.0	12	0.0134796739304	0.000201261191007	DLR00012647-2009-07-02_08-57-51	0.0107345135553	7	95	1771.5	1029.5	0.00894605992196	0.161809366509	135	135
92.0	93.0	77.0	102.0	104.0	89.0	13	0.0126804837764	0.000178212460182	DLR00012647-2009-07-02_08-57-51	0.0074138405215	7	95	1895.5	1029.5	0.0058310604388	0.117321114604	135	135
92.0	93.0	77.0	102.0	104.0	89.0	14	0.0109222654377	0.000181073875155	DLR00012647-2009-07-02_08-57-51	0.00810540928457	7	95	2041.5	1032.5	0.00695151608951	0.139804997602	135	135
93.0	93.0	77.0	103.0	105.0	90.0	15	0.0128403218072	0.000184816248243	DLR00012647-2009-07-02_08-57-51	0.01021662889	7	95	2178.5	1032.5	0.00877365914369	0.166657786776	135	135
93.0	93.0	77.0	104.0	106.0	91.0	16	0.00458202354947	0.000194774677081	DLR00012647-2009-07-02_08-57-51	0.00861859563384	7	95	2316.5	1029.5	0.00769313835266	0.147264105706	135	135
93.0	93.0	76.0	104.0	105.0	89.0	17	0.00990995790932	0.000187860267092	DLR00012647-2009-07-02_08-57-51	0.0100152173823	7	95	2462.5	1029.5	0.0090274254054	0.174170174223	135	135
93.0	92.0	75.0	103.0	105.0	89.0	18	0.0132132772124	0.000194595297744	DLR00012647-2009-07-02_08-57-51	0.0100456780183	7	95	2590.5	1029.5	0.0092838590098	0.170973413608	135	135
93.0	92.0	74.0	103.0	104.0	87.0	19	0.00921732644254	0.000188781006334	DLR00012647-2009-07-02_08-57-51	0.00887863348849	7	95	2728.5	1029.5	0.00791551655893	0.150460866322	135	135
93.0	91.0	74.0	104.0	105.0	88.0	20	0.0141190260536	0.000210333203206	DLR00012647-2009-07-02_08-57-51	0.0105822934529	7	95	2861.5	1029.5	0.00967156633718	0.174916085034	135	135
93.0	90.0	73.0	104.0	105.0	89.0	21	0.026533113112	0.000230805429345	DLR00012647-2009-07-02_08-57-51	0.015967146332	7	95	2993.5	1029.5	0.0150900915001	0.245937450051	135	135
91.0	88.0	71.0	102.0	102.0	86.0	22	0.0360168362726	0.000211121349918	DLR00012647-2009-07-02_08-57-51	0.0128416091962	7	95	3133.5	1022.5	0.0123272633013	0.212637860302	135	135
88.0	85.0	69.0	98.0	98.0	83.0	23	0.0392135968885	0.000209474093361	DLR00012647-2009-07-02_08-57-51	0.0112898091079	7	95	3273.5	1029.5	0.011309968593	0.192285151047	135	135
84.0	83.0	68.0	90.0	90.0	78.0	24	0.0	6.9620520379e-05	DLR00012647-2009-07-02_08-57-51	-0.00372064904975	7	95	3411.5	1022.5	2.95710907125e-06	0.000159838030795	135	135
93.0	91.0	76.0	103.0	103.0	89.0	1	0.0183813735415	0.000204682330697	DLR00012647-2009-07-02_08-57-51	0.014873015531	8	95	267.5	1165.5	0.0131058182737	0.238318503916	135	135
94.0	92.0	77.0	107.0	108.0	93.0	2	0.0447546486227	0.000248628467339	DLR00012647-2009-07-02_08-57-51	0.0237921475797	8	95	403.5	1158.5	0.0208047603762	0.311737439395	135	135
95.0	94.0	77.0	105.0	106.0	91.0	3	0.0252011295221	0.000204897177018	DLR00012647-2009-07-02_08-57-51	0.0170517070071	8	95	545.5	1168.5	0.0133645126771	0.238584900634	135	135
96.0	95.0	78.0	108.0	109.0	94.0	4	0.0304225051947	0.000238871492246	DLR00012647-2009-07-02_08-57-51	0.0231005469643	8	95	670.5	1165.5	0.0198069840475	0.313708775108	135	135
96.0	95.0	78.0	106.0	107.0	91.0	5	0.020033033193	0.000189922051636	DLR00012647-2009-07-02_08-57-51	0.0153348992902	8	95	813.5	1165.5	0.0114203405222	0.206777132506	135	135
96.0	95.0	78.0	107.0	109.0	93.0	6	0.0279716553892	0.000222606759713	DLR00012647-2009-07-02_08-57-51	0.0234945011433	8	95	948.5	1161.5	0.0199202185571	0.333155735521	135	135
95.0	95.0	77.0	106.0	107.0	91.0	7	0.0187010496031	0.000202138405321	DLR00012647-2009-07-02_08-57-51	0.0154550323565	8	95	1085.5	1167.5	0.0123777502	0.223560125739	135	135
94.0	94.0	78.0	105.0	108.0	92.0	8	0.02946347701	0.000215451182704	DLR00012647-2009-07-02_08-57-51	0.0213558073192	8	95	1224.5	1167.5	0.018548584863	0.315253876072	135	135
94.0	94.0	78.0	103.0	105.0	89.0	9	0.0101230752837	0.000176147968342	DLR00012647-2009-07-02_08-57-51	0.0132564490101	8	95	1360.5	1166.5	0.0096557153812	0.193883531355	135	135
93.0	94.0	78.0	104.0	107.0	92.0	10	0.0183813735415	0.00021294406727	DLR00012647-2009-07-02_08-57-51	0.0176617750509	8	95	1489.5	1165.5	0.0146062872188	0.252117853908	135	135
93.0	93.0	78.0	104.0	106.0	91.0	11	0.0269593478608	0.00020504930679	DLR00012647-2009-07-02_08-57-51	0.0169879948139	8	95	1629.5	1165.5	0.014168890959	0.24710959561	135	135
92.0	93.0	77.0	104.0	107.0	92.0	12	0.0257339229581	0.000223034426098	DLR00012647-2009-07-02_08-57-51	0.0199392135758	8	95	1762.5	1158.5	0.0181422199667	0.295753636315	135	135
92.0	93.0	77.0	102.0	105.0	90.0	13	0.0227502797166	0.000196040086401	DLR00012647-2009-07-02_08-57-51	0.0143627379979	8	95	1903.5	1164.5	0.0124983998097	0.230273323033	135	135
92.0	92.0	77.0	103.0	106.0	91.0	14	0.0147583781768	0.000218374787507	DLR00012647-2009-07-02_08-57-51	0.0171573253675	8	95	2031.5	1161.5	0.0153402117509	0.261708135756	135	135
92.0	93.0	77.0	103.0	105.0	90.0	15	0.0127870424636	0.000192128073216	DLR00012647-2009-07-02_08-57-51	0.0152164119804	8	95	2181.5	1166.5	0.0134031088353	0.254142468965	135	135
92.0	92.0	76.0	103.0	105.0	90.0	16	0.0126804837764	0.000203700114083	DLR00012647-2009-07-02_08-57-51	0.0138851861087	8	95	2316.5	1155.5	0.0127043801366	0.23245777612	135	135
92.0	92.0	76.0	103.0	105.0	90.0	17	0.0183813735415	0.000208375647484	DLR00012647-2009-07-02_08-57-51	0.0190374975343	8	95	2443.5	1162.5	0.017398954811	0.309925941712	135	135
93.0	92.0	75.0	105.0	106.0	91.0	18	0.0280782140764	0.000231778666338	DLR00012647-2009-07-02_08-57-51	0.018179287928	8	95	2590.5	1163.5	0.0170431399985	0.279343598487	135	135
93.0	92.0	74.0	103.0	104.0	88.0	19	0.0233896318397	0.000203144880023	DLR00012647-2009-07-02_08-57-51	0.0174547502226	8	95	2726.5	1161.5	0.0155637542771	0.279769833236	135	135
93.0	91.0	74.0	104.0	105.0	88.0	20	0.0231765144653	0.000214742750783	DLR00012647-2009-07-02_08-57-51	0.0172030930852	8	95	2861.5	1161.5	0.0155136202149	0.271085300229	135	135
93.0	90.0	73.0	105.0	105.0	90.0	21	0.0397996696681	0.000240318985309	DLR00012647-2009-07-02_08-57-51	0.0220582198236	8	95	2991.5	1158.5	0.0205319658079	0.32276626352	135	135
91.0	88.0	71.0	103.0	104.0	89.0	22	0.0355906015238	0.000257764580267	DLR00012647-2009-07-02_08-57-51	0.0244692837109	8	95	3133.5	1156.5	0.0235906999356	0.346688688795	135	135
87.0	85.0	69.0	99.0	99.0	84.0	23	0.0446480899355	0.000225578186669	DLR00012647-2009-07-02_08-57-51	0.021668276222	8	95	3274.5	1161.5	0.0211512170501	0.343758324897	135	135
84.0	82.0	67.0	92.0	94.0	83.0	24	0.00133198358996	0.000171271244536	DLR00012647-2009-07-02_08-57-51	-0.00362830499735	8	95	3411.5	1165.5	0.000275563652325	0.00564761042144	135	135
93.0	91.0	76.0	102.0	102.0	88.0	1	0.0142788640844	0.000188746449522	DLR00012647-2009-07-02_08-57-51	0.0101462585698	9	95	269.5	1302.5	0.00870906506222	0.170973413608	135	135
94.0	92.0	76.0	106.0	106.0	91.0	2	0.0337791038414	0.000229252138215	DLR00012647-2009-07-02_08-57-51	0.015328838665	9	95	403.5	1301.5	0.0131800020838	0.219137940221	135	135
95.0	94.0	77.0	106.0	106.0	91.0	3	0.0304225051947	0.000214042927178	DLR00012647-2009-07-02_08-57-51	0.0160466341764	9	95	544.5	1300.5	0.0125302311238	0.213810005861	135	135
96.0	95.0	77.0	107.0	108.0	92.0	4	0.0285044488252	0.000211758623533	DLR00012647-2009-07-02_08-57-51	0.0177636999436	9	95	666.5	1301.5	0.0141005971819	0.241728381906	135	135
96.0	95.0	78.0	106.0	107.0	91.0	5	0.0232830731525	0.000200324041671	DLR00012647-2009-07-02_08-57-51	0.0147642818604	9	95	813.5	1301.5	0.0110314555198	0.195695029037	135	135
96.0	95.0	77.0	105.0	106.0	90.0	6	0.00788534285258	0.000188644847889	DLR00012647-2009-07-02_08-57-51	0.0121411103836	9	95	948.5	1301.5	0.00824297320673	0.161809366509	135	135
95.0	94.0	77.0	105.0	107.0	91.0	7	0.0237625872449	0.000206144817824	DLR00012647-2009-07-02_08-57-51	0.0165821154956	9	95	1083.5	1301.5	0.0135647428963	0.234855346582	135	135
94.0	94.0	77.0	104.0	105.0	89.0	8	0.00799190153977	0.000179708648829	DLR00012647-2009-07-02_08-57-51	0.0104678270544	9	95	1224.5	1301.5	0.00788433258192	0.158239650488	135	135
94.0	94.0	78.0	104.0	106.0	91.0	9	0.0122542490277	0.000189065900153	DLR00012647-2009-07-02_08-57-51	0.01239930967	9	95	1360.5	1306.5	0.00998623261732	0.192551547765	135	135
94.0	95.0	79.0	105.0	109.0	94.0	10	0.0198199158186	0.000188253982822	DLR00012647-2009-07-02_08-57-51	0.010671852232	9	95	1495.5	1301.5	0.00977385015181	0.177899728275	135	135
95.0	95.0	80.0	105.0	109.0	95.0	11	0.0112952208429	0.00018069442654	DLR00012647-2009-07-02_08-57-51	0.0099320585692	9	95	1634.5	1301.5	0.00875530716592	0.167989770366	135	135
94.0	95.0	80.0	104.0	108.0	93.0	12	0.00644680057542	0.000169865008293	DLR00012647-2009-07-02_08-57-51	0.00797626706293	9	95	1764.5	1310.5	0.00733458420641	0.1560551974	135	135
93.0	93.0	78.0	103.0	106.0	91.0	13	0.00831157760136	0.000173413657942	DLR00012647-2009-07-02_08-57-51	0.00398466472564	9	95	1912.5	1301.5	0.00592525353847	0.126272044328	135	135
93.0	94.0	79.0	104.0	107.0	93.0	14	0.00596728648303	0.000164288710893	DLR00012647-2009-07-02_08-57-51	0.00557412436991	9	95	2036.5	1301.5	0.00648015362234	0.141296819223	135	135
93.0	94.0	78.0	104.0	108.0	93.0	15	0.00623368320102	0.000168011811882	DLR00012647-2009-07-02_08-57-51	0.0104751694652	9	95	2169.5	1301.5	0.00909391138811	0.195854867068	135	135
94.0	94.0	79.0	106.0	110.0	96.0	16	0.00852469497576	0.000176205450598	DLR00012647-2009-07-02_08-57-51	0.00967724188288	9	95	2307.5	1301.5	0.0087354665519	0.169801268048	135	135
93.0	94.0	78.0	104.0	107.0	93.0	17	0.0107624274069	0.000202378377399	DLR00012647-2009-07-02_08-57-51	0.0128835548573	9	95	2444.5	1301.5	0.0119853730884	0.211305876712	135	135
94.0	94.0	78.0	105.0	108.0	93.0	18	0.0148116575204	0.000194360679153	DLR00012647-2009-07-02_08-57-51	0.0135820370598	9	95	2587.5	1292.5	0.0126072843522	0.228142149289	135	135
93.0	92.0	74.0	104.0	105.0	89.0	19	0.0119878523097	0.000208491055634	DLR00012647-2009-07-02_08-57-51	0.0112042372141	9	95	2721.5	1301.5	0.0107363432466	0.189354787149	135	135
92.0	91.0	73.0	103.0	103.0	87.0	20	0.0137460706484	0.000199866746724	DLR00012647-2009-07-02_08-57-51	0.00878129152435	9	95	2861.5	1301.5	0.00797426316721	0.14864936864	135	135
92.0	90.0	72.0	103.0	104.0	88.0	21	0.0276519793276	0.00023589734927	DLR00012647-2009-07-02_08-57-51	0.0169710220483	9	95	2998.5	1301.5	0.0158595828542	0.253556396185	135	135
90.0	88.0	71.0	102.0	102.0	87.0	22	0.0320741648463	0.000229227034397	DLR00012647-2009-07-02_08-57-51	0.0152122512523	9	95	3134.5	1302.5	0.0146521275325	0.240396398316	135	135
87.0	85.0	69.0	98.0	99.0	84.0	23	0.0428365922532	0.000228416884281	DLR00012647-2009-07-02_08-57-51	0.0160540499573	9	95	3273.5	1301.5	0.0157948005641	0.257765464329	135	135
84.0	83.0	68.0	94.0	95.0	81.0	24	0.0312216953487	0.000203422919693	DLR00012647-2009-07-02_08-57-51	0.0108189702998	9	95	3414.5	1295.5	0.0113674189045	0.200063935212	135	135
93.0	91.0	76.0	102.0	102.0	88.0	1	0.0122542490277	0.00019361817479	DLR00012647-2009-07-02_08-57-51	0.013100736292	10	95	263.5	1444.5	0.0113252473656	0.219564174969	135	135
94.0	92.0	76.0	106.0	107.0	92.0	2	0.0500825829826	0.000244041238627	DLR00012647-2009-07-02_08-57-51	0.0220777918276	10	95	403.5	1441.5	0.0191558516602	0.291065054079	135	135
95.0	93.0	77.0	105.0	106.0	91.0	3	0.0391603175449	0.000215621675153	DLR00012647-2009-07-02_08-57-51	0.018681179131	10	95	537.5	1447.5	0.015382755285	0.261495018381	135	135
96.0	94.0	77.0	108.0	109.0	94.0	4	0.0410783739144	0.000238039555285	DLR00012647-2009-07-02_08-57-51	0.0242004952415	10	95	676.5	1440.5	0.0210945765403	0.327987639192	135	135
96.0	95.0	78.0	107.0	108.0	93.0	5	0.0374553785497	0.000219083030483	DLR00012647-2009-07-02_08-57-51	0.0217250281886	10	95	809.5	1439.5	0.0180134645635	0.299323352336	135	135
96.0	95.0	77.0	106.0	108.0	92.0	6	0.0229633970909	0.00021192690953	DLR00012647-2009-07-02_08-57-51	0.0197548014127	10	95	948.5	1431.5	0.0163239533405	0.28738877937	135	135
95.0	94.0	77.0	104.0	105.0	88.0	7	0.0100165165965	0.000171529757168	DLR00012647-2009-07-02_08-57-51	0.0138123118468	10	95	1076.5	1436.5	0.0100280791005	0.206191059726	135	135
94.0	94.0	77.0	105.0	107.0	92.0	8	0.0257872023017	0.000223227089925	DLR00012647-2009-07-02_08-57-51	0.0211336583407	10	95	1224.5	1440.5	0.0177646622803	0.286216633811	135	135
93.0	94.0	77.0	103.0	105.0	90.0	9	0.0187010496031	0.000196534781063	DLR00012647-2009-07-02_08-57-51	0.0169197811027	10	95	1360.5	1437.5	0.0136491756886	0.243593158932	135	135
93.0	94.0	78.0	105.0	108.0	93.0	10	0.0239757046193	0.000227029725265	DLR00012647-2009-07-02_08-57-51	0.0220602500113	10	95	1487.5	1435.5	0.0195951712229	0.317225211785	135	135
94.0	94.0	79.0	104.0	107.0	92.0	11	0.0229101177473	0.000191927516438	DLR00012647-2009-07-02_08-57-51	0.017202664719	10	95	1634.5	1435.5	0.0150894112043	0.280302626672	135	135
92.0	93.0	76.0	103.0	106.0	91.0	12	0.0111353828121	0.000216227853703	DLR00012647-2009-07-02_08-57-51	0.0165287335835	10	95	1771.5	1440.5	0.0146816828414	0.257712184986	135	135
92.0	92.0	76.0	102.0	105.0	90.0	13	0.0214182961266	0.000200450984846	DLR00012647-2009-07-02_08-57-51	0.0158366427022	10	95	1908.5	1435.5	0.0143990906889	0.265064734402	135	135
91.0	91.0	75.0	95.0	97.0	83.0	14	0.0	9.08196615927e-05	DLR00012647-2009-07-02_08-57-51	0.000889886603409	10	95	2041.5	1448.5	0.000122227147995	0.00452874420587	135	135
91.0	91.0	75.0	96.0	96.0	81.5	15	0.0	8.43754932605e-05	DLR00012647-2009-07-02_08-57-51	0.000481211752049	10	95	2178.5	1440.5	4.04757990493e-05	0.00149182162076	135	135
91.0	91.0	75.0	102.0	103.0	88.0	16	0.014598540146	0.000202396248519	DLR00012647-2009-07-02_08-57-51	0.0150898227355	10	95	2316.5	1438.5	0.0133216143628	0.242101337312	135	135
91.0	91.0	74.0	102.0	104.0	88.0	17	0.0224838829986	0.000209491834087	DLR00012647-2009-07-02_08-57-51	0.0168062029282	10	95	2453.5	1440.5	0.015392162614	0.27465501625	135	135
92.0	91.0	74.0	103.0	104.0	88.0	18	0.0204059885982	0.000216960946445	DLR00012647-2009-07-02_08-57-51	0.0170043453868	10	95	2590.5	1440.5	0.0158340838144	0.270179551388	135	135
92.0	91.0	74.0	104.0	106.0	90.0	19	0.0287708455432	0.000228051431639	DLR00012647-2009-07-02_08-57-51	0.0215074740341	10	95	2721.5	1436.5	0.0199621032189	0.326815493633	135	135
92.0	90.0	72.0	97.0	96.0	81.0	20	0.0	0.000100306056864	DLR00012647-2009-07-02_08-57-51	-0.000348767360276	10	95	2861.5	1442.5	4.96180522553e-05	0.00170493899515	135	135
92.0	89.0	73.0	103.0	104.0	88.0	21	0.0430497096276	0.000241778493616	DLR00012647-2009-07-02_08-57-51	0.0261201706209	10	95	2994.5	1435.5	0.0244298018745	0.379242367734	135	135
90.0	88.0	72.0	103.0	104.0	89.0	22	0.0299429911023	0.000250723662197	DLR00012647-2009-07-02_08-57-51	0.022807871096	10	95	3133.5	1442.5	0.0218222795303	0.335872982045	135	135
87.0	85.0	69.0	99.0	100.0	86.0	23	0.043262827002	0.000252455032927	DLR00012647-2009-07-02_08-57-51	0.0254712545269	10	95	3273.5	1434.5	0.0246204267602	0.369918482604	135	135
83.0	83.0	68.0	95.0	96.0	83.0	24	0.0285577281688	0.00024491933374	DLR00012647-2009-07-02_08-57-51	0.0210064078134	10	95	3407.5	1440.5	0.0212455925093	0.326708934946	135	135
92.0	90.0	75.0	98.0	97.5	83.5	1	0.00122542490277	0.000113278788595	DLR00012647-2009-07-02_08-57-51	-0.000307145043178	11	95	267.5	1574.5	0.000148688100687	0.00372955405189	135	135
93.0	92.0	76.0	104.0	105.0	90.0	2	0.0303159465075	0.000216565921436	DLR00012647-2009-07-02_08-57-51	0.0151159090318	11	95	406.5	1574.5	0.0126678385552	0.216633811071	135	135
95.0	93.0	77.0	107.0	108.0	94.0	3	0.0462464702435	0.000248693532121	DLR00012647-2009-07-02_08-57-51	0.0250218959224	11	95	541.5	1574.5	0.0219386425319	0.331450796526	135	135
96.0	94.0	77.0	107.0	108.0	93.0	4	0.0254142468965	0.000223983605329	DLR00012647-2009-07-02_08-57-51	0.0172142916802	11	95	676.5	1574.5	0.0136342264117	0.226863445042	135	135
96.0	95.0	78.0	106.0	107.0	91.0	5	0.0258404816453	0.000201984050115	DLR00012647-2009-07-02_08-57-51	0.0172849805911	11	95	813.5	1574.5	0.0137324527709	0.246843198892	135	135
95.0	94.0	76.0	99.0	99.0	83.0	6	0.0	8.64732952166e-05	DLR00012647-2009-07-02_08-57-51	0.00181045988112	11	95	948.5	1571.5	3.45178409071e-05	0.00154510096436	135	135
94.0	93.0	76.0	99.0	99.0	82.0	7	0.0	9.0985759542e-05	DLR00012647-2009-07-02_08-57-51	0.00191343154581	11	95	1082.5	1574.5	2.49146275633e-05	0.000959028184773	135	135
93.0	93.0	76.0	98.0	98.0	82.0	8	0.0	8.80178054397e-05	DLR00012647-2009-07-02_08-57-51	0.00196181442383	11	95	1224.5	1574.5	3.78894797127e-05	0.00154510096436	135	135
92.0	92.0	76.0	97.0	97.0	81.0	9	5.32793435985e-05	7.83260933865e-05	DLR00012647-2009-07-02_08-57-51	0.00172059272073	11	95	1355.5	1574.5	1.94827844609e-05	0.000745910810379	135	135
92.0	92.0	77.0	103.0	106.0	90.0	10	0.0263732750813	0.000218899649053	DLR00012647-2009-07-02_08-57-51	0.0171527406327	11	95	1495.5	1574.5	0.0140569544817	0.234588949864	135	135
92.0	92.0	76.0	102.0	104.0	89.0	11	0.0169961106079	0.00019381097148	DLR00012647-2009-07-02_08-57-51	0.0111675857142	11	95	1625.5	1574.5	0.0084617103739	0.153977303	135	135
92.0	92.0	76.0	102.0	105.0	89.0	12	0.0209920613778	0.000208156482443	DLR00012647-2009-07-02_08-57-51	0.0134010382177	11	95	1767.5	1572.5	0.0114491603915	0.20033033193	135	135
91.0	91.0	75.0	101.0	103.0	88.0	13	0.0152911716128	0.000187320482693	DLR00012647-2009-07-02_08-57-51	0.0106043183548	11	95	1912.5	1574.5	0.00889871389638	0.165272523843	135	135
91.0	91.0	74.0	95.0	96.0	81.0	14	0.000266396717992	9.01525075196e-05	DLR00012647-2009-07-02_08-57-51	0.00090531990656	11	95	2041.5	1574.5	0.000125780851487	0.00495497895466	135	135
90.0	90.0	74.0	98.5	99.0	84.0	15	0.000213117374394	0.000131000071097	DLR00012647-2009-07-02_08-57-51	0.000273337485722	11	95	2178.5	1574.5	1.93461574477e-05	0.000532793435985	135	135
90.0	90.0	74.0	101.0	102.0	87.0	16	0.0173690660131	0.000197736413238	DLR00012647-2009-07-02_08-57-51	0.011160003966	11	95	2316.5	1574.5	0.00929976879572	0.172145559167	135	135
90.0	90.0	73.0	100.0	101.0	86.0	17	0.0142255847408	0.000184347079224	DLR00012647-2009-07-02_08-57-51	0.0105716950339	11	95	2454.5	1574.5	0.00949946520974	0.181203047578	135	135
91.0	90.0	74.0	102.0	103.0	88.0	18	0.021631413501	0.000200186936403	DLR00012647-2009-07-02_08-57-51	0.0136290357485	11	95	2589.5	1574.5	0.0125610434051	0.225211785391	135	135
91.0	89.0	72.0	96.0	95.0	80.0	19	0.0	8.90981578649e-05	DLR00012647-2009-07-02_08-57-51	-0.00133484365374	11	95	2726.5	1574.5	5.33741177579e-05	0.00207789440034	135	135
91.0	89.0	72.0	98.0	98.0	84.0	20	0.0	9.70281600301e-05	DLR00012647-2009-07-02_08-57-51	-0.00102496517425	11	95	2859.5	1574.5	0.000126042808972	0.00474186158027	135	135
91.0	88.0	71.0	95.0	92.0	77.0	21	0.0	7.57958832404e-05	DLR00012647-2009-07-02_08-57-51	-0.00132011316955	11	95	2998.5	1574.5	3.01000358236e-06	0.000159838030795	135	135
90.0	88.0	72.0	101.0	102.0	87.0	22	0.0168362725771	0.000195162240779	DLR00012647-2009-07-02_08-57-51	0.0121666277003	11	95	3135.5	1574.5	0.0116065484115	0.221215834621	135	135
85.0	84.0	68.0	97.0	98.0	84.0	23	0.0434226650328	0.00024091380684	DLR00012647-2009-07-02_08-57-51	0.0153561980258	11	95	3273.5	1574.5	0.0151245510725	0.233683201023	135	135
82.0	81.0	67.0	93.0	93.0	80.0	24	0.0165698758591	0.000209699715127	DLR00012647-2009-07-02_08-57-51	0.00911771027157	11	95	3408.5	1574.5	0.0100084071511	0.179657946614	135	135
92.0	89.0	74.0	97.0	97.0	82.0	1	0.000479514092386	9.8150090401e-05	DLR00012647-2009-07-02_08-57-51	-0.000583989050752	12	95	267.5	1715.5	8.57747396695e-05	0.00255740849273	135	135
93.0	91.0	75.0	105.0	106.0	93.0	2	0.0491768341414	0.000258845614677	DLR00012647-2009-07-02_08-57-51	0.0238041708527	12	95	403.5	1710.5	0.0216035647697	0.325217113325	135	135
94.0	92.0	76.0	104.0	105.0	90.0	3	0.0364430710214	0.000205583557565	DLR00012647-2009-07-02_08-57-51	0.0165744673754	12	95	538.5	1713.5	0.0129371140457	0.227556076509	135	135
95.0	93.0	77.0	107.0	108.0	93.0	4	0.0469391017103	0.000241895627782	DLR00012647-2009-07-02_08-57-51	0.0249559828696	12	95	667.5	1713.5	0.0215086573327	0.324311364484	135	135
96.0	94.0	77.0	106.0	107.0	91.0	5	0.0377750546113	0.000208558870472	DLR00012647-2009-07-02_08-57-51	0.0181540824036	12	95	808.5	1718.5	0.014415319967	0.25243752997	135	135
95.0	94.0	77.0	107.0	108.0	92.0	6	0.0296233150408	0.000229121913339	DLR00012647-2009-07-02_08-57-51	0.0215786521582	12	95	948.5	1711.5	0.0181611590696	0.297352016623	135	135
94.0	94.0	76.0	105.0	106.0	90.0	7	0.0262667163941	0.000207225459975	DLR00012647-2009-07-02_08-57-51	0.0168385049202	12	95	1081.5	1705.5	0.013655631486	0.241568543876	135	135
93.0	93.0	76.0	104.0	106.0	90.0	8	0.0270126272044	0.000215572419848	DLR00012647-2009-07-02_08-57-51	0.0188237017693	12	95	1224.5	1708.5	0.0159399803938	0.272896797911	135	135
93.0	93.0	76.0	103.0	105.0	89.0	9	0.0230166764345	0.000204243946619	DLR00012647-2009-07-02_08-57-51	0.0172965047497	12	95	1361.5	1715.5	0.0137860208503	0.250892429005	135	135
92.0	92.0	76.0	103.0	106.0	91.0	10	0.0348446907134	0.000227062879218	DLR00012647-2009-07-02_08-57-51	0.0220706404839	12	95	1504.5	1710.5	0.0191935210763	0.303585699824	135	135
91.0	92.0	76.0	102.0	104.0	90.0	11	0.029197080292	0.00021563673101	DLR00012647-2009-07-02_08-57-51	0.0205871452662	12	95	1634.5	1707.5	0.0176346066477	0.290958495391	135	135
91.0	91.0	75.0	102.0	104.0	90.0	12	0.0241355426501	0.000217871275345	DLR00012647-2009-07-02_08-57-51	0.0165681708488	12	95	1768.5	1710.5	0.0148450244052	0.255527731898	135	135
90.0	91.0	75.0	101.0	103.0	88.0	13	0.0206191059726	0.000203005555367	DLR00012647-2009-07-02_08-57-51	0.0157335875115	12	95	1906.5	1704.5	0.0140695907494	0.254888379775	135	135
90.0	90.0	74.0	101.0	103.0	88.0	14	0.0136395119612	0.000209158889737	DLR00012647-2009-07-02_08-57-51	0.0146700483019	12	95	2041.5	1703.5	0.013004379305	0.229740529597	135	135
90.0	90.0	74.0	100.0	102.0	88.0	15	0.0266396717992	0.000204543180746	DLR00012647-2009-07-02_08-57-51	0.0198862746428	12	95	2175.5	1705.5	0.0173872629791	0.311204645959	135	135
90.0	90.0	74.0	101.0	103.0	88.0	16	0.022697000373	0.000213937773779	DLR00012647-2009-07-02_08-57-51	0.0174286874399	12	95	2316.5	1710.5	0.0157909737103	0.272364004475	135	135
90.0	89.0	73.0	101.0	103.0	88.0	17	0.0306356225691	0.000216811291991	DLR00012647-2009-07-02_08-57-51	0.0169250629733	12	95	2448.5	1710.5	0.0154162386966	0.259630241355	135	135
91.0	90.0	74.0	103.0	104.0	89.0	18	0.0286110075124	0.000237917864985	DLR00012647-2009-07-02_08-57-51	0.022344972166	12	95	2590.5	1710.5	0.0212169830471	0.326868772977	135	135
92.0	90.0	73.0	102.0	103.0	87.0	19	0.0277052586712	0.000204670588008	DLR00012647-2009-07-02_08-57-51	0.0182672176787	12	95	2724.5	1701.5	0.0169738451452	0.300975011988	135	135
91.0	89.0	73.0	102.0	103.0	88.0	20	0.0269593478608	0.000232643216003	DLR00012647-2009-07-02_08-57-51	0.0210329697384	12	95	2861.5	1710.5	0.019599563114	0.312962864298	135	135
90.0	88.0	72.0	101.0	101.0	86.0	21	0.0315413714103	0.000208487187391	DLR00012647-2009-07-02_08-57-51	0.0161904876973	12	95	2998.5	1706.5	0.0153263675827	0.271671373009	135	135
89.0	87.0	72.0	101.0	102.0	88.0	22	0.0318610474719	0.00024345048351	DLR00012647-2009-07-02_08-57-51	0.0222158991117	12	95	3133.5	1710.5	0.0216038481162	0.330118812936	135	135
85.0	84.0	69.0	98.0	99.0	86.0	23	0.0523203154137	0.000260664272968	DLR00012647-2009-07-02_08-57-51	0.024177739914	12	95	3264.5	1710.5	0.0235533286142	0.351430550376	135	135
82.0	81.0	67.0	93.0	94.0	81.0	24	0.0383611273909	0.000237569817715	DLR00012647-2009-07-02_08-57-51	0.0221095122599	12	95	3408.5	1705.5	0.0221257630542	0.347594437637	135	135
91.0	89.0	75.0	102.0	102.0	90.0	1	0.0266396717992	0.000231672326718	DLR00012647-2009-07-02_08-57-51	0.018914557156	13	95	271.5	1853.5	0.016724163093	0.279023922425	135	135
92.0	90.0	75.0	105.0	105.0	92.0	2	0.0565826629016	0.000262331178744	DLR00012647-2009-07-02_08-57-51	0.0242183089272	13	95	403.5	1849.5	0.0217087383558	0.320208855027	135	135
93.0	91.0	76.0	105.0	106.0	92.0	3	0.0493899515158	0.000241503573754	DLR00012647-2009-07-02_08-57-51	0.0230183259374	13	95	541.5	1850.5	0.0196854475185	0.300921732644	135	135
94.0	93.0	77.0	105.0	106.0	91.0	4	0.035164366775	0.000211692047582	DLR00012647-2009-07-02_08-57-51	0.0185723090438	13	95	679.5	1850.5	0.0152769473959	0.261548297725	135	135
95.0	94.0	77.0	105.0	106.0	91.0	5	0.0399595076989	0.000207057350244	DLR00012647-2009-07-02_08-57-51	0.0175685481178	13	95	808.5	1850.5	0.0141038262191	0.245990729394	135	135
95.0	94.0	77.0	106.0	107.0	92.0	6	0.0309020192871	0.000221773935381	DLR00012647-2009-07-02_08-57-51	0.0185962913292	13	95	948.5	1850.5	0.0149190576177	0.248974372636	135	135
94.0	93.0	76.0	104.0	105.0	90.0	7	0.0213117374394	0.000202901368802	DLR00012647-2009-07-02_08-57-51	0.0145571820489	13	95	1080.5	1850.5	0.011988028015	0.219830571687	135	135
93.0	93.0	76.0	104.0	106.0	91.0	8	0.0349512494006	0.000223424139243	DLR00012647-2009-07-02_08-57-51	0.0204186075069	13	95	1224.5	1850.5	0.0171775013995	0.283286269913	135	135
92.0	92.0	76.0	102.0	103.0	88.0	9	0.0274388619532	0.000191984906556	DLR00012647-2009-07-02_08-57-51	0.0186784666999	13	95	1364.5	1850.5	0.0144806340779	0.254408865683	135	135
92.0	92.0	76.0	102.0	104.0	89.0	10	0.0228568384038	0.000207149654508	DLR00012647-2009-07-02_08-57-51	0.0168497391321	13	95	1495.5	1841.5	0.0131064079963	0.230433161063	135	135
91.0	91.0	75.0	101.0	104.0	89.0	11	0.0238691459321	0.000206560436934	DLR00012647-2009-07-02_08-57-51	0.0160951957633	13	95	1628.5	1850.5	0.0131693198159	0.233736480367	135	135
90.0	90.0	74.0	101.0	102.0	87.0	12	0.0190740050083	0.000190449486943	DLR00012647-2009-07-02_08-57-51	0.00973195870101	13	95	1771.5	1855.5	0.0083992599576	0.157014225585	135	135
90.0	90.0	74.0	100.0	102.0	88.0	13	0.0182748148543	0.00020710505731	DLR00012647-2009-07-02_08-57-51	0.0104568014109	13	95	1903.5	1850.5	0.00962337362273	0.174596408972	135	135
89.0	89.0	74.0	100.0	102.0	87.0	14	0.021365016783	0.000199655877136	DLR00012647-2009-07-02_08-57-51	0.0121653262299	13	95	2044.5	1840.5	0.0110695512871	0.200277052587	135	135
89.0	89.0	73.0	100.0	101.0	87.0	15	0.0180616974799	0.000198027078172	DLR00012647-2009-07-02_08-57-51	0.00973623164234	13	95	2184.5	1850.5	0.0092675867456	0.170973413608	135	135
89.0	89.0	73.0	99.0	101.0	86.0	16	0.0197133571314	0.000192988616583	DLR00012647-2009-07-02_08-57-51	0.00998225777776	13	95	2316.5	1840.5	0.00958007370531	0.173264425382	135	135
89.0	88.0	72.0	100.0	102.0	87.0	17	0.0293036389792	0.000220732367112	DLR00012647-2009-07-02_08-57-51	0.0158996118732	13	95	2455.5	1850.5	0.0154307022732	0.263626192125	135	135
90.0	89.0	72.0	101.0	102.0	87.0	18	0.0304225051947	0.000211945246434	DLR00012647-2009-07-02_08-57-51	0.0150328163625	13	95	2589.5	1850.5	0.014327939168	0.244392349086	135	135
91.0	90.0	73.0	101.0	102.0	87.0	19	0.0228035590602	0.000198780780661	DLR00012647-2009-07-02_08-57-51	0.0114412175295	13	95	2722.5	1850.5	0.0103957609401	0.188502317651	135	135
90.0	88.0	72.0	101.0	102.0	87.0	20	0.036496350365	0.000231182666469	DLR00012647-2009-07-02_08-57-51	0.0161156378108	13	95	2861.5	1840.5	0.0156150426634	0.248921093292	135	135
89.0	87.0	71.0	100.0	100.0	86.0	21	0.0236027492141	0.000218276418586	DLR00012647-2009-07-02_08-57-51	0.0120814931682	13	95	3007.5	1850.5	0.0119529737448	0.201449198146	135	135
87.0	85.0	69.0	98.0	98.0	84.0	22	0.0263732750813	0.000216766056542	DLR00012647-2009-07-02_08-57-51	0.0112512970589	13	95	3133.5	1850.5	0.0116126469136	0.199744259151	135	135
84.0	82.0	68.0	95.0	95.0	82.0	23	0.0426767542224	0.000225271192575	DLR00012647-2009-07-02_08-57-51	0.0136662075568	13	95	3273.5	1850.5	0.0135822783672	0.211199318024	135	135
81.0	80.0	66.0	91.0	91.0	79.0	24	0.0288774042304	0.000213708388366	DLR00012647-2009-07-02_08-57-51	0.0120020492955	13	95	3405.5	1842.5	0.0126749826943	0.211252597368	135	135
91.0	88.0	74.0	99.0	99.0	86.0	1	0.0248814534605	0.000186266467199	DLR00012647-2009-07-02_08-57-51	0.0136952726016	14	95	270.5	1992.5	0.0113830629331	0.217912515318	135	135
91.0	89.0	74.0	103.0	104.0	91.0	2	0.0644680057542	0.000253859156543	DLR00012647-2009-07-02_08-57-51	0.0251674783789	14	95	412.5	1986.5	0.0222771873288	0.323139218925	135	135
93.0	91.0	75.0	103.0	102.0	88.0	3	0.0345782939954	0.000195606625781	DLR00012647-2009-07-02_08-57-51	0.0141897642244	14	95	541.5	1986.5	0.0107981373179	0.19026053599	135	135
94.0	92.0	77.0	106.0	107.0	93.0	4	0.0530129468805	0.000245742236162	DLR00012647-2009-07-02_08-57-51	0.0252110881143	14	95	676.5	1986.5	0.022015501584	0.326282700197	135	135
95.0	93.0	77.0	105.0	106.0	91.0	5	0.0332995897491	0.000214933941977	DLR00012647-2009-07-02_08-57-51	0.016258339525	14	95	814.5	1986.5	0.0130180857371	0.221748628057	135	135
94.0	93.0	77.0	107.0	108.0	93.0	6	0.0518408013213	0.000256015261582	DLR00012647-2009-07-02_08-57-51	0.0261676256202	14	95	948.5	1981.5	0.0233298106054	0.348180510416	135	135
93.0	92.0	76.0	105.0	106.0	90.0	7	0.0215248548138	0.00021358622184	DLR00012647-2009-07-02_08-57-51	0.0128161698274	14	95	1091.5	1986.5	0.0103873712205	0.184133411476	135	135
93.0	92.0	75.0	104.0	106.0	91.0	8	0.0606851723587	0.000233728368735	DLR00012647-2009-07-02_08-57-51	0.0252334615782	14	95	1215.5	1986.5	0.0222971739469	0.32884010869	135	135
92.0	92.0	76.0	103.0	105.0	90.0	9	0.0514145665725	0.000228498022944	DLR00012647-2009-07-02_08-57-51	0.023520897795	14	95	1359.5	1986.5	0.0195729214049	0.313815333795	135	135
91.0	91.0	75.0	102.0	104.0	88.0	10	0.0269593478608	0.000214263382174	DLR00012647-2009-07-02_08-57-51	0.0201886650777	14	95	1495.5	1986.5	0.0167820094242	0.28397890138	135	135
91.0	90.0	75.0	102.0	104.0	90.0	11	0.0532793435985	0.000229572384351	DLR00012647-2009-07-02_08-57-51	0.0213378503851	14	95	1637.5	1986.5	0.0186016735783	0.287868293463	135	135
90.0	90.0	74.0	101.0	103.0	88.0	12	0.0233896318397	0.000219145408187	DLR00012647-2009-07-02_08-57-51	0.0162494580115	14	95	1771.5	1976.5	0.014457051217	0.245404656615	135	135
89.0	89.0	73.0	101.0	103.0	88.0	13	0.0313815333795	0.000216967632757	DLR00012647-2009-07-02_08-57-51	0.0162841913672	14	95	1904.5	1982.5	0.0148484314403	0.256273642709	135	135
89.0	89.0	73.0	101.0	103.0	89.0	14	0.0398529490117	0.000239598954721	DLR00012647-2009-07-02_08-57-51	0.0199621343711	14	95	2033.5	1977.5	0.0181196565621	0.282220683041	135	135
89.0	89.0	73.0	100.0	103.0	88.0	15	0.0370291438009	0.000219071903296	DLR00012647-2009-07-02_08-57-51	0.0163159974673	14	95	2181.5	1979.5	0.0154388399901	0.258191699078	135	135
89.0	88.0	72.0	101.0	102.0	88.0	16	0.0387873621397	0.000236038627977	DLR00012647-2009-07-02_08-57-51	0.0172774810353	14	95	2316.5	1979.5	0.0163815838645	0.245351377271	135	135
89.0	88.0	72.0	101.0	102.0	87.0	17	0.0444882519047	0.000229031303893	DLR00012647-2009-07-02_08-57-51	0.0186859168901	14	95	2448.5	1977.5	0.018211842215	0.297192178592	135	135
89.0	88.0	72.0	102.0	104.0	89.0	18	0.0469923810539	0.00025279536767	DLR00012647-2009-07-02_08-57-51	0.025168785541	14	95	2592.5	1986.5	0.0249578476154	0.371463583569	135	135
90.0	88.0	72.0	101.0	103.0	87.0	19	0.0465661463051	0.000232562508886	DLR00012647-2009-07-02_08-57-51	0.0190714371984	14	95	2732.5	1986.5	0.0179779703934	0.28264691779	135	135
89.0	87.0	72.0	101.0	102.0	87.0	20	0.0311684160051	0.0002263855512	DLR00012647-2009-07-02_08-57-51	0.0132840647206	14	95	2865.5	1981.5	0.0129484387149	0.21498215142	135	135
89.0	87.0	71.0	100.0	101.0	87.0	21	0.0404390217913	0.000231118524031	DLR00012647-2009-07-02_08-57-51	0.0191292454757	14	95	2995.5	1982.5	0.0182532109556	0.294155256007	135	135
87.0	84.0	70.0	100.0	101.0	88.0	22	0.0525867121317	0.000284239172231	DLR00012647-2009-07-02_08-57-51	0.0266581295671	14	95	3133.5	1986.5	0.0258039660029	0.352602695935	135	135
83.0	81.0	67.0	95.0	95.0	82.0	23	0.0533326229421	0.000241101510497	DLR00012647-2009-07-02_08-57-51	0.0228821496363	14	95	3273.5	1979.5	0.0224891985078	0.347381320262	135	135
81.0	79.0	66.0	89.0	90.0	80.0	24	0.00239757046193	0.00016391838397	DLR00012647-2009-07-02_08-57-51	-0.00471766876604	14	95	3411.5	1986.5	0.000177251245567	0.00325003995951	135	135
90.0	88.0	75.0	102.0	102.0	89.0	1	0.0286110075124	0.000251946899836	DLR00012647-2009-07-02_08-57-51	0.0279440324768	15	95	272.5	2122.5	0.0260769425809	0.397197506527	135	135
91.0	88.0	74.0	104.0	104.0	92.0	2	0.0588203953327	0.000278028892617	DLR00012647-2009-07-02_08-57-51	0.0298783199896	15	95	403.5	2122.5	0.0270981669053	0.375725931057	135	135
93.0	90.0	75.0	104.0	103.0	90.0	3	0.0529063881933	0.000228817144569	DLR00012647-2009-07-02_08-57-51	0.0200323057727	15	95	547.5	2124.5	0.017156246641	0.272097607757	135	135
95.0	92.0	76.0	105.0	104.0	90.0	4	0.0341520592466	0.000208798374947	DLR00012647-2009-07-02_08-57-51	0.0163413390111	15	95	670.5	2128.5	0.013624240225	0.240502957004	135	135
95.0	92.0	76.0	105.0	105.0	90.0	5	0.0375086578933	0.000209797211848	DLR00012647-2009-07-02_08-57-51	0.0153959431142	15	95	810.5	2125.5	0.0125496607689	0.217912515318	135	135
94.0	92.0	76.0	105.0	105.0	90.0	6	0.0396398316373	0.000227881745372	DLR00012647-2009-07-02_08-57-51	0.0172736824028	15	95	948.5	2122.5	0.0144924010251	0.238904576696	135	135
93.0	92.0	76.0	104.0	105.0	89.0	7	0.0360168362726	0.000213046337183	DLR00012647-2009-07-02_08-57-51	0.0148943966358	15	95	1075.5	2122.5	0.0121691263067	0.207842719378	135	135
93.0	91.0	75.0	104.0	105.0	89.0	8	0.0312216953487	0.000220569418587	DLR00012647-2009-07-02_08-57-51	0.0159848025099	15	95	1221.5	2112.5	0.0131661150481	0.217539559913	135	135
92.0	91.0	74.0	102.0	103.0	88.0	9	0.0332995897491	0.000215264279911	DLR00012647-2009-07-02_08-57-51	0.0187237099128	15	95	1359.5	2122.5	0.0149557764209	0.25451542437	135	135
91.0	90.0	74.0	102.0	103.0	88.0	10	0.0419841227556	0.000221313525269	DLR00012647-2009-07-02_08-57-51	0.0201843313923	15	95	1496.5	2123.5	0.0174180450965	0.28605679578	135	135
90.0	89.0	73.0	100.0	100.0	85.0	11	0.021098620065	0.000194985141798	DLR00012647-2009-07-02_08-57-51	0.0097819776662	15	95	1636.5	2123.5	0.00829424499491	0.154989610528	135	135
89.0	88.0	72.0	100.0	101.0	86.0	12	0.0218445308754	0.000200627719304	DLR00012647-2009-07-02_08-57-51	0.0106674722402	15	95	1771.5	2125.5	0.0099291403184	0.180989930204	135	135
89.0	88.0	72.0	100.0	100.0	85.0	13	0.0270126272044	0.000203283576541	DLR00012647-2009-07-02_08-57-51	0.0082136100828	15	95	1903.5	2122.5	0.00828229461237	0.147956737173	135	135
89.0	88.0	72.0	100.0	100.0	85.0	14	0.0378283339549	0.000210631509302	DLR00012647-2009-07-02_08-57-51	0.0131272311839	15	95	2047.5	2122.5	0.0119524572497	0.199371303746	135	135
89.0	87.0	72.0	99.0	100.0	85.0	15	0.0237093079013	0.000207861617785	DLR00012647-2009-07-02_08-57-51	0.0112236193897	15	95	2178.5	2122.5	0.0100242924266	0.176301347967	135	135
89.0	88.0	71.0	99.0	100.0	85.0	16	0.0330331930311	0.000203926442102	DLR00012647-2009-07-02_08-57-51	0.0134003982691	15	95	2316.5	2122.5	0.0121021341688	0.210133731152	135	135
89.0	88.0	71.0	99.0	100.0	84.0	17	0.0269060685172	0.000200396404061	DLR00012647-2009-07-02_08-57-51	0.01234639679	15	95	2453.5	2122.5	0.011816317864	0.211199318024	135	135
89.0	87.0	71.0	101.0	101.0	87.0	18	0.0307421812563	0.000224655939528	DLR00012647-2009-07-02_08-57-51	0.0130914578899	15	95	2590.5	2122.5	0.0133145086874	0.221162555277	135	135
89.0	87.0	71.0	100.0	100.0	85.0	19	0.0372955405189	0.000205726739006	DLR00012647-2009-07-02_08-57-51	0.0119728782584	15	95	2734.5	2116.5	0.0118853501465	0.206617294475	135	135
89.0	87.0	71.0	99.0	98.0	83.0	20	0.0155575683308	0.000183534610722	DLR00012647-2009-07-02_08-57-51	0.0072747122007	15	95	2866.5	2122.5	0.00771756182646	0.151260056476	135	135
89.0	86.0	71.0	99.0	98.0	84.0	21	0.0269060685172	0.000191859732223	DLR00012647-2009-07-02_08-57-51	0.00957344150875	15	95	3006.5	2122.5	0.00984986565769	0.178219404337	135	135
87.0	84.0	69.0	98.0	97.0	84.0	22	0.0410250945708	0.000223209897433	DLR00012647-2009-07-02_08-57-51	0.0111137165134	15	95	3133.5	2122.5	0.0113865277884	0.189035111087	135	135
85.0	82.0	68.0	95.0	95.0	82.0	23	0.0561564281528	0.000223109026468	DLR00012647-2009-07-02_08-57-51	0.0127510338676	15	95	3268.5	2130.5	0.0128168211672	0.205232031541	135	135
83.0	81.0	68.0	92.0	92.0	80.0	24	0.0206191059726	0.000205692185062	DLR00012647-2009-07-02_08-57-51	0.010825501566	15	95	3414.5	2122.5	0.0121467637103	0.21498215142	135	135
105.0	106.0	98.0	112.0	114.0	106.0	1	0.036496350365	0.00017634991125	DLR00012647-2009-07-02_08-57-51	0.00730523141556	16	95	267.5	2300.5	0.0124614010693	0.247003036923	135	135
109.0	110.0	101.0	116.0	118.0	109.0	2	0.0451808833715	0.000221557712461	DLR00012647-2009-07-02_08-57-51	0.0140617279889	16	95	403.5	2300.5	0.0189385430573	0.323032660238	135	135
106.0	108.0	99.0	165.0	181.0	180.0	3	0.0266396717992	0.000259147311357	DLR00012647-2009-07-02_08-57-51	0.000306441055582	16	95	541.5	2300.5	0.00640341265347	0.1077841121	135	135
109.0	110.0	100.0	167.0	183.0	181.0	4	0.0393734349193	0.000251281188233	DLR00012647-2009-07-02_08-57-51	0.00038803707865	16	95	676.5	2300.5	0.00629257705958	0.110821034685	135	135
108.0	109.0	99.0	156.0	171.0	168.0	5	0.0449677659971	0.000226481527196	DLR00012647-2009-07-02_08-57-51	0.00161601436587	16	95	813.5	2300.5	0.00676165516493	0.12184985881	135	135
110.0	112.0	101.0	119.0	121.0	110.0	6	0.047631733177	0.000215036684495	DLR00012647-2009-07-02_08-57-51	0.0142886253507	16	95	948.5	2300.5	0.0168190856138	0.301827481485	135	135
110.0	111.0	101.0	119.0	121.0	110.0	7	0.049496510203	0.000201192844315	DLR00012647-2009-07-02_08-57-51	0.0120018227775	16	95	1080.5	2300.5	0.0142996247991	0.27465501625	135	135
110.0	112.0	101.0	119.0	122.0	111.0	8	0.0485374820182	0.000213058970295	DLR00012647-2009-07-02_08-57-51	0.0150558979307	16	95	1224.5	2300.5	0.0184174188402	0.335286909265	135	135
109.0	111.0	100.0	115.0	118.0	106.0	9	0.0391070382013	0.000195258246234	DLR00012647-2009-07-02_08-57-51	0.0115036582586	16	95	1350.5	2300.5	0.0149755996495	0.29063881933	135	135
104.0	107.0	95.0	160.0	179.0	177.0	10	0.0407586978528	0.000260631809521	DLR00012647-2009-07-02_08-57-51	-0.000340851206025	16	95	1495.5	2300.5	0.00595299463549	0.0935052480153	135	135
103.0	105.0	93.0	161.0	180.0	177.0	11	0.0367094677394	0.000266286767162	DLR00012647-2009-07-02_08-57-51	-0.000907454105935	16	95	1624.5	2300.5	0.0059087061619	0.0892961798711	135	135
103.0	105.5	93.0	163.0	180.0	178.0	12	0.0379348926421	0.000252965524377	DLR00012647-2009-07-02_08-57-51	-7.26779512675e-05	16	95	1771.5	2300.5	0.00663670836686	0.113218605147	135	135
103.0	104.0	91.0	163.0	180.0	177.0	13	0.0435825030636	0.000204508338356	DLR00012647-2009-07-02_08-57-51	-0.000126721377961	16	95	1903.5	2300.5	0.00768117074829	0.141030422505	135	135
106.0	108.0	95.0	112.0	115.0	103.0	14	0.0462997495871	0.000217972780879	DLR00012647-2009-07-02_08-57-51	0.0121392455393	16	95	2041.5	2300.5	0.0179205569043	0.320421972401	135	135
106.0	107.0	95.0	113.0	115.0	103.0	15	0.0418242847248	0.00020338059024	DLR00012647-2009-07-02_08-57-51	0.0124858182205	16	95	2171.5	2300.5	0.01788779956	0.330598327029	135	135
106.0	107.0	94.0	114.0	116.0	104.0	16	0.0474186158027	0.000213345323896	DLR00012647-2009-07-02_08-57-51	0.012063960813	16	95	2323.5	2300.5	0.0179127435586	0.312749746923	135	135
107.0	108.0	95.0	114.0	116.0	103.0	17	0.050029303639	0.00020060231205	DLR00012647-2009-07-02_08-57-51	0.0125405884203	16	95	2453.5	2300.5	0.0178887507115	0.332995897491	135	135
103.0	103.0	90.0	161.0	180.0	178.0	18	0.04086525654	0.000265120202543	DLR00012647-2009-07-02_08-57-51	-0.00103753958547	16	95	2590.5	2300.5	0.00692612866246	0.118759656881	135	135
103.0	103.0	91.0	161.0	178.5	177.0	19	0.0310618573179	0.000278200065058	DLR00012647-2009-07-02_08-57-51	-0.00173312611849	16	95	2726.5	2300.5	0.00585718479077	0.0955831424157	135	135
103.0	103.0	91.0	160.0	175.0	173.0	20	0.0367094677394	0.000257465029349	DLR00012647-2009-07-02_08-57-51	-0.00137372921783	16	95	2861.5	2300.5	0.00636654260172	0.112206297618	135	135
104.0	104.0	92.0	160.0	177.0	175.0	21	0.0451276040279	0.000234225414875	DLR00012647-2009-07-02_08-57-51	-0.00260306315696	16	95	2998.5	2300.5	0.00698472121972	0.117960466727	135	135
105.0	106.0	95.0	111.0	112.0	102.0	22	0.0490169961106	0.000215191348384	DLR00012647-2009-07-02_08-57-51	0.00716887221701	16	95	3123.5	2300.5	0.0150037230203	0.261015504289	135	135
104.5	106.0	97.0	110.0	111.0	102.0	23	0.0571687356812	0.000210746136836	DLR00012647-2009-07-02_08-57-51	0.0104122363112	16	95	3279.5	2300.5	0.0186583590026	0.322712984176	135	135
101.0	103.0	94.0	109.0	111.0	103.0	24	0.041930843412	0.000179686935091	DLR00012647-2009-07-02_08-57-51	0.00375684852381	16	95	3411.5	2300.5	0.0127063547009	0.242474292717	135	135
