91.0	93.0	83.0	138.0	157.0	154.0	1	0.0160903617667	0.000978946871496	DLR00012709-2009-07-05_09-30-40	0.150620971645	1	103	271.5	212.5	0.15026404022	0.64761042144	135	135
93.0	97.0	86.0	141.0	160.0	156.0	2	0.0223773243114	0.00101449324777	DLR00012709-2009-07-05_09-30-40	0.157709133998	1	103	413.5	215.5	0.155299578736	0.630614310832	135	135
96.0	100.0	89.0	145.0	166.0	162.0	3	0.0229633970909	0.00101333829263	DLR00012709-2009-07-05_09-30-40	0.146005280112	1	103	544.5	212.5	0.143906429316	0.584314561245	135	135
98.0	101.0	90.0	146.0	166.0	162.0	4	0.0238691459321	0.000968705172228	DLR00012709-2009-07-05_09-30-40	0.138031448111	1	103	678.5	207.5	0.136521138418	0.584527678619	135	135
98.0	102.0	90.0	147.0	168.0	165.0	5	0.0272790239224	0.000976655840692	DLR00012709-2009-07-05_09-30-40	0.152259168174	1	103	815.5	211.5	0.151444350014	0.636155362566	135	135
99.0	103.0	90.0	146.0	166.0	161.0	6	0.0271191858916	0.000922934021542	DLR00012709-2009-07-05_09-30-40	0.130897077357	1	103	952.5	207.5	0.130298129873	0.579679258352	135	135
99.0	103.0	90.0	146.0	169.0	164.0	7	0.029729873728	0.000973165088639	DLR00012709-2009-07-05_09-30-40	0.14538040182	1	103	1082.5	211.5	0.145081501138	0.606958282274	135	135
99.0	103.0	90.0	145.0	167.0	162.0	8	0.0280782140764	0.000926165097466	DLR00012709-2009-07-05_09-30-40	0.138893645381	1	103	1221.5	206.5	0.138258062459	0.609409132079	135	135
99.0	104.0	90.0	145.0	168.0	163.0	9	0.0295167563536	0.000952564054495	DLR00012709-2009-07-05_09-30-40	0.138782604015	1	103	1354.5	205.5	0.13846558926	0.599232777452	135	135
98.0	103.0	90.0	143.0	164.0	159.0	10	0.0282913314508	0.000876360315103	DLR00012709-2009-07-05_09-30-40	0.125248025889	1	103	1492.5	203.5	0.125712804959	0.586072779583	135	135
97.0	103.0	90.0	145.0	167.0	163.0	11	0.034098779903	0.000945458118952	DLR00012709-2009-07-05_09-30-40	0.143441841224	1	103	1626.5	207.5	0.143983932374	0.629229047898	135	135
99.0	104.5	92.0	144.0	166.0	162.0	12	0.028930683574	0.000922252861553	DLR00012709-2009-07-05_09-30-40	0.12487236936	1	103	1778.5	201.5	0.126160535744	0.563109382492	135	135
95.0	101.0	89.0	145.0	168.0	163.0	13	0.0237093079013	0.00093798032221	DLR00012709-2009-07-05_09-30-40	0.144636151673	1	103	1908.5	211.5	0.143807124223	0.631147104268	135	135
94.0	100.0	85.0	142.0	163.0	158.0	14	0.0232297938089	0.000862580023068	DLR00012709-2009-07-05_09-30-40	0.115148894759	1	103	2046.5	211.5	0.115384392173	0.545367361074	135	135
97.0	102.0	89.0	145.0	168.0	163.0	15	0.0321807235335	0.000966735994654	DLR00012709-2009-07-05_09-30-40	0.136245238533	1	103	2184.5	204.5	0.13763128955	0.585273589429	135	135
95.0	100.0	87.0	144.0	166.0	161.0	16	0.0308487399435	0.000910490624071	DLR00012709-2009-07-05_09-30-40	0.124977886071	1	103	2316.5	211.5	0.125344820203	0.561351164154	135	135
99.0	103.0	92.0	146.0	167.0	163.0	17	0.0318077681283	0.000955119244267	DLR00012709-2009-07-05_09-30-40	0.138016215533	1	103	2449.5	201.5	0.139094592451	0.59683520699	135	135
98.0	102.0	90.0	144.0	164.0	160.0	18	0.0291438009484	0.000914114859858	DLR00012709-2009-07-05_09-30-40	0.126219690536	1	103	2591.5	202.5	0.126656486625	0.569502903724	135	135
96.0	100.0	88.0	146.0	166.0	162.0	19	0.029197080292	0.000955329057767	DLR00012709-2009-07-05_09-30-40	0.140506080326	1	103	2730.5	204.5	0.140903250276	0.59816719058	135	135
93.0	97.0	85.0	143.0	163.0	159.0	20	0.0263199957377	0.000952799570603	DLR00012709-2009-07-05_09-30-40	0.123589435368	1	103	2866.5	211.5	0.123923053116	0.545793595823	135	135
95.0	98.0	88.0	144.0	164.0	160.0	21	0.0275454206404	0.00101912506837	DLR00012709-2009-07-05_09-30-40	0.150137809306	1	103	2996.5	203.5	0.150264415494	0.603921359689	135	135
89.0	94.0	83.0	139.0	158.0	154.0	22	0.0256806436145	0.000965694039034	DLR00012709-2009-07-05_09-30-40	0.130246441525	1	103	3137.5	211.5	0.128378032504	0.542969790612	135	135
89.0	92.0	83.0	138.0	158.0	154.0	23	0.0225904416858	0.00105627544234	DLR00012709-2009-07-05_09-30-40	0.158379657633	1	103	3264.5	203.5	0.157601952754	0.621663381107	135	135
89.0	91.0	82.0	134.0	153.0	149.0	24	0.0191272843519	0.000888847497596	DLR00012709-2009-07-05_09-30-40	0.123924516809	1	103	3419.5	211.5	0.125973255624	0.594064681123	135	135
88.0	91.0	80.0	138.0	159.0	156.0	1	0.0404923011349	0.00112072232983	DLR00012709-2009-07-05_09-30-40	0.18840119611	2	103	263.5	344.5	0.186299463143	0.684799403271	135	135
90.0	95.0	84.0	140.0	161.0	158.0	2	0.0537588576909	0.00108915720175	DLR00012709-2009-07-05_09-30-40	0.153680821386	2	103	409.5	337.5	0.148625730792	0.57669561511	135	135
92.0	97.0	85.0	147.0	170.0	167.0	3	0.0513080078853	0.00115671026152	DLR00012709-2009-07-05_09-30-40	0.17830940952	2	103	543.5	344.5	0.174248354555	0.626778198093	135	135
94.0	97.0	85.0	143.0	163.0	159.0	4	0.0610581277639	0.00101036097512	DLR00012709-2009-07-05_09-30-40	0.131820516057	2	103	678.5	334.5	0.128062181088	0.537055783473	135	135
93.0	98.0	84.0	146.0	169.0	165.0	5	0.0483243646438	0.00108181692086	DLR00012709-2009-07-05_09-30-40	0.153351771183	2	103	810.5	344.5	0.150368615178	0.577015291172	135	135
93.0	98.0	84.0	143.0	165.0	160.0	6	0.0499760242954	0.00101067692754	DLR00012709-2009-07-05_09-30-40	0.139535295091	2	103	944.5	344.5	0.136979379766	0.561031488092	135	135
93.0	97.0	83.0	146.0	170.0	165.0	7	0.0528531088497	0.00107403874655	DLR00012709-2009-07-05_09-30-40	0.14954236122	2	103	1086.5	344.5	0.147706694061	0.577814481326	135	135
92.0	96.0	81.0	143.0	166.0	161.0	8	0.0526932708189	0.00102040216591	DLR00012709-2009-07-05_09-30-40	0.134551873449	2	103	1226.5	344.5	0.133690848899	0.547658372849	135	135
92.0	96.0	80.0	145.0	169.0	165.0	9	0.0517875219777	0.00108856222297	DLR00012709-2009-07-05_09-30-40	0.160180544228	2	103	1357.5	343.5	0.159634456936	0.596249134211	135	135
91.0	95.0	80.0	141.0	164.0	159.0	10	0.0534391816293	0.00102543446486	DLR00012709-2009-07-05_09-30-40	0.132566173151	2	103	1497.5	344.5	0.132689006702	0.537801694283	135	135
91.0	95.0	80.0	142.0	168.0	163.0	11	0.0495497895466	0.00108777242986	DLR00012709-2009-07-05_09-30-40	0.156360999996	2	103	1636.5	344.5	0.156746418904	0.595449944057	135	135
91.0	95.0	79.0	139.0	163.0	157.0	12	0.055996590122	0.000994784577919	DLR00012709-2009-07-05_09-30-40	0.137007897513	2	103	1771.5	341.5	0.137338315448	0.577068570515	135	135
90.0	95.0	80.0	143.0	167.0	163.0	13	0.0550908412808	0.0010825817127	DLR00012709-2009-07-05_09-30-40	0.152177448374	2	103	1900.5	335.5	0.152556904431	0.583035856998	135	135
90.0	94.0	78.0	141.0	164.0	159.0	14	0.0620704352922	0.00105624083031	DLR00012709-2009-07-05_09-30-40	0.130597180868	2	103	2046.5	335.5	0.131784271481	0.52650647344	135	135
90.0	94.0	79.0	143.0	168.0	164.0	15	0.0527998295061	0.00111300414804	DLR00012709-2009-07-05_09-30-40	0.159840307949	2	103	2181.5	344.5	0.159743637475	0.589109702168	135	135
90.0	94.0	79.0	141.0	163.0	157.0	16	0.0572220150248	0.00102617443112	DLR00012709-2009-07-05_09-30-40	0.124712120805	2	103	2317.5	344.5	0.125348584733	0.512121050669	135	135
91.0	94.0	80.0	144.0	168.0	163.0	17	0.0521604773829	0.00109774901291	DLR00012709-2009-07-05_09-30-40	0.153233262104	2	103	2458.5	339.5	0.152669379262	0.572966061058	135	135
91.0	94.0	79.0	143.0	165.0	159.0	18	0.062763066759	0.00106864955044	DLR00012709-2009-07-05_09-30-40	0.13092858187	2	103	2591.5	344.5	0.129930740612	0.512334168043	135	135
90.0	94.0	80.0	143.0	165.0	161.0	19	0.0544514891577	0.00109761394452	DLR00012709-2009-07-05_09-30-40	0.151058476902	2	103	2730.5	344.5	0.149693730498	0.565080718206	135	135
90.0	93.0	79.0	141.0	162.0	157.0	20	0.0671319729341	0.00106252971282	DLR00012709-2009-07-05_09-30-40	0.134647694912	2	103	2866.5	344.5	0.133576169993	0.531727849113	135	135
89.0	92.0	79.0	144.0	166.0	162.0	21	0.0550908412808	0.00118417683138	DLR00012709-2009-07-05_09-30-40	0.17081438133	2	103	2998.5	344.5	0.16777111284	0.587511321861	135	135
86.0	89.0	76.0	139.0	159.0	155.0	22	0.0596728648303	0.00115154335652	DLR00012709-2009-07-05_09-30-40	0.158516884938	2	103	3137.5	344.5	0.155480504216	0.565133997549	135	135
84.0	88.0	77.0	140.0	162.0	159.0	23	0.056529383558	0.00127603419797	DLR00012709-2009-07-05_09-30-40	0.187183667328	2	103	3274.5	344.5	0.18292152419	0.599978688263	135	135
85.0	88.0	77.0	137.0	157.0	154.0	24	0.042463636848	0.00117541985474	DLR00012709-2009-07-05_09-30-40	0.188119882819	2	103	3414.5	344.5	0.186855493397	0.657893334754	135	135
88.0	91.0	80.0	142.0	164.0	162.0	1	0.0475784538334	0.00119381109179	DLR00012709-2009-07-05_09-30-40	0.199038144238	3	103	270.5	483.5	0.196451180236	0.683041184933	135	135
89.0	94.0	82.0	144.0	168.0	165.0	2	0.0525334327881	0.00117693786161	DLR00012709-2009-07-05_09-30-40	0.160206570169	3	103	409.5	483.5	0.156231497383	0.559699504502	135	135
90.0	95.0	82.0	145.0	169.0	166.0	3	0.0504555383878	0.00114304190468	DLR00012709-2009-07-05_09-30-40	0.162141173902	3	103	544.5	491.5	0.159355406798	0.578187436731	135	135
92.0	96.0	83.0	145.0	168.0	164.0	4	0.0548244445628	0.00108521901306	DLR00012709-2009-07-05_09-30-40	0.145264080491	3	103	671.5	492.5	0.142391527524	0.555863391763	135	135
92.0	96.0	82.0	146.0	171.0	167.0	5	0.0513612872289	0.00110710355546	DLR00012709-2009-07-05_09-30-40	0.165144062972	3	103	815.5	483.5	0.163825733512	0.612392775321	135	135
91.0	96.0	82.0	145.0	169.0	165.0	6	0.0521604773829	0.00107555373885	DLR00012709-2009-07-05_09-30-40	0.147510155537	3	103	952.5	477.5	0.146753460841	0.56603974639	135	135
91.0	96.0	81.0	145.0	171.0	167.0	7	0.0515211252597	0.00109933295015	DLR00012709-2009-07-05_09-30-40	0.150755161146	3	103	1090.5	477.5	0.15073711637	0.567425009324	135	135
90.0	95.0	80.0	144.0	169.0	165.0	8	0.0573818530556	0.0010745594771	DLR00012709-2009-07-05_09-30-40	0.139669832021	3	103	1217.5	483.5	0.140612739874	0.544781288295	135	135
89.0	95.0	80.0	145.0	172.0	168.0	9	0.0532260642549	0.00112974078011	DLR00012709-2009-07-05_09-30-40	0.159110732936	3	103	1367.5	483.5	0.160148585551	0.584048164527	135	135
89.0	94.0	79.0	142.5	167.0	163.0	10	0.0682508391497	0.00108309825994	DLR00012709-2009-07-05_09-30-40	0.139256526792	3	103	1497.5	476.5	0.140489079688	0.54323618733	135	135
88.0	94.0	78.0	142.0	168.0	164.0	11	0.0565826629016	0.00110382528684	DLR00012709-2009-07-05_09-30-40	0.149053785573	3	103	1642.5	477.5	0.150704925787	0.569183227663	135	135
88.0	94.0	79.0	140.0	166.0	161.0	12	0.0552506793116	0.00106124607001	DLR00012709-2009-07-05_09-30-40	0.132810383049	3	103	1766.5	483.5	0.134575701241	0.531887687144	135	135
88.0	94.0	79.0	142.0	169.0	165.0	13	0.0572220150248	0.0011119908375	DLR00012709-2009-07-05_09-30-40	0.153436117136	3	103	1898.5	483.5	0.155392285205	0.57861367148	135	135
88.0	93.0	78.0	141.0	165.0	161.0	14	0.0623368320102	0.00106743012632	DLR00012709-2009-07-05_09-30-40	0.14165717921	3	103	2048.5	476.5	0.1436383849	0.560924929405	135	135
88.0	93.0	78.0	144.0	170.0	166.0	15	0.0575416910864	0.00114782473082	DLR00012709-2009-07-05_09-30-40	0.163219211874	3	103	2183.5	485.5	0.164773089502	0.591294155256	135	135
88.0	93.0	78.0	142.0	167.0	163.0	16	0.0628163461026	0.00110605372524	DLR00012709-2009-07-05_09-30-40	0.137400418517	3	103	2317.5	479.5	0.139629807906	0.531141776333	135	135
88.0	93.0	78.0	145.0	171.0	167.0	17	0.0578080878044	0.00116255525001	DLR00012709-2009-07-05_09-30-40	0.163857028333	3	103	2467.5	483.5	0.164760067763	0.582982577655	135	135
88.0	93.0	78.0	141.0	165.0	160.0	18	0.0635089775694	0.00108541530519	DLR00012709-2009-07-05_09-30-40	0.12340332925	3	103	2591.5	491.5	0.124575935084	0.485801054931	135	135
88.0	93.0	78.0	146.0	171.0	167.0	19	0.0610581277639	0.00119988774685	DLR00012709-2009-07-05_09-30-40	0.172039798941	3	103	2727.5	483.5	0.171562053479	0.593052373595	135	135
89.0	92.0	77.0	141.0	163.0	157.0	20	0.071127923704	0.00108965851513	DLR00012709-2009-07-05_09-30-40	0.138691646228	3	103	2866.5	481.5	0.13767440843	0.532793435985	135	135
88.0	91.0	77.0	146.0	168.0	165.0	21	0.0610581277639	0.00123108673792	DLR00012709-2009-07-05_09-30-40	0.175713403845	3	103	3001.5	483.5	0.173931512943	0.587937556609	135	135
86.0	89.0	76.0	140.0	161.0	157.0	22	0.0644680057542	0.00117735471778	DLR00012709-2009-07-05_09-30-40	0.158965832598	3	103	3137.5	480.5	0.1562680975	0.554105173424	135	135
83.0	87.0	75.0	142.0	166.0	163.0	23	0.0611646864511	0.0013282438388	DLR00012709-2009-07-05_09-30-40	0.202087984303	3	103	3270.5	483.5	0.198934628711	0.625659331877	135	135
84.0	87.0	76.0	140.0	163.0	160.0	24	0.0521071980393	0.00131153123881	DLR00012709-2009-07-05_09-30-40	0.216625310479	3	103	3414.5	483.5	0.215616780264	0.681869039373	135	135
88.0	91.0	80.0	143.0	166.0	164.0	1	0.048697320049	0.00121241790945	DLR00012709-2009-07-05_09-30-40	0.207447431266	4	103	263.5	617.5	0.205430474079	0.701848793223	135	135
89.0	93.0	81.0	140.0	162.0	158.0	2	0.0587138366455	0.00107613267267	DLR00012709-2009-07-05_09-30-40	0.129262213133	4	103	409.5	622.5	0.126090800025	0.49837498002	135	135
90.0	94.0	82.0	146.0	169.0	167.0	3	0.0484842026746	0.00114437903518	DLR00012709-2009-07-05_09-30-40	0.164170026191	4	103	538.5	619.5	0.161860619096	0.586712131707	135	135
91.0	96.0	82.0	141.0	162.0	158.0	4	0.0604720549843	0.000995438991585	DLR00012709-2009-07-05_09-30-40	0.118348149528	4	103	686.5	619.5	0.116715008103	0.494592146625	135	135
91.0	96.0	82.0	146.0	170.0	167.0	5	0.050295700357	0.00110187856751	DLR00012709-2009-07-05_09-30-40	0.155378835181	4	103	816.5	621.5	0.154672487634	0.582662901593	135	135
91.0	96.0	81.0	141.0	163.0	159.0	6	0.064095050349	0.000991065896551	DLR00012709-2009-07-05_09-30-40	0.116371215023	4	103	952.5	623.5	0.116813806547	0.493260163035	135	135
90.0	95.0	81.0	145.0	170.0	167.0	7	0.0515744046033	0.00109469534874	DLR00012709-2009-07-05_09-30-40	0.150533109089	4	103	1086.5	619.5	0.151433689015	0.571900474186	135	135
89.0	95.0	80.0	140.0	164.0	159.0	8	0.061697479887	0.0010020129685	DLR00012709-2009-07-05_09-30-40	0.112041359407	4	103	1226.5	612.5	0.114508557415	0.481005914007	135	135
88.0	94.0	80.0	143.0	169.0	165.0	9	0.0564228248708	0.00109134947703	DLR00012709-2009-07-05_09-30-40	0.149025892694	4	103	1361.5	619.5	0.151170537645	0.570248814535	135	135
87.0	93.0	79.0	140.0	164.0	160.0	10	0.0679844424317	0.00103689896633	DLR00012709-2009-07-05_09-30-40	0.124392718536	4	103	1497.5	619.5	0.127278627683	0.517662102403	135	135
88.0	93.0	79.0	141.0	167.0	163.0	11	0.054664606532	0.00109316710491	DLR00012709-2009-07-05_09-30-40	0.142299892121	4	103	1632.5	624.5	0.144287926035	0.542223879802	135	135
87.0	93.0	78.0	138.0	163.0	159.0	12	0.0600990995791	0.00103712918283	DLR00012709-2009-07-05_09-30-40	0.125542169725	4	103	1771.5	616.5	0.128400459622	0.513133358197	135	135
87.0	93.0	78.0	141.0	168.0	164.0	13	0.0599392615483	0.0011017361343	DLR00012709-2009-07-05_09-30-40	0.148047687063	4	103	1909.5	628.5	0.151011631063	0.566359422452	135	135
87.0	93.0	78.0	137.0	161.0	157.0	14	0.0641483296926	0.00100775487566	DLR00012709-2009-07-05_09-30-40	0.119727004908	4	103	2052.5	619.5	0.122867741604	0.509137407427	135	135
87.0	92.0	78.0	142.0	168.0	164.0	15	0.0523735947573	0.00111275370363	DLR00012709-2009-07-05_09-30-40	0.144074479007	4	103	2179.5	619.5	0.146851389069	0.54797804891	135	135
87.0	92.0	77.0	138.0	162.0	157.0	16	0.0697426607704	0.00103039923894	DLR00012709-2009-07-05_09-30-40	0.121384395999	4	103	2326.5	609.5	0.124222331947	0.506846395652	135	135
88.0	92.0	77.0	142.0	167.0	163.0	17	0.0521604773829	0.0011052041955	DLR00012709-2009-07-05_09-30-40	0.138821195507	4	103	2458.5	625.5	0.141000731738	0.525600724599	135	135
88.0	92.0	77.0	141.0	164.0	159.0	18	0.0728861420427	0.00107729496734	DLR00012709-2009-07-05_09-30-40	0.128174622337	4	103	2591.5	617.5	0.129549478258	0.511002184453	135	135
88.0	92.0	78.0	144.0	168.0	164.0	19	0.0577548084608	0.00116264639538	DLR00012709-2009-07-05_09-30-40	0.168681747325	4	103	2720.5	619.5	0.168825845043	0.598273749267	135	135
88.0	92.0	77.0	139.0	161.0	156.0	20	0.0683041184933	0.00107852201602	DLR00012709-2009-07-05_09-30-40	0.131259329042	4	103	2866.5	620.5	0.130665194413	0.514785017849	135	135
88.0	91.0	77.0	143.0	166.0	161.0	21	0.0603122169535	0.00117911651502	DLR00012709-2009-07-05_09-30-40	0.164188777469	4	103	2996.5	619.5	0.162831170263	0.576322659705	135	135
86.0	88.0	75.0	140.0	160.0	156.0	22	0.0671852522777	0.00115508045905	DLR00012709-2009-07-05_09-30-40	0.144688004564	4	103	3139.5	619.5	0.143108960221	0.530981938303	135	135
83.0	87.0	75.0	142.0	165.0	161.0	23	0.0598327028611	0.00130188391915	DLR00012709-2009-07-05_09-30-40	0.200010625174	4	103	3271.5	619.5	0.197593344653	0.628909371837	135	135
85.0	88.0	77.0	141.0	164.0	160.0	24	0.0554105173424	0.00130937084905	DLR00012709-2009-07-05_09-30-40	0.214130765053	4	103	3414.5	616.5	0.212845737416	0.677766529916	135	135
88.0	91.0	80.0	143.0	165.0	162.0	1	0.0449144866535	0.00118947904583	DLR00012709-2009-07-05_09-30-40	0.202286159774	5	103	268.5	756.5	0.200410486401	0.695721668709	135	135
89.0	93.0	80.0	143.0	165.0	162.0	2	0.0531727849113	0.0011218154451	DLR00012709-2009-07-05_09-30-40	0.15422498829	5	103	409.5	756.5	0.151772611958	0.565027438862	135	135
90.0	94.0	82.0	147.0	171.0	168.0	3	0.049496510203	0.00116143160162	DLR00012709-2009-07-05_09-30-40	0.173279757567	5	103	535.5	750.5	0.171075718786	0.612978848101	135	135
91.0	95.0	82.0	144.0	167.0	163.0	4	0.0453940007459	0.00106307039389	DLR00012709-2009-07-05_09-30-40	0.138376546246	5	103	678.5	756.5	0.137396266585	0.537215621504	135	135
91.0	96.0	82.0	146.0	171.0	167.0	5	0.0469391017103	0.00110505577143	DLR00012709-2009-07-05_09-30-40	0.152383806727	5	103	815.5	756.5	0.152048061833	0.569875859129	135	135
91.0	96.0	81.0	142.0	166.0	161.0	6	0.0518940806649	0.00103362778802	DLR00012709-2009-07-05_09-30-40	0.122124040427	5	103	952.5	746.5	0.122596733147	0.497522510523	135	135
90.0	95.0	81.0	145.0	171.0	167.0	7	0.0521071980393	0.00111144785186	DLR00012709-2009-07-05_09-30-40	0.158501267229	5	103	1082.5	756.5	0.159536953629	0.593372049656	135	135
89.0	95.0	80.0	143.0	167.0	163.0	8	0.0657999893441	0.00105768419982	DLR00012709-2009-07-05_09-30-40	0.131790413484	5	103	1226.5	748.5	0.133576624514	0.528637647184	135	135
88.0	94.0	80.0	144.0	170.0	167.0	9	0.0527465501625	0.00111793176545	DLR00012709-2009-07-05_09-30-40	0.155381063638	5	103	1363.5	753.5	0.157774684779	0.581384197347	135	135
87.0	93.0	79.0	140.0	164.0	160.0	10	0.0567425009324	0.00104375527791	DLR00012709-2009-07-05_09-30-40	0.134462444436	5	103	1497.5	746.5	0.137213990021	0.547498534818	135	135
87.0	93.0	79.0	142.0	168.0	164.0	11	0.0590335127071	0.00111999798868	DLR00012709-2009-07-05_09-30-40	0.15489288759	5	103	1636.5	750.5	0.15710453301	0.579306302946	135	135
87.0	92.0	78.0	139.0	164.0	160.0	12	0.0590867920507	0.00105483830424	DLR00012709-2009-07-05_09-30-40	0.132257729296	5	103	1771.5	765.5	0.136105962264	0.537854973627	135	135
87.0	92.0	78.0	143.0	170.0	166.0	13	0.0579679258352	0.00114228283602	DLR00012709-2009-07-05_09-30-40	0.164030883536	5	103	1913.5	750.5	0.167264069281	0.597634397144	135	135
87.0	92.0	77.0	139.0	163.0	158.0	14	0.0647876818158	0.00103541892904	DLR00012709-2009-07-05_09-30-40	0.119862109292	5	103	2044.5	756.5	0.12403267904	0.507166071714	135	135
87.0	92.0	78.0	142.0	168.0	165.0	15	0.0567425009324	0.00112640905125	DLR00012709-2009-07-05_09-30-40	0.154390314787	5	103	2177.5	753.5	0.157553527177	0.577015291172	135	135
87.0	92.0	77.0	140.0	163.0	159.0	16	0.0704885715808	0.00106035577872	DLR00012709-2009-07-05_09-30-40	0.133479908175	5	103	2317.5	762.5	0.136719900023	0.53774841494	135	135
87.0	92.0	77.0	142.0	167.0	163.0	17	0.0606318930151	0.00112681594059	DLR00012709-2009-07-05_09-30-40	0.154942226189	5	103	2458.5	759.5	0.157328485766	0.57877350951	135	135
88.0	91.0	77.0	139.0	162.0	156.0	18	0.0717672758272	0.00105186813325	DLR00012709-2009-07-05_09-30-40	0.12520597757	5	103	2591.5	755.5	0.127131969853	0.509137407427	135	135
88.0	92.0	77.0	144.0	168.0	164.0	19	0.055197399968	0.00116118527869	DLR00012709-2009-07-05_09-30-40	0.159983548763	5	103	2727.5	756.5	0.160478872898	0.573658692525	135	135
88.0	91.0	77.0	141.0	162.0	157.0	20	0.0729927007299	0.00109263595451	DLR00012709-2009-07-05_09-30-40	0.143774374378	5	103	2867.5	754.5	0.143617966483	0.548031328254	135	135
88.0	90.0	76.0	141.0	162.0	157.0	21	0.0661729447493	0.00112918370145	DLR00012709-2009-07-05_09-30-40	0.143743094843	5	103	3003.5	756.5	0.142550647207	0.532367201236	135	135
86.0	88.0	74.0	139.0	160.0	154.0	22	0.0690500293036	0.00113387470555	DLR00012709-2009-07-05_09-30-40	0.138595441706	5	103	3137.5	752.5	0.13807406905	0.512920240823	135	135
84.0	87.0	74.0	142.0	164.0	160.0	23	0.057861367148	0.00127518604615	DLR00012709-2009-07-05_09-30-40	0.185074964199	5	103	3271.5	756.5	0.183336980222	0.599872129575	135	135
85.0	88.0	76.0	142.0	165.0	161.0	24	0.0591933507379	0.00130807014974	DLR00012709-2009-07-05_09-30-40	0.201904918571	5	103	3414.5	756.5	0.200738954643	0.641483296926	135	135
88.0	91.0	80.0	143.0	166.0	163.0	1	0.0506153764186	0.00120229793018	DLR00012709-2009-07-05_09-30-40	0.202317737063	6	103	271.5	893.5	0.200247125213	0.687196973733	135	135
89.0	93.0	81.0	142.0	164.0	161.0	2	0.0542916511269	0.00109504047588	DLR00012709-2009-07-05_09-30-40	0.153977657503	6	103	409.5	890.5	0.151952344466	0.583568650434	135	135
90.0	94.0	81.0	147.0	171.0	168.0	3	0.0473653364591	0.00115766753489	DLR00012709-2009-07-05_09-30-40	0.172738539793	6	103	544.5	892.5	0.171571206497	0.612605892695	135	135
91.0	95.0	81.0	141.0	162.0	157.0	4	0.0630827428206	0.000990778289849	DLR00012709-2009-07-05_09-30-40	0.119821764779	6	103	670.5	887.5	0.118616490078	0.504715221908	135	135
91.0	96.0	81.0	147.0	171.0	167.0	5	0.0493366721722	0.00111258369769	DLR00012709-2009-07-05_09-30-40	0.15827885833	6	103	814.5	892.5	0.157968928031	0.582556342906	135	135
91.0	95.0	80.0	141.0	163.0	158.0	6	0.0525867121317	0.000998702374238	DLR00012709-2009-07-05_09-30-40	0.106698879852	6	103	952.5	883.5	0.108213747061	0.460280249347	135	135
89.0	95.0	80.0	145.0	169.0	165.0	7	0.0515744046033	0.00109185135259	DLR00012709-2009-07-05_09-30-40	0.138588809013	6	103	1090.5	892.5	0.140693298118	0.538281208376	135	135
88.0	94.0	79.0	140.0	163.0	158.0	8	0.0703820128936	0.0010060863434	DLR00012709-2009-07-05_09-30-40	0.118443312036	6	103	1226.5	895.5	0.121083298451	0.503489797006	135	135
88.0	94.0	79.0	143.0	168.0	165.0	9	0.0501358623262	0.00108929704339	DLR00012709-2009-07-05_09-30-40	0.141060199381	6	103	1356.5	888.5	0.144027255354	0.550162501998	135	135
87.0	93.0	78.0	136.0	159.0	154.0	10	0.0590867920507	0.000971507306984	DLR00012709-2009-07-05_09-30-40	0.104175591402	6	103	1497.5	886.5	0.108407893018	0.466034418456	135	135
86.0	92.0	78.0	142.0	168.0	165.0	11	0.0570088976504	0.00112295013559	DLR00012709-2009-07-05_09-30-40	0.157598887241	6	103	1643.5	890.5	0.160456132507	0.592466300815	135	135
86.0	92.0	78.0	137.0	162.0	157.0	12	0.0656934306569	0.00101398607023	DLR00012709-2009-07-05_09-30-40	0.11090845417	6	103	1771.5	885.5	0.11584858541	0.481698545474	135	135
86.0	91.0	78.0	140.0	166.0	162.0	13	0.0537588576909	0.00108630532282	DLR00012709-2009-07-05_09-30-40	0.14543310564	6	103	1907.5	899.5	0.149863409889	0.565720070329	135	135
86.0	91.0	77.0	136.0	160.0	155.0	14	0.0725131866375	0.000997074066332	DLR00012709-2009-07-05_09-30-40	0.112636387601	6	103	2038.5	892.5	0.11767652522	0.497362672492	135	135
86.0	91.0	77.0	141.0	167.0	163.0	15	0.0551441206244	0.00111556229032	DLR00012709-2009-07-05_09-30-40	0.151883682025	6	103	2174.5	891.5	0.155703585683	0.571847194843	135	135
86.0	91.0	77.0	139.0	162.0	158.0	16	0.0685705152113	0.00105074355555	DLR00012709-2009-07-05_09-30-40	0.124622409487	6	103	2312.5	892.5	0.128517638937	0.514305503756	135	135
86.0	91.0	77.0	141.0	166.0	162.0	17	0.0551441206244	0.00111982107691	DLR00012709-2009-07-05_09-30-40	0.14894966851	6	103	2458.5	892.5	0.15172188353	0.556769140604	135	135
87.0	91.0	76.0	139.0	161.0	155.0	18	0.0667590175289	0.00104548052621	DLR00012709-2009-07-05_09-30-40	0.126937500316	6	103	2591.5	895.5	0.129047797106	0.518887527306	135	135
88.0	91.0	76.0	143.0	166.0	162.0	19	0.0597794235175	0.00114215805092	DLR00012709-2009-07-05_09-30-40	0.159711203048	6	103	2731.5	898.5	0.160432422742	0.582876018967	135	135
88.0	91.0	76.0	139.0	161.0	155.0	20	0.062230273323	0.00107247449292	DLR00012709-2009-07-05_09-30-40	0.137794940386	6	103	2866.5	891.5	0.138015146015	0.535563961852	135	135
87.0	90.0	75.0	143.0	166.0	161.0	21	0.0640417710054	0.00118198133469	DLR00012709-2009-07-05_09-30-40	0.161313634298	6	103	2997.5	892.5	0.161210705487	0.569662741755	135	135
86.0	89.0	75.0	140.0	161.0	156.0	22	0.0734189354787	0.00115779683127	DLR00012709-2009-07-05_09-30-40	0.152607941878	6	103	3137.5	886.5	0.150893958293	0.551547764932	135	135
84.0	87.0	73.0	142.0	165.0	161.0	23	0.0611646864511	0.00126940038898	DLR00012709-2009-07-05_09-30-40	0.184105151531	6	103	3274.5	892.5	0.183303620457	0.605093505248	135	135
84.0	87.0	75.0	142.0	165.0	161.0	24	0.0568490596196	0.00130460726168	DLR00012709-2009-07-05_09-30-40	0.201079858286	6	103	3404.5	890.5	0.199716210941	0.641057062177	135	135
89.0	92.0	80.0	144.0	167.0	164.0	1	0.0491768341414	0.00119740399152	DLR00012709-2009-07-05_09-30-40	0.209753889375	7	103	274.5	1031.5	0.20778270009	0.716660450743	135	135
89.0	93.0	81.0	142.0	164.0	161.0	2	0.055463796686	0.00109466611464	DLR00012709-2009-07-05_09-30-40	0.151835406775	7	103	409.5	1031.5	0.149096011406	0.571154563376	135	135
90.0	94.0	81.0	147.0	171.0	168.0	3	0.047631733177	0.0011619492931	DLR00012709-2009-07-05_09-30-40	0.166416168149	7	103	551.5	1031.5	0.165463904408	0.590867920507	135	135
91.0	95.0	81.0	143.0	164.0	160.0	4	0.0484842026746	0.00102997433447	DLR00012709-2009-07-05_09-30-40	0.122842160756	7	103	678.5	1034.5	0.122065377381	0.499014332143	135	135
91.0	95.0	81.0	147.0	171.0	167.0	5	0.0444882519047	0.00111837833826	DLR00012709-2009-07-05_09-30-40	0.153605259063	7	103	815.5	1022.5	0.15401659785	0.572379988279	135	135
90.0	95.0	80.0	143.0	167.0	162.0	6	0.0547711652192	0.00105001763546	DLR00012709-2009-07-05_09-30-40	0.125589294288	7	103	944.5	1023.5	0.126647010139	0.507219351058	135	135
89.0	95.0	80.0	146.0	171.0	167.0	7	0.0544514891577	0.00112778535658	DLR00012709-2009-07-05_09-30-40	0.171206379431	7	103	1085.5	1037.5	0.172515701396	0.627417550216	135	135
88.0	93.0	79.0	140.0	163.0	159.0	8	0.0611646864511	0.00101460864286	DLR00012709-2009-07-05_09-30-40	0.128891992832	7	103	1226.5	1029.5	0.131541170107	0.541531248335	135	135
87.0	93.0	79.0	143.0	169.0	166.0	9	0.0515211252597	0.00111024138196	DLR00012709-2009-07-05_09-30-40	0.145648117098	7	103	1363.5	1026.5	0.148346886583	0.555437157014	135	135
87.0	92.0	78.0	139.0	164.0	160.0	10	0.0572220150248	0.00104529268926	DLR00012709-2009-07-05_09-30-40	0.126315800892	7	103	1497.5	1030.5	0.129820674433	0.517235867654	135	135
86.0	92.0	78.0	143.0	169.0	166.0	11	0.0558900314348	0.00113294275752	DLR00012709-2009-07-05_09-30-40	0.164150607344	7	103	1640.5	1036.5	0.167348183291	0.605093505248	135	135
86.0	91.0	78.0	138.0	162.0	157.0	12	0.0702754542064	0.00102283572927	DLR00012709-2009-07-05_09-30-40	0.110882295704	7	103	1771.5	1031.5	0.116183360048	0.479407533699	135	135
85.0	91.0	78.0	142.0	168.0	165.0	13	0.055996590122	0.00112813264604	DLR00012709-2009-07-05_09-30-40	0.156402245014	7	103	1908.5	1033.5	0.16055066066	0.583302253716	135	135
86.0	91.0	77.0	136.0	160.0	155.0	14	0.0798124567105	0.00100837463941	DLR00012709-2009-07-05_09-30-40	0.116935225049	7	103	2046.5	1031.5	0.121172599061	0.506313602216	135	135
85.0	91.0	77.0	142.0	168.0	164.0	15	0.0596728648303	0.00114711518956	DLR00012709-2009-07-05_09-30-40	0.163360444515	7	103	2184.5	1033.5	0.166592846622	0.600031967606	135	135
86.0	91.0	77.0	138.0	161.0	156.0	16	0.0776812829666	0.00104374488809	DLR00012709-2009-07-05_09-30-40	0.12812978414	7	103	2314.5	1025.5	0.131478185229	0.5318344078	135	135
86.0	91.0	77.0	143.0	167.0	164.0	17	0.0569556183068	0.00115077924734	DLR00012709-2009-07-05_09-30-40	0.16155953068	7	103	2458.5	1031.5	0.163892474316	0.584048164527	135	135
87.0	91.0	76.0	138.0	161.0	155.0	18	0.0653204752517	0.0010592329454	DLR00012709-2009-07-05_09-30-40	0.125120178672	7	103	2591.5	1028.5	0.127387699513	0.504768501252	135	135
87.0	91.0	76.0	143.0	167.0	162.0	19	0.0567425009324	0.00116162878517	DLR00012709-2009-07-05_09-30-40	0.163182726828	7	103	2725.5	1027.5	0.164020928068	0.581224359316	135	135
87.0	90.0	75.0	137.0	158.0	152.0	20	0.0716074377964	0.00103961044765	DLR00012709-2009-07-05_09-30-40	0.127662624623	7	103	2872.5	1031.5	0.128344075093	0.5185145719	135	135
87.0	90.0	75.0	143.0	166.0	161.0	21	0.0610048484203	0.00118755746849	DLR00012709-2009-07-05_09-30-40	0.161442329522	7	103	2999.5	1031.5	0.161280881584	0.571847194843	135	135
86.0	89.0	74.0	139.0	160.0	155.0	22	0.0607384517023	0.00113917448714	DLR00012709-2009-07-05_09-30-40	0.153419644688	7	103	3137.5	1024.5	0.152754285772	0.559433107784	135	135
84.0	88.0	74.0	142.0	164.0	160.0	23	0.0660663860621	0.00126354092091	DLR00012709-2009-07-05_09-30-40	0.183671656073	7	103	3267.5	1024.5	0.181651678122	0.602642655442	135	135
84.0	88.0	75.0	142.0	166.0	162.0	24	0.0645212850978	0.00131432795464	DLR00012709-2009-07-05_09-30-40	0.218088367135	7	103	3411.5	1031.5	0.217359569245	0.690447013693	135	135
89.0	94.0	83.0	144.0	167.0	163.0	1	0.0434226650328	0.00118507110544	DLR00012709-2009-07-05_09-30-40	0.212419400315	8	103	276.5	1172.5	0.209785831578	0.731205711546	135	135
90.0	94.0	82.0	141.0	163.0	159.0	2	0.0586072779583	0.00106807290512	DLR00012709-2009-07-05_09-30-40	0.146718887933	8	103	411.5	1167.5	0.143719702595	0.569662741755	135	135
90.0	95.0	81.0	147.0	171.0	167.0	3	0.0483776439874	0.0011506463121	DLR00012709-2009-07-05_09-30-40	0.165161179762	8	103	546.5	1155.5	0.163543727636	0.593638446374	135	135
91.0	95.0	80.0	142.0	163.0	158.0	4	0.061963876605	0.00101052530288	DLR00012709-2009-07-05_09-30-40	0.115458902376	8	103	678.5	1168.5	0.114977491077	0.483403484469	135	135
91.0	95.0	80.0	146.0	170.0	166.0	5	0.0512014491981	0.0011032387321	DLR00012709-2009-07-05_09-30-40	0.154504574367	8	103	822.5	1164.5	0.154763608768	0.577867760669	135	135
90.0	95.0	80.0	141.0	163.0	159.0	6	0.0702221748628	0.00101564135927	DLR00012709-2009-07-05_09-30-40	0.116129734858	8	103	952.5	1170.5	0.116555402912	0.486546965741	135	135
89.0	94.0	80.0	143.0	168.0	164.0	7	0.0513080078853	0.00108715461497	DLR00012709-2009-07-05_09-30-40	0.155759110925	8	103	1082.5	1164.5	0.157135990514	0.593318770313	135	135
88.0	94.0	79.0	138.0	162.0	157.0	8	0.057062176994	0.00100491347926	DLR00012709-2009-07-05_09-30-40	0.12558328425	8	103	1226.5	1157.5	0.127785985297	0.525227769194	135	135
87.0	93.0	79.0	142.0	168.0	164.0	9	0.0514145665725	0.0011039756572	DLR00012709-2009-07-05_09-30-40	0.148457089824	8	103	1358.5	1166.5	0.150854388966	0.564068410677	135	135
87.0	92.0	78.0	137.0	161.0	157.0	10	0.070861526986	0.00101748794208	DLR00012709-2009-07-05_09-30-40	0.121013456552	8	103	1499.5	1164.5	0.1242952553	0.514625179818	135	135
86.0	92.0	78.0	141.0	167.0	163.0	11	0.0542916511269	0.00109940210428	DLR00012709-2009-07-05_09-30-40	0.139770023665	8	103	1635.5	1164.5	0.143967182778	0.542170600458	135	135
86.0	91.0	78.0	135.0	159.0	154.0	12	0.0702754542064	0.000977989919854	DLR00012709-2009-07-05_09-30-40	0.114244414574	8	103	1777.5	1157.5	0.118818977228	0.511641536576	135	135
85.0	91.0	78.0	140.0	165.0	161.0	13	0.0531727849113	0.00109097815855	DLR00012709-2009-07-05_09-30-40	0.13734829687	8	103	1903.5	1164.5	0.141971137251	0.538281208376	135	135
85.0	90.0	77.0	136.0	160.0	155.0	14	0.0680377217753	0.00101333228248	DLR00012709-2009-07-05_09-30-40	0.117364551275	8	103	2047.5	1164.5	0.122224737702	0.506739836965	135	135
85.0	91.0	77.0	139.0	165.0	161.0	15	0.0571154563376	0.00110694009634	DLR00012709-2009-07-05_09-30-40	0.15249944943	8	103	2182.5	1164.5	0.156029301146	0.58410144387	135	135
86.0	91.0	76.0	137.0	160.0	155.0	16	0.0713410410784	0.00103686386066	DLR00012709-2009-07-05_09-30-40	0.122046074452	8	103	2317.5	1164.5	0.125548611501	0.510043156268	135	135
86.0	91.0	77.0	141.0	166.0	161.0	17	0.0589269540199	0.00113322570503	DLR00012709-2009-07-05_09-30-40	0.157568320647	8	103	2452.5	1164.5	0.1597460156	0.584900634024	135	135
86.0	91.0	76.0	138.0	161.0	156.0	18	0.0631360221642	0.00107186195378	DLR00012709-2009-07-05_09-30-40	0.131871210853	8	103	2591.5	1163.5	0.133314997685	0.518727689275	135	135
87.0	91.0	76.0	141.0	164.0	160.0	19	0.0550375619372	0.00113657647357	DLR00012709-2009-07-05_09-30-40	0.15538093012	8	103	2721.5	1168.5	0.156207658397	0.571580798125	135	135
87.0	90.0	75.0	139.0	161.0	155.0	20	0.0629761841334	0.00109072298045	DLR00012709-2009-07-05_09-30-40	0.126183244277	8	103	2866.5	1164.5	0.127033594458	0.491182268634	135	135
87.0	90.0	75.0	142.0	165.0	160.0	21	0.0542916511269	0.0011726714515	DLR00012709-2009-07-05_09-30-40	0.156185869188	8	103	2996.5	1164.5	0.156406780062	0.552400234429	135	135
86.0	88.0	74.0	140.0	161.0	156.0	22	0.0589802333635	0.00116617625239	DLR00012709-2009-07-05_09-30-40	0.14935966081	8	103	3137.5	1155.5	0.148700389637	0.532686877298	135	135
84.0	87.0	73.0	141.0	165.0	161.0	23	0.0557834727476	0.00127027921039	DLR00012709-2009-07-05_09-30-40	0.181501934359	8	103	3269.5	1164.5	0.180418925257	0.593212211626	135	135
84.0	87.0	74.0	142.0	164.0	160.0	24	0.0586072779583	0.00129838651634	DLR00012709-2009-07-05_09-30-40	0.208334236353	8	103	3408.5	1164.5	0.20725412814	0.667536895945	135	135
90.0	93.0	80.0	143.0	166.0	163.0	1	0.0453940007459	0.00115863559146	DLR00012709-2009-07-05_09-30-40	0.193814642958	9	103	278.5	1304.5	0.191511256894	0.681922318717	135	135
90.0	94.0	80.0	144.0	167.0	164.0	2	0.0443816932175	0.00113326564937	DLR00012709-2009-07-05_09-30-40	0.156032390661	9	103	409.5	1304.5	0.153791679291	0.565720070329	135	135
90.0	94.0	80.0	145.0	168.0	165.0	3	0.0486440407054	0.00111731029067	DLR00012709-2009-07-05_09-30-40	0.160898666907	9	103	541.5	1301.5	0.159638937903	0.593372049656	135	135
91.0	95.0	80.0	144.0	166.0	162.0	4	0.0488571580798	0.00105138432088	DLR00012709-2009-07-05_09-30-40	0.146256796477	9	103	679.5	1304.5	0.145741501185	0.575896424956	135	135
91.0	95.0	81.0	146.0	170.0	166.0	5	0.047898129895	0.00110758251741	DLR00012709-2009-07-05_09-30-40	0.155696284381	9	103	815.5	1304.5	0.155477778839	0.584314561245	135	135
90.0	95.0	80.0	141.0	164.0	160.0	6	0.056529383558	0.0010327453927	DLR00012709-2009-07-05_09-30-40	0.133046232828	9	103	952.5	1301.5	0.133507683849	0.544088656828	135	135
89.0	94.0	79.0	143.0	169.0	165.0	7	0.0507219351058	0.00110965858999	DLR00012709-2009-07-05_09-30-40	0.14364962995	9	103	1082.5	1304.5	0.145013582711	0.542330438489	135	135
88.0	93.0	79.0	141.0	165.0	161.0	8	0.0513080078853	0.00106175964729	DLR00012709-2009-07-05_09-30-40	0.13848745366	9	103	1233.5	1304.5	0.140406465344	0.551760882306	135	135
87.0	93.0	79.0	142.0	168.0	164.0	9	0.050562097075	0.00111756620967	DLR00012709-2009-07-05_09-30-40	0.151921602753	9	103	1354.5	1300.5	0.153857533918	0.571048004689	135	135
86.0	92.0	78.0	138.0	163.0	158.0	10	0.0535457403165	0.00104158776783	DLR00012709-2009-07-05_09-30-40	0.128868189078	9	103	1497.5	1303.5	0.132710660714	0.530076189461	135	135
86.0	92.0	78.0	141.0	167.0	164.0	11	0.0581810432095	0.00111116481372	DLR00012709-2009-07-05_09-30-40	0.164012284497	9	103	1636.5	1311.5	0.16705030748	0.612392775321	135	135
86.0	91.0	78.0	136.0	159.0	155.0	12	0.0624433906974	0.000991748091677	DLR00012709-2009-07-05_09-30-40	0.112522950744	9	103	1771.5	1304.5	0.117652860948	0.495284778092	135	135
85.0	91.0	77.0	141.0	168.0	164.0	13	0.0588736746763	0.00112847747418	DLR00012709-2009-07-05_09-30-40	0.158826469393	9	103	1906.5	1310.5	0.163169088558	0.59742127977	135	135
84.0	90.0	76.0	138.0	162.0	158.0	14	0.0691565879908	0.00105760488274	DLR00012709-2009-07-05_09-30-40	0.127269867904	9	103	2039.5	1306.5	0.132727183248	0.526346635409	135	135
84.0	90.0	76.0	140.0	167.0	163.0	15	0.0588736746763	0.00115441267431	DLR00012709-2009-07-05_09-30-40	0.164995751535	9	103	2180.5	1304.5	0.168203689234	0.596888486334	135	135
85.0	90.0	75.0	136.0	160.0	155.0	16	0.0572220150248	0.00105788728547	DLR00012709-2009-07-05_09-30-40	0.118058577859	9	103	2317.5	1297.5	0.122439737618	0.4856412169	135	135
85.0	90.0	76.0	140.0	165.0	160.0	17	0.0533326229421	0.00112869591201	DLR00012709-2009-07-05_09-30-40	0.147755663815	9	103	2465.5	1304.5	0.15039571515	0.551121530183	135	135
86.0	90.0	76.0	138.0	162.0	156.0	18	0.0727263040119	0.00109432754087	DLR00012709-2009-07-05_09-30-40	0.132663820979	9	103	2591.5	1295.5	0.134500277219	0.522830198732	135	135
87.0	91.0	76.0	142.0	167.0	162.0	19	0.0594064681123	0.00118383637951	DLR00012709-2009-07-05_09-30-40	0.164956034227	9	103	2725.5	1304.5	0.165253981644	0.579892375726	135	135
87.0	90.0	75.0	139.0	161.0	155.0	20	0.0626565080718	0.00109803844102	DLR00012709-2009-07-05_09-30-40	0.137176887772	9	103	2866.5	1304.5	0.138000425306	0.526026959348	135	135
86.0	90.0	75.0	142.0	165.0	160.0	21	0.0641483296926	0.00118213992272	DLR00012709-2009-07-05_09-30-40	0.156468750436	9	103	2992.5	1304.5	0.156493981371	0.551441206244	135	135
85.0	88.0	73.0	137.0	157.0	152.0	22	0.0783739144334	0.00110455077121	DLR00012709-2009-07-05_09-30-40	0.132515013447	9	103	3143.5	1294.5	0.132076615757	0.505194736001	135	135
84.0	87.0	75.0	141.0	165.0	161.0	23	0.0569556183068	0.00127343558319	DLR00012709-2009-07-05_09-30-40	0.191277883317	9	103	3271.5	1304.5	0.189297310702	0.616388726091	135	135
84.0	88.0	75.0	142.0	165.0	161.0	24	0.0656934306569	0.00130966409193	DLR00012709-2009-07-05_09-30-40	0.207492498938	9	103	3412.5	1304.5	0.20626430188	0.663434386488	135	135
90.0	93.0	80.0	144.0	166.0	163.0	1	0.0406521391656	0.00113724602473	DLR00012709-2009-07-05_09-30-40	0.203340645574	10	103	265.5	1431.5	0.20206388755	0.729660610581	135	135
90.0	94.0	79.0	141.0	162.0	157.0	2	0.0490702754542	0.00104144471001	DLR00012709-2009-07-05_09-30-40	0.11771793561	10	103	409.5	1438.5	0.115758936717	0.471255794129	135	135
91.0	94.0	80.0	146.0	170.0	166.0	3	0.0473653364591	0.001142677533	DLR00012709-2009-07-05_09-30-40	0.160183759133	10	103	544.5	1446.5	0.159175901125	0.57610954233	135	135
91.0	95.0	80.0	142.0	164.0	159.0	4	0.0549842825936	0.00101992792686	DLR00012709-2009-07-05_09-30-40	0.113564599379	10	103	678.5	1431.5	0.11275017427	0.465714742394	135	135
90.0	95.0	81.0	147.0	171.0	167.0	5	0.0507752144494	0.00112491648382	DLR00012709-2009-07-05_09-30-40	0.154188014591	10	103	820.5	1433.5	0.154132748219	0.565400394267	135	135
90.0	95.0	80.0	141.0	165.0	160.0	6	0.0539186957217	0.00103829562257	DLR00012709-2009-07-05_09-30-40	0.129738577736	10	103	961.5	1439.5	0.130181132922	0.524481858384	135	135
88.0	94.0	79.0	144.0	169.0	165.0	7	0.050295700357	0.00111774948357	DLR00012709-2009-07-05_09-30-40	0.15403477423	10	103	1093.5	1442.5	0.155205552078	0.573498854494	135	135
88.0	93.0	79.0	138.0	161.0	156.0	8	0.0535990196601	0.0010105267236	DLR00012709-2009-07-05_09-30-40	0.115882784526	10	103	1226.5	1438.5	0.118083365449	0.488518301455	135	135
87.0	92.0	78.0	141.0	167.0	163.0	9	0.0553039586552	0.00110575434964	DLR00012709-2009-07-05_09-30-40	0.148046443838	10	103	1355.5	1432.5	0.150344101174	0.563748734616	135	135
86.0	92.0	77.0	136.0	161.0	156.0	10	0.0530129468805	0.00101705816011	DLR00012709-2009-07-05_09-30-40	0.123671682648	10	103	1503.5	1431.5	0.127715824973	0.52517448985	135	135
86.0	92.0	77.0	139.0	165.0	161.0	11	0.0534924609729	0.00107082280132	DLR00012709-2009-07-05_09-30-40	0.140642081965	10	103	1642.5	1438.5	0.144101895028	0.555916671107	135	135
85.0	91.0	77.0	138.0	162.0	157.0	12	0.0629761841334	0.0010357137577	DLR00012709-2009-07-05_09-30-40	0.12304331804	10	103	1771.5	1438.5	0.128016619001	0.514412062443	135	135
85.0	90.0	77.0	140.0	166.0	162.0	13	0.0569556183068	0.00110982732488	DLR00012709-2009-07-05_09-30-40	0.14428109417	10	103	1904.5	1438.5	0.148870205788	0.557408492727	135	135
85.0	90.0	76.0	136.0	160.0	155.0	14	0.0650540785338	0.00102985659334	DLR00012709-2009-07-05_09-30-40	0.123010508648	10	103	2046.5	1439.5	0.12727731368	0.522617081358	135	135
84.0	89.0	76.0	139.0	165.0	161.0	15	0.0579679258352	0.00113213427308	DLR00012709-2009-07-05_09-30-40	0.156864143666	10	103	2184.5	1438.5	0.16026384987	0.583621929778	135	135
85.0	89.0	75.0	136.0	160.0	155.0	16	0.0683573978369	0.00107120505048	DLR00012709-2009-07-05_09-30-40	0.125796623848	10	103	2319.5	1438.5	0.129413040291	0.508338217273	135	135
85.0	90.0	76.0	141.0	166.0	162.0	17	0.0602589376099	0.0011636203079	DLR00012709-2009-07-05_09-30-40	0.164562430765	10	103	2462.5	1428.5	0.166853893004	0.591720390005	135	135
86.0	90.0	75.0	137.0	159.0	153.0	18	0.0774681655922	0.00105955103865	DLR00012709-2009-07-05_09-30-40	0.119164344666	10	103	2591.5	1438.5	0.121366219674	0.489424050296	135	135
86.0	90.0	75.0	141.0	164.0	159.0	19	0.0629229047898	0.00115320207537	DLR00012709-2009-07-05_09-30-40	0.155861921198	10	103	2721.5	1438.5	0.156766896922	0.563802013959	135	135
87.0	89.0	75.0	136.0	157.0	150.0	20	0.0689434706164	0.00104980369478	DLR00012709-2009-07-05_09-30-40	0.118518128574	10	103	2866.5	1435.5	0.118998797991	0.476210773083	135	135
86.0	89.0	75.0	142.0	165.0	161.0	21	0.0585007192711	0.00120358388007	DLR00012709-2009-07-05_09-30-40	0.163162752317	10	103	3003.5	1438.5	0.162859284362	0.565933187703	135	135
85.0	88.0	74.0	139.0	161.0	156.0	22	0.0659598273749	0.00116887366687	DLR00012709-2009-07-05_09-30-40	0.153888375855	10	103	3136.5	1430.5	0.153434448975	0.549736267249	135	135
83.0	87.0	74.0	142.0	165.0	161.0	23	0.0571154563376	0.00128191647462	DLR00012709-2009-07-05_09-30-40	0.191269005908	10	103	3274.5	1438.5	0.189554981581	0.61548297725	135	135
84.0	87.0	75.0	141.0	164.0	160.0	24	0.0588203953327	0.0012985207379	DLR00012709-2009-07-05_09-30-40	0.202971546022	10	103	3414.5	1438.5	0.202286719797	0.65102029943	135	135
90.0	93.0	81.0	144.0	166.0	163.0	1	0.0347381320262	0.0011594412613	DLR00012709-2009-07-05_09-30-40	0.197357130631	11	103	272.5	1578.5	0.195539446887	0.695774948053	135	135
90.0	94.0	81.0	144.0	167.0	163.0	2	0.0537588576909	0.00112240919121	DLR00012709-2009-07-05_09-30-40	0.15904164444	11	103	409.5	1577.5	0.155921125716	0.588470350045	135	135
90.0	95.0	82.0	148.0	172.0	169.0	3	0.0473120571155	0.00117624103205	DLR00012709-2009-07-05_09-30-40	0.177447894782	11	103	539.5	1580.5	0.175321792787	0.616601843465	135	135
91.0	96.0	81.0	143.0	165.0	161.0	4	0.0491768341414	0.0010505931874	DLR00012709-2009-07-05_09-30-40	0.136745718144	11	103	678.5	1578.5	0.135267320223	0.53924023656	135	135
91.0	95.0	81.0	146.0	171.0	167.0	5	0.0483243646438	0.00112628358354	DLR00012709-2009-07-05_09-30-40	0.16658032614	11	103	815.5	1578.5	0.165957109123	0.608023869146	135	135
90.0	95.0	79.0	140.0	163.0	158.0	6	0.0529596675369	0.0010137994797	DLR00012709-2009-07-05_09-30-40	0.130649755527	11	103	954.5	1576.5	0.130840562033	0.535990196601	135	135
89.0	94.0	80.0	144.0	170.0	166.0	7	0.0515211252597	0.00113591491025	DLR00012709-2009-07-05_09-30-40	0.156551166795	11	103	1090.5	1574.5	0.156722672322	0.57328573712	135	135
88.0	93.0	79.0	139.0	162.0	158.0	8	0.0590867920507	0.00104382905694	DLR00012709-2009-07-05_09-30-40	0.130769606256	11	103	1226.5	1580.5	0.131924049724	0.533379508764	135	135
87.0	92.0	78.0	143.0	168.0	165.0	9	0.0551441206244	0.00114518691738	DLR00012709-2009-07-05_09-30-40	0.166457770532	11	103	1366.5	1586.5	0.167677401667	0.608023869146	135	135
86.0	92.0	77.0	138.0	162.0	158.0	10	0.0579146464916	0.00106303020025	DLR00012709-2009-07-05_09-30-40	0.12310125226	11	103	1497.5	1578.5	0.125881096584	0.496030688902	135	135
86.0	91.0	77.0	139.0	165.0	161.0	11	0.055463796686	0.00110181650421	DLR00012709-2009-07-05_09-30-40	0.146642026388	11	103	1639.5	1571.5	0.14958796117	0.561830678246	135	135
85.0	90.0	76.0	138.0	163.0	159.0	12	0.0579679258352	0.001074590245	DLR00012709-2009-07-05_09-30-40	0.125988949586	11	103	1771.5	1569.5	0.130562321702	0.51036283233	135	135
85.0	90.0	77.0	141.0	167.0	164.0	13	0.0568490596196	0.00115008469494	DLR00012709-2009-07-05_09-30-40	0.162927495328	11	103	1908.5	1570.5	0.166328698049	0.595076988651	135	135
85.0	90.0	76.0	135.0	159.0	154.0	14	0.0636688156002	0.00103480465772	DLR00012709-2009-07-05_09-30-40	0.122157581031	11	103	2046.5	1578.5	0.126112231457	0.515850604721	135	135
84.0	89.0	75.0	139.0	165.0	161.0	15	0.0573818530556	0.00115294906921	DLR00012709-2009-07-05_09-30-40	0.155486034821	11	103	2178.5	1578.5	0.158383902738	0.567851244073	135	135
84.0	89.0	74.0	135.0	158.0	152.0	16	0.0694229847088	0.00104715110538	DLR00012709-2009-07-05_09-30-40	0.123052553171	11	103	2320.5	1575.5	0.126439829113	0.506579998934	135	135
85.0	89.0	76.0	139.0	164.0	160.0	17	0.0580212051788	0.00114898609375	DLR00012709-2009-07-05_09-30-40	0.155315468007	11	103	2458.5	1578.5	0.157124748116	0.568170920134	135	135
85.0	89.0	75.0	138.0	161.0	156.0	18	0.0647876818158	0.00110677786973	DLR00012709-2009-07-05_09-30-40	0.137617518997	11	103	2591.5	1573.5	0.139860789681	0.531035217646	135	135
86.0	89.0	75.0	141.0	165.0	160.0	19	0.0641483296926	0.00117678363774	DLR00012709-2009-07-05_09-30-40	0.163802832758	11	103	2724.5	1578.5	0.164331813132	0.579306302946	135	135
86.0	89.0	74.0	138.0	159.0	154.0	20	0.0696893814268	0.00110338072292	DLR00012709-2009-07-05_09-30-40	0.126902424831	11	103	2866.5	1578.5	0.127465541526	0.492940486973	135	135
86.0	89.0	75.0	141.0	163.0	159.0	21	0.0649475198466	0.00119569910647	DLR00012709-2009-07-05_09-30-40	0.160612633399	11	103	2994.5	1578.5	0.15941095423	0.557035537322	135	135
85.0	88.0	74.0	137.0	157.0	153.0	22	0.0729927007299	0.00112244959071	DLR00012709-2009-07-05_09-30-40	0.144138307034	11	103	3137.5	1571.5	0.142976018577	0.540998454899	135	135
83.0	86.0	73.0	141.0	164.0	160.0	23	0.0628163461026	0.00128710592509	DLR00012709-2009-07-05_09-30-40	0.189820919036	11	103	3272.5	1578.5	0.188544589245	0.615216580532	135	135
83.0	86.0	73.0	141.0	163.0	160.0	24	0.0598859822047	0.00131354409279	DLR00012709-2009-07-05_09-30-40	0.211614489701	11	103	3405.5	1568.5	0.210128460546	0.669668069689	135	135
90.0	94.0	82.0	143.0	166.0	163.0	1	0.0399062283553	0.00117312741018	DLR00012709-2009-07-05_09-30-40	0.205568223118	12	103	269.5	1711.5	0.203415312476	0.717193244179	135	135
90.0	94.0	81.0	142.0	163.0	159.0	2	0.0575416910864	0.00108562859697	DLR00012709-2009-07-05_09-30-40	0.146385550648	12	103	409.5	1704.5	0.143105948422	0.558420800256	135	135
90.0	95.0	81.0	146.0	170.0	166.0	3	0.0466727049923	0.00115750010554	DLR00012709-2009-07-05_09-30-40	0.163684002253	12	103	544.5	1711.5	0.161387573728	0.577867760669	135	135
91.0	95.0	81.0	142.0	163.0	158.0	4	0.0688369119292	0.0010289632951	DLR00012709-2009-07-05_09-30-40	0.126402493187	12	103	680.5	1711.5	0.123807859036	0.510309552986	135	135
91.0	95.0	81.0	146.0	170.0	166.0	5	0.0526932708189	0.00113047902712	DLR00012709-2009-07-05_09-30-40	0.160875880755	12	103	815.5	1704.5	0.159225915612	0.589482657574	135	135
90.0	95.0	79.0	139.0	161.0	156.0	6	0.0467792636795	0.00100690256985	DLR00012709-2009-07-05_09-30-40	0.123217798065	12	103	952.5	1709.5	0.123094067299	0.50977675955	135	135
89.0	94.0	79.0	143.0	168.0	164.0	7	0.0486440407054	0.0011280996698	DLR00012709-2009-07-05_09-30-40	0.15656478811	12	103	1086.5	1712.5	0.156443120799	0.576002983643	135	135
88.0	93.0	78.0	139.0	162.0	158.0	8	0.0629761841334	0.0010537485617	DLR00012709-2009-07-05_09-30-40	0.12368729432	12	103	1222.5	1711.5	0.12434962898	0.495071660717	135	135
87.0	92.0	78.0	142.0	167.0	164.0	9	0.0493366721722	0.0011363361592	DLR00012709-2009-07-05_09-30-40	0.152309068032	12	103	1363.5	1711.5	0.153395362464	0.556502743886	135	135
86.0	91.0	77.0	135.0	157.0	152.0	10	0.0676647663701	0.000990975296199	DLR00012709-2009-07-05_09-30-40	0.110752796047	12	103	1497.5	1711.5	0.112880052831	0.475145186211	135	135
86.0	91.0	77.0	141.0	167.0	163.0	11	0.0573818530556	0.00115950340877	DLR00012709-2009-07-05_09-30-40	0.155753790247	12	103	1634.5	1705.5	0.158025081004	0.564281528052	135	135
85.0	90.0	76.0	137.0	161.0	157.0	12	0.0607917310459	0.00106807406937	DLR00012709-2009-07-05_09-30-40	0.109668590591	12	103	1771.5	1705.5	0.113802596315	0.449144866535	135	135
84.0	90.0	76.0	138.0	163.0	159.0	13	0.0580744845224	0.00110614431211	DLR00012709-2009-07-05_09-30-40	0.145377269769	12	103	1904.5	1715.5	0.148562542767	0.556502743886	135	135
84.0	89.0	75.0	136.0	160.0	155.0	14	0.0643081677234	0.00107833500738	DLR00012709-2009-07-05_09-30-40	0.128331957037	12	103	2046.5	1711.5	0.132294583713	0.513666151633	135	135
84.0	89.0	75.0	139.0	165.0	161.0	15	0.0606318930151	0.00116661220398	DLR00012709-2009-07-05_09-30-40	0.157993754401	12	103	2184.5	1711.5	0.160071503014	0.568916830945	135	135
84.0	89.0	74.0	136.0	159.0	155.0	16	0.0675582076829	0.00109173955649	DLR00012709-2009-07-05_09-30-40	0.124865521768	12	103	2317.5	1711.5	0.127552665464	0.494485587938	135	135
84.0	89.0	75.0	140.0	165.0	161.0	17	0.068730353242	0.00118195451466	DLR00012709-2009-07-05_09-30-40	0.168934212997	12	103	2464.5	1710.5	0.170120782254	0.595076988651	135	135
85.0	89.0	74.0	137.0	160.0	155.0	18	0.0622835526666	0.00110300668052	DLR00012709-2009-07-05_09-30-40	0.136314973225	12	103	2591.5	1711.5	0.138290298219	0.527678618999	135	135
85.0	88.0	73.0	141.0	165.0	161.0	19	0.0581810432095	0.00119250199314	DLR00012709-2009-07-05_09-30-40	0.153285772991	12	103	2722.5	1711.5	0.154984492496	0.535936917257	135	135
85.0	88.0	74.0	138.0	159.0	154.0	20	0.0675049283393	0.00112322550698	DLR00012709-2009-07-05_09-30-40	0.124689827867	12	103	2866.5	1715.5	0.125223955361	0.468698385636	135	135
85.0	88.0	74.0	142.0	164.0	160.0	21	0.0612179657947	0.00123355629848	DLR00012709-2009-07-05_09-30-40	0.173618763397	12	103	2999.5	1711.5	0.172439315171	0.5780275987	135	135
84.0	87.0	74.0	137.0	158.0	153.0	22	0.0745910810379	0.0011470961958	DLR00012709-2009-07-05_09-30-40	0.137555176031	12	103	3137.5	1703.5	0.135962131909	0.503916031754	135	135
82.0	85.0	72.0	139.0	161.0	158.0	23	0.0581277638659	0.00126059287253	DLR00012709-2009-07-05_09-30-40	0.177617354151	12	103	3272.5	1711.5	0.176565894795	0.583568650434	135	135
83.0	85.0	73.0	140.0	163.0	159.0	24	0.0556236347168	0.00132378781584	DLR00012709-2009-07-05_09-30-40	0.21116615937	12	103	3405.5	1703.5	0.209203886881	0.660770419308	135	135
90.0	93.0	82.0	144.0	167.0	163.0	1	0.0375086578933	0.00118476218061	DLR00012709-2009-07-05_09-30-40	0.204667673496	13	103	275.5	1858.5	0.201706775561	0.705258671213	135	135
90.0	94.0	81.0	143.0	166.0	162.0	2	0.0498694656082	0.00113826523973	DLR00012709-2009-07-05_09-30-40	0.155128888846	13	103	409.5	1847.5	0.150772546582	0.560072459907	135	135
90.0	94.0	81.0	147.0	170.0	167.0	3	0.0471522190847	0.00117656533953	DLR00012709-2009-07-05_09-30-40	0.161777545537	13	103	544.5	1850.5	0.158864503467	0.563162661836	135	135
91.0	95.0	81.0	143.0	164.0	160.0	4	0.0526932708189	0.00106657030866	DLR00012709-2009-07-05_09-30-40	0.127869067925	13	103	678.5	1853.5	0.125283397033	0.494432308594	135	135
91.0	95.0	80.0	146.0	169.0	165.0	5	0.0530129468805	0.00112895419782	DLR00012709-2009-07-05_09-30-40	0.154671686983	13	103	815.5	1850.5	0.153195163197	0.565720070329	135	135
90.0	95.0	80.0	142.0	164.0	159.0	6	0.0597261441739	0.00105387556857	DLR00012709-2009-07-05_09-30-40	0.132214751444	13	103	949.5	1850.5	0.130776731595	0.523789226917	135	135
89.0	94.0	79.0	143.0	168.0	165.0	7	0.0507752144494	0.00112866566635	DLR00012709-2009-07-05_09-30-40	0.161143079267	13	103	1081.5	1846.5	0.160805278437	0.587298204486	135	135
88.0	93.0	78.0	137.0	160.0	155.0	8	0.0591400713943	0.00101626346951	DLR00012709-2009-07-05_09-30-40	0.121321159569	13	103	1226.5	1850.5	0.121862048257	0.501838137354	135	135
87.0	92.0	77.0	142.0	167.0	164.0	9	0.0533859022857	0.00114555180528	DLR00012709-2009-07-05_09-30-40	0.162727969101	13	103	1367.5	1851.5	0.163799657077	0.588790026107	135	135
86.0	91.0	77.0	138.0	161.0	157.0	10	0.0632425808514	0.00106462063089	DLR00012709-2009-07-05_09-30-40	0.138032534477	13	103	1494.5	1845.5	0.139350371879	0.54797804891	135	135
85.0	90.0	77.0	141.0	167.0	163.0	11	0.0593531887687	0.00116012111091	DLR00012709-2009-07-05_09-30-40	0.162117893505	13	103	1638.5	1850.5	0.163633407224	0.579998934413	135	135
85.0	90.0	76.0	136.0	159.0	154.0	12	0.0672918109649	0.00105113047465	DLR00012709-2009-07-05_09-30-40	0.122449851846	13	103	1771.5	1850.5	0.124969427798	0.500079919015	135	135
84.0	89.0	75.0	140.0	166.0	162.0	13	0.0553039586552	0.00117551796189	DLR00012709-2009-07-05_09-30-40	0.159173874388	13	103	1908.5	1850.5	0.161426651998	0.568011082103	135	135
84.0	89.0	75.0	136.0	159.0	154.0	14	0.0725664659811	0.00107330041645	DLR00012709-2009-07-05_09-30-40	0.125251108467	13	103	2046.5	1845.5	0.128031142117	0.500719271139	135	135
84.0	89.0	75.0	140.0	165.0	161.0	15	0.0638819329746	0.0011946769335	DLR00012709-2009-07-05_09-30-40	0.161803949005	13	103	2184.5	1843.5	0.163000389776	0.569716021099	135	135
84.0	88.0	74.0	136.0	160.0	155.0	16	0.0770419308434	0.00111330567338	DLR00012709-2009-07-05_09-30-40	0.118696461873	13	103	2317.5	1841.5	0.120687270747	0.460013852629	135	135
84.0	88.0	74.0	139.0	164.0	159.0	17	0.0637753742874	0.00117496452616	DLR00012709-2009-07-05_09-30-40	0.154395489158	13	103	2458.5	1850.5	0.155203397439	0.55181416165	135	135
85.0	88.0	74.0	138.0	162.0	157.0	18	0.0793329426181	0.00114773529272	DLR00012709-2009-07-05_09-30-40	0.1529503677	13	103	2582.5	1850.5	0.153185710484	0.561670840215	135	135
85.0	88.0	74.0	142.0	165.0	161.0	19	0.0608450103895	0.00120859379797	DLR00012709-2009-07-05_09-30-40	0.159991386327	13	103	2729.5	1850.5	0.160508497549	0.551014971496	135	135
85.0	88.0	73.0	137.0	159.0	154.0	20	0.0678246044009	0.00113571930316	DLR00012709-2009-07-05_09-30-40	0.140950411295	13	103	2866.5	1841.5	0.141013010202	0.519260482711	135	135
84.0	87.0	74.0	143.0	165.0	162.0	21	0.0644147264106	0.00126946981714	DLR00012709-2009-07-05_09-30-40	0.178765689972	13	103	2998.5	1850.5	0.177385993426	0.585699824178	135	135
83.0	86.0	73.0	136.0	157.0	153.0	22	0.0607384517023	0.00116226435264	DLR00012709-2009-07-05_09-30-40	0.145259778889	13	103	3137.5	1846.5	0.144724469263	0.51835473387	135	135
82.0	86.0	75.0	140.0	163.0	160.0	23	0.0633491395386	0.0013182375393	DLR00012709-2009-07-05_09-30-40	0.204534517389	13	103	3274.5	1848.5	0.201833816301	0.637274228782	135	135
83.0	86.0	75.0	140.0	162.0	159.0	24	0.0610581277639	0.0013413194426	DLR00012709-2009-07-05_09-30-40	0.222656739734	13	103	3409.5	1856.5	0.219995864905	0.689274868134	135	135
90.0	93.0	82.0	144.0	167.0	163.0	1	0.0448612073099	0.00120211496343	DLR00012709-2009-07-05_09-30-40	0.204054386807	14	103	277.5	1985.5	0.200622358101	0.701529117161	135	135
90.0	94.0	81.0	142.0	164.0	160.0	2	0.0628163461026	0.00112398895566	DLR00012709-2009-07-05_09-30-40	0.142829685828	14	103	409.5	1985.5	0.137319864296	0.523203154137	135	135
90.0	95.0	82.0	147.0	171.0	168.0	3	0.0509350524802	0.00120028839397	DLR00012709-2009-07-05_09-30-40	0.172794254728	14	103	540.5	1985.5	0.168307054501	0.583462091747	135	135
91.0	95.0	81.0	143.0	164.0	160.0	4	0.0651073578774	0.00106617705513	DLR00012709-2009-07-05_09-30-40	0.129040070867	14	103	678.5	1980.5	0.125759387392	0.496723320369	135	135
91.0	95.0	81.0	146.0	169.0	166.0	5	0.049762906921	0.00114047374632	DLR00012709-2009-07-05_09-30-40	0.162820232575	14	103	814.5	1985.5	0.160127688846	0.586179338271	135	135
90.0	95.0	81.0	139.0	160.0	155.0	6	0.0655868719697	0.00100502799715	DLR00012709-2009-07-05_09-30-40	0.130619885572	14	103	952.5	1985.5	0.128035463663	0.538281208376	135	135
90.0	94.0	80.0	144.0	169.0	165.0	7	0.0530662262241	0.00114055776929	DLR00012709-2009-07-05_09-30-40	0.158560793639	14	103	1082.5	1989.5	0.157118954324	0.572539826309	135	135
88.0	93.0	78.0	139.0	162.0	157.0	8	0.0698492194576	0.00105027027242	DLR00012709-2009-07-05_09-30-40	0.121836208111	14	103	1226.5	1978.5	0.122069571835	0.496616761681	135	135
87.0	92.0	77.0	143.0	168.0	164.0	9	0.0545047685013	0.0011690906673	DLR00012709-2009-07-05_09-30-40	0.155543479095	14	103	1362.5	1985.5	0.155724969101	0.551281368214	135	135
86.0	91.0	76.0	137.0	160.0	155.0	10	0.0732058181043	0.00106996135972	DLR00012709-2009-07-05_09-30-40	0.131791712561	14	103	1498.5	1985.5	0.132315516333	0.521498215142	135	135
86.0	90.0	76.0	140.0	165.0	161.0	11	0.0606851723587	0.00116055057778	DLR00012709-2009-07-05_09-30-40	0.156862933549	14	103	1633.5	1985.5	0.157498102786	0.564814321488	135	135
85.0	89.0	76.0	138.0	162.0	157.0	12	0.0763492993766	0.00111727800099	DLR00012709-2009-07-05_09-30-40	0.128917905218	14	103	1771.5	1980.5	0.130231121623	0.497682348553	135	135
84.0	89.0	75.0	141.0	166.0	162.0	13	0.0645212850978	0.00119071685461	DLR00012709-2009-07-05_09-30-40	0.149159785875	14	103	1906.5	1985.5	0.150688641545	0.530395865523	135	135
85.0	88.0	75.0	137.0	159.0	154.0	14	0.0918535883638	0.00110783048319	DLR00012709-2009-07-05_09-30-40	0.133125373358	14	103	2039.5	1977.5	0.134287840845	0.511481698545	135	135
84.0	88.0	74.0	138.0	163.0	159.0	15	0.0745910810379	0.00116471971731	DLR00012709-2009-07-05_09-30-40	0.145870134853	14	103	2184.5	1993.5	0.14666379807	0.524162182322	135	135
84.0	88.0	74.0	137.0	159.0	154.0	16	0.0840215248548	0.00113104365344	DLR00012709-2009-07-05_09-30-40	0.127248442357	14	103	2317.5	1980.5	0.127422444351	0.479620651074	135	135
85.0	88.0	74.0	140.0	165.0	161.0	17	0.0608982897331	0.00122314511219	DLR00012709-2009-07-05_09-30-40	0.163320820481	14	103	2466.5	1985.5	0.16348230075	0.554691246204	135	135
85.0	88.0	73.0	136.0	158.0	153.0	18	0.0926527785178	0.00110700702293	DLR00012709-2009-07-05_09-30-40	0.13340574884	14	103	2591.5	1985.5	0.133676183198	0.510096435612	135	135
85.0	88.0	73.0	140.0	162.0	157.0	19	0.0780542383718	0.00117522515488	DLR00012709-2009-07-05_09-30-40	0.140846600537	14	103	2725.5	1985.5	0.141662060566	0.5143587831	135	135
85.0	87.0	73.0	136.0	157.0	152.0	20	0.0846075976344	0.00112287266662	DLR00012709-2009-07-05_09-30-40	0.118923004202	14	103	2866.5	1983.5	0.119124365126	0.450423570782	135	135
84.0	87.0	74.0	141.0	163.0	159.0	21	0.061697479887	0.00123413839495	DLR00012709-2009-07-05_09-30-40	0.164560280823	14	103	3004.5	1985.5	0.163754047222	0.552293675742	135	135
83.0	86.0	73.0	134.0	154.0	149.0	22	0.0894027385583	0.00113624546652	DLR00012709-2009-07-05_09-30-40	0.139648930218	14	103	3137.5	1985.5	0.138233622168	0.518621130588	135	135
81.0	84.0	71.0	139.0	161.0	158.0	23	0.0620704352922	0.00131654590382	DLR00012709-2009-07-05_09-30-40	0.185100001931	14	103	3268.5	1985.5	0.183335475307	0.582822739624	135	135
82.0	85.0	74.0	138.0	160.0	157.0	24	0.0607384517023	0.00132640748416	DLR00012709-2009-07-05_09-30-40	0.202467932063	14	103	3412.5	1985.5	0.200971169704	0.640311151367	135	135
90.0	92.0	81.0	142.0	163.0	159.0	1	0.0367094677394	0.00117385940802	DLR00012709-2009-07-05_09-30-40	0.20163918658	15	103	269.5	2127.5	0.198462930277	0.703607011562	135	135
91.0	94.0	82.0	142.0	162.0	158.0	2	0.0651073578774	0.00112374502584	DLR00012709-2009-07-05_09-30-40	0.1591676022	15	103	409.5	2124.5	0.153475200431	0.580744845224	135	135
92.0	95.0	84.0	146.0	168.0	165.0	3	0.0515744046033	0.00115914284852	DLR00012709-2009-07-05_09-30-40	0.173984944829	15	103	544.5	2122.5	0.169210220508	0.607437796366	135	135
93.0	96.0	83.0	142.0	161.0	156.0	4	0.048697320049	0.0010200868599	DLR00012709-2009-07-05_09-30-40	0.141637666145	15	103	675.5	2123.5	0.137323982331	0.572220150248	135	135
93.0	95.0	81.0	145.0	167.0	164.0	5	0.0529063881933	0.0011201185661	DLR00012709-2009-07-05_09-30-40	0.161354682158	15	103	815.5	2129.5	0.158791941699	0.591081037882	135	135
92.0	94.0	81.0	142.0	163.0	157.0	6	0.0579679258352	0.00105279283413	DLR00012709-2009-07-05_09-30-40	0.136690417721	15	103	952.5	2124.5	0.13420082145	0.535137727103	135	135
91.0	94.0	80.0	144.0	167.0	163.0	7	0.0539186957217	0.00111600828252	DLR00012709-2009-07-05_09-30-40	0.159206528773	15	103	1090.5	2122.5	0.157170089368	0.579412861634	135	135
90.0	93.0	79.0	141.0	162.0	157.0	8	0.0728328626991	0.00107286644894	DLR00012709-2009-07-05_09-30-40	0.133425038504	15	103	1222.5	2122.5	0.131898481426	0.519739996803	135	135
89.0	92.0	77.0	143.0	166.0	162.0	9	0.0567425009324	0.00117524244317	DLR00012709-2009-07-05_09-30-40	0.164896186028	15	103	1366.5	2122.5	0.162821176738	0.567211891949	135	135
87.0	91.0	77.0	140.0	161.0	157.0	10	0.0744312430071	0.0011276295687	DLR00012709-2009-07-05_09-30-40	0.1449149115	15	103	1497.5	2122.5	0.143108185555	0.53716234216	135	135
86.0	90.0	76.0	141.0	164.0	160.0	11	0.0597794235175	0.00118435337612	DLR00012709-2009-07-05_09-30-40	0.163557928136	15	103	1630.5	2122.5	0.162791930074	0.56603974639	135	135
86.0	89.0	75.0	139.0	162.0	157.0	12	0.0678778837445	0.00113970394609	DLR00012709-2009-07-05_09-30-40	0.142902148913	15	103	1771.5	2122.5	0.143711101949	0.533326229421	135	135
86.0	88.0	74.0	140.0	164.0	160.0	13	0.0643081677234	0.00119045137798	DLR00012709-2009-07-05_09-30-40	0.160498826946	15	103	1901.5	2122.5	0.161045924536	0.562576589056	135	135
85.0	88.0	74.0	137.0	158.0	153.0	14	0.0867387713783	0.00112287643198	DLR00012709-2009-07-05_09-30-40	0.136941588815	15	103	2043.5	2122.5	0.137106182795	0.517448985029	135	135
85.0	88.0	74.0	141.0	165.0	161.0	15	0.064095050349	0.00123802294555	DLR00012709-2009-07-05_09-30-40	0.172614813345	15	103	2189.5	2122.5	0.172524122693	0.575097234802	135	135
85.0	88.0	73.0	137.0	158.0	152.0	16	0.0866322126911	0.00112054348818	DLR00012709-2009-07-05_09-30-40	0.132952028602	15	103	2323.5	2122.5	0.132776901168	0.501145505887	135	135
86.0	88.0	73.0	141.0	164.0	160.0	17	0.0600458202355	0.00122048587714	DLR00012709-2009-07-05_09-30-40	0.162494408285	15	103	2458.5	2122.5	0.161878225854	0.548404283659	135	135
87.0	89.0	74.0	137.0	158.0	152.0	18	0.0809846022697	0.00110683950564	DLR00012709-2009-07-05_09-30-40	0.129722252119	15	103	2591.5	2128.5	0.129053042729	0.502157813416	135	135
86.0	88.0	74.0	142.0	163.0	159.0	19	0.0650007991902	0.00119995536014	DLR00012709-2009-07-05_09-30-40	0.162319069699	15	103	2730.5	2125.5	0.162292632998	0.560871650061	135	135
86.0	88.0	74.0	139.0	160.0	155.0	20	0.0658532686877	0.00115254734884	DLR00012709-2009-07-05_09-30-40	0.149636168611	15	103	2871.5	2124.5	0.148586817849	0.541531248335	135	135
86.0	88.0	75.0	143.0	164.0	160.0	21	0.0655868719697	0.00122828218644	DLR00012709-2009-07-05_09-30-40	0.16433284294	15	103	3001.5	2122.5	0.162493804283	0.551334647557	135	135
85.0	87.0	74.0	136.0	156.0	151.0	22	0.0799722947413	0.00114881643835	DLR00012709-2009-07-05_09-30-40	0.147043465965	15	103	3137.5	2122.5	0.144454996563	0.534018860888	135	135
83.0	86.0	75.0	138.0	159.0	155.0	23	0.0644147264106	0.00126051406062	DLR00012709-2009-07-05_09-30-40	0.191208668909	15	103	3264.5	2122.5	0.188428785196	0.623901113538	135	135
84.0	86.0	75.0	139.0	160.0	157.0	24	0.0532793435985	0.00132342405991	DLR00012709-2009-07-05_09-30-40	0.218960730262	15	103	3417.5	2131.5	0.217356182197	0.690819969098	135	135
93.0	95.0	85.0	144.0	164.0	161.0	1	0.0153977303	0.000919755017422	DLR00012709-2009-07-05_09-30-40	0.134212911265	16	103	271.5	2261.5	0.133564171762	0.596675368959	135	135
95.0	98.0	88.0	145.0	163.0	159.0	2	0.0184879322287	0.00083118582637	DLR00012709-2009-07-05_09-30-40	0.117039210934	16	103	409.5	2261.5	0.115877697178	0.554584687517	135	135
97.0	101.0	90.0	148.0	168.0	164.0	3	0.0277585380148	0.000933262944883	DLR00012709-2009-07-05_09-30-40	0.138647681618	16	103	553.5	2261.5	0.138314555297	0.601257392509	135	135
98.0	101.0	90.0	147.0	163.0	159.0	4	0.0302093878203	0.00084575902837	DLR00012709-2009-07-05_09-30-40	0.112935292923	16	103	678.5	2261.5	0.112260483294	0.535617241196	135	135
96.0	100.0	89.0	149.0	168.0	165.0	5	0.0361233949598	0.000979938615732	DLR00012709-2009-07-05_09-30-40	0.130519661386	16	103	815.5	2261.5	0.130277593663	0.541744365709	135	135
95.0	99.0	86.0	144.0	161.0	155.0	6	0.0473653364591	0.000907979033157	DLR00012709-2009-07-05_09-30-40	0.104763505959	16	103	952.5	2261.5	0.104505806322	0.479673930417	135	135
95.0	99.0	87.0	148.0	168.0	165.0	7	0.0423037988172	0.0010580027268	DLR00012709-2009-07-05_09-30-40	0.15306647067	16	103	1089.5	2261.5	0.153163309876	0.596195854867	135	135
94.0	98.0	85.0	144.0	162.0	157.0	8	0.0556769140604	0.000984570353041	DLR00012709-2009-07-05_09-30-40	0.124957026889	16	103	1226.5	2261.5	0.125112139372	0.527145825563	135	135
93.0	96.0	84.0	145.0	165.0	161.0	9	0.0538654163781	0.00109173112555	DLR00012709-2009-07-05_09-30-40	0.151496470033	16	103	1357.5	2263.5	0.152732119992	0.578826788854	135	135
92.0	95.0	83.0	141.0	160.0	154.0	10	0.0701156161756	0.00103613357466	DLR00012709-2009-07-05_09-30-40	0.133699703509	16	103	1497.5	2266.5	0.136051953131	0.545527199105	135	135
91.0	95.0	83.0	144.0	165.0	161.0	11	0.0512014491981	0.00111718581858	DLR00012709-2009-07-05_09-30-40	0.156530079426	16	103	1637.5	2261.5	0.157915261013	0.584580957963	135	135
91.0	95.0	82.0	141.0	160.0	154.0	12	0.057062176994	0.00097365679938	DLR00012709-2009-07-05_09-30-40	0.118646803068	16	103	1766.5	2261.5	0.121324279064	0.5143587831	135	135
93.0	96.0	84.0	143.0	165.0	161.0	13	0.055463796686	0.0011030035017	DLR00012709-2009-07-05_09-30-40	0.146728136208	16	103	1904.5	2265.5	0.151412323613	0.56529383558	135	135
90.0	94.0	81.0	139.0	158.0	152.0	14	0.0583941605839	0.00100178924401	DLR00012709-2009-07-05_09-30-40	0.122183243682	16	103	2046.5	2261.5	0.125826575133	0.517715381746	135	135
91.0	94.0	82.0	142.0	162.0	158.0	15	0.0612712451383	0.00111240193853	DLR00012709-2009-07-05_09-30-40	0.146780891335	16	103	2184.5	2259.5	0.149934870908	0.554105173424	135	135
92.0	95.0	83.0	139.0	159.0	153.0	16	0.0564761042144	0.00102221813658	DLR00012709-2009-07-05_09-30-40	0.126185051648	16	103	2317.5	2261.5	0.129617755683	0.52842452981	135	135
98.0	100.0	88.0	144.0	164.0	160.0	17	0.0357504395546	0.0010438999223	DLR00012709-2009-07-05_09-30-40	0.142510442897	16	103	2463.5	2269.5	0.145356872163	0.582076828813	135	135
94.0	97.0	85.0	140.0	158.0	153.0	18	0.0370291438009	0.000966915606341	DLR00012709-2009-07-05_09-30-40	0.107711874658	16	103	2591.5	2261.5	0.111716236425	0.479727209761	135	135
94.0	97.0	86.0	144.0	164.0	160.0	19	0.0408119771964	0.00102714453907	DLR00012709-2009-07-05_09-30-40	0.137555383433	16	103	2734.5	2261.5	0.139401286836	0.551707602962	135	135
100.0	103.0	91.0	143.0	161.0	156.0	20	0.0444349725611	0.000948242997615	DLR00012709-2009-07-05_09-30-40	0.120746042749	16	103	2866.5	2270.5	0.124500690679	0.55788800682	135	135
102.0	104.0	94.0	145.0	164.0	160.0	21	0.0375086578933	0.00103178570114	DLR00012709-2009-07-05_09-30-40	0.134415005235	16	103	2995.5	2269.5	0.137166726737	0.561351164154	135	135
92.0	94.0	83.0	140.0	158.0	154.0	22	0.033565986467	0.00101067968075	DLR00012709-2009-07-05_09-30-40	0.128822916127	16	103	3137.5	2254.5	0.131952583018	0.534125419575	135	135
100.0	102.0	93.0	141.0	161.0	157.0	23	0.0250412914913	0.00106578103688	DLR00012709-2009-07-05_09-30-40	0.14325241325	16	103	3269.5	2267.5	0.14569734524	0.576429218392	135	135
90.0	91.0	82.0	139.0	159.0	155.0	24	0.0206191059726	0.00104319580115	DLR00012709-2009-07-05_09-30-40	0.153590508594	16	103	3414.5	2251.5	0.155504990047	0.621077308328	135	135
