91.0	90.0	81.0	119.0	128.0	125.0	1	0.0469923810539	0.000192400293382	DLR00012647-2009-07-01_22-21-48	0.00129822581716	1	95	267.5	207.5	0.00404249271438	0.070861526986	135	135
92.0	90.0	78.0	99.0	97.0	85.0	2	0.0118812936225	0.000108194728786	DLR00012647-2009-07-01_22-21-48	0.00258568219112	1	95	402.5	210.5	0.00140819313103	0.0461399115563	135	135
96.0	93.0	80.0	101.0	100.0	86.0	3	0.00868453300655	0.000102528209624	DLR00012647-2009-07-01_22-21-48	0.00277048729756	1	95	545.5	210.5	0.0012326615813	0.0428898715968	135	135
98.0	95.0	81.0	105.0	102.0	89.0	4	0.00959028184773	0.000114764632645	DLR00012647-2009-07-01_22-21-48	0.00309392590076	1	95	668.5	208.5	0.00165156805203	0.0523735947573	135	135
99.0	96.0	80.0	104.0	102.0	88.0	5	0.00255740849273	0.000107212426452	DLR00012647-2009-07-01_22-21-48	0.00263448136161	1	95	816.5	213.5	0.00151496595766	0.0501358623262	135	135
99.0	96.0	80.0	120.0	123.0	113.0	6	0.00660663860621	0.000144022806392	DLR00012647-2009-07-01_22-21-48	0.000578136922181	1	95	948.5	207.5	0.000569370848942	0.0155575683308	135	135
100.0	97.0	80.0	105.0	103.0	86.0	7	0.00575416910864	9.00773539946e-05	DLR00012647-2009-07-01_22-21-48	0.00253475327786	1	95	1075.5	208.5	0.000637955762239	0.0257872023017	135	135
100.0	97.0	81.0	108.0	108.0	93.0	8	0.00245084980553	0.000105828484396	DLR00012647-2009-07-01_22-21-48	0.00297398203365	1	95	1217.5	202.5	0.00108083939066	0.0388939208269	135	135
100.0	97.0	80.0	106.0	104.0	88.0	9	0.00165165965155	0.000101343634761	DLR00012647-2009-07-01_22-21-48	0.00306149353651	1	95	1350.5	206.5	0.0011878462229	0.0433161063456	135	135
99.0	96.0	79.0	104.0	103.0	87.0	10	0.00111886621557	9.3100306116e-05	DLR00012647-2009-07-01_22-21-48	0.00261675850311	1	95	1488.5	207.5	0.000851907930417	0.0328200756567	135	135
98.0	95.0	79.0	111.0	116.0	105.0	11	0.000426234748788	7.15232496195e-05	DLR00012647-2009-07-01_22-21-48	0.000918417671525	1	95	1630.5	207.5	4.65711080271e-05	0.00202461505674	135	135
98.0	96.0	79.0	106.5	107.0	89.0	12	0.0	7.43802787197e-05	DLR00012647-2009-07-01_22-21-48	0.0013011241237	1	95	1771.5	207.5	9.93872072445e-05	0.00490169961106	135	135
99.0	98.0	81.0	105.0	104.0	88.0	13	0.000586072779583	9.19229166825e-05	DLR00012647-2009-07-01_22-21-48	0.00374671901827	1	95	1901.5	201.5	0.00142983979183	0.0547711652192	135	135
98.0	96.0	79.0	104.0	103.0	87.0	14	0.000159838030795	9.48440378626e-05	DLR00012647-2009-07-01_22-21-48	0.00297303504055	1	95	2048.5	207.5	0.000948612923936	0.036762747083	135	135
99.0	97.0	80.0	103.0	102.0	86.0	15	0.000586072779583	9.22501507087e-05	DLR00012647-2009-07-01_22-21-48	0.0032037236384	1	95	2178.5	202.5	0.00107523229726	0.0415578880068	135	135
100.0	98.0	81.0	105.0	104.0	88.0	16	0.000372955405189	9.49145242008e-05	DLR00012647-2009-07-01_22-21-48	0.00334533818729	1	95	2316.5	198.5	0.00102961209521	0.0398529490117	135	135
99.0	96.0	79.0	112.0	116.0	106.0	17	0.0	7.44363393696e-05	DLR00012647-2009-07-01_22-21-48	0.00144745268242	1	95	2454.5	207.5	5.11142747785e-05	0.00261068783633	135	135
99.0	95.0	79.0	112.0	115.0	105.0	18	0.00138526293356	7.6377113962e-05	DLR00012647-2009-07-01_22-21-48	0.00200973925625	1	95	2587.5	207.5	0.000128002225768	0.00479514092386	135	135
98.0	95.0	79.0	111.0	114.0	104.0	19	0.000479514092386	7.50562694889e-05	DLR00012647-2009-07-01_22-21-48	0.00162332708615	1	95	2726.5	207.5	8.48374668094e-05	0.0036229953647	135	135
97.0	94.0	80.0	103.0	101.0	87.0	20	0.000959028184773	9.26556103523e-05	DLR00012647-2009-07-01_22-21-48	0.00339473588213	1	95	2853.5	207.5	0.0011927717255	0.0449144866535	135	135
95.0	93.0	79.0	100.0	99.0	85.0	21	0.00250412914913	0.000100322112778	DLR00012647-2009-07-01_22-21-48	0.00441066354941	1	95	2998.5	203.5	0.00208043547657	0.0711812030476	135	135
92.0	89.0	77.0	98.0	96.0	84.0	22	0.000372955405189	9.87682691034e-05	DLR00012647-2009-07-01_22-21-48	0.00318162961596	1	95	3133.5	207.5	0.00152882427276	0.0545047685013	135	135
89.0	87.0	75.0	95.0	94.0	82.0	23	0.000639352123182	9.7185918285e-05	DLR00012647-2009-07-01_22-21-48	0.00284025772626	1	95	3270.5	204.5	0.00142956628666	0.0537055783473	135	135
87.0	87.0	77.0	108.0	116.0	113.0	24	0.0172625073259	0.000162336493248	DLR00012647-2009-07-01_22-21-48	0.000750453840496	1	95	3411.5	207.5	0.00264986572128	0.0592999094251	135	135
88.0	85.0	73.0	93.0	91.0	79.0	1	0.000479514092386	9.61661733643e-05	DLR00012647-2009-07-01_22-21-48	0.00216113015246	2	95	266.5	343.5	0.00122335270408	0.0458735148383	135	135
90.0	87.0	73.0	96.0	94.0	80.0	2	0.00548777239064	0.000109439079728	DLR00012647-2009-07-01_22-21-48	0.00301282923765	2	95	402.5	343.5	0.0019871043794	0.0654270339389	135	135
93.0	89.0	75.0	99.0	96.0	82.0	3	0.00207789440034	0.000110102223044	DLR00012647-2009-07-01_22-21-48	0.00271131104178	2	95	541.5	343.5	0.00162572146967	0.0528531088497	135	135
95.0	91.0	76.0	100.0	98.0	83.0	4	0.00287708455432	0.00010638160675	DLR00012647-2009-07-01_22-21-48	0.00392427761839	2	95	676.5	337.5	0.00213399884848	0.0712877617348	135	135
95.0	92.0	76.0	101.0	98.0	83.0	5	0.00106558687197	0.000102078443186	DLR00012647-2009-07-01_22-21-48	0.00314916125113	2	95	813.5	343.5	0.0017867396857	0.0637220949438	135	135
95.0	92.0	76.0	101.0	99.0	83.0	6	0.00101230752837	0.000102464497506	DLR00012647-2009-07-01_22-21-48	0.00258269713379	2	95	947.5	343.5	0.00149595716083	0.0525867121317	135	135
95.0	93.0	76.0	101.0	99.0	83.0	7	0.00133198358996	0.00010234726879	DLR00012647-2009-07-01_22-21-48	0.00326460701727	2	95	1077.5	351.5	0.00158280301273	0.0554105173424	135	135
95.0	93.0	76.0	101.0	99.0	83.0	8	0.00170493899515	9.97725628118e-05	DLR00012647-2009-07-01_22-21-48	0.00302243693326	2	95	1214.5	343.5	0.00166842321553	0.0588736746763	135	135
94.0	92.0	75.0	100.0	99.0	82.0	9	0.000745910810379	9.59589303899e-05	DLR00012647-2009-07-01_22-21-48	0.00245023362526	2	95	1360.5	343.5	0.00133403971551	0.0495497895466	135	135
94.0	92.0	75.0	99.0	99.0	82.0	10	0.00069263146678	0.000100808456706	DLR00012647-2009-07-01_22-21-48	0.00339264846031	2	95	1502.5	341.5	0.00203585714662	0.0725664659811	135	135
93.0	91.0	74.0	99.0	97.0	81.0	11	0.000319676061591	9.68100062951e-05	DLR00012647-2009-07-01_22-21-48	0.00232369165107	2	95	1634.5	342.5	0.00141180126864	0.0528531088497	135	135
93.0	92.0	74.0	99.0	99.0	81.0	12	0.00277052586712	0.000105461193067	DLR00012647-2009-07-01_22-21-48	0.00339642198001	2	95	1761.5	350.5	0.00220569648627	0.0742714049763	135	135
94.0	92.0	75.0	99.0	99.0	82.0	13	0.000106558687197	9.70439909603e-05	DLR00012647-2009-07-01_22-21-48	0.00255623653479	2	95	1903.5	343.5	0.00138953137463	0.0519473600085	135	135
94.0	92.0	74.0	99.0	98.0	81.0	14	0.000959028184773	9.92536686762e-05	DLR00012647-2009-07-01_22-21-48	0.00407139360563	2	95	2041.5	341.5	0.00274103734603	0.0983003889392	135	135
94.0	92.0	74.0	99.0	98.0	81.0	15	0.000639352123182	9.7617994819e-05	DLR00012647-2009-07-01_22-21-48	0.00256072836931	2	95	2178.5	343.5	0.00146411762156	0.0540252544089	135	135
94.0	92.0	75.0	99.0	98.0	82.0	16	0.00197133571314	0.000100134206053	DLR00012647-2009-07-01_22-21-48	0.00371055955548	2	95	2317.5	343.5	0.00199555895791	0.0707549682988	135	135
95.0	92.0	74.0	100.0	99.0	82.0	17	0.00426234748788	0.000103394786965	DLR00012647-2009-07-01_22-21-48	0.00306613628653	2	95	2445.5	335.5	0.00178415721097	0.0588736746763	135	135
94.0	92.0	74.0	100.0	98.0	82.0	18	0.00143854227716	0.000104818600075	DLR00012647-2009-07-01_22-21-48	0.00419615864009	2	95	2590.5	337.5	0.00217999106613	0.0741648462891	135	135
94.0	91.0	74.0	100.0	98.0	81.0	19	0.00127870424636	0.000102930351647	DLR00012647-2009-07-01_22-21-48	0.00354014248556	2	95	2720.5	342.5	0.00172269018443	0.0594597474559	135	135
94.0	91.0	74.0	100.0	97.0	82.0	20	0.00218445308754	0.000105715637931	DLR00012647-2009-07-01_22-21-48	0.00415092245622	2	95	2861.5	343.5	0.00254962559319	0.0863125366295	135	135
93.0	89.0	73.0	99.0	96.0	80.0	21	0.00266396717992	0.000111130407043	DLR00012647-2009-07-01_22-21-48	0.00400360142026	2	95	2990.5	343.5	0.00249504959722	0.0807714848953	135	135
90.0	85.0	71.0	96.0	93.0	78.0	22	0.00319676061591	0.000114581184726	DLR00012647-2009-07-01_22-21-48	0.00407290667941	2	95	3133.5	333.5	0.00295087382276	0.0941978794821	135	135
86.0	83.0	69.0	92.0	90.0	76.0	23	0.00618040385742	0.000116012222004	DLR00012647-2009-07-01_22-21-48	0.00480509864482	2	95	3263.5	343.5	0.00361744406498	0.110181682562	135	135
84.0	82.0	70.0	89.0	87.0	76.0	24	0.00191805636955	9.55443489751e-05	DLR00012647-2009-07-01_22-21-48	0.00360952947738	2	95	3403.5	343.5	0.00207915618192	0.0775747242794	135	135
88.0	85.0	72.0	94.0	92.0	80.0	1	0.00197133571314	0.000104260202276	DLR00012647-2009-07-01_22-21-48	0.0011998384304	3	95	269.5	481.5	0.00151143324037	0.0523203154137	135	135
90.0	87.0	73.0	96.0	94.0	81.0	2	0.0069263146678	0.000110835562524	DLR00012647-2009-07-01_22-21-48	0.00119437733139	3	95	403.5	481.5	0.00156996552639	0.0489104374234	135	135
93.0	89.0	74.0	99.0	96.0	82.0	3	0.00255740849273	0.000111271377979	DLR00012647-2009-07-01_22-21-48	0.00212148121305	3	95	547.5	481.5	0.00134753131831	0.0436890617508	135	135
94.0	91.0	75.0	100.0	98.0	83.0	4	0.00372955405189	0.000106860479968	DLR00012647-2009-07-01_22-21-48	0.0022480442284	3	95	670.5	481.5	0.0011376694	0.0367094677394	135	135
94.0	92.0	76.0	101.0	99.0	83.0	5	0.00303692258511	0.000106457523606	DLR00012647-2009-07-01_22-21-48	0.00236210237593	3	95	813.5	481.5	0.00148216220583	0.0480579679258	135	135
94.0	92.0	76.0	100.0	99.0	83.0	6	0.00255740849273	0.000104572398871	DLR00012647-2009-07-01_22-21-48	0.00233671524105	3	95	948.5	481.5	0.00121598056546	0.0409185358836	135	135
94.0	92.0	75.0	100.0	100.0	83.0	7	0.00127870424636	0.000105573361089	DLR00012647-2009-07-01_22-21-48	0.00247531900568	3	95	1075.5	481.5	0.00120321536473	0.040598859822	135	135
94.0	92.0	75.0	100.0	99.0	83.0	8	0.000799190153977	0.000101793506794	DLR00012647-2009-07-01_22-21-48	0.00184395832371	3	95	1222.5	481.5	0.000973229808146	0.0336725451542	135	135
93.0	92.0	75.0	99.0	99.0	83.0	9	0.00229101177473	0.000107632145163	DLR00012647-2009-07-01_22-21-48	0.0016159095271	3	95	1360.5	481.5	0.00102510202965	0.0334061484363	135	135
93.0	92.0	75.0	99.0	99.0	82.0	10	0.000372955405189	0.000104899581021	DLR00012647-2009-07-01_22-21-48	0.0018139985505	3	95	1495.5	481.5	0.000986411649998	0.034098779903	135	135
93.0	91.0	74.0	99.0	98.0	82.0	11	0.00223773243114	0.000100778061852	DLR00012647-2009-07-01_22-21-48	0.00146264668872	3	95	1634.5	478.5	0.00107144797943	0.0370824231445	135	135
93.0	92.0	74.0	99.0	99.0	82.0	12	0.00165165965155	0.000107051884368	DLR00012647-2009-07-01_22-21-48	0.00240209158486	3	95	1771.5	481.5	0.00141975734743	0.0470456603975	135	135
93.0	92.0	74.0	99.0	99.0	82.0	13	0.00181149768235	0.000104328095118	DLR00012647-2009-07-01_22-21-48	0.00276666348903	3	95	1899.5	471.5	0.00142452249161	0.0468858223667	135	135
93.0	91.0	74.0	99.0	98.0	81.0	14	0.00181149768235	9.78309069494e-05	DLR00012647-2009-07-01_22-21-48	0.00157528615625	3	95	2037.5	481.5	0.000977082167923	0.0350578080878	135	135
93.0	91.0	74.0	99.0	98.0	81.0	15	0.00170493899515	0.000105836122047	DLR00012647-2009-07-01_22-21-48	0.00188852353667	3	95	2173.5	481.5	0.00124225519647	0.041131653258	135	135
93.0	91.0	74.0	98.0	98.0	81.0	16	0.00069263146678	9.89171746704e-05	DLR00012647-2009-07-01_22-21-48	0.00160636098575	3	95	2316.5	471.5	0.00114192126611	0.0420374020992	135	135
93.0	91.0	73.0	99.0	98.0	82.0	17	0.00282380521072	0.000107679290748	DLR00012647-2009-07-01_22-21-48	-0.00046493654758	3	95	2451.5	481.5	0.000903349548349	0.028397890138	135	135
92.0	90.0	73.0	99.0	98.0	81.0	18	0.000905748841174	0.000105258526352	DLR00012647-2009-07-01_22-21-48	7.5217851712e-05	3	95	2590.5	481.5	0.00111291586935	0.0379881719857	135	135
93.0	90.0	73.0	99.0	97.0	81.0	19	0.00250412914913	0.000109013551826	DLR00012647-2009-07-01_22-21-48	0.0017707742154	3	95	2726.5	481.5	0.0016467035828	0.0543982098141	135	135
93.0	90.0	73.0	99.0	97.0	81.0	20	0.000639352123182	0.000105680230769	DLR00012647-2009-07-01_22-21-48	0.00206771535619	3	95	2861.5	481.5	0.00141805944572	0.048164526613	135	135
92.0	89.0	72.0	98.0	95.0	79.0	21	0.00191805636955	0.000102672244704	DLR00012647-2009-07-01_22-21-48	0.00179313568617	3	95	2992.5	481.5	0.00123304438607	0.0425169161916	135	135
90.0	86.0	71.0	96.0	93.0	78.0	22	0.00261068783633	0.000112560945248	DLR00012647-2009-07-01_22-21-48	0.00195248752768	3	95	3133.5	481.5	0.00153516322353	0.0488571580798	135	135
87.0	83.0	68.0	93.0	90.0	76.0	23	0.00266396717992	0.000112435412248	DLR00012647-2009-07-01_22-21-48	0.00265562832352	3	95	3273.5	481.5	0.00196145422813	0.0621237146358	135	135
84.0	81.0	68.0	89.0	87.0	74.0	24	0.00229101177473	0.000106468527864	DLR00012647-2009-07-01_22-21-48	0.00274077493506	3	95	3407.5	476.5	0.00178876283727	0.0594064681123	135	135
89.0	86.0	73.0	95.0	92.0	81.0	1	0.00186477702595	0.000108553304898	DLR00012647-2009-07-01_22-21-48	0.00261701788487	4	95	265.5	625.5	0.00192203175891	0.0638819329746	135	135
91.0	88.0	73.0	97.0	95.0	81.0	2	0.00511481698545	0.000110942374502	DLR00012647-2009-07-01_22-21-48	0.00362708772322	4	95	405.5	614.5	0.00251730982033	0.0807182055517	135	135
93.0	90.0	75.0	99.0	96.0	82.0	3	0.00378283339549	0.000105971149462	DLR00012647-2009-07-01_22-21-48	0.00349769690315	4	95	540.5	618.5	0.00201643448708	0.0662262240929	135	135
94.0	91.0	75.0	100.0	98.0	83.0	4	0.00388939208269	0.000105633088805	DLR00012647-2009-07-01_22-21-48	0.00363072733049	4	95	670.5	618.5	0.00238095242008	0.0792263839309	135	135
95.0	92.0	75.0	101.0	99.0	83.0	5	0.00239757046193	0.000104005874716	DLR00012647-2009-07-01_22-21-48	0.00212806601618	4	95	813.5	618.5	0.00118980752884	0.0396931109809	135	135
94.0	92.0	75.0	101.0	99.0	83.0	6	0.0036229953647	0.000106988951008	DLR00012647-2009-07-01_22-21-48	0.0040777632488	4	95	944.5	618.5	0.00249071683939	0.0821034684853	135	135
94.0	92.0	75.0	100.0	99.0	82.0	7	0.00181149768235	0.000102409701163	DLR00012647-2009-07-01_22-21-48	0.00324313335046	4	95	1079.5	623.5	0.00171786867576	0.0596728648303	135	135
93.0	92.0	76.0	99.0	99.0	83.0	8	0.00149182162076	0.000101386313701	DLR00012647-2009-07-01_22-21-48	0.00396873891294	4	95	1224.5	623.5	0.00231673904599	0.0812509989877	135	135
93.0	92.0	75.0	99.0	99.0	82.0	9	0.00127870424636	0.000101558828877	DLR00012647-2009-07-01_22-21-48	0.00204835874271	4	95	1356.5	613.5	0.00114909956935	0.0409718152272	135	135
92.0	92.0	75.0	99.0	99.0	83.0	10	0.00106558687197	0.000104593498721	DLR00012647-2009-07-01_22-21-48	0.0031678376302	4	95	1485.5	618.5	0.00225380327153	0.0775214449358	135	135
92.0	91.0	74.0	98.0	98.0	82.0	11	0.00133198358996	9.7880169792e-05	DLR00012647-2009-07-01_22-21-48	0.00174532821294	4	95	1631.5	618.5	0.00123870992477	0.0449677659971	135	135
93.0	92.0	75.0	98.0	98.0	81.0	12	0.0033565986467	0.000100350491497	DLR00012647-2009-07-01_22-21-48	0.00410093256281	4	95	1771.5	622.5	0.00200714866372	0.0701156161756	135	135
93.0	92.0	74.0	98.0	98.0	82.0	13	0.000372955405189	0.0001052073172	DLR00012647-2009-07-01_22-21-48	0.0054509862125	4	95	1900.5	618.5	0.00292346018013	0.100005327934	135	135
93.0	91.0	74.0	98.0	98.0	81.0	14	0.00154510096436	0.00010538801535	DLR00012647-2009-07-01_22-21-48	0.00334106027069	4	95	2041.5	618.5	0.00218931559919	0.0745910810379	135	135
93.0	91.0	74.0	99.0	98.0	81.0	15	0.00378283339549	0.000101702058767	DLR00012647-2009-07-01_22-21-48	0.00263801388765	4	95	2173.5	613.5	0.00177784730187	0.0603122169535	135	135
92.0	91.0	73.0	98.0	97.0	81.0	16	0.00106558687197	9.39938904073e-05	DLR00012647-2009-07-01_22-21-48	0.0017287526299	4	95	2322.5	618.5	0.00146211864451	0.0551441206244	135	135
92.0	91.0	74.0	98.0	98.0	81.0	17	0.000639352123182	9.93636267766e-05	DLR00012647-2009-07-01_22-21-48	0.0013950356003	4	95	2453.5	618.5	0.00153079268916	0.0549842825936	135	135
93.0	91.0	74.0	98.0	97.0	81.0	18	0.00133198358996	0.00010546570211	DLR00012647-2009-07-01_22-21-48	0.00329650927443	4	95	2591.5	617.5	0.00230693555624	0.0800788534285	135	135
93.0	90.0	73.0	99.0	97.0	80.0	19	0.00149182162076	9.96596146216e-05	DLR00012647-2009-07-01_22-21-48	0.00268335002183	4	95	2718.5	618.5	0.00210779879242	0.0752837125047	135	135
93.0	90.0	73.0	99.0	97.0	81.0	20	0.000586072779583	0.000104090048978	DLR00012647-2009-07-01_22-21-48	0.00379418863365	4	95	2861.5	620.5	0.00300612171041	0.102775853801	135	135
93.0	89.0	72.0	99.0	96.0	80.0	21	0.00229101177473	0.000111645642536	DLR00012647-2009-07-01_22-21-48	0.0033215703669	4	95	2992.5	613.5	0.00266652796997	0.0870051680963	135	135
91.0	87.0	70.0	97.0	94.0	78.0	22	0.00511481698545	0.000115482910137	DLR00012647-2009-07-01_22-21-48	0.00453327430775	4	95	3133.5	618.5	0.00321986362713	0.0991528584368	135	135
87.0	83.0	68.0	93.0	90.0	76.0	23	0.00676647663701	0.000120128842711	DLR00012647-2009-07-01_22-21-48	0.00394697637202	4	95	3273.5	618.5	0.0032605627484	0.0993126964676	135	135
84.0	81.0	67.0	89.0	87.0	74.0	24	0.00426234748788	0.000113119668881	DLR00012647-2009-07-01_22-21-48	0.00437614525391	4	95	3406.5	618.5	0.00360884643193	0.113538281208	135	135
90.0	86.0	73.0	95.0	92.0	80.0	1	0.000532793435985	0.000101648970538	DLR00012647-2009-07-01_22-21-48	0.00229453822897	5	95	266.5	755.5	0.00125556617662	0.0442218551867	135	135
92.0	88.0	74.0	97.0	95.0	81.0	2	0.00282380521072	0.000109905321897	DLR00012647-2009-07-01_22-21-48	0.00325605500323	5	95	405.5	757.5	0.00182769133822	0.0589802333635	135	135
93.0	90.0	75.0	99.0	96.5	82.0	3	0.00319676061591	0.000103615940511	DLR00012647-2009-07-01_22-21-48	0.00281794658885	5	95	533.5	757.5	0.00152050537469	0.0506153764186	135	135
94.0	91.0	75.0	100.0	98.0	83.0	4	0.00175821833875	0.00010641789992	DLR00012647-2009-07-01_22-21-48	0.00139844988522	5	95	671.5	752.5	0.00102729935115	0.0343118972774	135	135
95.0	92.0	75.0	101.0	98.0	82.0	5	0.00069263146678	0.000100260946329	DLR00012647-2009-07-01_22-21-48	0.00232087613841	5	95	813.5	757.5	0.00100973094031	0.0361233949598	135	135
95.0	92.0	75.0	100.0	98.0	82.0	6	0.000586072779583	9.87132634482e-05	DLR00012647-2009-07-01_22-21-48	0.00239222856536	5	95	948.5	757.5	0.000911524697755	0.0331397517183	135	135
94.0	92.0	75.0	100.0	99.0	82.0	7	0.000639352123182	0.000103440456212	DLR00012647-2009-07-01_22-21-48	0.0025800958092	5	95	1085.5	757.5	0.00131077799237	0.0459267941819	135	135
93.0	92.0	75.0	99.0	99.0	82.0	8	0.000426234748788	0.000101758552073	DLR00012647-2009-07-01_22-21-48	0.00278181522511	5	95	1224.5	747.5	0.00130425434282	0.0466727049923	135	135
93.0	92.0	76.0	99.0	99.0	83.0	9	0.000159838030795	9.66134248306e-05	DLR00012647-2009-07-01_22-21-48	0.00238732013973	5	95	1360.5	757.5	0.000860430197447	0.0320741648463	135	135
92.0	92.0	75.0	98.0	98.0	82.0	10	0.000159838030795	9.65352778375e-05	DLR00012647-2009-07-01_22-21-48	0.00196648141079	5	95	1495.5	757.5	0.000997776176465	0.0371357024881	135	135
92.0	91.0	75.0	98.0	98.0	81.0	11	0.00122542490277	9.97618785856e-05	DLR00012647-2009-07-01_22-21-48	0.00149853476124	5	95	1628.5	756.5	0.000866834589763	0.0305290638819	135	135
92.0	91.0	74.0	98.0	98.0	81.0	12	0.00181149768235	0.000105756542829	DLR00012647-2009-07-01_22-21-48	0.00184854486983	5	95	1766.5	750.5	0.000998153778097	0.034098779903	135	135
92.0	91.0	74.0	98.0	98.0	82.0	13	0.00298364324152	0.000108996138164	DLR00012647-2009-07-01_22-21-48	0.00284904279972	5	95	1903.5	757.5	0.00164599734522	0.0524801534445	135	135
92.0	91.0	74.0	98.0	98.0	81.0	14	0.00463530289307	0.000102468527503	DLR00012647-2009-07-01_22-21-48	0.00120267407077	5	95	2041.5	757.5	0.00116373458289	0.0348446907134	135	135
92.0	91.0	74.0	98.0	97.0	81.0	15	0.00122542490277	9.97688818414e-05	DLR00012647-2009-07-01_22-21-48	0.00158732703449	5	95	2178.5	757.5	0.00102906798044	0.0365496297086	135	135
92.0	91.0	74.0	98.0	97.0	81.0	16	0.00106558687197	0.000100410744187	DLR00012647-2009-07-01_22-21-48	0.00201804533404	5	95	2313.5	757.5	0.00119723036703	0.0432095476584	135	135
93.0	91.0	74.0	99.0	98.0	81.0	17	0.00223773243114	0.000107173798942	DLR00012647-2009-07-01_22-21-48	0.00305011345965	5	95	2453.5	763.5	0.0016289376992	0.0533326229421	135	135
93.0	91.0	73.0	99.0	98.0	81.0	18	0.00399595076989	0.00010735923138	DLR00012647-2009-07-01_22-21-48	0.0045987147339	5	95	2590.5	754.5	0.00245186162646	0.0655335926261	135	135
94.0	91.0	73.0	100.0	98.0	81.0	19	0.00863125366295	0.000117443495113	DLR00012647-2009-07-01_22-21-48	0.0049633424528	5	95	2721.5	749.5	0.0032616162979	0.0823165858597	135	135
94.0	90.0	72.0	99.0	97.0	80.0	20	0.00186477702595	0.000106904105357	DLR00012647-2009-07-01_22-21-48	0.00394314484505	5	95	2853.5	757.5	0.00225232885558	0.0755501092227	135	135
92.0	88.0	71.0	98.0	95.0	79.0	21	0.00239757046193	0.00010554221626	DLR00012647-2009-07-01_22-21-48	0.00267331934309	5	95	2998.5	757.5	0.00137368501766	0.0462464702435	135	135
91.0	86.0	70.0	96.0	93.0	77.0	22	0.00282380521072	0.000109734465624	DLR00012647-2009-07-01_22-21-48	0.00322099775728	5	95	3124.5	757.5	0.00203342088958	0.0665459001545	135	135
87.0	83.0	68.0	93.0	90.0	75.0	23	0.00133198358996	0.00010400827982	DLR00012647-2009-07-01_22-21-48	0.00189887136252	5	95	3265.5	757.5	0.00140793350988	0.0487505993926	135	135
84.0	81.0	67.0	89.0	87.0	74.0	24	0.00154510096436	0.000107759420882	DLR00012647-2009-07-01_22-21-48	0.00221355611227	5	95	3408.5	759.5	0.00208689078372	0.0694229847088	135	135
90.0	86.0	72.0	94.0	93.0	81.0	1	0.00101230752837	8.95906347214e-05	DLR00012647-2009-07-01_22-21-48	0.000202584209527	6	95	267.5	893.5	6.46354198775e-05	0.00165165965155	135	135
92.0	88.0	73.0	98.0	95.0	81.0	2	0.00468858223667	0.000114013023206	DLR00012647-2009-07-01_22-21-48	0.00543427108435	6	95	403.5	891.5	0.00364765432685	0.114497309393	135	135
94.0	90.0	74.0	99.0	96.0	82.0	3	0.0034631573339	0.00010516404543	DLR00012647-2009-07-01_22-21-48	0.00442898355543	6	95	538.5	893.5	0.00222516802954	0.0747509190687	135	135
95.0	92.0	75.0	100.0	98.0	82.0	4	0.00330331930311	0.000104536457851	DLR00012647-2009-07-01_22-21-48	0.00458874249435	6	95	676.5	888.5	0.00229592199957	0.077628003623	135	135
95.0	92.0	75.0	101.0	98.0	82.0	5	0.000959028184773	0.000103125033883	DLR00012647-2009-07-01_22-21-48	0.00391941568528	6	95	816.5	898.5	0.00178824043618	0.062230273323	135	135
94.0	92.0	74.0	101.0	99.0	82.0	6	0.00133198358996	0.000105264351519	DLR00012647-2009-07-01_22-21-48	0.000974189497946	6	95	948.5	893.5	6.97063164698e-05	0.00202461505674	135	135
94.0	92.0	75.0	100.0	99.0	82.0	7	0.000372955405189	0.000103303230169	DLR00012647-2009-07-01_22-21-48	0.00345200164091	6	95	1086.5	891.5	0.00155702839915	0.0545047685013	135	135
93.0	92.0	75.0	99.0	98.0	82.0	8	0.00111886621557	0.000100615893546	DLR00012647-2009-07-01_22-21-48	0.00312791858661	6	95	1224.5	895.5	0.00172872932085	0.0597261441739	135	135
93.0	92.0	75.0	98.0	98.0	82.0	9	0.00165165965155	9.66670320587e-05	DLR00012647-2009-07-01_22-21-48	0.00230756121721	6	95	1360.5	883.5	0.0012754784871	0.0472587777719	135	135
92.0	91.0	75.0	97.0	97.0	82.0	10	0.000639352123182	9.18412548376e-05	DLR00012647-2009-07-01_22-21-48	0.00276924561145	6	95	1499.5	893.5	0.00125780609648	0.047631733177	135	135
91.0	90.0	74.0	96.0	96.0	81.0	11	0.000319676061591	8.3221191287e-05	DLR00012647-2009-07-01_22-21-48	0.000346675661592	6	95	1643.5	891.5	4.02913614763e-05	0.00159838030795	135	135
91.0	90.0	74.0	97.0	98.0	86.0	12	0.00159838030795	0.000129820408076	DLR00012647-2009-07-01_22-21-48	-8.1247507068e-05	6	95	1771.5	893.5	0.000150758001244	0.0036762747083	135	135
91.0	90.0	74.0	97.0	97.0	81.0	13	0.000372955405189	0.000101180502046	DLR00012647-2009-07-01_22-21-48	0.00231782027876	6	95	1902.5	889.5	0.00136129864848	0.0486440407054	135	135
92.0	90.0	74.0	97.0	96.5	80.0	14	0.00117214555917	9.76497562185e-05	DLR00012647-2009-07-01_22-21-48	0.00337080548552	6	95	2041.5	887.5	0.00208428133267	0.075763226597	135	135
92.0	90.0	74.0	97.0	97.0	81.0	15	0.00138526293356	0.000103905681991	DLR00012647-2009-07-01_22-21-48	0.00366034166828	6	95	2178.5	893.5	0.00236656451318	0.0814641163621	135	135
92.0	91.0	74.0	98.0	97.0	81.0	16	0.000586072779583	0.00010068325746	DLR00012647-2009-07-01_22-21-48	0.00321868151779	6	95	2316.5	893.5	0.00191236970718	0.0678778837445	135	135
93.0	91.0	73.0	126.0	128.0	117.0	17	0.0157174063616	0.000284257572358	DLR00012647-2009-07-01_22-21-48	-3.94615038234e-05	6	95	2460.5	893.5	0.00140109861245	0.0147583781768	135	135
93.0	90.0	73.0	114.0	115.0	103.0	18	0.00388939208269	0.000180989899665	DLR00012647-2009-07-01_22-21-48	6.23310778688e-05	6	95	2590.5	893.5	0.000266071334427	0.00527465501625	135	135
93.0	89.0	71.0	99.0	96.0	79.0	19	0.000799190153977	0.000108545279196	DLR00012647-2009-07-01_22-21-48	-0.000460762632334	6	95	2726.5	894.5	3.65184324057e-05	0.00101230752837	135	135
93.0	89.0	72.0	98.0	96.0	79.0	20	0.00101230752837	0.000103385080279	DLR00012647-2009-07-01_22-21-48	0.00379111327333	6	95	2861.5	889.5	0.00237639572195	0.0818903511109	135	135
92.0	88.0	71.0	98.0	95.0	78.0	21	0.00202461505674	0.00010583383811	DLR00012647-2009-07-01_22-21-48	0.0040698089324	6	95	2996.5	885.5	0.00260552169886	0.0884969897171	135	135
91.0	86.0	69.0	96.0	93.0	77.0	22	0.00186477702595	0.000110605870421	DLR00012647-2009-07-01_22-21-48	0.00445297343911	6	95	3126.5	893.5	0.00298681592754	0.0977143161596	135	135
87.0	84.0	68.0	93.0	90.0	75.0	23	0.00271724652352	0.000109892601924	DLR00012647-2009-07-01_22-21-48	0.00411168265895	6	95	3269.5	889.5	0.00297061668869	0.0976077574724	135	135
84.0	81.0	66.0	89.0	89.5	75.0	24	0.00111886621557	0.000126876861962	DLR00012647-2009-07-01_22-21-48	-0.000807654016366	6	95	3411.5	893.5	9.16067804216e-05	0.00245084980553	135	135
91.0	87.0	73.0	97.0	93.0	79.0	1	0.000852469497576	0.000106631090749	DLR00012647-2009-07-01_22-21-48	0.00328586038834	7	95	272.5	1029.5	0.0019405662767	0.0660663860621	135	135
93.0	89.0	73.0	98.0	95.0	81.0	2	0.00394267142629	0.000106099201951	DLR00012647-2009-07-01_22-21-48	0.00370864778802	7	95	410.5	1029.5	0.00175936850743	0.0579679258352	135	135
94.0	90.0	74.0	100.0	97.0	81.0	3	0.00426234748788	0.000109219741047	DLR00012647-2009-07-01_22-21-48	0.00410982455355	7	95	548.5	1025.5	0.00180220073887	0.0580212051788	135	135
95.0	91.0	74.0	101.0	98.0	82.0	4	0.00319676061591	0.000107358453317	DLR00012647-2009-07-01_22-21-48	0.00343029082694	7	95	676.5	1028.5	0.0015273239116	0.050295700357	135	135
95.0	92.0	75.0	101.0	98.0	82.0	5	0.00186477702595	0.00010807873965	DLR00012647-2009-07-01_22-21-48	0.00364085911084	7	95	822.5	1029.5	0.0014308219107	0.0474718951463	135	135
94.0	92.0	75.0	100.0	98.0	82.0	6	0.00165165965155	0.000107773120725	DLR00012647-2009-07-01_22-21-48	0.00410190013202	7	95	952.5	1024.5	0.00158962740276	0.0521071980393	135	135
94.0	92.0	74.0	99.0	98.0	81.0	7	0.00133198358996	9.83190168413e-05	DLR00012647-2009-07-01_22-21-48	0.00227890216378	7	95	1081.5	1029.5	0.000878767481102	0.0312749746923	135	135
93.0	91.0	75.0	98.0	98.0	82.0	8	0.00127870424636	0.000103460473246	DLR00012647-2009-07-01_22-21-48	0.00248164636044	7	95	1219.5	1029.5	0.00137001954889	0.0467792636795	135	135
92.0	91.0	75.0	98.0	98.0	81.0	9	0.000372955405189	0.000100828568599	DLR00012647-2009-07-01_22-21-48	0.00177653034369	7	95	1360.5	1029.5	0.00106640341419	0.0379881719857	135	135
91.0	91.0	75.0	97.0	97.0	82.0	10	0.000799190153977	9.72282544063e-05	DLR00012647-2009-07-01_22-21-48	0.00214044882498	7	95	1485.5	1027.5	0.000932438566212	0.0343118972774	135	135
91.0	90.0	75.0	97.0	97.0	81.0	11	0.000745910810379	9.82056730367e-05	DLR00012647-2009-07-01_22-21-48	0.00237217164554	7	95	1635.5	1024.5	0.000930858502307	0.0327667963131	135	135
91.0	90.0	74.0	96.0	96.0	81.0	12	0.00069263146678	9.96986924644e-05	DLR00012647-2009-07-01_22-21-48	0.00216416939508	7	95	1771.5	1029.5	0.00101739838013	0.0361766743034	135	135
90.0	90.0	74.0	96.5	97.0	81.0	13	0.00522137567265	0.000105923129353	DLR00012647-2009-07-01_22-21-48	0.001803307626	7	95	1895.5	1029.5	0.000882679156294	0.0268527891736	135	135
91.0	90.0	74.0	96.0	96.0	81.0	14	0.00191805636955	9.84398417098e-05	DLR00012647-2009-07-01_22-21-48	0.0014021910413	7	95	2041.5	1032.5	0.000824047121713	0.028930683574	135	135
91.0	90.0	74.0	97.0	96.0	81.0	15	0.000586072779583	9.98535344509e-05	DLR00012647-2009-07-01_22-21-48	0.00208842606496	7	95	2178.5	1032.5	0.000996389268544	0.0352709254622	135	135
92.0	91.0	74.0	98.0	97.0	81.0	16	0.0	9.80324792649e-05	DLR00012647-2009-07-01_22-21-48	0.00202430624607	7	95	2316.5	1029.5	0.0008754974814	0.0327135169695	135	135
92.0	90.0	73.0	98.0	97.0	80.0	17	0.000159838030795	9.83242033931e-05	DLR00012647-2009-07-01_22-21-48	0.001942394454	7	95	2462.5	1029.5	0.00100876492502	0.0369758644573	135	135
92.0	89.0	72.0	97.0	96.0	79.0	18	0.00261068783633	0.000105039130116	DLR00012647-2009-07-01_22-21-48	0.00226272966674	7	95	2590.5	1029.5	0.00153655450835	0.0504555383878	135	135
92.0	89.0	71.0	97.0	95.0	78.0	19	0.00069263146678	9.95886407126e-05	DLR00012647-2009-07-01_22-21-48	0.00175354062961	7	95	2728.5	1029.5	0.000855074851984	0.0299962704459	135	135
92.0	89.0	71.0	98.0	95.0	78.0	20	0.000586072779583	0.000102806359918	DLR00012647-2009-07-01_22-21-48	0.00243136582604	7	95	2861.5	1029.5	0.00135518868742	0.048164526613	135	135
92.0	88.0	70.0	97.0	94.0	78.0	21	0.00143854227716	0.000107740507736	DLR00012647-2009-07-01_22-21-48	0.00361475705936	7	95	2993.5	1029.5	0.00229757910856	0.0767755341254	135	135
90.0	86.0	69.0	96.0	92.0	76.0	22	0.00261068783633	0.000106557085166	DLR00012647-2009-07-01_22-21-48	0.00262140792263	7	95	3133.5	1022.5	0.00171910266192	0.0563162661836	135	135
87.0	83.0	67.0	93.0	90.0	74.0	23	0.00319676061591	0.00010705470111	DLR00012647-2009-07-01_22-21-48	0.0022300138645	7	95	3273.5	1029.5	0.00163750776768	0.0524268741009	135	135
83.0	81.0	66.0	87.0	87.0	71.0	24	0.0	7.11114770879e-05	DLR00012647-2009-07-01_22-21-48	-0.00138235897443	7	95	3411.5	1022.5	9.66137069498e-07	5.32793435985e-05	135	135
92.0	88.0	73.0	97.0	94.0	79.0	1	0.00127870424636	0.00010568847381	DLR00012647-2009-07-01_22-21-48	0.00349598985465	8	95	267.5	1165.5	0.0017804497753	0.0611646864511	135	135
93.0	89.0	73.0	98.0	96.0	81.0	2	0.0104427513453	0.000115215762115	DLR00012647-2009-07-01_22-21-48	0.00554638025111	8	95	403.5	1158.5	0.00341444851751	0.102296339709	135	135
94.0	90.0	74.0	99.0	96.0	81.0	3	0.00266396717992	0.000105715376486	DLR00012647-2009-07-01_22-21-48	0.00406261450253	8	95	545.5	1168.5	0.00176812807815	0.0595663061431	135	135
95.0	91.0	74.0	100.0	98.0	82.0	4	0.00388939208269	0.00010920787545	DLR00012647-2009-07-01_22-21-48	0.00546421095944	8	95	670.5	1165.5	0.00288984433197	0.0939847621077	135	135
95.0	92.0	74.0	100.0	98.0	81.0	5	0.000799190153977	0.00010437720135	DLR00012647-2009-07-01_22-21-48	0.00382564536581	8	95	813.5	1165.5	0.00137575665537	0.0468858223667	135	135
94.0	92.0	74.0	99.0	98.0	81.0	6	0.00266396717992	0.000102600775145	DLR00012647-2009-07-01_22-21-48	0.00552876670501	8	95	948.5	1161.5	0.00279086397585	0.0965954499441	135	135
93.0	91.0	74.0	99.0	98.0	81.0	7	0.000852469497576	0.000100716506613	DLR00012647-2009-07-01_22-21-48	0.00347911991292	8	95	1085.5	1167.5	0.00154348214756	0.0557834727476	135	135
93.0	91.0	74.0	98.0	97.0	81.0	8	0.00133198358996	0.000101167508488	DLR00012647-2009-07-01_22-21-48	0.00417670929868	8	95	1224.5	1167.5	0.00221510339156	0.0773083275614	135	135
92.0	91.0	74.0	98.0	97.0	81.0	9	0.00106558687197	9.6616047281e-05	DLR00012647-2009-07-01_22-21-48	0.00236261236551	8	95	1360.5	1166.5	0.000965152179179	0.0350045287442	135	135
91.0	90.0	74.0	97.0	97.0	81.0	10	0.00181149768235	0.000100643309821	DLR00012647-2009-07-01_22-21-48	0.00318839561312	8	95	1489.5	1165.5	0.00171631128352	0.0612712451383	135	135
91.0	90.0	74.0	97.0	96.0	81.0	11	0.00106558687197	0.00010071605134	DLR00012647-2009-07-01_22-21-48	0.00311570488136	8	95	1629.5	1165.5	0.00161196741269	0.0563695455272	135	135
90.0	90.0	74.0	97.0	96.0	81.0	12	0.00143854227716	0.00010677098905	DLR00012647-2009-07-01_22-21-48	0.00426058427407	8	95	1762.5	1158.5	0.00233060325271	0.0782673557462	135	135
90.0	90.0	74.0	96.0	96.0	80.0	13	0.000799190153977	9.94911044589e-05	DLR00012647-2009-07-01_22-21-48	0.00311121477083	8	95	1903.5	1164.5	0.00145207067727	0.0526399914753	135	135
90.0	90.0	74.0	96.0	96.0	80.0	14	0.000532793435985	9.89489083852e-05	DLR00012647-2009-07-01_22-21-48	0.00354566447886	8	95	2031.5	1161.5	0.00198585002716	0.0725131866375	135	135
91.0	90.0	74.0	96.0	96.0	80.0	15	0.000106558687197	9.67406930364e-05	DLR00012647-2009-07-01_22-21-48	0.00304145343793	8	95	2181.5	1166.5	0.00150696788844	0.0564761042144	135	135
91.0	89.0	73.0	96.0	95.0	79.0	16	0.00069263146678	9.43391878795e-05	DLR00012647-2009-07-01_22-21-48	0.00255087996317	8	95	2316.5	1155.5	0.00147021602591	0.0553039586552	135	135
91.0	89.0	73.0	96.0	95.0	79.0	17	0.000426234748788	9.81202203359e-05	DLR00012647-2009-07-01_22-21-48	0.00364517087841	8	95	2443.5	1162.5	0.00210156857296	0.076029623315	135	135
92.0	89.0	72.0	97.0	95.0	79.0	18	0.00175821833875	0.000102024188803	DLR00012647-2009-07-01_22-21-48	0.0034085440191	8	95	2590.5	1163.5	0.00227489688201	0.0786403111514	135	135
92.0	89.0	71.0	97.0	95.0	78.0	19	0.000106558687197	9.85441761146e-05	DLR00012647-2009-07-01_22-21-48	0.00346439072407	8	95	2726.5	1161.5	0.00188847924009	0.0687836325856	135	135
92.0	88.0	71.0	97.0	95.0	78.0	20	0.00255740849273	0.000100329456298	DLR00012647-2009-07-01_22-21-48	0.00382065112488	8	95	2861.5	1161.5	0.00217821778876	0.0777878416538	135	135
92.0	88.0	70.0	97.0	94.0	78.0	21	0.00468858223667	0.000111020020681	DLR00012647-2009-07-01_22-21-48	0.00479368011258	8	95	2991.5	1158.5	0.00301400637104	0.0969151260056	135	135
90.0	86.0	68.0	96.0	92.0	76.0	22	0.00250412914913	0.000111498616662	DLR00012647-2009-07-01_22-21-48	0.00525819022773	8	95	3133.5	1156.5	0.00365967185763	0.116788321168	135	135
86.0	83.0	67.0	92.0	89.0	74.0	23	0.00239757046193	0.000108828704353	DLR00012647-2009-07-01_22-21-48	0.00428257379445	8	95	3274.5	1161.5	0.00307678159493	0.0998454899036	135	135
83.0	80.0	65.0	90.0	92.0	78.0	24	0.00133198358996	0.0001649198191	DLR00012647-2009-07-01_22-21-48	-0.00147498928375	8	95	3411.5	1165.5	8.48464589967e-05	0.00143854227716	135	135
92.0	88.0	72.0	97.0	94.0	79.0	1	0.00181149768235	0.000104141589534	DLR00012647-2009-07-01_22-21-48	0.00203137853227	9	95	269.5	1302.5	0.0011335889814	0.0389472001705	135	135
93.0	89.0	73.0	98.0	96.0	80.0	2	0.0035164366775	0.000106148076748	DLR00012647-2009-07-01_22-21-48	0.00324999389096	9	95	403.5	1301.5	0.00196211670479	0.0645212850978	135	135
94.0	90.0	73.0	99.0	97.0	81.0	3	0.00426234748788	0.000108997632284	DLR00012647-2009-07-01_22-21-48	0.00350856198377	9	95	544.5	1300.5	0.00181112670263	0.057861367148	135	135
94.0	91.0	74.0	100.0	98.0	81.0	4	0.00250412914913	0.000107705338456	DLR00012647-2009-07-01_22-21-48	0.00393878899623	9	95	666.5	1301.5	0.00178998822454	0.0591400713943	135	135
95.0	92.0	74.0	100.0	98.0	82.0	5	0.00127870424636	0.000103399692319	DLR00012647-2009-07-01_22-21-48	0.00348323318466	9	95	813.5	1301.5	0.00142582516804	0.0483243646438	135	135
94.0	92.0	74.0	99.0	97.0	81.0	6	0.000799190153977	9.66619868116e-05	DLR00012647-2009-07-01_22-21-48	0.00316114890732	9	95	948.5	1301.5	0.000950370443162	0.0353242048058	135	135
93.0	91.0	74.0	99.0	98.0	81.0	7	0.00127870424636	0.000105143809763	DLR00012647-2009-07-01_22-21-48	0.00357892271238	9	95	1083.5	1301.5	0.00167064209643	0.0561031488092	135	135
92.0	91.0	74.0	98.0	97.0	81.0	8	0.000106558687197	9.52308112597e-05	DLR00012647-2009-07-01_22-21-48	0.00202846922497	9	95	1224.5	1301.5	0.000848459117729	0.0319676061591	135	135
92.0	91.0	75.0	98.0	98.0	82.0	9	0.000372955405189	9.5319852611e-05	DLR00012647-2009-07-01_22-21-48	0.00228489953371	9	95	1360.5	1306.5	0.0011854518497	0.0441152964995	135	135
93.0	92.0	76.0	99.0	100.0	86.0	10	0.00213117374394	9.79977913128e-05	DLR00012647-2009-07-01_22-21-48	0.00277707360619	9	95	1495.5	1301.5	0.00152941632386	0.0540785337525	135	135
93.0	93.0	77.0	100.0	102.0	88.0	11	0.00138526293356	9.66133882865e-05	DLR00012647-2009-07-01_22-21-48	0.00289289162477	9	95	1634.5	1301.5	0.00145902345026	0.0534391816293	135	135
93.0	92.0	77.0	99.0	100.0	86.0	12	0.00133198358996	9.24492690485e-05	DLR00012647-2009-07-01_22-21-48	0.0028025841771	9	95	1764.5	1310.5	0.00143741686917	0.0553039586552	135	135
91.0	91.0	75.0	98.0	98.0	83.0	13	0.00133198358996	8.85951574424e-05	DLR00012647-2009-07-01_22-21-48	-0.000519582333184	9	95	1912.5	1301.5	0.000663377536841	0.0263732750813	135	135
92.0	92.0	76.0	98.0	99.0	84.0	14	0.000479514092386	8.92641003966e-05	DLR00012647-2009-07-01_22-21-48	5.47871756871e-05	9	95	2036.5	1301.5	0.000584728530701	0.0225371623422	135	135
92.0	92.0	76.0	99.0	101.0	86.0	15	0.00106558687197	8.77062996965e-05	DLR00012647-2009-07-01_22-21-48	0.00284405655275	9	95	2169.5	1301.5	0.00146176246496	0.0594064681123	135	135
92.0	92.0	76.0	100.0	101.0	87.0	16	0.000852469497576	9.66745141185e-05	DLR00012647-2009-07-01_22-21-48	0.00231238006117	9	95	2307.5	1301.5	0.00111184826661	0.0398529490117	135	135
92.0	91.0	75.0	98.0	98.0	83.0	17	0.000639352123182	9.41960940699e-05	DLR00012647-2009-07-01_22-21-48	0.00300193059872	9	95	2444.5	1301.5	0.00197177616829	0.0735254941659	135	135
93.0	91.0	75.0	99.0	99.0	84.0	18	0.00159838030795	9.46110316273e-05	DLR00012647-2009-07-01_22-21-48	0.00354107068157	9	95	2587.5	1292.5	0.00215894644907	0.0798124567105	135	135
92.0	89.0	72.0	97.0	96.0	79.0	19	0.00175821833875	9.91538537469e-05	DLR00012647-2009-07-01_22-21-48	0.00252103472979	9	95	2721.5	1301.5	0.00164801811016	0.0593531887687	135	135
91.0	88.0	70.0	96.0	94.0	77.0	20	5.32793435985e-05	9.92053702609e-05	DLR00012647-2009-07-01_22-21-48	0.00183936080158	9	95	2861.5	1301.5	0.00110749523016	0.0404923011349	135	135
91.0	87.0	69.0	96.0	94.0	77.0	21	0.00234429111833	0.000108071861124	DLR00012647-2009-07-01_22-21-48	0.00339774743996	9	95	2998.5	1301.5	0.0022504732222	0.0747509190687	135	135
89.0	85.0	68.0	95.0	92.0	76.0	22	0.00165165965155	0.000111095221105	DLR00012647-2009-07-01_22-21-48	0.00303100285452	9	95	3134.5	1302.5	0.00211995367396	0.070062336832	135	135
86.0	82.0	66.0	92.0	89.0	74.0	23	0.00266396717992	0.000106317551033	DLR00012647-2009-07-01_22-21-48	0.00269325801671	9	95	3273.5	1301.5	0.002204960383	0.0725131866375	135	135
83.0	80.0	66.0	88.0	86.0	72.0	24	0.00143854227716	0.000106244878766	DLR00012647-2009-07-01_22-21-48	0.00112208024499	9	95	3414.5	1295.5	0.00146427742039	0.0493366721722	135	135
92.0	88.0	73.0	97.0	94.0	79.0	1	0.00122542490277	0.000101830063356	DLR00012647-2009-07-01_22-21-48	0.00279604349923	10	95	263.5	1444.5	0.00144084747327	0.0501891416698	135	135
92.0	89.0	73.0	98.0	96.0	81.0	2	0.00612712451383	0.000120173294601	DLR00012647-2009-07-01_22-21-48	0.00429215467484	10	95	403.5	1441.5	0.0027788880351	0.0830092173264	135	135
93.0	90.0	73.0	99.0	97.0	81.0	3	0.00511481698545	0.000110184714727	DLR00012647-2009-07-01_22-21-48	0.00390334082074	10	95	537.5	1447.5	0.00213245311469	0.0670786935905	135	135
94.0	91.0	74.0	100.0	98.0	82.0	4	0.00447546486227	0.00011202712684	DLR00012647-2009-07-01_22-21-48	0.00544267065077	10	95	676.5	1440.5	0.00294532408978	0.0927060578614	135	135
94.0	92.0	74.0	100.0	98.0	82.0	5	0.00426234748788	0.000108246725767	DLR00012647-2009-07-01_22-21-48	0.00499557639635	10	95	809.5	1439.5	0.00258973023718	0.0841813628856	135	135
94.0	91.0	74.0	99.0	98.0	81.0	6	0.00143854227716	0.000104411808518	DLR00012647-2009-07-01_22-21-48	0.0043376151178	10	95	948.5	1431.5	0.00208359790611	0.0712344823912	135	135
93.0	91.0	73.0	98.0	97.0	80.0	7	0.000586072779583	9.74248517689e-05	DLR00012647-2009-07-01_22-21-48	0.00273013553505	10	95	1076.5	1436.5	0.00102565481567	0.0381480100165	135	135
92.0	90.0	73.0	97.0	97.0	80.0	8	0.00117214555917	0.00010333292512	DLR00012647-2009-07-01_22-21-48	0.00408554101648	10	95	1224.5	1440.5	0.00210687272969	0.0714475997656	135	135
91.0	90.0	74.0	97.0	96.0	80.0	9	0.000266396717992	0.000102452419284	DLR00012647-2009-07-01_22-21-48	0.00344191093478	10	95	1360.5	1437.5	0.00155553006165	0.0544514891577	135	135
92.0	91.0	75.0	97.0	97.0	81.0	10	0.00197133571314	0.000102015671479	DLR00012647-2009-07-01_22-21-48	0.00457691823773	10	95	1487.5	1435.5	0.00257974437812	0.0904683254302	135	135
92.0	91.0	75.0	98.0	98.0	83.0	11	0.000745910810379	9.97927897901e-05	DLR00012647-2009-07-01_22-21-48	0.00372131892626	10	95	1634.5	1435.5	0.00184624016759	0.0664393414673	135	135
90.0	89.0	73.0	95.0	95.0	80.0	12	0.000799190153977	9.6567735172e-05	DLR00012647-2009-07-01_22-21-48	0.00288698205671	10	95	1771.5	1440.5	0.00165609633628	0.0620704352922	135	135
90.0	89.0	73.0	95.0	95.0	80.0	13	0.000213117374394	9.56098184409e-05	DLR00012647-2009-07-01_22-21-48	0.00237161307611	10	95	1908.5	1435.5	0.00148997259276	0.0556769140604	135	135
89.0	89.0	72.0	93.5	94.0	80.0	14	5.32793435985e-05	9.76629031464e-05	DLR00012647-2009-07-01_22-21-48	0.000391533559493	10	95	2041.5	1448.5	0.000134817795764	0.00500825829826	135	135
89.0	88.0	72.0	95.0	94.0	79.0	15	0.000159838030795	9.29337137174e-05	DLR00012647-2009-07-01_22-21-48	0.000117636821538	10	95	2178.5	1440.5	4.65027245955e-05	0.00175821833875	135	135
90.0	88.0	72.0	95.0	94.0	78.0	16	0.00106558687197	9.83876331462e-05	DLR00012647-2009-07-01_22-21-48	0.0025469209553	10	95	2316.5	1438.5	0.0014923795909	0.0543449304705	135	135
90.0	88.0	71.0	95.0	94.0	78.0	17	0.00154510096436	9.91736936335e-05	DLR00012647-2009-07-01_22-21-48	0.00272396515206	10	95	2453.5	1440.5	0.00175074413046	0.0630827428206	135	135
90.0	88.0	71.0	95.0	94.0	78.0	18	0.00111886621557	0.000100528549645	DLR00012647-2009-07-01_22-21-48	0.00294638157878	10	95	2590.5	1440.5	0.00191372007192	0.0672918109649	135	135
91.0	88.0	71.0	97.0	95.0	78.0	19	0.0034098779903	0.00010610129182	DLR00012647-2009-07-01_22-21-48	0.00421231851044	10	95	2721.5	1436.5	0.00278891156581	0.0933986893281	135	135
91.0	87.0	69.0	99.0	96.0	81.0	20	0.000532793435985	0.000140387620868	DLR00012647-2009-07-01_22-21-48	-0.000650296376711	10	95	2861.5	1442.5	4.01168753181e-05	0.00106558687197	135	135
90.0	87.0	69.0	96.0	93.0	77.0	21	0.00202461505674	0.000108629236238	DLR00012647-2009-07-01_22-21-48	0.00484321188995	10	95	2994.5	1435.5	0.00339591169107	0.111726783526	135	135
89.0	86.0	69.0	95.0	92.0	77.0	22	0.00239757046193	0.000106502517006	DLR00012647-2009-07-01_22-21-48	0.00462365980869	10	95	3133.5	1442.5	0.00326980910302	0.109169375033	135	135
86.0	82.0	67.0	92.0	89.0	74.0	23	0.00415578880068	0.000110691913537	DLR00012647-2009-07-01_22-21-48	0.00439370087623	10	95	3273.5	1434.5	0.00361055166926	0.115136661516	135	135
82.0	80.0	66.0	88.0	86.0	72.0	24	0.00223773243114	0.000110452830992	DLR00012647-2009-07-01_22-21-48	0.00339257171845	10	95	3407.5	1440.5	0.00307818181691	0.100431562683	135	135
91.0	87.0	72.0	97.0	94.0	81.0	1	0.00234429111833	0.000108553761795	DLR00012647-2009-07-01_22-21-48	0.000156878652445	11	95	267.5	1574.5	0.000148973704632	0.0036229953647	135	135
92.0	88.0	73.0	97.0	95.0	80.0	2	0.00207789440034	0.000108612912328	DLR00012647-2009-07-01_22-21-48	0.00302850910558	11	95	406.5	1574.5	0.00174454283925	0.0570088976504	135	135
93.0	90.0	73.0	99.0	97.0	81.0	3	0.00639352123182	0.000114520397717	DLR00012647-2009-07-01_22-21-48	0.00563886588236	11	95	541.5	1574.5	0.00329680645779	0.100005327934	135	135
94.0	91.0	74.0	100.0	97.0	82.0	4	0.00309020192871	0.000109849020675	DLR00012647-2009-07-01_22-21-48	0.00396946303172	11	95	676.5	1574.5	0.00193892467953	0.063562256913	135	135
94.0	91.0	74.0	99.0	98.0	82.0	5	0.00287708455432	0.000107484529225	DLR00012647-2009-07-01_22-21-48	0.00453969605321	11	95	813.5	1574.5	0.00193184580313	0.063828653631	135	135
94.0	91.0	73.0	98.0	97.0	81.0	6	0.000799190153977	9.46230179559e-05	DLR00012647-2009-07-01_22-21-48	0.00172793270472	11	95	948.5	1571.5	9.95369025261e-05	0.00325003995951	135	135
93.0	90.0	73.0	97.0	96.0	80.0	7	0.0	8.30576296609e-05	DLR00012647-2009-07-01_22-21-48	0.00146873078814	11	95	1082.5	1574.5	6.76229230902e-05	0.00282380521072	135	135
92.0	90.0	73.0	97.0	95.0	79.0	8	0.0	8.45654941694e-05	DLR00012647-2009-07-01_22-21-48	0.000820935830052	11	95	1224.5	1574.5	2.54844545283e-05	0.00111886621557	135	135
91.0	89.0	72.0	98.0	95.0	80.0	9	0.000372955405189	9.14923668433e-05	DLR00012647-2009-07-01_22-21-48	8.04152506037e-05	11	95	1355.5	1574.5	1.86847090742e-05	0.000586072779583	135	135
90.0	89.0	73.0	96.0	96.0	80.0	10	0.00404923011349	0.000105444576878	DLR00012647-2009-07-01_22-21-48	0.00310922533898	11	95	1495.5	1574.5	0.00186961496834	0.0612712451383	135	135
90.0	89.0	73.0	95.0	95.0	80.0	11	0.00239757046193	0.000102150589388	DLR00012647-2009-07-01_22-21-48	0.00214743085884	11	95	1625.5	1574.5	0.00113942062411	0.0388406414833	135	135
90.0	89.0	73.0	95.0	95.0	80.0	12	0.00106558687197	0.000100345527321	DLR00012647-2009-07-01_22-21-48	0.00184191193553	11	95	1767.5	1572.5	0.00129395140686	0.0445948105919	135	135
89.0	88.0	72.0	95.0	95.0	79.0	13	0.000532793435985	0.000102932251756	DLR00012647-2009-07-01_22-21-48	0.00151923794338	11	95	1912.5	1574.5	0.00103582964743	0.0355906015238	135	135
89.0	88.0	71.0	94.5	94.0	79.5	14	0.000586072779583	9.55276200396e-05	DLR00012647-2009-07-01_22-21-48	-9.58050503948e-05	11	95	2041.5	1574.5	4.11149075832e-05	0.00127870424636	135	135
89.0	87.0	71.0	94.0	93.0	78.0	15	0.000213117374394	8.01444805519e-05	DLR00012647-2009-07-01_22-21-48	-0.000113873476242	11	95	2178.5	1574.5	4.14388553516e-05	0.00154510096436	135	135
89.0	87.0	71.0	94.0	93.0	78.0	16	0.000319676061591	9.82058414719e-05	DLR00012647-2009-07-01_22-21-48	0.00149542068034	11	95	2316.5	1574.5	0.000989495891899	0.035697160211	135	135
89.0	87.0	70.0	94.0	93.0	77.0	17	0.00133198358996	9.98526522009e-05	DLR00012647-2009-07-01_22-21-48	0.0015540469982	11	95	2454.5	1574.5	0.00105031840635	0.0375086578933	135	135
90.0	87.0	71.0	96.0	94.0	78.0	18	0.000799190153977	0.000100876362725	DLR00012647-2009-07-01_22-21-48	0.00231746506939	11	95	2589.5	1574.5	0.00154001854253	0.0553039586552	135	135
90.0	87.0	69.0	94.0	93.0	77.0	19	0.0	8.94677284387e-05	DLR00012647-2009-07-01_22-21-48	-0.000176669614787	11	95	2726.5	1574.5	9.70355420249e-05	0.00388939208269	135	135
90.0	87.0	69.0	96.0	96.0	81.0	20	0.000266396717992	9.89375764667e-05	DLR00012647-2009-07-01_22-21-48	-0.000622789271852	11	95	2859.5	1574.5	0.000202884203573	0.0070861526986	135	135
90.0	85.0	68.0	94.0	89.0	74.0	21	0.0	7.36413295035e-05	DLR00012647-2009-07-01_22-21-48	-9.82720665237e-05	11	95	2998.5	1574.5	3.21557363124e-06	0.000159838030795	135	135
89.0	85.0	70.0	95.0	93.0	78.0	22	0.000426234748788	9.96404237954e-05	DLR00012647-2009-07-01_22-21-48	0.00236906971827	11	95	3135.5	1574.5	0.00166394209452	0.0605253343279	135	135
85.0	81.0	66.0	90.0	88.0	73.0	23	0.00175821833875	0.000113574773456	DLR00012647-2009-07-01_22-21-48	0.0021121998594	11	95	3273.5	1574.5	0.00218033169875	0.0701156161756	135	135
81.0	79.0	65.0	86.0	84.0	71.0	24	0.00106558687197	0.000102571350781	DLR00012647-2009-07-01_22-21-48	0.000585562667729	11	95	3408.5	1574.5	0.00124086792849	0.0443284138739	135	135
90.0	86.0	72.0	95.0	92.0	78.0	1	5.32793435985e-05	9.124938687e-05	DLR00012647-2009-07-01_22-21-48	-0.000431275573386	12	95	267.5	1715.5	3.90794795686e-05	0.00143854227716	135	135
91.0	87.0	72.0	97.0	95.0	80.0	2	0.00522137567265	0.000116345966704	DLR00012647-2009-07-01_22-21-48	0.0045566876736	12	95	403.5	1710.5	0.00330525576628	0.102722574458	135	135
93.0	89.0	73.0	98.0	95.0	80.0	3	0.0036229953647	0.000104586178329	DLR00012647-2009-07-01_22-21-48	0.00401910460764	12	95	538.5	1713.5	0.00178156412991	0.0589802333635	135	135
94.0	90.0	74.0	99.0	97.0	81.0	4	0.00532793435985	0.000116560812525	DLR00012647-2009-07-01_22-21-48	0.00556765642868	12	95	667.5	1713.5	0.00312456063267	0.0967020086313	135	135
94.0	91.0	73.0	100.0	97.0	81.0	5	0.0035164366775	0.000111013328794	DLR00012647-2009-07-01_22-21-48	0.00391554642397	12	95	808.5	1718.5	0.0019232601134	0.0625499493846	135	135
93.0	91.0	73.0	99.0	97.0	81.0	6	0.00186477702595	0.000102334509188	DLR00012647-2009-07-01_22-21-48	0.00440862780795	12	95	948.5	1711.5	0.00234311620869	0.0810378816133	135	135
92.0	90.0	73.0	98.0	97.0	80.0	7	0.000799190153977	0.000104569781229	DLR00012647-2009-07-01_22-21-48	0.00280267369785	12	95	1081.5	1705.5	0.00153403676348	0.0533326229421	135	135
92.0	89.0	73.0	97.0	96.0	79.0	8	0.00277052586712	0.000100126948858	DLR00012647-2009-07-01_22-21-48	0.00392216102834	12	95	1224.5	1708.5	0.00199727773382	0.0697426607704	135	135
91.0	89.0	73.0	96.0	95.0	79.0	9	0.000799190153977	0.000101494726714	DLR00012647-2009-07-01_22-21-48	0.00299210212441	12	95	1361.5	1715.5	0.00167597267602	0.0596195854867	135	135
90.0	89.0	73.0	96.0	96.0	80.0	10	0.00436890617508	0.00010998539463	DLR00012647-2009-07-01_22-21-48	0.00389953887242	12	95	1504.5	1710.5	0.00236269657853	0.075763226597	135	135
90.0	88.0	72.0	95.0	95.0	79.0	11	0.00106558687197	0.000107035283727	DLR00012647-2009-07-01_22-21-48	0.00338956933733	12	95	1634.5	1707.5	0.00207901488396	0.0700090574884	135	135
89.0	88.0	72.0	95.0	94.0	79.0	12	0.00138526293356	0.000103755022266	DLR00012647-2009-07-01_22-21-48	0.00205988349751	12	95	1768.5	1710.5	0.00168872317077	0.0583941605839	135	135
88.0	87.0	71.0	94.0	94.0	78.0	13	0.000319676061591	9.88585243148e-05	DLR00012647-2009-07-01_22-21-48	0.00142528210372	12	95	1906.5	1704.5	0.00145288525066	0.0532260642549	135	135
88.0	87.0	71.0	94.0	93.0	78.0	14	0.000479514092386	9.74594612131e-05	DLR00012647-2009-07-01_22-21-48	0.00148242614799	12	95	2041.5	1703.5	0.00141346179427	0.0521604773829	135	135
89.0	87.0	71.0	94.0	93.0	77.0	15	0.00122542490277	9.94216683618e-05	DLR00012647-2009-07-01_22-21-48	0.00267470696022	12	95	2175.5	1705.5	0.00175525143452	0.0631893015078	135	135
88.0	87.0	71.0	94.0	93.0	78.0	16	0.000532793435985	0.000102398436735	DLR00012647-2009-07-01_22-21-48	0.00228524156117	12	95	2316.5	1710.5	0.0017496506449	0.0620171559486	135	135
89.0	86.0	70.0	94.0	93.0	77.0	17	0.00186477702595	0.00010199323215	DLR00012647-2009-07-01_22-21-48	0.00236668375064	12	95	2448.5	1710.5	0.00183520378911	0.0641483296926	135	135
90.0	87.0	71.0	95.0	94.0	78.0	18	0.00159838030795	0.000105142570496	DLR00012647-2009-07-01_22-21-48	0.00405752765231	12	95	2590.5	1710.5	0.00275154527946	0.092492940487	135	135
90.0	87.0	70.0	96.0	94.0	78.0	19	0.00106558687197	9.95871163227e-05	DLR00012647-2009-07-01_22-21-48	0.00326084743383	12	95	2724.5	1701.5	0.00204602448352	0.0726730246683	135	135
90.0	86.0	70.0	95.0	92.0	77.0	20	0.00175821833875	0.000103259482864	DLR00012647-2009-07-01_22-21-48	0.0041990388948	12	95	2861.5	1710.5	0.00282555482405	0.0960626565081	135	135
89.0	85.0	69.0	94.0	91.0	76.0	21	0.00154510096436	0.000103045408998	DLR00012647-2009-07-01_22-21-48	0.00246621142143	12	95	2998.5	1706.5	0.00187480831331	0.0654270339389	135	135
88.0	84.0	69.0	94.0	91.0	76.0	22	0.00271724652352	0.00010857257883	DLR00012647-2009-07-01_22-21-48	0.00419685002165	12	95	3133.5	1710.5	0.00328976308798	0.108370184879	135	135
84.0	81.0	67.0	90.0	88.0	74.0	23	0.00500825829826	0.000112359705499	DLR00012647-2009-07-01_22-21-48	0.00451175737363	12	95	3264.5	1710.5	0.00367047007626	0.117747349353	135	135
81.0	78.0	65.0	86.0	84.0	71.0	24	0.00207789440034	0.000108009129628	DLR00012647-2009-07-01_22-21-48	0.00358295472721	12	95	3408.5	1705.5	0.00314185918803	0.102829133145	135	135
90.0	86.0	72.0	95.0	92.0	78.0	1	0.00197133571314	0.000109213382544	DLR00012647-2009-07-01_22-21-48	0.00414400881129	13	95	271.5	1853.5	0.00252361137067	0.0829559379828	135	135
90.0	86.0	72.0	96.0	94.0	80.0	2	0.0108157067505	0.000118813890334	DLR00012647-2009-07-01_22-21-48	0.00475378368868	13	95	403.5	1849.5	0.00337155292257	0.100165165965	135	135
92.0	88.0	73.0	97.0	95.0	80.0	3	0.00735254941659	0.000114106491857	DLR00012647-2009-07-01_22-21-48	0.00555127765819	13	95	541.5	1850.5	0.00310015802227	0.0947306729181	135	135
93.0	90.0	73.0	99.0	96.0	80.0	4	0.00463530289307	0.000107703352786	DLR00012647-2009-07-01_22-21-48	0.00441012629123	13	95	679.5	1850.5	0.00218237173254	0.0709148063296	135	135
93.0	90.0	74.0	99.0	97.0	81.0	5	0.00388939208269	0.000105091524421	DLR00012647-2009-07-01_22-21-48	0.00399136347683	13	95	808.5	1850.5	0.00195390668551	0.064627843785	135	135
93.0	90.0	73.0	98.0	97.0	80.0	6	0.00223773243114	0.000104977079037	DLR00012647-2009-07-01_22-21-48	0.00386529876912	13	95	948.5	1850.5	0.00201560418124	0.0681442804625	135	135
92.0	89.0	73.0	98.0	96.0	80.0	7	0.00165165965155	0.000101603901736	DLR00012647-2009-07-01_22-21-48	0.00195879586672	13	95	1080.5	1850.5	0.00150945676235	0.050562097075	135	135
91.0	89.0	72.0	97.0	96.0	80.0	8	0.00223773243114	0.000107136704366	DLR00012647-2009-07-01_22-21-48	0.00313489499926	13	95	1224.5	1850.5	0.00200661550367	0.0664926208109	135	135
90.0	88.0	72.0	96.0	95.0	79.0	9	0.00282380521072	0.00010337227486	DLR00012647-2009-07-01_22-21-48	0.0028874200079	13	95	1364.5	1850.5	0.00166195091938	0.0550908412808	135	135
90.0	88.0	72.0	95.0	95.0	79.0	10	0.000799190153977	0.000103113152536	DLR00012647-2009-07-01_22-21-48	0.00300200846542	13	95	1495.5	1841.5	0.00164610576064	0.0569023389632	135	135
89.0	88.0	72.0	95.0	94.0	78.0	11	0.000905748841174	0.00010108388236	DLR00012647-2009-07-01_22-21-48	0.0028144447051	13	95	1628.5	1850.5	0.00146015053615	0.0516809632905	135	135
88.0	87.0	71.0	94.0	94.0	78.0	12	0.0034098779903	0.000101143190181	DLR00012647-2009-07-01_22-21-48	0.000693354673096	13	95	1771.5	1855.5	0.000973333624114	0.0321807235335	135	135
88.0	87.0	71.0	94.0	93.0	78.0	13	0.00293036389792	9.57839852247e-05	DLR00012647-2009-07-01_22-21-48	0.000718986092401	13	95	1903.5	1850.5	0.00116189738398	0.0400127870425	135	135
87.0	86.0	71.0	93.0	93.0	78.0	14	0.000479514092386	0.000100534670118	DLR00012647-2009-07-01_22-21-48	0.000319945352415	13	95	2044.5	1840.5	0.00112836792554	0.0394799936065	135	135
87.0	86.0	70.0	93.0	92.0	77.0	15	0.00069263146678	9.55107392472e-05	DLR00012647-2009-07-01_22-21-48	-0.00141890694598	13	95	2184.5	1850.5	0.000842850216624	0.0315946507539	135	135
87.0	85.0	70.0	93.0	92.0	77.0	16	0.000905748841174	9.66971066216e-05	DLR00012647-2009-07-01_22-21-48	-0.000823902662205	13	95	2316.5	1840.5	0.00097279649816	0.0348446907134	135	135
87.0	85.0	69.0	93.0	92.0	77.0	17	0.00154510096436	0.000105411967996	DLR00012647-2009-07-01_22-21-48	0.000359063257776	13	95	2455.5	1850.5	0.00170038853125	0.0585007192711	135	135
89.0	86.0	69.0	95.0	93.0	77.0	18	0.00191805636955	0.000102458906529	DLR00012647-2009-07-01_22-21-48	0.00178075366119	13	95	2589.5	1850.5	0.00174515166848	0.0598327028611	135	135
90.0	87.0	70.0	95.0	93.0	78.0	19	0.00127870424636	0.00010000768625	DLR00012647-2009-07-01_22-21-48	0.00195432459103	13	95	2722.5	1850.5	0.0013676609445	0.0477382918642	135	135
88.0	85.0	69.0	94.0	92.0	77.0	20	0.00245084980553	0.000111477204045	DLR00012647-2009-07-01_22-21-48	0.0014988388402	13	95	2861.5	1840.5	0.00188275592771	0.0612712451383	135	135
88.0	84.0	68.0	93.0	91.0	76.0	21	0.000586072779583	0.000106775467792	DLR00012647-2009-07-01_22-21-48	0.00168807244183	13	95	3007.5	1850.5	0.00165522486307	0.0559433107784	135	135
86.0	82.0	67.0	92.0	89.0	74.0	22	0.00127870424636	0.000102251611285	DLR00012647-2009-07-01_22-21-48	0.00133650581829	13	95	3133.5	1850.5	0.00154858296162	0.0540252544089	135	135
83.0	79.0	65.0	89.0	86.0	72.0	23	0.00298364324152	0.000114849183141	DLR00012647-2009-07-01_22-21-48	0.00171380172526	13	95	3273.5	1850.5	0.00192161300252	0.0587138366455	135	135
80.0	77.0	64.0	85.0	83.0	70.0	24	0.00229101177473	0.000106656938954	DLR00012647-2009-07-01_22-21-48	0.000887762601311	13	95	3405.5	1842.5	0.0016355241168	0.0536522990037	135	135
89.0	85.0	71.0	94.0	91.0	78.0	1	0.00186477702595	0.00010466334031	DLR00012647-2009-07-01_22-21-48	0.00329964252217	14	95	270.5	1992.5	0.00156596309558	0.0525334327881	135	135
90.0	86.0	71.0	95.0	93.0	79.0	2	0.0133198358996	0.00011945323613	DLR00012647-2009-07-01_22-21-48	0.00538386386287	14	95	412.5	1986.5	0.00344556562529	0.0994192551548	135	135
91.0	87.0	72.0	97.0	94.0	80.0	3	0.00394267142629	0.000110210294376	DLR00012647-2009-07-01_22-21-48	0.00357800855914	14	95	541.5	1986.5	0.00162968674164	0.0516276839469	135	135
93.0	89.0	73.0	99.0	96.0	81.0	4	0.00756566679099	0.000114346774408	DLR00012647-2009-07-01_22-21-48	0.00553118546482	14	95	676.5	1986.5	0.00327992647541	0.100644680058	135	135
93.0	89.0	74.0	99.0	96.0	81.0	5	0.00287708455432	0.000109002386639	DLR00012647-2009-07-01_22-21-48	0.00378950218811	14	95	814.5	1986.5	0.00182134048923	0.0605253343279	135	135
92.0	90.0	73.0	98.0	97.0	81.0	6	0.00399595076989	0.000113819448827	DLR00012647-2009-07-01_22-21-48	0.00547858819265	14	95	948.5	1981.5	0.00344830882564	0.107624274069	135	135
92.0	89.0	72.0	97.0	96.0	80.0	7	0.00133198358996	0.000100789728493	DLR00012647-2009-07-01_22-21-48	0.00214036140886	14	95	1091.5	1986.5	0.0012914627081	0.0454472800895	135	135
91.0	89.0	72.0	97.0	96.0	79.0	8	0.00831157760136	0.000111614624887	DLR00012647-2009-07-01_22-21-48	0.00526751989518	14	95	1215.5	1986.5	0.00306104061459	0.0909478395226	135	135
90.0	88.0	72.0	95.0	95.0	79.0	9	0.00266396717992	0.000108543962107	DLR00012647-2009-07-01_22-21-48	0.00381801328113	14	95	1359.5	1986.5	0.00237310172003	0.0781075177154	135	135
89.0	88.0	71.0	94.0	94.0	78.0	10	0.000745910810379	0.0001007690281	DLR00012647-2009-07-01_22-21-48	0.00314956503348	14	95	1495.5	1986.5	0.00195938825746	0.0701688955192	135	135
89.0	87.0	71.0	95.0	94.0	78.0	11	0.00511481698545	0.000106719983834	DLR00012647-2009-07-01_22-21-48	0.00389229099101	14	95	1637.5	1986.5	0.00240161212546	0.0763492993766	135	135
88.0	87.0	71.0	94.0	93.0	78.0	12	0.00122542490277	0.000104183544491	DLR00012647-2009-07-01_22-21-48	0.00278285342024	14	95	1771.5	1976.5	0.00170880953361	0.0596728648303	135	135
88.0	86.0	70.0	93.0	93.0	77.5	13	0.00069263146678	0.000100528619537	DLR00012647-2009-07-01_22-21-48	0.00190819738557	14	95	1904.5	1982.5	0.00165843777185	0.0588203953327	135	135
87.0	86.0	70.0	93.0	92.0	77.0	14	0.00127870424636	0.000105649674764	DLR00012647-2009-07-01_22-21-48	0.00304685751973	14	95	2033.5	1977.5	0.00222640547045	0.0751771538175	135	135
87.0	86.0	70.0	94.0	93.0	78.0	15	0.00607384517023	0.000118531619299	DLR00012647-2009-07-01_22-21-48	0.00194116323932	14	95	2181.5	1979.5	0.00268318831705	0.0736853321967	135	135
87.0	85.0	69.0	93.0	92.0	77.0	16	0.00266396717992	0.000110319400826	DLR00012647-2009-07-01_22-21-48	0.00184736886053	14	95	2316.5	1979.5	0.00205503521828	0.0652671959081	135	135
87.0	85.0	69.0	93.0	92.0	76.0	17	0.00122542490277	0.000101886511781	DLR00012647-2009-07-01_22-21-48	0.000540867475756	14	95	2448.5	1977.5	0.00190879140156	0.0672385316213	135	135
88.0	85.0	69.0	93.0	92.0	76.0	18	0.00325003995951	0.000107070011215	DLR00012647-2009-07-01_22-21-48	0.00295577138845	14	95	2592.5	1986.5	0.00300502339333	0.099525813842	135	135
88.0	85.0	69.0	94.0	92.0	76.0	19	0.00245084980553	0.00010989383935	DLR00012647-2009-07-01_22-21-48	0.00317862264717	14	95	2732.5	1986.5	0.00241397695272	0.0790665459002	135	135
88.0	85.0	69.0	94.0	92.0	76.0	20	0.00223773243114	0.000106732124184	DLR00012647-2009-07-01_22-21-48	0.00171600248266	14	95	2865.5	1981.5	0.00178651248525	0.0595130267995	135	135
88.0	84.0	69.0	93.0	91.0	76.0	21	0.00261068783633	0.000105763325642	DLR00012647-2009-07-01_22-21-48	0.00311159766252	14	95	2995.5	1982.5	0.0024609702453	0.0820501891417	135	135
86.0	82.0	67.0	91.0	89.0	74.0	22	0.00895092972455	0.000115081663755	DLR00012647-2009-07-01_22-21-48	0.00500174812739	14	95	3133.5	1986.5	0.00410728889019	0.124567105333	135	135
83.0	79.0	65.0	88.0	85.0	72.0	23	0.00314348127231	0.000108832215727	DLR00012647-2009-07-01_22-21-48	0.00364652514979	14	95	3273.5	1979.5	0.00330396596401	0.107411156695	135	135
80.0	77.0	64.0	89.0	88.0	78.5	24	0.00271724652352	0.000175916447883	DLR00012647-2009-07-01_22-21-48	-0.00272581008826	14	95	3411.5	1986.5	0.000180913321114	0.00319676061591	135	135
89.0	84.0	71.0	94.0	90.0	77.0	1	0.00314348127231	0.000111138328433	DLR00012647-2009-07-01_22-21-48	0.00674969870329	15	95	272.5	2122.5	0.0045326692355	0.144706697213	135	135
90.0	85.0	71.0	96.0	92.0	79.0	2	0.0111353828121	0.000124290890992	DLR00012647-2009-07-01_22-21-48	0.006941208359	15	95	403.5	2122.5	0.00472588750715	0.13458362193	135	135
92.0	87.0	72.0	98.0	94.0	79.0	3	0.00815173957057	0.000113803404425	DLR00012647-2009-07-01_22-21-48	0.00431734809969	15	95	547.5	2124.5	0.0027179835312	0.0819436304545	135	135
93.0	88.0	73.0	99.0	95.0	80.0	4	0.00218445308754	0.000104528397104	DLR00012647-2009-07-01_22-21-48	0.00355782158273	15	95	670.5	2128.5	0.00182588801492	0.0621237146358	135	135
93.0	89.0	73.0	99.0	95.0	80.0	5	0.00538121370345	0.000110292913057	DLR00012647-2009-07-01_22-21-48	0.00366967634921	15	95	810.5	2125.5	0.00181939520872	0.0573818530556	135	135
92.0	88.0	72.0	98.0	95.0	79.0	6	0.0035697160211	0.000105299357167	DLR00012647-2009-07-01_22-21-48	0.00386029971412	15	95	948.5	2122.5	0.00197252209554	0.0654270339389	135	135
92.0	88.0	72.0	98.0	95.0	79.0	7	0.00069263146678	0.000108863514722	DLR00012647-2009-07-01_22-21-48	0.0030362808126	15	95	1075.5	2122.5	0.00155425217003	0.0522670360701	135	135
92.0	88.0	71.0	97.0	94.0	78.0	8	0.00175821833875	0.000104420545075	DLR00012647-2009-07-01_22-21-48	0.00298565866403	15	95	1221.5	2112.5	0.00161851411673	0.0547178858756	135	135
91.0	87.0	71.0	96.0	93.0	78.0	9	0.00101230752837	0.00010470461694	DLR00012647-2009-07-01_22-21-48	0.00299623566807	15	95	1359.5	2122.5	0.00172571197718	0.0602056582663	135	135
89.0	86.0	70.0	94.0	92.0	77.0	10	0.00159838030795	0.000102421940174	DLR00012647-2009-07-01_22-21-48	0.0033008538171	15	95	1496.5	2123.5	0.00200802867802	0.0693697053652	135	135
88.0	86.0	70.0	94.0	92.0	76.0	11	0.00186477702595	0.000100069967384	DLR00012647-2009-07-01_22-21-48	0.0014571771599	15	95	1636.5	2123.5	0.000873099605185	0.0303692258511	135	135
88.0	86.0	70.0	93.0	92.0	77.0	12	0.000905748841174	9.83875461996e-05	DLR00012647-2009-07-01_22-21-48	0.00159611815164	15	95	1771.5	2125.5	0.00113778386346	0.04086525654	135	135
88.0	85.0	69.0	93.0	91.0	76.0	13	0.000905748841174	0.000100865182356	DLR00012647-2009-07-01_22-21-48	0.000261363368033	15	95	1903.5	2122.5	0.000837816745623	0.0295700356972	135	135
87.0	85.0	69.0	93.0	91.0	75.0	14	0.00191805636955	0.00010292014214	DLR00012647-2009-07-01_22-21-48	0.00126795719739	15	95	2047.5	2122.5	0.00122439829319	0.0410250945708	135	135
87.0	84.0	69.0	92.0	91.0	75.0	15	0.000586072779583	9.90153659512e-05	DLR00012647-2009-07-01_22-21-48	0.00144222408411	15	95	2178.5	2122.5	0.00118213432395	0.0431029889712	135	135
88.0	84.0	69.0	93.0	91.0	75.0	16	0.00122542490277	0.000102825342967	DLR00012647-2009-07-01_22-21-48	0.00163861064337	15	95	2316.5	2122.5	0.00132740147779	0.0455538387767	135	135
88.0	85.0	68.0	94.0	91.0	75.0	17	0.00181149768235	0.000100606400825	DLR00012647-2009-07-01_22-21-48	0.00154473556714	15	95	2453.5	2122.5	0.00129696211461	0.0456603974639	135	135
88.0	85.0	69.0	93.0	91.0	76.0	18	0.000799190153977	0.000101243434448	DLR00012647-2009-07-01_22-21-48	0.00149237904482	15	95	2590.5	2122.5	0.00155457801354	0.0555170760296	135	135
88.0	84.0	69.0	94.0	91.0	76.0	19	0.00399595076989	0.000107610772128	DLR00012647-2009-07-01_22-21-48	0.00211508132152	15	95	2734.5	2116.5	0.00168080337176	0.0523735947573	135	135
89.0	84.0	69.0	93.0	90.0	75.0	20	0.000959028184773	9.65985745398e-05	DLR00012647-2009-07-01_22-21-48	0.00120145497915	15	95	2866.5	2122.5	0.000869094120345	0.0320741648463	135	135
88.0	84.0	68.0	94.0	90.0	75.0	21	0.00165165965155	0.000104074969174	DLR00012647-2009-07-01_22-21-48	0.00128824022434	15	95	3006.5	2122.5	0.00121163238262	0.0407054185092	135	135
86.0	82.0	67.0	92.0	88.0	74.0	22	0.00191805636955	0.000107207967066	DLR00012647-2009-07-01_22-21-48	0.0013789849842	15	95	3133.5	2122.5	0.00156069575948	0.0515744046033	135	135
84.0	79.0	65.0	89.0	86.0	73.0	23	0.00468858223667	0.000111731166825	DLR00012647-2009-07-01_22-21-48	0.00136732139416	15	95	3268.5	2130.5	0.00177107016823	0.0550375619372	135	135
82.0	78.0	66.0	86.0	83.0	71.0	24	0.000479514092386	0.000104102488685	DLR00012647-2009-07-01_22-21-48	0.0009469162042	15	95	3414.5	2122.5	0.00153339910803	0.0538654163781	135	135
101.0	101.0	93.0	144.0	156.0	153.0	1	0.0419841227556	0.000190546835632	DLR00012647-2009-07-01_22-21-48	0.00361970705726	16	95	267.5	2300.5	0.00783581058422	0.137087751079	135	135
104.0	105.0	96.0	122.0	126.0	115.0	2	0.0470989397411	0.000156958553447	DLR00012647-2009-07-01_22-21-48	0.00476654226553	16	95	403.5	2300.5	0.00892059435701	0.165165965155	135	135
104.0	105.0	96.0	162.0	176.0	175.0	3	0.0456603974639	0.000263390066183	DLR00012647-2009-07-01_22-21-48	0.00154716338915	16	95	541.5	2300.5	0.00702981416945	0.117427673291	135	135
106.0	107.0	97.0	165.0	180.0	177.0	4	0.049230113485	0.000256583337581	DLR00012647-2009-07-01_22-21-48	0.00166260659035	16	95	676.5	2300.5	0.00699231738	0.120358037189	135	135
106.0	106.0	95.0	155.0	168.0	165.0	5	0.0617507592306	0.000246298153219	DLR00012647-2009-07-01_22-21-48	0.00312893835661	16	95	813.5	2300.5	0.00734483978534	0.126165485641	135	135
107.0	107.0	96.0	128.0	130.0	119.0	6	0.0445415312483	0.00014172649812	DLR00012647-2009-07-01_22-21-48	0.00551281698269	16	95	948.5	2300.5	0.00759648649107	0.154350258405	135	135
106.0	107.0	96.0	130.0	145.0	137.0	7	0.0448612073099	0.000135894436265	DLR00012647-2009-07-01_22-21-48	0.00551198286317	16	95	1080.5	2300.5	0.00732942008034	0.146678032927	135	135
106.0	107.0	96.0	124.0	128.0	116.0	8	0.0453940007459	0.000120510940815	DLR00012647-2009-07-01_22-21-48	0.00599576838481	16	95	1224.5	2300.5	0.00878770641615	0.188821993713	135	135
105.0	106.0	94.0	146.0	159.0	155.0	9	0.0473653364591	0.00017051115944	DLR00012647-2009-07-01_22-21-48	0.00403362978536	16	95	1350.5	2300.5	0.0076360234458	0.144227183121	135	135
102.0	103.0	91.0	158.0	176.0	173.0	10	0.0493366721722	0.000269170869774	DLR00012647-2009-07-01_22-21-48	0.00110131627066	16	95	1495.5	2300.5	0.00649194168262	0.0957962597901	135	135
101.0	102.0	90.0	158.0	176.0	173.0	11	0.0472054984283	0.000274985834697	DLR00012647-2009-07-01_22-21-48	0.000836806917282	16	95	1624.5	2300.5	0.00652297305551	0.0952634663541	135	135
102.0	102.0	90.0	160.0	177.0	174.0	12	0.0534391816293	0.000256203722091	DLR00012647-2009-07-01_22-21-48	0.00187096728953	16	95	1771.5	2300.5	0.00745902996692	0.122169534871	135	135
101.0	101.0	88.0	161.0	177.0	173.0	13	0.0619105972614	0.00020165159857	DLR00012647-2009-07-01_22-21-48	0.00244490578423	16	95	1903.5	2300.5	0.00868416410014	0.153551068251	135	135
101.0	101.0	88.0	120.0	125.0	114.0	14	0.0454472800895	0.000131409277081	DLR00012647-2009-07-01_22-21-48	0.00389097310311	16	95	2041.5	2300.5	0.00873006968135	0.177793169588	135	135
101.0	101.0	88.0	120.0	124.0	113.0	15	0.0458735148383	0.000126441487959	DLR00012647-2009-07-01_22-21-48	0.0040787199236	16	95	2171.5	2300.5	0.00869708450947	0.171133251638	135	135
101.0	101.0	88.0	122.0	127.0	116.0	16	0.0454472800895	0.000136590462509	DLR00012647-2009-07-01_22-21-48	0.00423598789019	16	95	2323.5	2300.5	0.00905973665827	0.178272683681	135	135
101.0	101.0	88.0	122.0	128.0	117.0	17	0.0528531088497	0.000134342715281	DLR00012647-2009-07-01_22-21-48	0.00478191043425	16	95	2453.5	2300.5	0.00911070550913	0.183653897384	135	135
101.0	100.0	88.0	152.0	166.0	165.0	18	0.0576482497736	0.000228135731304	DLR00012647-2009-07-01_22-21-48	0.00167716322942	16	95	2590.5	2300.5	0.00778321339618	0.133145079653	135	135
101.0	100.0	88.0	159.0	175.0	174.0	19	0.0420374020992	0.000295927975372	DLR00012647-2009-07-01_22-21-48	0.00131780960593	16	95	2726.5	2300.5	0.00680865600847	0.110181682562	135	135
101.0	100.0	88.0	156.0	170.0	164.0	20	0.0470989397411	0.000240130683928	DLR00012647-2009-07-01_22-21-48	0.00165999063181	16	95	2861.5	2300.5	0.00744329876391	0.132079492781	135	135
102.0	101.0	90.0	156.0	172.0	170.0	21	0.0683573978369	0.00021766965278	DLR00012647-2009-07-01_22-21-48	0.00179645526339	16	95	2998.5	2300.5	0.00816007777599	0.137300868453	135	135
101.0	101.0	90.0	125.0	133.0	127.0	22	0.0709680856732	0.000167376940017	DLR00012647-2009-07-01_22-21-48	0.00346888441137	16	95	3123.5	2300.5	0.00893389735949	0.155842080026	135	135
100.0	101.0	91.0	117.0	127.0	119.0	23	0.0720869518888	0.000151631639806	DLR00012647-2009-07-01_22-21-48	0.0040886503566	16	95	3279.5	2300.5	0.00995455745033	0.182002237732	135	135
98.0	98.0	90.0	125.0	147.0	153.0	24	0.07032873355	0.000205220393703	DLR00012647-2009-07-01_22-21-48	0.00208682601534	16	95	3411.5	2300.5	0.00857512229832	0.142468964782	135	135
