91.0	92.0	82.0	138.0	154.0	150.0	1	0.0155575683308	0.000934998304137	DLR00012709-2009-07-03_22-39-55	0.135014385128	1	103	271.5	212.5	0.135681085868	0.607864031115	135	135
93.0	96.0	85.0	141.0	156.0	152.0	2	0.0222707656242	0.000962319565328	DLR00012709-2009-07-03_22-39-55	0.14290266832	1	103	413.5	215.5	0.141289225918	0.604613991156	135	135
96.0	99.0	88.0	145.0	162.0	159.0	3	0.0240822633065	0.000967685900984	DLR00012709-2009-07-03_22-39-55	0.133523012657	1	103	544.5	212.5	0.132371145057	0.562683147744	135	135
99.0	100.0	89.0	146.0	162.0	158.0	4	0.0256273642709	0.000920951645827	DLR00012709-2009-07-03_22-39-55	0.126130177898	1	103	678.5	207.5	0.125279799654	0.562363471682	135	135
99.0	101.0	89.0	147.0	165.0	161.0	5	0.0283446107944	0.000936160342854	DLR00012709-2009-07-03_22-39-55	0.14138007177	1	103	815.5	211.5	0.141068416806	0.61756087165	135	135
100.0	102.0	89.0	145.0	163.0	157.0	6	0.02813149342	0.000880262929855	DLR00012709-2009-07-03_22-39-55	0.119524212436	1	103	952.5	207.5	0.119687364959	0.560498694656	135	135
100.0	103.0	89.0	147.0	166.0	161.0	7	0.0303692258511	0.000937470051216	DLR00012709-2009-07-03_22-39-55	0.135774560657	1	103	1082.5	211.5	0.135829994617	0.590708082476	135	135
99.0	103.0	90.0	145.0	164.0	158.0	8	0.0280249347328	0.000884206857566	DLR00012709-2009-07-03_22-39-55	0.129106130323	1	103	1221.5	206.5	0.128889294123	0.594490915872	135	135
100.0	103.0	90.0	145.0	165.0	160.0	9	0.0288774042304	0.000917292787429	DLR00012709-2009-07-03_22-39-55	0.129852185946	1	103	1354.5	205.5	0.129857854707	0.584314561245	135	135
99.0	103.0	89.0	142.0	161.0	154.0	10	0.0272790239224	0.00083235399529	DLR00012709-2009-07-03_22-39-55	0.115493285563	1	103	1492.5	203.5	0.116222865317	0.571793915499	135	135
99.0	103.0	90.0	145.0	165.0	160.0	11	0.0331930310619	0.000913339184881	DLR00012709-2009-07-03_22-39-55	0.134919156209	1	103	1626.5	207.5	0.135610818938	0.613671479567	135	135
100.0	104.0	91.0	144.0	164.0	158.0	12	0.0283446107944	0.00088426521899	DLR00012709-2009-07-03_22-39-55	0.11680507176	1	103	1778.5	201.5	0.118276518714	0.549949384624	135	135
96.0	101.0	88.0	145.0	166.0	161.0	13	0.0225904416858	0.000910031628929	DLR00012709-2009-07-03_22-39-55	0.136828009033	1	103	1908.5	211.5	0.136176035066	0.616282167404	135	135
95.0	99.0	85.0	142.0	160.0	154.0	14	0.0229101177473	0.00082045410512	DLR00012709-2009-07-03_22-39-55	0.106763280912	1	103	2046.5	211.5	0.107085481262	0.531035217646	135	135
99.0	102.0	89.0	145.0	166.0	160.0	15	0.0321807235335	0.000940030058524	DLR00012709-2009-07-03_22-39-55	0.12892764682	1	103	2184.5	204.5	0.130432075498	0.571261122063	135	135
97.0	100.0	86.0	144.0	163.0	157.0	16	0.0318610474719	0.00087506403623	DLR00012709-2009-07-03_22-39-55	0.117075245686	1	103	2316.5	211.5	0.117481947931	0.546912462038	135	135
101.0	103.0	91.0	146.0	166.0	160.0	17	0.0322340028771	0.000926803578345	DLR00012709-2009-07-03_22-39-55	0.130812594497	1	103	2449.5	201.5	0.131910280694	0.582556342906	135	135
99.0	102.0	89.0	144.0	162.0	156.0	18	0.0301028291331	0.000874677339619	DLR00012709-2009-07-03_22-39-55	0.118248089886	1	103	2591.5	202.5	0.118559747495	0.555810112419	135	135
98.0	101.0	88.0	146.0	165.0	159.0	19	0.0295700356972	0.000924834941299	DLR00012709-2009-07-03_22-39-55	0.134094382058	1	103	2730.5	204.5	0.134044760004	0.585699824178	135	135
95.0	98.0	85.0	143.0	161.0	155.0	20	0.0263199957377	0.000914959268806	DLR00012709-2009-07-03_22-39-55	0.11575038719	1	103	2866.5	211.5	0.115974896878	0.532047525174	135	135
96.0	98.0	87.0	144.0	162.0	157.0	21	0.02946347701	0.000989699229335	DLR00012709-2009-07-03_22-39-55	0.142176187693	1	103	2996.5	203.5	0.142110338657	0.58868346742	135	135
91.0	94.0	83.0	139.0	155.0	149.0	22	0.0282913314508	0.000916970190041	DLR00012709-2009-07-03_22-39-55	0.120399889903	1	103	3137.5	211.5	0.118418288649	0.525973680004	135	135
90.0	93.0	83.0	139.0	156.0	151.0	23	0.0242953806809	0.00102027949844	DLR00012709-2009-07-03_22-39-55	0.14725300526	1	103	3264.5	203.5	0.146364782612	0.595236826682	135	135
89.0	91.0	82.0	135.0	150.0	145.0	24	0.0171026692951	0.000846116428014	DLR00012709-2009-07-03_22-39-55	0.110122990775	1	103	3419.5	211.5	0.11247545337	0.556129788481	135	135
88.0	90.0	79.0	139.0	156.0	152.0	1	0.0387873621397	0.00107269721953	DLR00012709-2009-07-03_22-39-55	0.169176051506	2	103	263.5	344.5	0.167789897487	0.644040705419	135	135
91.0	94.0	83.0	139.0	156.0	152.0	2	0.0525334327881	0.00101856012743	DLR00012709-2009-07-03_22-39-55	0.137607476043	2	103	409.5	337.5	0.133148958029	0.551654323619	135	135
93.0	96.0	84.0	146.0	166.0	163.0	3	0.0535457403165	0.00110539044348	DLR00012709-2009-07-03_22-39-55	0.165258091079	2	103	543.5	344.5	0.161675434611	0.609675528797	135	135
94.0	97.0	84.0	142.0	159.0	154.0	4	0.0627097874154	0.000947906097323	DLR00012709-2009-07-03_22-39-55	0.119008014025	2	103	678.5	334.5	0.116101822777	0.518461292557	135	135
94.0	97.0	83.0	145.0	165.0	161.0	5	0.0490169961106	0.00102794958505	DLR00012709-2009-07-03_22-39-55	0.141788550465	2	103	810.5	344.5	0.139534912513	0.564068410677	135	135
95.0	97.0	82.0	142.0	161.0	155.0	6	0.0482710853002	0.000953648884583	DLR00012709-2009-07-03_22-39-55	0.128461373166	2	103	944.5	344.5	0.126445421446	0.55048217806	135	135
94.0	97.0	82.0	145.0	166.0	161.0	7	0.0520539186957	0.00102508570111	DLR00012709-2009-07-03_22-39-55	0.139166859593	2	103	1086.5	344.5	0.137556394211	0.565666790985	135	135
93.0	96.0	81.0	141.0	162.0	155.0	8	0.0517342426341	0.000966146361304	DLR00012709-2009-07-03_22-39-55	0.124287786048	2	103	1226.5	344.5	0.123701165984	0.535670520539	135	135
93.0	96.0	80.0	144.0	166.0	161.0	9	0.0513612872289	0.00104406743127	DLR00012709-2009-07-03_22-39-55	0.150666867391	2	103	1357.5	343.5	0.150316425116	0.585646544835	135	135
92.0	95.0	79.0	140.0	161.0	154.0	10	0.0509350524802	0.000974663924297	DLR00012709-2009-07-03_22-39-55	0.123156221284	2	103	1497.5	344.5	0.123416907807	0.527998295061	135	135
92.0	95.0	79.0	142.0	165.0	160.0	11	0.0469391017103	0.00104791419819	DLR00012709-2009-07-03_22-39-55	0.147735428791	2	103	1636.5	344.5	0.14808951406	0.584527678619	135	135
92.0	95.0	79.0	138.0	159.0	152.0	12	0.0537588576909	0.000945222260895	DLR00012709-2009-07-03_22-39-55	0.127602374977	2	103	1771.5	341.5	0.127820969094	0.567531568011	135	135
92.0	95.0	79.0	142.0	164.0	159.0	13	0.056529383558	0.00103614747514	DLR00012709-2009-07-03_22-39-55	0.143410778756	2	103	1900.5	335.5	0.143641301159	0.573871809899	135	135
91.0	94.0	78.0	140.0	161.0	155.0	14	0.0611646864511	0.00100877852594	DLR00012709-2009-07-03_22-39-55	0.122270926086	2	103	2046.5	335.5	0.123126192763	0.51569076669	135	135
91.0	94.0	79.0	143.0	165.0	160.0	15	0.0537588576909	0.00107375260165	DLR00012709-2009-07-03_22-39-55	0.152128461036	2	103	2181.5	344.5	0.151671231365	0.580904683254	135	135
92.0	94.0	79.0	139.0	160.0	152.0	16	0.0555170760296	0.000977560093563	DLR00012709-2009-07-03_22-39-55	0.116830108118	2	103	2317.5	344.5	0.11711224338	0.503809473067	135	135
92.0	95.0	79.0	143.0	164.0	159.0	17	0.0523735947573	0.00105367129404	DLR00012709-2009-07-03_22-39-55	0.145399313536	2	103	2458.5	339.5	0.144375418292	0.56529383558	135	135
92.0	94.0	79.0	142.0	162.0	155.0	18	0.0608982897331	0.00102283985057	DLR00012709-2009-07-03_22-39-55	0.123827177815	2	103	2591.5	344.5	0.121812534502	0.503916031754	135	135
92.0	94.0	79.0	142.0	162.0	157.0	19	0.0550908412808	0.00105257707583	DLR00012709-2009-07-03_22-39-55	0.143766904753	2	103	2730.5	344.5	0.141686635406	0.556822419948	135	135
91.0	93.0	78.0	141.0	159.0	152.0	20	0.0697426607704	0.00101573773856	DLR00012709-2009-07-03_22-39-55	0.126141097476	2	103	2866.5	344.5	0.124831276266	0.52176461186	135	135
90.0	92.0	78.0	144.0	163.0	159.0	21	0.055463796686	0.00113975022661	DLR00012709-2009-07-03_22-39-55	0.162352037786	2	103	2998.5	344.5	0.158812595909	0.577121849859	135	135
87.0	89.0	76.0	138.0	156.0	150.0	22	0.0612712451383	0.00109434003767	DLR00012709-2009-07-03_22-39-55	0.148119638098	2	103	3137.5	344.5	0.144948178022	0.555543715701	135	135
85.0	87.0	76.0	139.0	159.0	155.0	23	0.0596728648303	0.00122245903093	DLR00012709-2009-07-03_22-39-55	0.174700030023	2	103	3274.5	344.5	0.170298515217	0.583302253716	135	135
86.0	87.0	76.0	137.0	154.0	149.0	24	0.0457669561511	0.0011218859891	DLR00012709-2009-07-03_22-39-55	0.168247607936	2	103	3414.5	344.5	0.167092634374	0.618360061804	135	135
89.0	90.0	79.0	142.0	161.0	158.0	1	0.0503489797006	0.00114597000691	DLR00012709-2009-07-03_22-39-55	0.179908536036	3	103	270.5	483.5	0.177790365697	0.644466940167	135	135
90.0	93.0	81.0	143.0	163.0	160.0	2	0.055730193404	0.00111283184582	DLR00012709-2009-07-03_22-39-55	0.146136619504	3	103	409.5	483.5	0.142685711955	0.540678778837	135	135
91.0	94.0	81.0	144.0	165.0	161.0	3	0.0522670360701	0.00108025773729	DLR00012709-2009-07-03_22-39-55	0.149475251096	3	103	544.5	491.5	0.14738293444	0.564281528052	135	135
93.0	96.0	82.0	143.0	164.0	159.0	4	0.055463796686	0.001025130004	DLR00012709-2009-07-03_22-39-55	0.13309798193	3	103	671.5	492.5	0.130974234839	0.542863231925	135	135
93.0	96.0	81.0	145.0	167.0	163.0	5	0.0522670360701	0.00105314177427	DLR00012709-2009-07-03_22-39-55	0.154403132543	3	103	815.5	483.5	0.153206098112	0.600404923011	135	135
93.0	96.0	81.0	143.0	165.0	161.0	6	0.0529063881933	0.00102149383865	DLR00012709-2009-07-03_22-39-55	0.137419086717	3	103	952.5	477.5	0.136860382601	0.555916671107	135	135
92.0	96.0	81.0	144.0	167.0	163.0	7	0.0506153764186	0.00104973181162	DLR00012709-2009-07-03_22-39-55	0.141517747415	3	103	1090.5	477.5	0.141588603365	0.557834727476	135	135
91.0	95.0	80.0	143.0	165.0	160.0	8	0.0575416910864	0.00102269568584	DLR00012709-2009-07-03_22-39-55	0.130670185076	3	103	1217.5	483.5	0.131537233043	0.535510682508	135	135
91.0	95.0	79.0	144.0	169.0	165.0	9	0.0514145665725	0.00108829533522	DLR00012709-2009-07-03_22-39-55	0.150781259466	3	103	1367.5	483.5	0.151610548707	0.573711971869	135	135
90.0	94.0	79.0	141.0	164.0	159.0	10	0.070062336832	0.0010339068498	DLR00012709-2009-07-03_22-39-55	0.130664418522	3	103	1497.5	476.5	0.131616930082	0.534072140231	135	135
90.0	94.0	78.0	141.0	164.0	160.0	11	0.0561564281528	0.00105316175812	DLR00012709-2009-07-03_22-39-55	0.140811282691	3	103	1642.5	477.5	0.141876248973	0.561937236933	135	135
90.0	94.0	78.0	140.0	162.0	157.0	12	0.0543982098141	0.00101355299726	DLR00012709-2009-07-03_22-39-55	0.12494926264	3	103	1766.5	483.5	0.126278718579	0.523469550855	135	135
90.0	94.0	78.0	142.0	166.0	161.0	13	0.057861367148	0.00106793114138	DLR00012709-2009-07-03_22-39-55	0.145522544969	3	103	1898.5	483.5	0.147016847818	0.571048004689	135	135
90.0	93.0	78.0	139.0	162.0	157.0	14	0.0631360221642	0.00102076942834	DLR00012709-2009-07-03_22-39-55	0.133716938441	3	103	2048.5	476.5	0.134911805685	0.553785497363	135	135
89.0	93.0	78.0	143.0	167.0	163.0	15	0.057861367148	0.00110586435317	DLR00012709-2009-07-03_22-39-55	0.155737651281	3	103	2183.5	485.5	0.156735755132	0.582289946188	135	135
90.0	93.0	78.0	141.0	164.0	159.0	16	0.0656401513133	0.00106010857211	DLR00012709-2009-07-03_22-39-55	0.130109243818	3	103	2317.5	479.5	0.131604922174	0.522883478076	135	135
90.0	93.0	78.0	144.0	168.0	163.0	17	0.0585539986147	0.0011229756315	DLR00012709-2009-07-03_22-39-55	0.156838933036	3	103	2467.5	483.5	0.156999854759	0.573445575151	135	135
90.0	93.0	78.0	140.0	162.0	156.0	18	0.0637753742874	0.00103830774282	DLR00012709-2009-07-03_22-39-55	0.116452820123	3	103	2591.5	491.5	0.117049086171	0.478448505514	135	135
90.0	93.0	78.0	146.0	168.0	164.0	19	0.0614310831691	0.00116163055761	DLR00012709-2009-07-03_22-39-55	0.164576079859	3	103	2727.5	483.5	0.163710038162	0.583515371091	135	135
90.0	92.0	77.0	140.0	159.0	153.0	20	0.0736320528531	0.00104106222256	DLR00012709-2009-07-03_22-39-55	0.130265123605	3	103	2866.5	481.5	0.128969980724	0.524801534445	135	135
89.0	91.0	77.0	144.0	165.0	161.0	21	0.0623368320102	0.00118487794965	DLR00012709-2009-07-03_22-39-55	0.167421445204	3	103	3001.5	483.5	0.165031155488	0.578347274762	135	135
87.0	89.0	75.0	138.0	158.0	153.0	22	0.0675582076829	0.00112526195552	DLR00012709-2009-07-03_22-39-55	0.149663882925	3	103	3137.5	480.5	0.146488063325	0.545100964356	135	135
85.0	87.0	75.0	142.0	162.0	159.0	23	0.064095050349	0.00127584096864	DLR00012709-2009-07-03_22-39-55	0.189886440553	3	103	3270.5	483.5	0.186114535026	0.607757472428	135	135
85.0	87.0	76.0	140.0	160.0	156.0	24	0.0599392615483	0.00125910036677	DLR00012709-2009-07-03_22-39-55	0.196410730073	3	103	3414.5	483.5	0.195323169791	0.642442325111	135	135
89.0	90.0	79.0	143.0	163.0	160.0	1	0.0525867121317	0.00116843383676	DLR00012709-2009-07-03_22-39-55	0.187687184883	4	103	263.5	617.5	0.186264928985	0.661303212744	135	135
90.0	92.0	80.0	139.0	156.0	153.0	2	0.0594597474559	0.00100024693048	DLR00012709-2009-07-03_22-39-55	0.115198987426	4	103	409.5	622.5	0.112670573927	0.47898129895	135	135
91.0	94.0	81.0	144.0	165.0	162.0	3	0.0501891416698	0.00108652211821	DLR00012709-2009-07-03_22-39-55	0.151866759795	4	103	538.5	619.5	0.150030522701	0.571101284032	135	135
93.0	95.0	81.0	139.0	158.0	152.0	4	0.0612179657947	0.000932637739251	DLR00012709-2009-07-03_22-39-55	0.107931237909	4	103	686.5	619.5	0.106630935822	0.482497735628	135	135
92.0	96.0	82.0	144.0	166.0	162.0	5	0.0506153764186	0.0010471041483	DLR00012709-2009-07-03_22-39-55	0.144972398632	4	103	816.5	621.5	0.144428693917	0.571580798125	135	135
92.0	96.0	80.0	139.0	160.0	153.0	6	0.0637220949438	0.000938648547442	DLR00012709-2009-07-03_22-39-55	0.107376336007	4	103	952.5	623.5	0.107737202525	0.482657573659	135	135
91.0	95.0	80.0	144.0	167.0	162.0	7	0.050029303639	0.00104745890193	DLR00012709-2009-07-03_22-39-55	0.141528031433	4	103	1086.5	619.5	0.142407753852	0.562523309713	135	135
91.0	95.0	79.0	139.0	160.0	154.0	8	0.0610581277639	0.000952114868234	DLR00012709-2009-07-03_22-39-55	0.104019493014	4	103	1226.5	612.5	0.106009468616	0.470563162662	135	135
90.0	95.0	79.0	142.0	166.0	161.0	9	0.055463796686	0.00104652539865	DLR00012709-2009-07-03_22-39-55	0.141089075468	4	103	1361.5	619.5	0.142608199273	0.561084767436	135	135
89.0	94.0	79.0	139.0	161.0	156.0	10	0.0677180457137	0.000988789075502	DLR00012709-2009-07-03_22-39-55	0.116617206442	4	103	1497.5	619.5	0.118731239858	0.50903084874	135	135
89.0	94.0	79.0	140.0	164.0	159.0	11	0.0538654163781	0.00104691827332	DLR00012709-2009-07-03_22-39-55	0.135333864634	4	103	1632.5	624.5	0.136424394077	0.535031168416	135	135
89.0	93.0	78.0	137.0	160.0	155.0	12	0.0603122169535	0.000992096516106	DLR00012709-2009-07-03_22-39-55	0.118792872816	4	103	1771.5	616.5	0.120600902242	0.505567691406	135	135
89.0	93.0	78.0	140.0	164.0	160.0	13	0.0594597474559	0.00105525747744	DLR00012709-2009-07-03_22-39-55	0.140368065487	4	103	1909.5	628.5	0.142738886506	0.557834727476	135	135
89.0	93.0	77.0	136.0	158.0	152.0	14	0.0644147264106	0.000958552536338	DLR00012709-2009-07-03_22-39-55	0.112144292294	4	103	2052.5	619.5	0.114874585526	0.502690606852	135	135
89.0	93.0	78.0	141.0	165.0	160.0	15	0.0528531088497	0.00107014569502	DLR00012709-2009-07-03_22-39-55	0.136902215137	4	103	2179.5	619.5	0.139158944186	0.540785337525	135	135
89.0	92.0	77.0	137.0	159.0	153.0	16	0.0689434706164	0.000984100257758	DLR00012709-2009-07-03_22-39-55	0.114118895896	4	103	2326.5	609.5	0.116164416287	0.49762906921	135	135
89.0	92.0	77.0	141.0	164.0	159.0	17	0.0520539186957	0.00106215695919	DLR00012709-2009-07-03_22-39-55	0.132070439176	4	103	2458.5	625.5	0.133612171676	0.517981778464	135	135
90.0	92.0	77.0	140.0	161.0	155.0	18	0.0717139964836	0.00103354619211	DLR00012709-2009-07-03_22-39-55	0.12104769463	4	103	2591.5	617.5	0.121769031704	0.503543076349	135	135
90.0	92.0	77.0	143.0	165.0	161.0	19	0.0596728648303	0.00111777206847	DLR00012709-2009-07-03_22-39-55	0.160737603269	4	103	2720.5	619.5	0.16038056999	0.590494965102	135	135
90.0	92.0	77.0	138.0	159.0	152.0	20	0.0701156161756	0.00103165984761	DLR00012709-2009-07-03_22-39-55	0.124304463868	4	103	2866.5	620.5	0.122923353629	0.508657893335	135	135
89.0	91.0	76.0	142.0	162.0	157.0	21	0.0620171559486	0.00112928556588	DLR00012709-2009-07-03_22-39-55	0.156147974628	4	103	2996.5	619.5	0.154133475703	0.569662741755	135	135
87.0	89.0	75.0	138.0	157.0	151.0	22	0.0684639565241	0.00109911487439	DLR00012709-2009-07-03_22-39-55	0.136062697507	4	103	3139.5	619.5	0.133784891555	0.523522830199	135	135
85.0	87.0	75.0	141.0	161.0	157.0	23	0.0647344024722	0.00124463170899	DLR00012709-2009-07-03_22-39-55	0.187721487007	4	103	3271.5	619.5	0.184698947161	0.613298524162	135	135
86.0	88.0	76.0	141.0	160.0	156.0	24	0.063295860195	0.00125218291435	DLR00012709-2009-07-03_22-39-55	0.193027867163	4	103	3414.5	616.5	0.191838940799	0.639938195961	135	135
89.0	90.0	79.0	142.0	161.0	158.0	1	0.0496030688902	0.00113409725924	DLR00012709-2009-07-03_22-39-55	0.182549132263	5	103	268.5	756.5	0.181043175181	0.658585966221	135	135
90.0	92.0	80.0	141.0	161.0	157.0	2	0.0559433107784	0.00105563470074	DLR00012709-2009-07-03_22-39-55	0.140171082876	5	103	409.5	756.5	0.138117702158	0.547391976131	135	135
91.0	94.0	82.0	146.0	168.0	164.0	3	0.0501891416698	0.00111073452055	DLR00012709-2009-07-03_22-39-55	0.161745098963	5	103	535.5	750.5	0.159733177952	0.597900793862	135	135
93.0	95.0	81.0	142.0	163.0	158.0	4	0.0453940007459	0.00100697140984	DLR00012709-2009-07-03_22-39-55	0.128086500548	5	103	678.5	756.5	0.127287384425	0.526453194097	135	135
93.0	96.0	81.0	145.0	167.0	163.0	5	0.0467259843359	0.00105256676552	DLR00012709-2009-07-03_22-39-55	0.142701480037	5	103	815.5	756.5	0.142578252385	0.56071181203	135	135
92.0	96.0	81.0	141.0	162.0	157.0	6	0.0520006393521	0.000978578324472	DLR00012709-2009-07-03_22-39-55	0.113319108807	5	103	952.5	746.5	0.113773374184	0.488571580798	135	135
91.0	95.0	80.0	144.0	167.0	163.0	7	0.0523203154137	0.00106071821649	DLR00012709-2009-07-03_22-39-55	0.149362427527	5	103	1082.5	756.5	0.150274493729	0.583089136342	135	135
90.0	95.0	79.0	142.0	164.0	158.0	8	0.0683041184933	0.00100944517622	DLR00012709-2009-07-03_22-39-55	0.122893742438	5	103	1226.5	748.5	0.124414125995	0.517715381746	135	135
90.0	94.0	79.0	144.0	167.0	163.0	9	0.0521604773829	0.00107348205928	DLR00012709-2009-07-03_22-39-55	0.147474544293	5	103	1363.5	753.5	0.149449614337	0.572433267622	135	135
89.0	93.0	79.0	139.0	161.0	156.0	10	0.0552506793116	0.000996112081345	DLR00012709-2009-07-03_22-39-55	0.126118962446	5	103	1497.5	746.5	0.128351741572	0.539559912622	135	135
89.0	93.0	78.0	141.0	165.0	161.0	11	0.0595130267995	0.0010741456459	DLR00012709-2009-07-03_22-39-55	0.146698117138	5	103	1636.5	750.5	0.148328881118	0.570994725345	135	135
88.0	92.0	77.0	138.0	161.0	156.0	12	0.0584474399275	0.00100848513732	DLR00012709-2009-07-03_22-39-55	0.1244851212	5	103	1771.5	765.5	0.127633458997	0.530022910118	135	135
88.0	92.0	77.0	143.0	167.0	163.0	13	0.0583941605839	0.00110272651189	DLR00012709-2009-07-03_22-39-55	0.156741455148	5	103	1913.5	750.5	0.159362142581	0.589056422825	135	135
88.0	92.0	77.0	137.0	160.0	154.0	14	0.0644680057542	0.000990083132436	DLR00012709-2009-07-03_22-39-55	0.112752070544	5	103	2044.5	756.5	0.116107322059	0.497735627897	135	135
88.0	92.0	77.0	142.0	166.0	161.0	15	0.05493100325	0.00108495894567	DLR00012709-2009-07-03_22-39-55	0.147140881952	5	103	2177.5	753.5	0.149639196278	0.568597154883	135	135
88.0	92.0	77.0	139.0	161.0	155.0	16	0.0709148063296	0.0010172758963	DLR00012709-2009-07-03_22-39-55	0.126130224012	5	103	2317.5	762.5	0.128577633758	0.528744205871	135	135
89.0	92.0	77.0	142.0	164.0	160.0	17	0.0613245244819	0.00108468376412	DLR00012709-2009-07-03_22-39-55	0.147703322087	5	103	2458.5	759.5	0.149387519348	0.571687356812	135	135
89.0	92.0	77.0	138.0	159.0	152.0	18	0.0722467899195	0.00100793302445	DLR00012709-2009-07-03_22-39-55	0.118150409894	5	103	2591.5	755.5	0.119400372215	0.501997975385	135	135
90.0	92.0	77.0	143.0	165.0	160.0	19	0.0558367520912	0.00111863806542	DLR00012709-2009-07-03_22-39-55	0.152931417726	5	103	2727.5	756.5	0.152785594614	0.566572539826	135	135
90.0	92.0	76.0	140.0	159.0	153.0	20	0.0731525387607	0.00104612420143	DLR00012709-2009-07-03_22-39-55	0.136429678562	5	103	2867.5	754.5	0.135472936718	0.540891896212	135	135
89.0	91.0	76.0	140.0	159.0	153.0	21	0.0650007991902	0.00107961204095	DLR00012709-2009-07-03_22-39-55	0.136438347954	5	103	3003.5	756.5	0.134304399671	0.52517448985	135	135
87.0	88.0	74.0	137.0	156.0	150.0	22	0.0720869518888	0.00107966765988	DLR00012709-2009-07-03_22-39-55	0.130248417665	5	103	3137.5	752.5	0.128858489395	0.503383238319	135	135
85.0	87.0	74.0	140.0	161.0	156.0	23	0.0611646864511	0.0012165970598	DLR00012709-2009-07-03_22-39-55	0.173552333101	5	103	3271.5	756.5	0.170912270564	0.585380148117	135	135
86.0	88.0	76.0	142.0	161.0	157.0	24	0.0629761841334	0.00125478757139	DLR00012709-2009-07-03_22-39-55	0.181876277748	5	103	3414.5	756.5	0.180498079945	0.601150833822	135	135
89.0	90.0	79.0	143.0	163.0	160.0	1	0.0516276839469	0.0011559563575	DLR00012709-2009-07-03_22-39-55	0.183273207252	6	103	271.5	893.5	0.181476296264	0.64910224306	135	135
90.0	92.0	80.0	140.0	159.0	155.0	2	0.0553039586552	0.0010303700092	DLR00012709-2009-07-03_22-39-55	0.139465333364	6	103	409.5	890.5	0.137826183837	0.56454792477	135	135
91.0	94.0	81.0	146.0	167.0	164.0	3	0.0496563482338	0.0011064845912	DLR00012709-2009-07-03_22-39-55	0.160885836555	6	103	544.5	892.5	0.160046093858	0.597581117801	135	135
93.0	95.0	81.0	139.0	158.0	152.0	4	0.0602589376099	0.000932941539273	DLR00012709-2009-07-03_22-39-55	0.109731718726	6	103	670.5	887.5	0.108547076647	0.490596195855	135	135
92.0	96.0	81.0	146.0	167.0	163.0	5	0.0500825829826	0.00106316516094	DLR00012709-2009-07-03_22-39-55	0.148715102761	6	103	814.5	892.5	0.148443118288	0.572379988279	135	135
92.0	95.0	80.0	139.0	160.0	153.0	6	0.0506686557622	0.000946940006465	DLR00012709-2009-07-03_22-39-55	0.0984087271956	6	103	952.5	883.5	0.0998330444032	0.450263732751	135	135
91.0	95.0	79.0	144.0	166.0	161.0	7	0.0519473600085	0.00104409944714	DLR00012709-2009-07-03_22-39-55	0.130123024777	6	103	1090.5	892.5	0.132146054389	0.528371250466	135	135
90.0	94.0	79.0	139.0	160.0	154.0	8	0.0689434706164	0.000958748152452	DLR00012709-2009-07-03_22-39-55	0.10988422844	6	103	1226.5	895.5	0.11203901346	0.491501944696	135	135
89.0	94.0	79.0	142.0	165.0	161.0	9	0.0491768341414	0.001043206431	DLR00012709-2009-07-03_22-39-55	0.133036377636	6	103	1356.5	888.5	0.135557709566	0.540945175555	135	135
89.0	93.0	78.0	135.0	156.0	149.0	10	0.0579146464916	0.000916771178995	DLR00012709-2009-07-03_22-39-55	0.0969956595039	6	103	1497.5	886.5	0.100471798242	0.457296606106	135	135
88.0	93.0	78.0	142.0	165.0	161.0	11	0.0578080878044	0.00107990222402	DLR00012709-2009-07-03_22-39-55	0.149877435668	6	103	1643.5	890.5	0.151960444477	0.583941605839	135	135
88.0	92.0	78.0	136.0	158.0	153.0	12	0.0645745644414	0.000965418697833	DLR00012709-2009-07-03_22-39-55	0.104104318071	6	103	1771.5	885.5	0.108065977357	0.472427939688	135	135
88.0	92.0	78.0	140.0	163.0	158.0	13	0.0538121370345	0.00104349026568	DLR00012709-2009-07-03_22-39-55	0.138259549312	6	103	1907.5	899.5	0.141981812618	0.557834727476	135	135
88.0	92.0	77.0	135.0	157.0	151.0	14	0.0729394213863	0.000947990116543	DLR00012709-2009-07-03_22-39-55	0.105859115784	6	103	2038.5	892.5	0.109868613277	0.488624860142	135	135
88.0	92.0	77.0	141.0	164.0	160.0	15	0.0550375619372	0.00107355655335	DLR00012709-2009-07-03_22-39-55	0.144996767358	6	103	2174.5	891.5	0.148116801488	0.563855293303	135	135
88.0	92.0	77.0	138.0	159.0	154.0	16	0.0704352922372	0.00100671705322	DLR00012709-2009-07-03_22-39-55	0.118079083678	6	103	2312.5	892.5	0.120859730091	0.50636688156	135	135
88.0	92.0	77.0	141.0	163.0	159.0	17	0.0562097074964	0.00107872372907	DLR00012709-2009-07-03_22-39-55	0.142306534239	6	103	2458.5	892.5	0.14407290748	0.548777239064	135	135
89.0	92.0	76.0	137.0	158.0	151.0	18	0.0656934306569	0.000999661889855	DLR00012709-2009-07-03_22-39-55	0.120213088214	6	103	2591.5	895.5	0.121346463638	0.511002184453	135	135
89.0	92.0	76.0	142.0	164.0	159.0	19	0.0591400713943	0.00110106471302	DLR00012709-2009-07-03_22-39-55	0.152438375762	6	103	2731.5	898.5	0.152345588423	0.575470190207	135	135
89.0	92.0	76.0	138.0	158.0	151.0	20	0.0620704352922	0.00102664336535	DLR00012709-2009-07-03_22-39-55	0.131247120314	6	103	2866.5	891.5	0.130368611095	0.529809792743	135	135
89.0	91.0	75.0	142.0	163.0	158.0	21	0.0653737545953	0.00113610504879	DLR00012709-2009-07-03_22-39-55	0.153907106992	6	103	2997.5	892.5	0.152736682823	0.561351164154	135	135
88.0	89.0	75.0	139.0	158.0	152.0	22	0.0749640364431	0.00110881777844	DLR00012709-2009-07-03_22-39-55	0.144084557444	6	103	3137.5	886.5	0.141280966333	0.54057222015	135	135
85.0	87.0	73.0	141.0	161.0	156.0	23	0.0629761841334	0.00121440498374	DLR00012709-2009-07-03_22-39-55	0.172955350429	6	103	3274.5	892.5	0.171028609009	0.589109702168	135	135
86.0	88.0	74.0	142.0	161.0	156.0	24	0.0612712451383	0.00124908065239	DLR00012709-2009-07-03_22-39-55	0.181488781637	6	103	3404.5	890.5	0.179548783948	0.602003303319	135	135
89.0	91.0	79.0	144.0	163.0	160.0	1	0.0536522990037	0.00115071891861	DLR00012709-2009-07-03_22-39-55	0.189930782199	7	103	274.5	1031.5	0.188324243404	0.676061590921	135	135
91.0	93.0	80.0	140.0	160.0	156.0	2	0.0585007192711	0.00103039882046	DLR00012709-2009-07-03_22-39-55	0.13782870164	7	103	409.5	1031.5	0.13549679432	0.55064201609	135	135
91.0	94.0	80.0	146.0	168.0	164.0	3	0.048963716767	0.00110847331069	DLR00012709-2009-07-03_22-39-55	0.155036151243	7	103	551.5	1031.5	0.154273436177	0.576589056423	135	135
93.0	95.0	80.0	141.0	161.0	155.0	4	0.047898129895	0.000972957618659	DLR00012709-2009-07-03_22-39-55	0.1129089655	7	103	678.5	1034.5	0.112310682039	0.487505993926	135	135
92.0	95.0	80.0	146.0	168.0	163.0	5	0.0448612073099	0.00107074613762	DLR00012709-2009-07-03_22-39-55	0.144068915243	7	103	815.5	1022.5	0.144659840371	0.56188395759	135	135
92.0	95.0	79.0	141.0	163.0	158.0	6	0.0558900314348	0.000996913278023	DLR00012709-2009-07-03_22-39-55	0.116443592339	7	103	944.5	1023.5	0.117701722549	0.496723320369	135	135
90.0	94.0	79.0	145.0	168.0	164.0	7	0.0553572379988	0.00108384018327	DLR00012709-2009-07-03_22-39-55	0.162033456636	7	103	1085.5	1037.5	0.163224865589	0.617081357558	135	135
90.0	94.0	79.0	139.0	160.0	154.0	8	0.0593531887687	0.000965728675653	DLR00012709-2009-07-03_22-39-55	0.120088799116	7	103	1226.5	1029.5	0.122369283549	0.531141776333	135	135
89.0	93.0	79.0	143.0	166.0	162.0	9	0.0518408013213	0.00106712332062	DLR00012709-2009-07-03_22-39-55	0.137803800259	7	103	1363.5	1026.5	0.140126343174	0.545420640418	135	135
89.0	93.0	78.0	138.0	161.0	156.0	10	0.0552506793116	0.00100079289727	DLR00012709-2009-07-03_22-39-55	0.118909830435	7	103	1497.5	1030.5	0.121677923793	0.508977569396	135	135
88.0	92.0	78.0	142.5	167.0	163.0	11	0.055996590122	0.00109533675682	DLR00012709-2009-07-03_22-39-55	0.156700123119	7	103	1640.5	1036.5	0.159263452333	0.596195854867	135	135
87.0	92.0	78.0	137.0	159.0	153.0	12	0.0702221748628	0.000976015223132	DLR00012709-2009-07-03_22-39-55	0.10419943482	7	103	1771.5	1031.5	0.108481228314	0.4702434866	135	135
87.0	92.0	78.0	142.0	166.0	161.0	13	0.0556236347168	0.00108970413861	DLR00012709-2009-07-03_22-39-55	0.14915136402	7	103	1908.5	1033.5	0.152593494208	0.573978368586	135	135
87.0	91.0	77.0	135.0	157.0	151.0	14	0.0791731045874	0.000959789734069	DLR00012709-2009-07-03_22-39-55	0.109861318844	7	103	2046.5	1031.5	0.113126205155	0.495924130215	135	135
87.0	92.0	77.0	142.0	166.0	161.0	15	0.0612712451383	0.00111086863501	DLR00012709-2009-07-03_22-39-55	0.156487182221	7	103	2184.5	1033.5	0.158750892984	0.590708082476	135	135
88.0	91.0	77.0	137.0	158.0	152.0	16	0.0768820928126	0.000999281279971	DLR00012709-2009-07-03_22-39-55	0.121211235679	7	103	2314.5	1025.5	0.123466770324	0.522403963983	135	135
88.0	92.0	77.0	142.0	165.0	160.0	17	0.0574884117428	0.00111208123431	DLR00012709-2009-07-03_22-39-55	0.155020993654	7	103	2458.5	1031.5	0.156434474774	0.576589056423	135	135
88.0	91.0	76.0	137.0	158.0	151.0	18	0.0642548883798	0.00101319063099	DLR00012709-2009-07-03_22-39-55	0.118919896098	7	103	2591.5	1028.5	0.120106033907	0.497842186584	135	135
89.0	91.0	76.0	141.0	164.0	159.0	19	0.0575416910864	0.00111943448101	DLR00012709-2009-07-03_22-39-55	0.156211333136	7	103	2725.5	1027.5	0.156185584135	0.573925089243	135	135
89.0	91.0	76.0	136.0	155.0	147.0	20	0.071127923704	0.000991319302574	DLR00012709-2009-07-03_22-39-55	0.12119178255	7	103	2872.5	1031.5	0.12065265754	0.509830038894	135	135
89.0	91.0	76.0	142.0	163.0	157.0	21	0.0612179657947	0.00114088619791	DLR00012709-2009-07-03_22-39-55	0.154601635096	7	103	2999.5	1031.5	0.153287335614	0.565773349672	135	135
87.0	89.0	74.0	138.0	157.0	150.0	22	0.0626032287282	0.00108968162761	DLR00012709-2009-07-03_22-39-55	0.145324223051	7	103	3137.5	1024.5	0.143616878938	0.551441206244	135	135
86.0	88.0	74.0	141.0	161.0	156.0	23	0.0693164260216	0.00120942948764	DLR00012709-2009-07-03_22-39-55	0.172614966824	7	103	3267.5	1024.5	0.169611317306	0.587671159891	135	135
86.0	88.0	74.0	142.0	162.0	158.0	24	0.0685705152113	0.00126756087092	DLR00012709-2009-07-03_22-39-55	0.198248327177	7	103	3411.5	1031.5	0.197191787733	0.650327667963	135	135
90.0	93.0	81.0	144.0	163.0	160.0	1	0.0508817731366	0.00114016469484	DLR00012709-2009-07-03_22-39-55	0.192700382938	8	103	276.5	1172.5	0.190106919962	0.690020778944	135	135
91.0	94.0	81.0	139.0	158.0	154.0	2	0.0642016090362	0.00100066937933	DLR00012709-2009-07-03_22-39-55	0.132220502831	8	103	411.5	1167.5	0.12963464676	0.548883797752	135	135
92.0	94.0	81.0	146.0	167.0	163.0	3	0.0510948905109	0.00109685385899	DLR00012709-2009-07-03_22-39-55	0.153243956699	8	103	546.5	1155.5	0.151904330572	0.578080878044	135	135
92.0	95.0	80.0	140.0	159.0	153.0	4	0.0592999094251	0.000954600549471	DLR00012709-2009-07-03_22-39-55	0.105612798293	8	103	678.5	1168.5	0.105353881196	0.4702434866	135	135
92.0	95.0	80.0	144.0	166.0	162.0	5	0.0497096275774	0.00105052727489	DLR00012709-2009-07-03_22-39-55	0.144662641522	8	103	822.5	1164.5	0.144974478245	0.565826629016	135	135
92.0	95.0	80.0	140.0	160.0	154.0	6	0.0700090574884	0.000965450753985	DLR00012709-2009-07-03_22-39-55	0.107312550722	8	103	952.5	1170.5	0.107645439085	0.474399275401	135	135
90.0	94.0	79.0	142.0	165.0	160.0	7	0.0517875219777	0.00103955601955	DLR00012709-2009-07-03_22-39-55	0.146692344941	8	103	1082.5	1164.5	0.147822457205	0.583302253716	135	135
90.0	94.0	79.0	137.0	159.0	152.0	8	0.0547178858756	0.000954177161486	DLR00012709-2009-07-03_22-39-55	0.117174477602	8	103	1226.5	1157.5	0.118975186345	0.515317811285	135	135
89.0	93.0	79.0	141.0	165.0	160.0	9	0.0502424210134	0.00105898774418	DLR00012709-2009-07-03_22-39-55	0.140543776334	8	103	1358.5	1166.5	0.142470566559	0.555010922265	135	135
89.0	92.0	78.0	136.0	158.0	153.0	10	0.0689434706164	0.000969859813259	DLR00012709-2009-07-03_22-39-55	0.113325747534	8	103	1499.5	1164.5	0.115815283239	0.505727529437	135	135
88.0	92.0	78.0	140.0	164.0	160.0	11	0.0535990196601	0.00105746264497	DLR00012709-2009-07-03_22-39-55	0.132775198508	8	103	1635.5	1164.5	0.136245948343	0.534125419575	135	135
87.0	92.0	78.0	135.0	156.0	150.0	12	0.069263146678	0.000928786257283	DLR00012709-2009-07-03_22-39-55	0.106822043639	8	103	1777.5	1157.5	0.110478888877	0.500879109169	135	135
87.0	91.0	78.0	139.0	162.0	158.0	13	0.0527465501625	0.001049020773	DLR00012709-2009-07-03_22-39-55	0.130770010122	8	103	1903.5	1164.5	0.134555173968	0.530981938303	135	135
87.0	91.0	77.0	135.0	156.0	151.0	14	0.0692098673344	0.00096480209966	DLR00012709-2009-07-03_22-39-55	0.110920588477	8	103	2047.5	1164.5	0.114468719482	0.498321700677	135	135
87.0	91.0	77.0	139.0	162.0	158.0	15	0.05759497043	0.00106514534391	DLR00012709-2009-07-03_22-39-55	0.145770779588	8	103	2182.5	1164.5	0.148143848484	0.575896424956	135	135
87.0	91.0	77.0	136.0	157.0	151.0	16	0.0693164260216	0.000991920424847	DLR00012709-2009-07-03_22-39-55	0.115822017021	8	103	2317.5	1164.5	0.118042463667	0.501838137354	135	135
88.0	91.0	77.0	140.0	163.0	158.0	17	0.0596728648303	0.00109289773555	DLR00012709-2009-07-03_22-39-55	0.150771254093	8	103	2452.5	1164.5	0.151991178319	0.57728168789	135	135
88.0	91.0	76.0	137.0	158.0	152.0	18	0.0626032287282	0.0010278264143	DLR00012709-2009-07-03_22-39-55	0.125371561115	8	103	2591.5	1163.5	0.125881221729	0.512014491981	135	135
88.0	91.0	76.0	140.0	162.0	156.0	19	0.0553572379988	0.00109211381423	DLR00012709-2009-07-03_22-39-55	0.148310883699	8	103	2721.5	1168.5	0.148275317242	0.565347114924	135	135
89.0	91.0	75.0	138.0	158.0	152.0	20	0.0631893015078	0.00104603174942	DLR00012709-2009-07-03_22-39-55	0.120435324805	8	103	2866.5	1164.5	0.120002336305	0.484948585433	135	135
88.0	90.0	75.0	141.0	162.0	156.0	21	0.0538121370345	0.00112667210347	DLR00012709-2009-07-03_22-39-55	0.149491798025	8	103	2996.5	1164.5	0.148607684852	0.545793595823	135	135
87.0	89.0	74.0	139.0	158.0	152.0	22	0.0590867920507	0.00111695691818	DLR00012709-2009-07-03_22-39-55	0.14202933268	8	103	3137.5	1155.5	0.140111619201	0.524694975758	135	135
86.0	87.0	73.0	141.0	161.0	157.0	23	0.0580212051788	0.00121928496954	DLR00012709-2009-07-03_22-39-55	0.171476580085	8	103	3269.5	1164.5	0.168959724225	0.578986626885	135	135
86.0	87.0	74.0	141.0	161.0	156.0	24	0.0640417710054	0.00124599122182	DLR00012709-2009-07-03_22-39-55	0.188860022238	8	103	3408.5	1164.5	0.187115405331	0.629282327242	135	135
91.0	92.0	79.0	143.0	163.0	159.0	1	0.0486440407054	0.00111240587018	DLR00012709-2009-07-03_22-39-55	0.174427236804	9	103	278.5	1304.5	0.172644164834	0.639405402525	135	135
91.0	93.0	79.0	143.0	163.0	159.0	2	0.0455538387767	0.00107089050469	DLR00012709-2009-07-03_22-39-55	0.142610371341	9	103	409.5	1304.5	0.140655185598	0.5472321381	135	135
92.0	94.0	80.0	143.0	164.0	160.0	3	0.048963716767	0.00105743775527	DLR00012709-2009-07-03_22-39-55	0.148970434338	9	103	541.5	1301.5	0.147725319064	0.579732537695	135	135
92.0	95.0	80.0	142.0	162.0	157.0	4	0.0488571580798	0.000993693660878	DLR00012709-2009-07-03_22-39-55	0.135420777321	9	103	679.5	1304.5	0.135038809555	0.565826629016	135	135
92.0	95.0	80.0	145.0	166.0	162.0	5	0.0488571580798	0.00105538187389	DLR00012709-2009-07-03_22-39-55	0.145568779034	9	103	815.5	1304.5	0.145447510622	0.573765251212	135	135
91.0	95.0	79.0	140.0	161.0	155.0	6	0.0550908412808	0.000980381618571	DLR00012709-2009-07-03_22-39-55	0.12343885446	9	103	952.5	1301.5	0.12387550011	0.532953274016	135	135
90.0	94.0	79.0	143.0	166.0	161.0	7	0.0514678459161	0.00106375860778	DLR00012709-2009-07-03_22-39-55	0.135176729973	9	103	1082.5	1304.5	0.136444280314	0.532260642549	135	135
89.0	94.0	79.0	139.0	162.0	157.0	8	0.0484842026746	0.00101504287941	DLR00012709-2009-07-03_22-39-55	0.130196226941	9	103	1233.5	1304.5	0.1315778644	0.543715701423	135	135
89.0	93.0	79.0	141.0	165.0	161.0	9	0.0509350524802	0.00107386861714	DLR00012709-2009-07-03_22-39-55	0.144041665803	9	103	1354.5	1300.5	0.145477607888	0.561990516277	135	135
88.0	92.0	77.0	137.0	160.0	154.0	10	0.0531727849113	0.000996409802231	DLR00012709-2009-07-03_22-39-55	0.121150047499	9	103	1497.5	1303.5	0.124412176308	0.521071980393	135	135
87.0	92.0	78.0	141.0	164.0	160.0	11	0.0592466300815	0.00107033416814	DLR00012709-2009-07-03_22-39-55	0.156025984421	9	103	1636.5	1311.5	0.158451580323	0.602855772817	135	135
87.0	91.0	77.0	135.0	156.0	150.0	12	0.0631360221642	0.000942412251564	DLR00012709-2009-07-03_22-39-55	0.105409720805	9	103	1771.5	1304.5	0.10971251572	0.48697320049	135	135
86.0	91.0	77.0	141.0	165.0	161.0	13	0.0577548084608	0.00109019692651	DLR00012709-2009-07-03_22-39-55	0.151272233165	9	103	1906.5	1310.5	0.155158888106	0.587617880548	135	135
86.0	90.0	76.0	137.0	159.0	154.0	14	0.0686770738984	0.0010150558009	DLR00012709-2009-07-03_22-39-55	0.120470053166	9	103	2039.5	1306.5	0.125019239301	0.518567851244	135	135
86.0	90.0	76.0	140.0	164.0	160.0	15	0.0600458202355	0.00111652388208	DLR00012709-2009-07-03_22-39-55	0.158256749917	9	103	2180.5	1304.5	0.160375852253	0.587617880548	135	135
87.0	90.0	75.0	135.0	157.0	151.0	16	0.0566892215888	0.00100977108423	DLR00012709-2009-07-03_22-39-55	0.112148595206	9	103	2317.5	1297.5	0.115352452834	0.479620651074	135	135
87.0	91.0	76.0	139.0	162.0	157.0	17	0.0537055783473	0.00108948436721	DLR00012709-2009-07-03_22-39-55	0.141403279163	9	103	2465.5	1304.5	0.143103276311	0.543715701423	135	135
88.0	91.0	76.0	137.0	159.0	153.0	18	0.0741648462891	0.00105174923443	DLR00012709-2009-07-03_22-39-55	0.125866612918	9	103	2591.5	1295.5	0.126771481682	0.513932548351	135	135
88.0	91.0	76.0	142.0	164.0	159.0	19	0.0615909211999	0.00114290502873	DLR00012709-2009-07-03_22-39-55	0.158211141887	9	103	2725.5	1304.5	0.157633230822	0.572113591561	135	135
88.0	91.0	75.0	138.0	158.0	151.0	20	0.0628696254462	0.00105397317564	DLR00012709-2009-07-03_22-39-55	0.130785134847	9	103	2866.5	1304.5	0.130492287724	0.519899834834	135	135
88.0	90.0	75.0	141.0	162.0	156.0	21	0.0663327827801	0.00113712886884	DLR00012709-2009-07-03_22-39-55	0.149800938626	9	103	2992.5	1304.5	0.148687517133	0.544674729607	135	135
87.0	88.0	74.0	136.0	154.0	147.0	22	0.0788534285258	0.00105190667914	DLR00012709-2009-07-03_22-39-55	0.125030805919	9	103	3143.5	1294.5	0.123387505058	0.494858543343	135	135
86.0	88.0	75.0	141.0	162.0	157.0	23	0.0592466300815	0.00122525594329	DLR00012709-2009-07-03_22-39-55	0.180716727791	9	103	3271.5	1304.5	0.177562440863	0.599872129575	135	135
86.0	88.0	74.0	142.0	161.0	157.0	24	0.0669721349033	0.00126060776329	DLR00012709-2009-07-03_22-39-55	0.188169350203	9	103	3412.5	1304.5	0.186389057394	0.622036336512	135	135
91.0	92.0	79.0	144.0	163.0	159.0	1	0.0507219351058	0.00108948180827	DLR00012709-2009-07-03_22-39-55	0.183349253381	10	103	265.5	1431.5	0.182499699953	0.690020778944	135	135
91.0	93.0	79.0	139.0	157.0	151.0	2	0.0493899515158	0.000972043941116	DLR00012709-2009-07-03_22-39-55	0.104821671699	10	103	409.5	1438.5	0.103312907977	0.450796526187	135	135
92.0	94.0	79.0	145.0	166.0	162.0	3	0.0479514092386	0.00108469236394	DLR00012709-2009-07-03_22-39-55	0.148514023309	10	103	544.5	1446.5	0.147758431163	0.563482337898	135	135
92.0	95.0	80.0	141.0	160.0	154.0	4	0.0539186957217	0.0009657013033	DLR00012709-2009-07-03_22-39-55	0.104397196561	10	103	678.5	1431.5	0.103682833262	0.454472800895	135	135
92.0	95.0	80.0	146.0	168.0	163.0	5	0.0513612872289	0.00107812070338	DLR00012709-2009-07-03_22-39-55	0.144833769863	10	103	820.5	1433.5	0.144700066512	0.554531408173	135	135
91.0	95.0	79.0	140.0	161.0	155.0	6	0.0508817731366	0.000986212922939	DLR00012709-2009-07-03_22-39-55	0.120578277245	10	103	961.5	1439.5	0.120905072043	0.513346475571	135	135
90.0	94.0	79.0	143.0	166.0	161.0	7	0.0507219351058	0.00107282646056	DLR00012709-2009-07-03_22-39-55	0.144917975269	10	103	1093.5	1442.5	0.145972474468	0.562150354308	135	135
89.0	93.0	78.0	136.0	158.0	152.0	8	0.0533326229421	0.000958506297307	DLR00012709-2009-07-03_22-39-55	0.107949479426	10	103	1226.5	1438.5	0.109645979208	0.478768181576	135	135
89.0	93.0	78.0	140.0	163.0	159.0	9	0.0550908412808	0.00105870104546	DLR00012709-2009-07-03_22-39-55	0.139481530983	10	103	1355.5	1432.5	0.14138292268	0.554371570142	135	135
88.0	92.0	77.0	135.0	157.0	152.0	10	0.0516276839469	0.000965593004154	DLR00012709-2009-07-03_22-39-55	0.115975818993	10	103	1503.5	1431.5	0.119313246421	0.517342426341	135	135
87.0	92.0	77.0	139.0	162.0	157.0	11	0.0547178858756	0.0010269098992	DLR00012709-2009-07-03_22-39-55	0.133254440169	10	103	1642.5	1438.5	0.136045935422	0.547125579413	135	135
87.0	91.0	77.0	136.0	158.0	153.0	12	0.0621769939794	0.000988533227137	DLR00012709-2009-07-03_22-39-55	0.115919125896	10	103	1771.5	1438.5	0.119943237862	0.505248015344	135	135
87.0	91.0	77.0	140.0	163.0	159.0	13	0.056795780276	0.0010694432829	DLR00012709-2009-07-03_22-39-55	0.137438169048	10	103	1904.5	1438.5	0.141114702665	0.54781821088	135	135
87.0	91.0	76.0	135.0	157.0	151.0	14	0.0649475198466	0.000983450658192	DLR00012709-2009-07-03_22-39-55	0.116483636434	10	103	2046.5	1439.5	0.119645624265	0.514412062443	135	135
86.0	90.0	75.0	139.0	162.0	158.0	15	0.0580744845224	0.00109248654726	DLR00012709-2009-07-03_22-39-55	0.149874902282	10	103	2184.5	1438.5	0.15238971602	0.575310352176	135	135
86.0	90.0	75.0	136.0	157.0	151.0	16	0.0671319729341	0.00102644130181	DLR00012709-2009-07-03_22-39-55	0.11941122549	10	103	2319.5	1438.5	0.121877768953	0.499653684267	135	135
87.0	90.0	76.0	140.0	163.0	159.0	17	0.0618573179178	0.00112313644796	DLR00012709-2009-07-03_22-39-55	0.157614322553	10	103	2462.5	1428.5	0.158912547272	0.583835047152	135	135
88.0	90.0	75.0	136.0	156.0	149.0	18	0.0758697852842	0.00101502166231	DLR00012709-2009-07-03_22-39-55	0.113140015173	10	103	2591.5	1438.5	0.114033548169	0.481432148756	135	135
88.0	90.0	75.0	140.0	161.0	155.0	19	0.0637220949438	0.00110869370515	DLR00012709-2009-07-03_22-39-55	0.148818280359	10	103	2721.5	1438.5	0.148676675316	0.556449464543	135	135
88.0	90.0	75.0	135.0	153.0	146.0	20	0.0680910011189	0.000997288821349	DLR00012709-2009-07-03_22-39-55	0.11239019633	10	103	2866.5	1435.5	0.111870333848	0.471255794129	135	135
88.0	90.0	74.0	141.0	163.0	157.0	21	0.0587671159891	0.00116234730915	DLR00012709-2009-07-03_22-39-55	0.156238335731	10	103	3003.5	1438.5	0.154891928364	0.557195375353	135	135
87.0	88.0	74.0	138.0	158.0	152.0	22	0.0684639565241	0.00112467527789	DLR00012709-2009-07-03_22-39-55	0.146259685078	10	103	3136.5	1430.5	0.144623330554	0.540412382119	135	135
85.0	87.0	75.0	141.0	162.0	158.0	23	0.0592466300815	0.00123412143914	DLR00012709-2009-07-03_22-39-55	0.180910072251	10	103	3274.5	1438.5	0.177957768057	0.599232777452	135	135
86.0	87.0	74.0	141.0	160.0	156.0	24	0.0645212850978	0.00124873674995	DLR00012709-2009-07-03_22-39-55	0.184371536616	10	103	3414.5	1438.5	0.183065010741	0.614683787096	135	135
91.0	92.0	79.0	144.0	163.0	159.0	1	0.0444882519047	0.00111161188205	DLR00012709-2009-07-03_22-39-55	0.178386429913	11	103	272.5	1578.5	0.177072625315	0.658905642282	135	135
91.0	94.0	80.0	143.0	162.0	158.0	2	0.0557834727476	0.00105856139993	DLR00012709-2009-07-03_22-39-55	0.144198347562	11	103	409.5	1577.5	0.141225619721	0.566199584421	135	135
92.0	95.0	80.0	147.0	169.0	165.0	3	0.0493899515158	0.0011246409734	DLR00012709-2009-07-03_22-39-55	0.16550401813	11	103	539.5	1580.5	0.163765256411	0.601097554478	135	135
92.0	95.0	80.0	141.0	161.0	156.0	4	0.0467259843359	0.000994218586741	DLR00012709-2009-07-03_22-39-55	0.126355484	11	103	678.5	1578.5	0.124994207567	0.527412222281	135	135
92.0	95.0	80.0	145.0	167.0	163.0	5	0.049496510203	0.00107738412119	DLR00012709-2009-07-03_22-39-55	0.156950410987	11	103	815.5	1578.5	0.156130024192	0.596675368959	135	135
91.0	94.0	79.0	139.0	159.0	153.0	6	0.0521071980393	0.000961394219119	DLR00012709-2009-07-03_22-39-55	0.121302627102	11	103	954.5	1576.5	0.121422335116	0.526453194097	135	135
90.0	94.0	79.0	144.0	166.0	162.0	7	0.0521071980393	0.00109025126083	DLR00012709-2009-07-03_22-39-55	0.147625334059	11	103	1090.5	1574.5	0.147792812463	0.563162661836	135	135
89.0	93.0	78.0	138.0	159.0	153.0	8	0.0576482497736	0.000990905488359	DLR00012709-2009-07-03_22-39-55	0.121273232444	11	103	1226.5	1580.5	0.122595411735	0.523789226917	135	135
88.0	92.0	78.0	142.0	166.0	161.0	9	0.0539719750653	0.00110367887785	DLR00012709-2009-07-03_22-39-55	0.157287508294	11	103	1366.5	1586.5	0.158647661797	0.598327028611	135	135
87.0	92.0	77.0	137.0	159.0	154.0	10	0.056529383558	0.00101435869477	DLR00012709-2009-07-03_22-39-55	0.115469223696	11	103	1497.5	1578.5	0.117787421338	0.488092066706	135	135
87.0	92.0	77.0	138.0	162.0	157.0	11	0.056529383558	0.00105623974402	DLR00012709-2009-07-03_22-39-55	0.138830605926	11	103	1639.5	1571.5	0.141163080435	0.553359262614	135	135
87.0	91.0	76.0	137.0	160.0	155.0	12	0.0581277638659	0.00102927544578	DLR00012709-2009-07-03_22-39-55	0.118895000722	11	103	1771.5	1569.5	0.12283373995	0.502104534072	135	135
86.0	91.0	76.0	141.0	165.0	161.0	13	0.057062176994	0.00111259679072	DLR00012709-2009-07-03_22-39-55	0.155775746273	11	103	1908.5	1570.5	0.158614400324	0.58601950024	135	135
86.0	90.0	76.0	134.0	156.0	150.0	14	0.0621769939794	0.00098739053658	DLR00012709-2009-07-03_22-39-55	0.115350626186	11	103	2046.5	1578.5	0.118330732604	0.507965261868	135	135
86.0	90.0	76.0	139.0	162.0	158.0	15	0.0576482497736	0.00111163318039	DLR00012709-2009-07-03_22-39-55	0.148577321305	11	103	2178.5	1578.5	0.150540507569	0.559646225159	135	135
86.0	89.0	74.0	134.0	154.0	149.0	16	0.0702221748628	0.000997480519504	DLR00012709-2009-07-03_22-39-55	0.116304395956	11	103	2320.5	1575.5	0.118714236143	0.498215141989	135	135
86.0	90.0	75.0	138.0	161.0	156.0	17	0.0600458202355	0.00110764895702	DLR00012709-2009-07-03_22-39-55	0.148472982297	11	103	2458.5	1578.5	0.149373867203	0.560658532687	135	135
87.0	90.0	75.0	137.0	158.0	152.0	18	0.0645745644414	0.00106284300441	DLR00012709-2009-07-03_22-39-55	0.131040286036	11	103	2591.5	1573.5	0.132180323649	0.52309659545	135	135
87.0	90.0	75.0	140.0	162.0	157.0	19	0.0662262240929	0.00113516189246	DLR00012709-2009-07-03_22-39-55	0.156844110868	11	103	2724.5	1578.5	0.156428144356	0.571527518781	135	135
88.0	89.0	74.0	137.0	156.0	150.0	20	0.0685705152113	0.00105589672591	DLR00012709-2009-07-03_22-39-55	0.120838623639	11	103	2866.5	1578.5	0.120193266337	0.486493686398	135	135
87.0	90.0	75.0	140.0	161.0	155.0	21	0.064627843785	0.00115043137641	DLR00012709-2009-07-03_22-39-55	0.153617977501	11	103	2994.5	1578.5	0.151339224078	0.549523149875	135	135
87.0	88.0	74.0	136.0	154.0	148.0	22	0.0744312430071	0.00107348968774	DLR00012709-2009-07-03_22-39-55	0.136562918957	11	103	3137.5	1571.5	0.134145637668	0.532154083862	135	135
84.0	87.0	74.0	140.0	161.0	156.0	23	0.0660131067185	0.00123707931984	DLR00012709-2009-07-03_22-39-55	0.179467145877	11	103	3272.5	1578.5	0.177053162454	0.601097554478	135	135
84.0	86.0	73.0	141.0	160.0	155.0	24	0.0671852522777	0.00126289102232	DLR00012709-2009-07-03_22-39-55	0.192899574253	11	103	3405.5	1568.5	0.190814138787	0.634929937663	135	135
91.0	93.0	81.0	144.0	163.0	160.0	1	0.0444882519047	0.00112890785945	DLR00012709-2009-07-03_22-39-55	0.185465086289	12	103	269.5	1711.5	0.183617621854	0.671586126059	135	135
91.0	94.0	80.0	140.0	158.0	153.0	2	0.05626298684	0.0010143365987	DLR00012709-2009-07-03_22-39-55	0.131185919264	12	103	409.5	1704.5	0.128084203237	0.535563961852	135	135
92.0	94.0	80.0	145.0	166.0	162.0	3	0.0472054984283	0.00109949951795	DLR00012709-2009-07-03_22-39-55	0.151988624296	12	103	544.5	1711.5	0.149874211442	0.563802013959	135	135
92.0	95.0	81.0	140.0	159.0	153.0	4	0.0673450903085	0.000973954425401	DLR00012709-2009-07-03_22-39-55	0.116227793913	12	103	680.5	1711.5	0.113494448937	0.495284778092	135	135
92.0	96.0	81.0	145.0	166.0	162.0	5	0.0514145665725	0.00107934397921	DLR00012709-2009-07-03_22-39-55	0.150830002407	12	103	815.5	1704.5	0.149138008539	0.576589056423	135	135
92.0	94.0	79.0	138.0	158.0	151.0	6	0.0450743246843	0.000952468728113	DLR00012709-2009-07-03_22-39-55	0.114085366467	12	103	952.5	1709.5	0.113915291389	0.500079919015	135	135
90.0	94.0	79.0	142.0	165.0	161.0	7	0.0490702754542	0.00107937436124	DLR00012709-2009-07-03_22-39-55	0.147242142845	12	103	1086.5	1712.5	0.147074079886	0.565560232298	135	135
89.0	93.0	78.0	138.0	159.0	153.0	8	0.0606318930151	0.00100093377906	DLR00012709-2009-07-03_22-39-55	0.11444769646	12	103	1222.5	1711.5	0.115214454976	0.483190367095	135	135
88.0	92.0	78.0	141.0	164.0	160.0	9	0.0485907613618	0.0010919948201	DLR00012709-2009-07-03_22-39-55	0.143782735049	12	103	1363.5	1711.5	0.144955969636	0.547125579413	135	135
88.0	91.0	77.0	134.0	154.0	147.0	10	0.0653204752517	0.000935165522304	DLR00012709-2009-07-03_22-39-55	0.102654942836	12	103	1497.5	1711.5	0.104395310234	0.464649155522	135	135
87.0	91.0	77.0	141.0	164.0	160.0	11	0.057328573712	0.00111550020515	DLR00012709-2009-07-03_22-39-55	0.147958482047	12	103	1634.5	1705.5	0.149695905751	0.554424849486	135	135
87.0	90.0	76.0	136.0	158.0	152.0	12	0.0604187756407	0.00102169224086	DLR00012709-2009-07-03_22-39-55	0.103119118718	12	103	1771.5	1705.5	0.106511714804	0.440407054185	135	135
86.0	90.0	75.0	137.0	160.0	155.0	13	0.0578080878044	0.0010610992071	DLR00012709-2009-07-03_22-39-55	0.13761373126	12	103	1904.5	1715.5	0.140179211545	0.548777239064	135	135
86.0	89.0	75.0	135.0	157.0	152.0	14	0.0633491395386	0.00103075346529	DLR00012709-2009-07-03_22-39-55	0.121236346935	12	103	2046.5	1711.5	0.124214301844	0.505461132719	135	135
85.0	89.0	75.0	138.0	162.0	157.0	15	0.0620704352922	0.00112521597145	DLR00012709-2009-07-03_22-39-55	0.150495260817	12	103	2184.5	1711.5	0.15186409669	0.560765091374	135	135
86.0	89.0	74.0	135.0	156.0	150.0	16	0.0677180457137	0.00104367340776	DLR00012709-2009-07-03_22-39-55	0.118009480183	12	103	2317.5	1711.5	0.119840942996	0.48755927327	135	135
86.0	89.0	75.0	140.0	162.0	158.0	17	0.0680910011189	0.00114066355867	DLR00012709-2009-07-03_22-39-55	0.161431712771	12	103	2464.5	1710.5	0.161736685569	0.586871969737	135	135
86.0	89.0	74.0	136.0	157.0	151.0	18	0.0605253343279	0.00105621486114	DLR00012709-2009-07-03_22-39-55	0.12972997221	12	103	2591.5	1711.5	0.130714132869	0.522190846609	135	135
87.0	89.0	74.0	140.0	162.0	157.0	19	0.0586072779583	0.00115069680529	DLR00012709-2009-07-03_22-39-55	0.146936052464	12	103	2722.5	1711.5	0.147474185416	0.529117161277	135	135
87.0	88.0	74.0	137.0	156.0	150.0	20	0.0671319729341	0.0010775990822	DLR00012709-2009-07-03_22-39-55	0.118633174488	12	103	2866.5	1715.5	0.118088172484	0.46209174703	135	135
87.0	89.0	74.0	141.0	161.0	156.0	21	0.0628163461026	0.00118769623426	DLR00012709-2009-07-03_22-39-55	0.166377069993	12	103	2999.5	1711.5	0.164162840679	0.571048004689	135	135
86.0	88.0	74.0	136.0	155.0	148.0	22	0.0771484895306	0.00109580184288	DLR00012709-2009-07-03_22-39-55	0.130441204343	12	103	3137.5	1703.5	0.127538917529	0.494112632532	135	135
84.0	86.0	73.0	138.0	158.0	153.0	23	0.0584474399275	0.00120556321318	DLR00012709-2009-07-03_22-39-55	0.167695442366	12	103	3272.5	1711.5	0.16534308368	0.57136768075	135	135
84.0	86.0	73.0	140.0	159.0	155.0	24	0.0621769939794	0.00127242333801	DLR00012709-2009-07-03_22-39-55	0.192743730128	12	103	3405.5	1703.5	0.190182940193	0.626085566626	135	135
91.0	93.0	81.0	144.0	163.0	160.0	1	0.042996430284	0.00114038464847	DLR00012709-2009-07-03_22-39-55	0.18434393916	13	103	275.5	1858.5	0.181668664225	0.659385156375	135	135
91.0	94.0	81.0	141.0	161.0	157.0	2	0.0491235547978	0.00106964366906	DLR00012709-2009-07-03_22-39-55	0.140250955463	13	103	409.5	1847.5	0.136199414548	0.539400074591	135	135
91.0	94.0	80.0	145.0	166.0	162.0	3	0.0462464702435	0.00111521805691	DLR00012709-2009-07-03_22-39-55	0.150014858242	13	103	544.5	1850.5	0.147307314349	0.548670680377	135	135
92.0	95.0	81.0	141.0	160.0	155.0	4	0.0552506793116	0.00100867356577	DLR00012709-2009-07-03_22-39-55	0.117689250553	13	103	678.5	1853.5	0.115334528679	0.483190367095	135	135
92.0	95.0	80.0	144.0	166.0	161.0	5	0.0535990196601	0.00107658451216	DLR00012709-2009-07-03_22-39-55	0.145105096824	13	103	815.5	1850.5	0.143267730056	0.554957642922	135	135
92.0	95.0	80.0	140.0	160.0	154.0	6	0.0587138366455	0.000999686697604	DLR00012709-2009-07-03_22-39-55	0.122549390642	13	103	949.5	1850.5	0.120942900128	0.511801374607	135	135
91.0	94.0	79.0	142.0	165.0	160.0	7	0.0514678459161	0.00108040504072	DLR00012709-2009-07-03_22-39-55	0.15147945708	13	103	1081.5	1846.5	0.151050787483	0.577175129202	135	135
89.0	93.0	78.0	136.0	156.0	150.0	8	0.0540252544089	0.000958212002835	DLR00012709-2009-07-03_22-39-55	0.111751815314	13	103	1226.5	1850.5	0.112478782407	0.488411742767	135	135
88.0	92.0	77.0	141.0	164.0	160.0	9	0.0538121370345	0.00109801343644	DLR00012709-2009-07-03_22-39-55	0.15367803908	13	103	1367.5	1851.5	0.154668480173	0.579199744259	135	135
88.0	91.0	77.0	136.0	158.0	152.0	10	0.063562256913	0.00101292148409	DLR00012709-2009-07-03_22-39-55	0.128859945557	13	103	1494.5	1845.5	0.129856825702	0.538281208376	135	135
87.0	91.0	77.0	140.0	164.0	159.0	11	0.0590335127071	0.00111546537633	DLR00012709-2009-07-03_22-39-55	0.153978137536	13	103	1638.5	1850.5	0.154961651319	0.571048004689	135	135
87.0	90.0	76.0	134.0	155.0	149.0	12	0.0665991794981	0.000994931988878	DLR00012709-2009-07-03_22-39-55	0.114648871861	13	103	1771.5	1850.5	0.116520429887	0.491821620758	135	135
86.0	90.0	75.0	140.0	163.0	159.0	13	0.0569556183068	0.00113409224148	DLR00012709-2009-07-03_22-39-55	0.151927041887	13	103	1908.5	1850.5	0.153448849296	0.559539666471	135	135
86.0	89.0	75.0	134.0	155.0	150.0	14	0.0721402312324	0.00102213979209	DLR00012709-2009-07-03_22-39-55	0.117931649505	13	103	2046.5	1845.5	0.119803774733	0.493313442378	135	135
86.0	89.0	75.0	139.0	162.0	158.0	15	0.0654270339389	0.00115159100723	DLR00012709-2009-07-03_22-39-55	0.1538449328	13	103	2184.5	1843.5	0.154754835992	0.561457722841	135	135
86.0	88.0	74.0	135.0	156.0	150.0	16	0.0751238744739	0.00106112961557	DLR00012709-2009-07-03_22-39-55	0.111649347215	13	103	2317.5	1841.5	0.113065652424	0.452448185838	135	135
86.0	89.0	74.0	139.0	161.0	156.0	17	0.0628163461026	0.00113276039275	DLR00012709-2009-07-03_22-39-55	0.147476828064	13	103	2458.5	1850.5	0.147537575397	0.545793595823	135	135
87.0	89.0	74.0	137.0	159.0	153.0	18	0.0819969097981	0.00110226071851	DLR00012709-2009-07-03_22-39-55	0.14531554873	13	103	2582.5	1850.5	0.14473380019	0.553785497363	135	135
87.0	89.0	74.0	140.0	162.0	157.0	19	0.0605253343279	0.00116581669906	DLR00012709-2009-07-03_22-39-55	0.153537432084	13	103	2729.5	1850.5	0.152924944683	0.544994405669	135	135
86.0	88.0	74.0	136.0	156.0	150.0	20	0.0683573978369	0.00108880974462	DLR00012709-2009-07-03_22-39-55	0.134156781577	13	103	2866.5	1841.5	0.133166808559	0.512707123448	135	135
86.0	88.0	74.0	142.0	163.0	158.0	21	0.0651073578774	0.00122561157543	DLR00012709-2009-07-03_22-39-55	0.171434187194	13	103	2998.5	1850.5	0.169139151002	0.578986626885	135	135
85.0	86.0	72.0	135.0	154.0	148.0	22	0.0598859822047	0.00110876726071	DLR00012709-2009-07-03_22-39-55	0.137776264015	13	103	3137.5	1846.5	0.136135097841	0.510522670361	135	135
84.0	86.0	74.0	139.0	160.0	156.0	23	0.0675582076829	0.00126638563318	DLR00012709-2009-07-03_22-39-55	0.19328946059	13	103	3274.5	1848.5	0.189487531025	0.620864190953	135	135
84.0	86.0	75.0	140.0	159.0	155.0	24	0.0668122968725	0.00129228221059	DLR00012709-2009-07-03_22-39-55	0.203216050776	13	103	3409.5	1856.5	0.20005236807	0.650913740743	135	135
90.0	92.0	80.0	144.0	163.0	160.0	1	0.0485907613618	0.00115910973511	DLR00012709-2009-07-03_22-39-55	0.182878655077	14	103	277.5	1985.5	0.179692852865	0.651712930897	135	135
91.0	93.0	80.0	141.0	159.0	154.0	2	0.0647876818158	0.00105395633017	DLR00012709-2009-07-03_22-39-55	0.127362143439	14	103	409.5	1985.5	0.122481432946	0.500133198359	135	135
92.0	94.0	81.0	146.0	167.0	164.0	3	0.0512547285417	0.00114445117513	DLR00012709-2009-07-03_22-39-55	0.160534233434	14	103	540.5	1985.5	0.156533167926	0.567851244073	135	135
92.0	95.0	81.0	141.0	160.0	155.0	4	0.0659598273749	0.00100781964086	DLR00012709-2009-07-03_22-39-55	0.11872289864	14	103	678.5	1980.5	0.11549600549	0.482444456284	135	135
92.0	95.0	81.0	145.0	166.0	162.0	5	0.0498694656082	0.00108605834266	DLR00012709-2009-07-03_22-39-55	0.152129173025	14	103	814.5	1985.5	0.149517467361	0.57461772071	135	135
92.0	95.0	80.0	138.0	156.0	149.0	6	0.0639352123182	0.000943252405454	DLR00012709-2009-07-03_22-39-55	0.120194309652	14	103	952.5	1985.5	0.117630182144	0.525920400661	135	135
91.0	94.0	79.0	143.0	165.0	161.0	7	0.0525867121317	0.00109025817033	DLR00012709-2009-07-03_22-39-55	0.148899997627	14	103	1082.5	1989.5	0.147533780692	0.56188395759	135	135
90.0	92.0	77.0	138.0	158.0	152.0	8	0.0694762640524	0.000996655148683	DLR00012709-2009-07-03_22-39-55	0.112302168753	14	103	1226.5	1978.5	0.112661231664	0.483669881187	135	135
88.0	92.0	77.0	142.0	165.0	160.0	9	0.0553039586552	0.00112406041404	DLR00012709-2009-07-03_22-39-55	0.146701354536	14	103	1362.5	1985.5	0.147075447292	0.542703393894	135	135
88.0	91.0	76.0	136.0	157.0	150.0	10	0.0726197453247	0.00101234941941	DLR00012709-2009-07-03_22-39-55	0.122528481812	14	103	1498.5	1985.5	0.122880611829	0.512547285417	135	135
87.0	90.0	76.0	139.0	162.0	158.0	11	0.0621769939794	0.00111395312542	DLR00012709-2009-07-03_22-39-55	0.148048580254	14	103	1633.5	1985.5	0.148502084863	0.556449464543	135	135
87.0	90.0	75.0	137.0	159.0	153.0	12	0.0767222547818	0.00106715454402	DLR00012709-2009-07-03_22-39-55	0.121075928679	14	103	1771.5	1980.5	0.121688149057	0.488038787362	135	135
86.0	89.0	74.0	140.0	163.0	158.0	13	0.0656934306569	0.00114456967724	DLR00012709-2009-07-03_22-39-55	0.141879371905	14	103	1906.5	1985.5	0.142752663481	0.523256433481	135	135
86.0	89.0	74.0	135.0	155.0	149.0	14	0.0926527785178	0.00105122486548	DLR00012709-2009-07-03_22-39-55	0.124787803173	14	103	2039.5	1977.5	0.125406083172	0.502903724226	135	135
85.0	88.0	74.0	137.0	160.0	155.0	15	0.0744312430071	0.00111790321935	DLR00012709-2009-07-03_22-39-55	0.138268027056	14	103	2184.5	1993.5	0.138418806729	0.516117001439	135	135
86.0	88.0	74.0	136.0	156.0	149.0	16	0.0851403910704	0.00107645649576	DLR00012709-2009-07-03_22-39-55	0.119014713073	14	103	2317.5	1980.5	0.119072998145	0.4702434866	135	135
86.0	88.0	74.0	140.0	162.0	158.0	17	0.0621237146358	0.00117965480308	DLR00012709-2009-07-03_22-39-55	0.156205490114	14	103	2466.5	1985.5	0.155756470784	0.54781821088	135	135
87.0	88.0	73.0	135.0	155.0	148.0	18	0.0920667057382	0.00105413924977	DLR00012709-2009-07-03_22-39-55	0.126083164784	14	103	2591.5	1985.5	0.125446686243	0.501838137354	135	135
86.0	88.0	73.0	138.0	159.0	153.0	19	0.0786403111514	0.00112628429642	DLR00012709-2009-07-03_22-39-55	0.133910909919	14	103	2725.5	1985.5	0.133714285235	0.507752144494	135	135
86.0	88.0	73.0	135.0	154.0	147.0	20	0.086259257286	0.00107042298748	DLR00012709-2009-07-03_22-39-55	0.11311287968	14	103	2866.5	1983.5	0.112048041907	0.445841547232	135	135
86.0	87.0	73.0	139.0	160.0	155.0	21	0.062496670041	0.00118751112594	DLR00012709-2009-07-03_22-39-55	0.157355083779	14	103	3004.5	1985.5	0.155628343431	0.546059992541	135	135
85.0	86.0	72.0	133.0	151.0	144.0	22	0.0920667057382	0.00107796850067	DLR00012709-2009-07-03_22-39-55	0.131277270763	14	103	3137.5	1985.5	0.128872151304	0.509457083489	135	135
83.0	84.0	72.0	138.0	158.0	154.0	23	0.0650540785338	0.00125830404382	DLR00012709-2009-07-03_22-39-55	0.174643493301	14	103	3268.5	1985.5	0.171775770494	0.569502903724	135	135
84.0	85.0	73.0	138.0	157.0	153.0	24	0.0652671959081	0.00127075163583	DLR00012709-2009-07-03_22-39-55	0.183313513273	14	103	3412.5	1985.5	0.181311086449	0.603015610848	135	135
91.0	92.0	80.0	142.0	160.0	156.0	1	0.0400660663861	0.00113095638512	DLR00012709-2009-07-03_22-39-55	0.180761296603	15	103	269.5	2127.5	0.177788992981	0.654643294795	135	135
91.0	93.0	81.0	141.0	157.0	152.0	2	0.0721935105759	0.00105032529742	DLR00012709-2009-07-03_22-39-55	0.142529702516	15	103	409.5	2124.5	0.137332751881	0.555437157014	135	135
93.0	95.0	83.0	145.0	164.0	160.0	3	0.0530662262241	0.00110369461602	DLR00012709-2009-07-03_22-39-55	0.161763337377	15	103	544.5	2122.5	0.157394576949	0.593052373595	135	135
94.0	96.0	82.0	140.0	157.0	151.0	4	0.0453940007459	0.000955407854577	DLR00012709-2009-07-03_22-39-55	0.129332449014	15	103	675.5	2123.5	0.125457405868	0.557834727476	135	135
93.0	95.0	81.0	144.0	164.0	159.0	5	0.0539186957217	0.00106652448099	DLR00012709-2009-07-03_22-39-55	0.151109153826	15	103	815.5	2129.5	0.148708187259	0.580318610475	135	135
92.0	94.0	80.0	141.0	159.0	152.0	6	0.057328573712	0.00099537243052	DLR00012709-2009-07-03_22-39-55	0.126498918093	15	103	952.5	2124.5	0.124237814831	0.525920400661	135	135
92.0	94.0	80.0	143.0	163.0	159.0	7	0.0553039586552	0.00106382580696	DLR00012709-2009-07-03_22-39-55	0.149581588275	15	103	1090.5	2122.5	0.147721861957	0.570355373222	135	135
91.0	93.0	78.0	140.0	159.0	153.0	8	0.0719803932016	0.00101801207025	DLR00012709-2009-07-03_22-39-55	0.123750035113	15	103	1222.5	2122.5	0.122437507158	0.509297245458	135	135
90.0	92.0	77.0	142.0	163.0	158.0	9	0.0572752943684	0.00112681291278	DLR00012709-2009-07-03_22-39-55	0.155811960965	15	103	1366.5	2122.5	0.153888044278	0.559646225159	135	135
88.0	91.0	76.0	138.0	158.0	152.0	10	0.0724066279503	0.00106879491593	DLR00012709-2009-07-03_22-39-55	0.135391313052	15	103	1497.5	2122.5	0.133508790534	0.529010602589	135	135
87.0	90.0	75.0	140.0	161.0	156.0	11	0.0585007192711	0.00113472080812	DLR00012709-2009-07-03_22-39-55	0.155017884776	15	103	1630.5	2122.5	0.153991553736	0.559326549097	135	135
87.0	89.0	74.0	137.0	158.0	152.0	12	0.0681442804625	0.00108383654946	DLR00012709-2009-07-03_22-39-55	0.134396363847	15	103	1771.5	2122.5	0.134742482255	0.526080238691	135	135
87.0	89.0	74.0	139.0	161.0	156.0	13	0.0642548883798	0.00114459557232	DLR00012709-2009-07-03_22-39-55	0.152568380327	15	103	1901.5	2122.5	0.152590695945	0.555330598327	135	135
86.0	88.0	74.0	136.0	155.0	148.0	14	0.0866854920347	0.00106818560038	DLR00012709-2009-07-03_22-39-55	0.128382479595	15	103	2043.5	2122.5	0.128046863915	0.508764452022	135	135
86.0	88.0	74.0	140.0	162.0	158.0	15	0.0643081677234	0.00119643872122	DLR00012709-2009-07-03_22-39-55	0.165827548862	15	103	2189.5	2122.5	0.164835699472	0.570408652565	135	135
86.0	88.0	73.0	136.0	155.0	148.0	16	0.0864190953167	0.00106644135067	DLR00012709-2009-07-03_22-39-55	0.125379408394	15	103	2323.5	2122.5	0.124493351347	0.493366721722	135	135
87.0	88.0	73.0	141.0	162.0	157.0	17	0.0590867920507	0.00117911795791	DLR00012709-2009-07-03_22-39-55	0.155743840736	15	103	2458.5	2122.5	0.154417686546	0.542170600458	135	135
88.0	89.0	74.0	136.0	155.0	148.0	18	0.0811977196441	0.00105511730867	DLR00012709-2009-07-03_22-39-55	0.122572901725	15	103	2591.5	2128.5	0.121155333043	0.493473280409	135	135
87.0	89.0	74.0	140.0	161.0	156.0	19	0.0670254142469	0.00115802437724	DLR00012709-2009-07-03_22-39-55	0.15561510062	15	103	2730.5	2125.5	0.154628616456	0.555703553732	135	135
88.0	88.0	75.0	138.0	157.0	151.0	20	0.0654803132825	0.00110403760431	DLR00012709-2009-07-03_22-39-55	0.142768761541	15	103	2871.5	2124.5	0.140817113352	0.535990196601	135	135
87.0	88.0	75.0	142.0	161.0	157.0	21	0.064361447067	0.00118967575066	DLR00012709-2009-07-03_22-39-55	0.157965469789	15	103	3001.5	2122.5	0.155081593584	0.545047685013	135	135
86.0	87.0	74.0	136.0	152.0	146.0	22	0.0829026586392	0.00109248778367	DLR00012709-2009-07-03_22-39-55	0.138440925336	15	103	3137.5	2122.5	0.134829122634	0.523789226917	135	135
84.0	86.0	75.0	137.0	155.0	151.0	23	0.0710213650168	0.00120475542477	DLR00012709-2009-07-03_22-39-55	0.179915334341	15	103	3264.5	2122.5	0.176217669473	0.609995204859	135	135
85.0	86.0	75.0	139.0	158.0	154.0	24	0.0616442005434	0.00128545686522	DLR00012709-2009-07-03_22-39-55	0.200099480239	15	103	3417.5	2131.5	0.197924323162	0.647503862752	135	135
93.0	95.0	84.0	145.0	161.0	157.0	1	0.0146518194896	0.000883844481413	DLR00012709-2009-07-03_22-39-55	0.119145526604	16	103	271.5	2261.5	0.119404124225	0.552027279024	135	135
96.0	97.0	87.0	144.0	159.0	154.0	2	0.0189141669775	0.000777233194487	DLR00012709-2009-07-03_22-39-55	0.104102872532	16	103	409.5	2261.5	0.103752744665	0.530449144867	135	135
98.0	100.0	90.0	148.0	164.0	160.0	3	0.0305290638819	0.000886456391655	DLR00012709-2009-07-03_22-39-55	0.128398331189	16	103	553.5	2261.5	0.128649639456	0.584527678619	135	135
98.0	100.0	89.0	145.0	159.0	153.0	4	0.0309020192871	0.000789311531516	DLR00012709-2009-07-03_22-39-55	0.102305690829	16	103	678.5	2261.5	0.102442202045	0.523256433481	135	135
97.0	100.0	88.0	148.0	165.0	161.0	5	0.0394267142629	0.000937868565011	DLR00012709-2009-07-03_22-39-55	0.122290850963	16	103	815.5	2261.5	0.122513032525	0.531248335021	135	135
96.0	98.0	86.0	142.0	156.0	150.0	6	0.0450210453407	0.000850023495093	DLR00012709-2009-07-03_22-39-55	0.0953767309016	16	103	952.5	2261.5	0.0955641517728	0.4681655922	135	135
96.0	99.0	87.0	147.0	166.0	161.0	7	0.0442218551867	0.00101817536846	DLR00012709-2009-07-03_22-39-55	0.14480183069	16	103	1089.5	2261.5	0.145165211675	0.586871969737	135	135
94.0	97.0	84.0	142.0	159.0	152.0	8	0.0542383717833	0.00092890559486	DLR00012709-2009-07-03_22-39-55	0.115249152903	16	103	1226.5	2261.5	0.115841239422	0.516649794875	135	135
94.0	96.0	83.0	144.0	162.0	157.0	9	0.0533326229421	0.0010434151927	DLR00012709-2009-07-03_22-39-55	0.142182092191	16	103	1357.5	2263.5	0.143757302122	0.570941446001	135	135
93.0	95.0	83.0	139.0	156.0	149.0	10	0.0672918109649	0.000976540978581	DLR00012709-2009-07-03_22-39-55	0.123809126765	16	103	1497.5	2266.5	0.126216516021	0.537482018222	135	135
91.0	95.0	83.0	143.0	163.0	158.0	11	0.050562097075	0.00107718702336	DLR00012709-2009-07-03_22-39-55	0.148636250419	16	103	1637.5	2261.5	0.15004868259	0.576162821674	135	135
92.0	95.0	82.0	139.0	156.0	149.0	12	0.0558367520912	0.000918193462898	DLR00012709-2009-07-03_22-39-55	0.109901362301	16	103	1766.5	2261.5	0.112513095647	0.506100484842	135	135
93.0	97.0	84.0	143.0	162.0	157.0	13	0.0561564281528	0.00106077420548	DLR00012709-2009-07-03_22-39-55	0.139763459199	16	103	1904.5	2265.5	0.144106979893	0.55788800682	135	135
91.0	94.0	81.0	137.0	154.0	148.0	14	0.0561564281528	0.000946724489922	DLR00012709-2009-07-03_22-39-55	0.114236545604	16	103	2046.5	2261.5	0.117469869747	0.508924290053	135	135
92.0	95.0	82.0	141.0	160.0	154.0	15	0.0612179657947	0.00107103636213	DLR00012709-2009-07-03_22-39-55	0.140194804293	16	103	2184.5	2259.5	0.142776435387	0.546379668602	135	135
93.0	95.0	83.0	138.0	155.0	149.0	16	0.0542383717833	0.000973633600514	DLR00012709-2009-07-03_22-39-55	0.118864002583	16	103	2317.5	2261.5	0.121699201258	0.520166231552	135	135
98.0	100.0	88.0	144.0	162.0	156.0	17	0.0369758644573	0.00100730998815	DLR00012709-2009-07-03_22-39-55	0.137002743942	16	103	2463.5	2269.5	0.139222136511	0.577761201982	135	135
95.0	97.0	85.0	139.0	155.0	149.0	18	0.0358037188982	0.000919772065875	DLR00012709-2009-07-03_22-39-55	0.102124993735	16	103	2591.5	2261.5	0.105214705769	0.47290745378	135	135
96.0	98.0	86.0	144.0	162.0	157.0	19	0.0426767542224	0.000994561493663	DLR00012709-2009-07-03_22-39-55	0.132585989464	16	103	2734.5	2261.5	0.133711554384	0.545367361074	135	135
101.0	103.0	91.0	142.0	158.0	152.0	20	0.0441685758431	0.000904983739461	DLR00012709-2009-07-03_22-39-55	0.114515120782	16	103	2866.5	2270.5	0.117553434006	0.550695295434	135	135
103.0	105.0	93.0	145.0	162.0	157.0	21	0.0410250945708	0.000994470737104	DLR00012709-2009-07-03_22-39-55	0.128608368505	16	103	2995.5	2269.5	0.130785973315	0.555170760296	135	135
93.0	95.0	84.0	139.0	154.0	149.0	22	0.0358569982418	0.000963455666387	DLR00012709-2009-07-03_22-39-55	0.121047316557	16	103	3137.5	2254.5	0.123328404498	0.523309712824	135	135
101.0	103.0	93.0	141.0	158.0	154.0	23	0.0299962704459	0.00102869023417	DLR00012709-2009-07-03_22-39-55	0.135210485373	16	103	3269.5	2267.5	0.136972447222	0.561138046779	135	135
91.0	92.0	82.0	141.0	156.0	152.0	24	0.0252011295221	0.00100554351341	DLR00012709-2009-07-03_22-39-55	0.138229290306	16	103	3414.5	2251.5	0.139996563349	0.576216101018	135	135
