94.0	95.0	85.0	135.0	163.0	163.0	1	0.00953700250413	0.000161525774155	DLR00012647-2009-07-02_23-12-49	-0.00731563983977	1	95	267.5	207.5	0.00308552084558	0.0546113271884	135	135
97.0	97.0	85.0	128.0	134.0	124.0	2	0.0120944109969	0.000570716569608	DLR00012647-2009-07-02_23-12-49	0.0585862399689	1	95	402.5	210.5	0.0603035102328	0.431083169055	135	135
101.0	101.0	89.0	132.0	139.0	130.0	3	0.0232297938089	0.000582779035798	DLR00012647-2009-07-02_23-12-49	0.0603686406029	1	95	545.5	210.5	0.0618308225417	0.43262827002	135	135
102.0	103.0	89.0	135.0	143.0	133.0	4	0.0201928712238	0.00060733465768	DLR00012647-2009-07-02_23-12-49	0.0584287305944	1	95	668.5	208.5	0.0601392740801	0.420267462305	135	135
102.0	103.0	88.0	139.0	148.0	138.0	5	0.0257339229581	0.000660551277117	DLR00012647-2009-07-02_23-12-49	0.0693724778146	1	95	816.5	213.5	0.0716845544659	0.458681869039	135	135
101.0	101.0	85.0	125.0	129.0	123.0	6	0.0	0.000115252820756	DLR00012647-2009-07-02_23-12-49	-0.00746416473975	1	95	948.5	207.5	0.000382167990451	0.0125206457456	135	135
103.0	104.0	89.0	134.0	142.0	130.0	7	0.0209387820342	0.000554412553663	DLR00012647-2009-07-02_23-12-49	0.045838024409	1	95	1075.5	208.5	0.0477307315674	0.359102775854	135	135
104.0	105.0	91.0	132.0	140.0	128.0	8	0.0245617773989	0.000501172986033	DLR00012647-2009-07-02_23-12-49	0.0462408793648	1	95	1217.5	202.5	0.0478498633165	0.385209654217	135	135
104.0	105.0	90.0	136.0	146.0	134.0	9	0.0291438009484	0.000595176934487	DLR00012647-2009-07-02_23-12-49	0.0579180488071	1	95	1350.5	206.5	0.0594338573775	0.421333049177	135	135
102.0	103.0	88.0	137.0	148.0	136.0	10	0.0281847727636	0.000617507262427	DLR00012647-2009-07-02_23-12-49	0.0596215053134	1	95	1488.5	207.5	0.0610333753734	0.428099525814	135	135
100.0	100.0	84.0	107.5	108.5	92.0	11	0.0	0.000116659369901	DLR00012647-2009-07-02_23-12-49	-0.00714658188434	1	95	1630.5	207.5	1.28853752266e-05	0.000426234748788	135	135
101.0	101.0	84.0	114.0	118.5	102.0	12	0.000852469497576	0.000244951396978	DLR00012647-2009-07-02_23-12-49	-0.00666990313369	1	95	1771.5	207.5	0.000194252662852	0.00266396717992	135	135
104.0	106.0	91.0	140.0	152.0	141.0	13	0.0273855826096	0.000661523705029	DLR00012647-2009-07-02_23-12-49	0.0706353868159	1	95	1901.5	201.5	0.0722798351074	0.469870531195	135	135
101.0	103.0	87.0	138.0	149.0	137.0	14	0.0255208055837	0.000621254188147	DLR00012647-2009-07-02_23-12-49	0.0640294198337	1	95	2048.5	207.5	0.065348150722	0.451062922905	135	135
104.0	106.0	91.0	136.0	146.0	135.0	15	0.0230699557781	0.000604073252802	DLR00012647-2009-07-02_23-12-49	0.0657165503219	1	95	2178.5	202.5	0.0674909160283	0.459321221163	135	135
104.0	106.0	91.0	137.0	147.0	135.0	16	0.0255208055837	0.000593429879111	DLR00012647-2009-07-02_23-12-49	0.0650420665525	1	95	2316.5	198.5	0.0664614684736	0.469018061697	135	135
102.0	101.0	84.0	109.5	113.0	102.5	17	0.00159838030795	0.000230181950663	DLR00012647-2009-07-02_23-12-49	-0.00610149870545	1	95	2454.5	207.5	0.000163093530373	0.00223773243114	135	135
101.0	100.0	84.0	110.0	110.0	93.0	18	0.0	0.000140784558038	DLR00012647-2009-07-02_23-12-49	-0.00606839173072	1	95	2587.5	207.5	3.23488755088e-05	0.000852469497576	135	135
100.0	100.0	84.0	103.0	104.0	89.0	19	0.0	8.50549727769e-05	DLR00012647-2009-07-02_23-12-49	-0.00660221274769	1	95	2726.5	207.5	3.25012532026e-05	0.00122542490277	135	135
100.0	101.0	87.0	136.0	144.0	134.0	20	0.021098620065	0.000610597886145	DLR00012647-2009-07-02_23-12-49	0.0620704333152	1	95	2853.5	207.5	0.063212950046	0.439714422718	135	135
99.0	100.0	88.0	138.0	147.0	138.0	21	0.0250945708349	0.000713364405132	DLR00012647-2009-07-02_23-12-49	0.0797786956798	1	95	2998.5	203.5	0.0812179406612	0.49363311844	135	135
95.0	96.0	83.0	131.0	140.0	130.0	22	0.0204059885982	0.000640373456296	DLR00012647-2009-07-02_23-12-49	0.0695156018227	1	95	3133.5	207.5	0.0709273630254	0.469817251851	135	135
93.0	94.0	83.0	126.0	134.0	124.0	23	0.0166231552027	0.000639496760028	DLR00012647-2009-07-02_23-12-49	0.0653372211069	1	95	3270.5	204.5	0.0670728491032	0.454899035644	135	135
90.0	91.0	81.0	112.0	121.0	117.0	24	0.00314348127231	0.000126061992406	DLR00012647-2009-07-02_23-12-49	-0.00844130558107	1	95	3411.5	207.5	0.00182399620416	0.0467259843359	135	135
91.0	91.0	79.0	126.0	133.0	124.0	1	0.0224838829986	0.000667487091665	DLR00012647-2009-07-02_23-12-49	0.0756955875027	2	95	266.5	343.5	0.0767188944059	0.496243806276	135	135
93.0	93.0	79.0	131.0	141.0	132.0	2	0.0542916511269	0.000752810252517	DLR00012647-2009-07-02_23-12-49	0.0973735210376	2	95	402.5	343.5	0.0968676698814	0.585912941553	135	135
96.0	96.0	81.0	132.0	143.0	134.0	3	0.0554105173424	0.000721998252169	DLR00012647-2009-07-02_23-12-49	0.0885980021709	2	95	541.5	343.5	0.0878345458618	0.533113112046	135	135
98.0	97.0	83.0	139.0	151.0	143.0	4	0.0580212051788	0.000811830617154	DLR00012647-2009-07-02_23-12-49	0.106078992755	2	95	676.5	337.5	0.10570676915	0.600511481699	135	135
98.0	98.0	83.0	138.0	150.0	139.0	5	0.0509350524802	0.000766571800639	DLR00012647-2009-07-02_23-12-49	0.0967943166657	2	95	813.5	343.5	0.096550153879	0.566093025734	135	135
98.0	99.0	82.0	139.0	151.0	141.0	6	0.0530662262241	0.000781843930324	DLR00012647-2009-07-02_23-12-49	0.0928050456624	2	95	947.5	343.5	0.0935749059301	0.534818051042	135	135
98.0	99.0	83.0	139.0	152.0	141.0	7	0.0588736746763	0.00078043004543	DLR00012647-2009-07-02_23-12-49	0.100567619471	2	95	1077.5	351.5	0.100433242141	0.572007032873	135	135
98.0	99.0	83.0	141.0	154.0	143.0	8	0.0682508391497	0.000810842223506	DLR00012647-2009-07-02_23-12-49	0.0987429391893	2	95	1214.5	343.5	0.0987274448768	0.54456817092	135	135
97.0	99.0	82.0	136.0	148.0	136.0	9	0.05493100325	0.000726110472847	DLR00012647-2009-07-02_23-12-49	0.089913297764	2	95	1360.5	343.5	0.0899593734283	0.550375619372	135	135
97.0	98.0	81.0	143.0	158.0	148.0	10	0.0580744845224	0.000892580802569	DLR00012647-2009-07-02_23-12-49	0.113674094399	2	95	1502.5	341.5	0.11373028287	0.577068570515	135	135
96.0	98.0	81.0	136.0	149.0	138.0	11	0.0755501092227	0.000782186253903	DLR00012647-2009-07-02_23-12-49	0.105038690204	2	95	1634.5	342.5	0.105570516939	0.601843465289	135	135
96.0	98.0	81.0	143.0	159.0	149.0	12	0.0605786136715	0.000909697128553	DLR00012647-2009-07-02_23-12-49	0.115885719752	2	95	1761.5	350.5	0.116554270243	0.571207842719	135	135
97.0	98.0	81.0	136.0	151.0	139.0	13	0.0533859022857	0.00077494234165	DLR00012647-2009-07-02_23-12-49	0.100111373121	2	95	1903.5	343.5	0.100281545476	0.56928978635	135	135
96.0	98.0	81.0	144.0	160.0	151.0	14	0.0519473600085	0.000940552649332	DLR00012647-2009-07-02_23-12-49	0.12388864826	2	95	2041.5	341.5	0.124257351855	0.582982577655	135	135
97.0	98.0	81.0	135.0	148.0	137.0	15	0.0588736746763	0.000755039103772	DLR00012647-2009-07-02_23-12-49	0.0986481324699	2	95	2178.5	343.5	0.0986584377065	0.579146464916	135	135
97.0	98.0	82.0	139.0	154.0	143.0	16	0.0562097074964	0.00083184056203	DLR00012647-2009-07-02_23-12-49	0.109460779844	2	95	2317.5	343.5	0.109207954443	0.585380148117	135	135
97.0	98.0	81.0	137.0	150.0	138.0	17	0.068730353242	0.000768216913593	DLR00012647-2009-07-02_23-12-49	0.110738518048	2	95	2445.5	335.5	0.111180598851	0.635888965848	135	135
97.0	97.0	81.0	141.0	154.0	144.0	18	0.0587138366455	0.000851247904235	DLR00012647-2009-07-02_23-12-49	0.105972645898	2	95	2590.5	337.5	0.106114356488	0.565187276893	135	135
97.0	97.0	81.0	135.0	145.0	134.0	19	0.0575416910864	0.000723112401369	DLR00012647-2009-07-02_23-12-49	0.103805867137	2	95	2720.5	342.5	0.103830953031	0.626192125313	135	135
96.0	97.0	81.0	138.0	150.0	139.0	20	0.0548777239064	0.000802836911477	DLR00012647-2009-07-02_23-12-49	0.10303605215	2	95	2861.5	343.5	0.102769691219	0.587511321861	135	135
95.0	95.0	79.0	133.0	144.0	133.0	21	0.0728328626991	0.000752485910264	DLR00012647-2009-07-02_23-12-49	0.116360459536	2	95	2990.5	343.5	0.115851930431	0.687410091108	135	135
91.0	91.0	77.0	132.0	143.0	133.0	22	0.0592999094251	0.00081694740106	DLR00012647-2009-07-02_23-12-49	0.115999194556	2	95	3133.5	333.5	0.11574874017	0.662102402898	135	135
88.0	88.0	75.0	132.0	144.0	135.0	23	0.0524801534445	0.000907738055355	DLR00012647-2009-07-02_23-12-49	0.128174419931	2	95	3263.5	343.5	0.128065627206	0.650860461399	135	135
86.0	87.0	75.0	127.0	136.0	127.0	24	0.0250945708349	0.000799135021158	DLR00012647-2009-07-02_23-12-49	0.100204254303	2	95	3403.5	343.5	0.101847296063	0.571900474186	135	135
91.0	91.0	79.0	129.0	138.0	129.0	1	0.0493899515158	0.000740244840603	DLR00012647-2009-07-02_23-12-49	0.0852421778783	3	95	269.5	481.5	0.0862864864803	0.519633438116	135	135
93.0	94.0	80.0	131.0	142.0	134.0	2	0.0583408812403	0.000752863069815	DLR00012647-2009-07-02_23-12-49	0.086437722751	3	95	403.5	481.5	0.0859839302038	0.516010442751	135	135
96.0	96.0	82.0	129.0	139.0	129.0	3	0.0808247642389	0.000661764072891	DLR00012647-2009-07-02_23-12-49	0.0746143284024	3	95	547.5	481.5	0.0734796445292	0.480100165166	135	135
97.0	98.0	82.0	132.0	142.0	132.0	4	0.062763066759	0.000674315776854	DLR00012647-2009-07-02_23-12-49	0.0687813657536	3	95	670.5	481.5	0.0677697330101	0.439128349939	135	135
98.0	98.0	83.0	137.0	150.0	139.0	5	0.0620704352922	0.000764731963215	DLR00012647-2009-07-02_23-12-49	0.0827800970674	3	95	813.5	481.5	0.0819407833953	0.474026319996	135	135
98.0	99.0	83.0	134.0	145.0	134.0	6	0.0704352922372	0.000696118826065	DLR00012647-2009-07-02_23-12-49	0.0813476677194	3	95	948.5	481.5	0.0809042372196	0.50961692152	135	135
97.0	99.0	82.0	135.0	147.0	136.0	7	0.0739517289147	0.000720844230389	DLR00012647-2009-07-02_23-12-49	0.0788539221382	3	95	1075.5	481.5	0.0785337918375	0.486120730993	135	135
97.0	99.0	82.0	133.0	145.0	133.0	8	0.0742714049763	0.000687426751894	DLR00012647-2009-07-02_23-12-49	0.0737596777677	3	95	1222.5	481.5	0.0733584229541	0.459854014599	135	135
97.0	98.0	82.0	133.0	145.0	134.0	9	0.0746976397251	0.000701133139008	DLR00012647-2009-07-02_23-12-49	0.0683674162399	3	95	1360.5	481.5	0.0683880080435	0.42538227929	135	135
96.0	98.0	81.0	133.0	147.0	135.0	10	0.0582876018967	0.000725896268754	DLR00012647-2009-07-02_23-12-49	0.0691126227912	3	95	1495.5	481.5	0.0695489216248	0.407533699185	135	135
96.0	98.0	81.0	132.0	144.0	132.0	11	0.078427193777	0.000695722108716	DLR00012647-2009-07-02_23-12-49	0.0711546417858	3	95	1634.5	478.5	0.0712266181879	0.43928818797	135	135
96.0	98.0	81.0	137.0	152.0	141.0	12	0.0645745644414	0.000797065088011	DLR00012647-2009-07-02_23-12-49	0.0868261234978	3	95	1771.5	481.5	0.0871949588596	0.474665672119	135	135
96.0	98.0	81.0	136.0	150.0	139.0	13	0.0645745644414	0.000781872698497	DLR00012647-2009-07-02_23-12-49	0.077822174268	3	95	1899.5	471.5	0.0779099515494	0.434333209015	135	135
96.0	98.0	81.0	131.0	144.0	132.0	14	0.0712877617348	0.000693607568813	DLR00012647-2009-07-02_23-12-49	0.076319471662	3	95	2037.5	481.5	0.0763103253957	0.48164526613	135	135
96.0	97.0	81.0	136.0	150.0	139.0	15	0.0608982897331	0.000791608632607	DLR00012647-2009-07-02_23-12-49	0.0796595746959	3	95	2173.5	481.5	0.0798718096939	0.440407054185	135	135
96.0	97.0	81.0	135.0	149.0	139.0	16	0.0522137567265	0.000777841758105	DLR00012647-2009-07-02_23-12-49	0.0740992806947	3	95	2316.5	471.5	0.0746020042929	0.428206084501	135	135
96.0	97.0	80.0	132.0	145.0	133.0	17	0.0656401513133	0.000711066866002	DLR00012647-2009-07-02_23-12-49	0.0644311490992	3	95	2451.5	481.5	0.0653793565539	0.393041717726	135	135
95.0	97.0	81.0	136.0	148.0	136.0	18	0.0809846022697	0.000765795436443	DLR00012647-2009-07-02_23-12-49	0.0806491243727	3	95	2590.5	481.5	0.0812027805457	0.458735148383	135	135
96.0	97.0	80.0	137.0	151.0	140.0	19	0.0711812030476	0.00081890256804	DLR00012647-2009-07-02_23-12-49	0.095143744798	3	95	2726.5	481.5	0.0949821622647	0.526080238691	135	135
96.0	96.0	79.0	132.0	143.0	131.0	20	0.0774148862486	0.00070473611532	DLR00012647-2009-07-02_23-12-49	0.0808970756855	3	95	2861.5	481.5	0.0810965278017	0.503489797006	135	135
95.0	95.0	79.0	131.0	140.0	129.0	21	0.0671319729341	0.000706962528445	DLR00012647-2009-07-02_23-12-49	0.0736370367239	3	95	2992.5	481.5	0.0730454607804	0.459960573286	135	135
93.0	92.0	77.0	127.0	136.0	126.0	22	0.0612712451383	0.000694941447093	DLR00012647-2009-07-02_23-12-49	0.0803215793166	3	95	3133.5	481.5	0.0799764210474	0.509457083489	135	135
89.0	89.0	75.0	123.0	131.0	122.0	23	0.0741648462891	0.000693718442215	DLR00012647-2009-07-02_23-12-49	0.0898598647287	3	95	3273.5	481.5	0.089087967602	0.552027279024	135	135
86.0	87.0	74.0	120.0	128.0	118.0	24	0.0512014491981	0.000695959961452	DLR00012647-2009-07-02_23-12-49	0.0881192125681	3	95	3407.5	476.5	0.0890424012622	0.560605253343	135	135
92.0	92.0	80.0	129.0	138.0	130.0	1	0.0519473600085	0.00073136543116	DLR00012647-2009-07-02_23-12-49	0.0938806646347	4	95	265.5	625.5	0.0949273429621	0.578187436731	135	135
94.0	94.0	80.0	134.0	147.0	140.0	2	0.0573818530556	0.000824008143589	DLR00012647-2009-07-02_23-12-49	0.104526549831	4	95	405.5	614.5	0.104381710038	0.566945495231	135	135
96.0	96.0	81.0	133.0	145.0	136.0	3	0.0675582076829	0.000749571712645	DLR00012647-2009-07-02_23-12-49	0.102170925569	4	95	540.5	618.5	0.101566825769	0.599445894827	135	135
97.0	97.0	82.0	140.0	153.0	144.0	4	0.0556769140604	0.00083579865694	DLR00012647-2009-07-02_23-12-49	0.100797057629	4	95	670.5	618.5	0.100585622202	0.550055943311	135	135
98.0	98.0	82.0	135.0	147.0	137.0	5	0.0526399914753	0.00073289724826	DLR00012647-2009-07-02_23-12-49	0.0739037658121	4	95	813.5	618.5	0.0737868479011	0.444403004955	135	135
97.0	99.0	82.0	144.0	160.0	151.0	6	0.0445415312483	0.000915461746629	DLR00012647-2009-07-02_23-12-49	0.114888537391	4	95	944.5	618.5	0.114493853454	0.558900314348	135	135
97.0	99.0	82.0	138.0	153.0	143.0	7	0.0647876818158	0.000807592670426	DLR00012647-2009-07-02_23-12-49	0.0975993150102	4	95	1079.5	623.5	0.0971449081992	0.536469710693	135	135
97.0	98.0	82.0	140.0	156.0	146.0	8	0.0580212051788	0.000852452812508	DLR00012647-2009-07-02_23-12-49	0.106541249266	4	95	1224.5	623.5	0.106320279838	0.545420640418	135	135
96.0	98.0	82.0	133.0	146.0	136.0	9	0.068730353242	0.00072048175433	DLR00012647-2009-07-02_23-12-49	0.0878161008815	4	95	1356.5	613.5	0.0875816847071	0.527998295061	135	135
96.0	98.0	82.0	143.0	160.0	152.0	10	0.0547711652192	0.000928322557698	DLR00012647-2009-07-02_23-12-49	0.116533658402	4	95	1485.5	618.5	0.116608035892	0.550855133465	135	135
96.0	97.0	81.0	134.0	149.0	139.0	11	0.0593531887687	0.000772920902854	DLR00012647-2009-07-02_23-12-49	0.0972390901232	4	95	1631.5	618.5	0.0973351566992	0.544461612233	135	135
95.0	97.0	81.0	140.0	157.0	148.0	12	0.0507752144494	0.000894116959308	DLR00012647-2009-07-02_23-12-49	0.104528376853	4	95	1771.5	622.5	0.104807841344	0.507645585806	135	135
96.0	98.0	81.0	135.0	150.0	140.0	13	0.0691565879908	0.000792870215886	DLR00012647-2009-07-02_23-12-49	0.0934662390945	4	95	1900.5	618.5	0.0933754106803	0.522883478076	135	135
96.0	97.0	81.0	142.0	160.0	151.0	14	0.0551441206244	0.000941084323204	DLR00012647-2009-07-02_23-12-49	0.11027220155	4	95	2041.5	618.5	0.110409555194	0.52235068464	135	135
96.0	97.0	81.0	136.0	151.0	141.0	15	0.0742714049763	0.000814908573033	DLR00012647-2009-07-02_23-12-49	0.11293305689	4	95	2173.5	613.5	0.112839626945	0.600777878417	135	135
95.0	97.0	81.0	138.0	153.0	144.0	16	0.0520006393521	0.000849312540684	DLR00012647-2009-07-02_23-12-49	0.0995043529754	4	95	2322.5	618.5	0.0998537792727	0.52384250626	135	135
95.0	97.0	81.0	137.0	152.0	143.0	17	0.0693697053652	0.000832803496074	DLR00012647-2009-07-02_23-12-49	0.111450267364	4	95	2453.5	618.5	0.111500455642	0.590068730353	135	135
95.0	97.0	81.0	140.0	156.0	147.0	18	0.0600990995791	0.000893652656293	DLR00012647-2009-07-02_23-12-49	0.11022315883	4	95	2591.5	617.5	0.110545352942	0.560019180564	135	135
95.0	97.0	80.0	139.0	154.0	144.0	19	0.0642016090362	0.000865263918251	DLR00012647-2009-07-02_23-12-49	0.12091101788	4	95	2718.5	618.5	0.120773928375	0.624593745005	135	135
96.0	97.0	81.0	142.0	157.0	149.0	20	0.0577015291172	0.000931180668752	DLR00012647-2009-07-02_23-12-49	0.120166290565	4	95	2861.5	620.5	0.119639054096	0.594224519154	135	135
95.0	95.0	80.0	138.0	151.0	141.0	21	0.0634024188822	0.000858112585382	DLR00012647-2009-07-02_23-12-49	0.122808736586	4	95	2992.5	613.5	0.122278873291	0.633011881294	135	135
92.0	92.0	77.0	136.0	149.0	139.0	22	0.0598327028611	0.000885599556246	DLR00012647-2009-07-02_23-12-49	0.122041299824	4	95	3133.5	618.5	0.121664903733	0.635675848474	135	135
89.0	88.0	74.0	131.0	142.0	133.0	23	0.0715008791092	0.000872070190287	DLR00012647-2009-07-02_23-12-49	0.130219902632	4	95	3273.5	618.5	0.130096655366	0.69662741755	135	135
86.0	87.0	73.0	133.0	146.0	139.0	24	0.0514145665725	0.00101281716569	DLR00012647-2009-07-02_23-12-49	0.12958252833	4	95	3406.5	618.5	0.131258886934	0.588044115296	135	135
93.0	92.0	80.0	126.0	134.0	125.0	1	0.0519473600085	0.000664689648361	DLR00012647-2009-07-02_23-12-49	0.0762776158	5	95	266.5	755.5	0.0767983708714	0.501944696041	135	135
94.0	94.0	80.0	132.0	142.0	134.0	2	0.064361447067	0.000743491657024	DLR00012647-2009-07-02_23-12-49	0.0872951932493	5	95	405.5	757.5	0.0869515384884	0.525121210507	135	135
96.0	96.0	81.0	135.0	147.0	138.0	3	0.0537055783473	0.000776076506006	DLR00012647-2009-07-02_23-12-49	0.0770387416797	5	95	533.5	757.5	0.0768574126747	0.435825030636	135	135
97.0	97.0	82.0	131.0	141.0	130.0	4	0.0707549682988	0.000647261890019	DLR00012647-2009-07-02_23-12-49	0.0713827027635	5	95	671.5	752.5	0.0711878751567	0.468431988918	135	135
97.0	98.0	82.0	135.0	146.0	135.0	5	0.0580212051788	0.000720812056103	DLR00012647-2009-07-02_23-12-49	0.0695532780439	5	95	813.5	757.5	0.0693889702707	0.431615962491	135	135
97.0	98.0	82.0	133.0	144.0	133.0	6	0.0588203953327	0.000686240855533	DLR00012647-2009-07-02_23-12-49	0.0733300906746	5	95	948.5	757.5	0.0730032324448	0.459267941819	135	135
97.0	98.0	82.0	137.0	151.0	140.0	7	0.0733123767915	0.000781586080737	DLR00012647-2009-07-02_23-12-49	0.0855868685156	5	95	1085.5	757.5	0.0854663952221	0.497309393148	135	135
96.0	98.0	82.0	135.0	148.0	138.0	8	0.071394320422	0.000751675539408	DLR00012647-2009-07-02_23-12-49	0.0855653353795	5	95	1224.5	747.5	0.0855185882909	0.493952794502	135	135
96.0	98.0	82.0	132.0	145.0	133.0	9	0.0533326229421	0.000689225665937	DLR00012647-2009-07-02_23-12-49	0.0595251714016	5	95	1360.5	757.5	0.060066883334	0.370877510789	135	135
95.0	97.0	82.0	133.0	147.0	136.0	10	0.0673983696521	0.000731918325849	DLR00012647-2009-07-02_23-12-49	0.0778732883986	5	95	1495.5	757.5	0.0784450640024	0.459747455911	135	135
95.0	97.0	81.0	134.0	148.0	138.0	11	0.0715541584528	0.00076914189804	DLR00012647-2009-07-02_23-12-49	0.0723386275934	5	95	1628.5	756.5	0.0733516387313	0.418775640684	135	135
95.0	97.0	81.0	133.0	146.0	135.0	12	0.0659065480313	0.000741031519333	DLR00012647-2009-07-02_23-12-49	0.0761845805394	5	95	1766.5	750.5	0.0767958300242	0.430656934307	135	135
95.0	97.0	81.0	133.0	147.0	136.0	13	0.0676647663701	0.000753311637826	DLR00012647-2009-07-02_23-12-49	0.0793617308753	5	95	1903.5	757.5	0.0794535122023	0.452874420587	135	135
95.0	97.0	81.0	131.0	144.0	133.0	14	0.0655335926261	0.000706161506445	DLR00012647-2009-07-02_23-12-49	0.0667452186054	5	95	2041.5	757.5	0.0671265678952	0.407267302467	135	135
95.0	97.0	81.0	134.0	148.0	138.0	15	0.0685172358677	0.00077754640708	DLR00012647-2009-07-02_23-12-49	0.0814594181228	5	95	2178.5	757.5	0.0814549294915	0.461185998189	135	135
95.0	97.0	81.0	135.0	149.0	138.0	16	0.0621769939794	0.000788324158466	DLR00012647-2009-07-02_23-12-49	0.0846566270794	5	95	2313.5	757.5	0.0844072669477	0.470030369226	135	135
95.0	97.0	81.0	138.0	153.0	143.0	17	0.0696893814268	0.000846382788071	DLR00012647-2009-07-02_23-12-49	0.100040140181	5	95	2453.5	763.5	0.100045968709	0.513453034259	135	135
96.0	97.0	80.0	136.0	150.0	139.0	18	0.0607384517023	0.000801111108079	DLR00012647-2009-07-02_23-12-49	0.0935788024591	5	95	2590.5	754.5	0.0935802451793	0.514891576536	135	135
96.0	97.0	80.0	138.0	152.0	141.0	19	0.069795940114	0.000829191329199	DLR00012647-2009-07-02_23-12-49	0.0965730425103	5	95	2721.5	749.5	0.0966532661339	0.520112952208	135	135
95.0	96.0	80.0	139.0	153.0	143.0	20	0.0503489797006	0.000871246362001	DLR00012647-2009-07-02_23-12-49	0.103351296759	5	95	2853.5	757.5	0.10292986984	0.525654003943	135	135
95.0	95.0	79.0	131.0	142.0	130.0	21	0.0589269540199	0.000733016579381	DLR00012647-2009-07-02_23-12-49	0.0774471627638	5	95	2998.5	757.5	0.0765905215542	0.473759923278	135	135
93.0	93.0	77.0	132.0	143.0	132.0	22	0.0603122169535	0.000804774869319	DLR00012647-2009-07-02_23-12-49	0.0916145411422	5	95	3124.5	757.5	0.0908875005436	0.518408013213	135	135
90.0	89.0	75.0	121.0	129.0	118.0	23	0.0729927007299	0.000650965068058	DLR00012647-2009-07-02_23-12-49	0.0861470441532	5	95	3265.5	757.5	0.0857704942786	0.558580638287	135	135
87.0	87.0	73.0	127.0	138.0	128.0	24	0.0674516489957	0.000865053490264	DLR00012647-2009-07-02_23-12-49	0.10154790942	5	95	3408.5	759.5	0.103810317546	0.535510682508	135	135
93.0	91.0	77.0	106.0	104.0	93.0	1	0.000426234748788	0.000207212737273	DLR00012647-2009-07-02_23-12-49	-0.00583523135773	6	95	267.5	893.5	3.14390413196e-05	0.000532793435985	135	135
94.0	94.0	79.0	142.0	156.0	150.0	2	0.0571687356812	0.000962814471387	DLR00012647-2009-07-02_23-12-49	0.123581273658	6	95	403.5	891.5	0.123808193661	0.607597634397	135	135
96.0	96.0	81.0	137.0	149.0	140.0	3	0.0603122169535	0.000805514648135	DLR00012647-2009-07-02_23-12-49	0.100186533185	6	95	538.5	893.5	0.0995520885931	0.571048004689	135	135
97.0	98.0	82.0	140.0	153.0	144.0	4	0.0559433107784	0.000843248261788	DLR00012647-2009-07-02_23-12-49	0.100195613564	6	95	676.5	888.5	0.0994811019919	0.532793435985	135	135
98.0	98.0	82.0	140.0	153.0	144.0	5	0.0532260642549	0.000826098705415	DLR00012647-2009-07-02_23-12-49	0.106414004729	6	95	816.5	898.5	0.105945341361	0.573445575151	135	135
97.0	98.0	80.0	103.0	104.0	88.0	6	0.0	8.4219760647e-05	DLR00012647-2009-07-02_23-12-49	-0.00296057180066	6	95	948.5	893.5	6.26714352844e-05	0.00229101177473	135	135
97.0	98.0	82.0	138.0	152.0	142.0	7	0.0687836325856	0.000813836674786	DLR00012647-2009-07-02_23-12-49	0.103902706686	6	95	1086.5	891.5	0.103374822951	0.562789706431	135	135
96.0	98.0	82.0	141.0	157.0	148.0	8	0.0583941605839	0.000879929637296	DLR00012647-2009-07-02_23-12-49	0.111149285914	6	95	1224.5	895.5	0.110769284772	0.545260802387	135	135
96.0	97.0	82.0	135.0	149.0	139.0	9	0.063029463477	0.000769463851892	DLR00012647-2009-07-02_23-12-49	0.0973635771704	6	95	1360.5	883.5	0.0977407203149	0.550588736747	135	135
95.0	97.0	81.0	136.0	150.0	140.0	10	0.0519473600085	0.000795414543169	DLR00012647-2009-07-02_23-12-49	0.0874011774104	6	95	1499.5	893.5	0.0879517772128	0.475624700304	135	135
95.0	96.0	80.0	103.0	103.5	91.0	11	0.0	0.000115000605645	DLR00012647-2009-07-02_23-12-49	-0.00500466247529	6	95	1643.5	891.5	3.68443831009e-05	0.00106558687197	135	135
94.0	95.0	80.0	100.0	102.5	87.0	12	0.0	8.73254177626e-05	DLR00012647-2009-07-02_23-12-49	-0.00451549768693	6	95	1771.5	893.5	1.3548732171e-05	0.000532793435985	135	135
95.0	96.0	81.0	136.0	150.0	141.0	13	0.0720869518888	0.000822884715676	DLR00012647-2009-07-02_23-12-49	0.106505696721	6	95	1902.5	889.5	0.106156224994	0.555010922265	135	135
95.0	97.0	81.0	140.0	157.0	149.0	14	0.0600458202355	0.000928375456302	DLR00012647-2009-07-02_23-12-49	0.115005684838	6	95	2041.5	887.5	0.114567942042	0.53316639139	135	135
95.0	97.0	81.0	140.0	156.0	148.0	15	0.0712344823912	0.000910562947112	DLR00012647-2009-07-02_23-12-49	0.122937161816	6	95	2178.5	893.5	0.122346959659	0.587564601204	135	135
96.0	97.0	81.0	140.0	157.0	148.0	16	0.0550375619372	0.000914565196345	DLR00012647-2009-07-02_23-12-49	0.114250584486	6	95	2316.5	893.5	0.113939624265	0.538014811658	135	135
96.0	97.0	80.0	129.0	134.5	124.0	17	0.00591400713943	0.000245401316966	DLR00012647-2009-07-02_23-12-49	-0.00354326721338	6	95	2460.5	893.5	0.00124792513447	0.01406574671	135	135
95.0	96.0	78.0	116.5	120.0	108.0	18	0.000213117374394	0.000156773316817	DLR00012647-2009-07-02_23-12-49	-0.00479267935688	6	95	2590.5	893.5	0.000191636044186	0.00436890617508	135	135
94.0	95.0	77.0	96.0	100.0	86.0	19	0.000159838030795	7.81011285301e-05	DLR00012647-2009-07-02_23-12-49	-0.0059017652679	6	95	2726.5	894.5	9.46489952683e-05	0.00415578880068	135	135
95.0	95.0	79.0	141.0	156.0	146.0	20	0.0525867121317	0.000928981293829	DLR00012647-2009-07-02_23-12-49	0.109929601013	6	95	2861.5	889.5	0.109498171993	0.540732058181	135	135
94.0	95.0	78.0	135.0	147.0	136.0	21	0.0645745644414	0.00082195919111	DLR00012647-2009-07-02_23-12-49	0.120638664895	6	95	2996.5	885.5	0.119639076404	0.652778517769	135	135
93.0	92.0	77.0	136.0	149.0	139.0	22	0.0482178059566	0.000904730632552	DLR00012647-2009-07-02_23-12-49	0.120930392861	6	95	3126.5	893.5	0.120349767585	0.617134636901	135	135
89.0	89.0	73.0	133.0	145.0	135.0	23	0.0687836325856	0.000906218617793	DLR00012647-2009-07-02_23-12-49	0.128563551684	6	95	3269.5	889.5	0.128805873475	0.633597954073	135	135
86.0	86.0	71.0	93.0	94.0	81.0	24	0.0	9.57810494374e-05	DLR00012647-2009-07-02_23-12-49	-0.00682835135435	6	95	3411.5	893.5	0.000129803033733	0.00404923011349	135	135
94.0	93.0	79.0	134.0	144.0	135.0	1	0.0545580478449	0.000806815077364	DLR00012647-2009-07-02_23-12-49	0.095669881471	7	95	272.5	1029.5	0.0963038522235	0.557994565507	135	135
95.0	95.0	80.0	132.0	142.0	132.0	2	0.0621237146358	0.000737053589575	DLR00012647-2009-07-02_23-12-49	0.0910473235571	7	95	410.5	1029.5	0.0904590407327	0.553998614737	135	135
96.0	97.0	81.0	135.0	146.0	137.0	3	0.0727795833555	0.000770126587339	DLR00012647-2009-07-02_23-12-49	0.0916790708462	7	95	548.5	1025.5	0.0906522079033	0.533113112046	135	135
97.0	98.0	82.0	134.0	145.0	135.0	4	0.0613778038255	0.000726322076552	DLR00012647-2009-07-02_23-12-49	0.0865775769446	7	95	676.5	1028.5	0.0857969032496	0.520379348926	135	135
98.0	99.0	82.0	137.0	149.0	138.0	5	0.0696361020832	0.000766042029817	DLR00012647-2009-07-02_23-12-49	0.0841274721337	7	95	822.5	1029.5	0.0831885357862	0.481378869412	135	135
97.0	98.0	82.0	138.0	151.0	140.0	6	0.064361447067	0.000791708397478	DLR00012647-2009-07-02_23-12-49	0.0901679198794	7	95	952.5	1024.5	0.0893567002453	0.505248015344	135	135
97.0	98.0	81.0	129.0	141.0	129.0	7	0.0629761841334	0.000644864559648	DLR00012647-2009-07-02_23-12-49	0.0709822835223	7	95	1081.5	1029.5	0.0704888019679	0.453034258618	135	135
96.0	98.0	81.0	138.0	152.0	142.0	8	0.0645212850978	0.0008212518779	DLR00012647-2009-07-02_23-12-49	0.0859393705099	7	95	1219.5	1029.5	0.0858706767557	0.466460653205	135	135
95.0	97.0	81.0	137.0	151.0	141.0	9	0.0571687356812	0.000817783710699	DLR00012647-2009-07-02_23-12-49	0.0791852982357	7	95	1360.5	1029.5	0.0794418910945	0.430923331025	135	135
95.0	97.0	81.0	134.0	148.0	138.0	10	0.0632425808514	0.000771748768968	DLR00012647-2009-07-02_23-12-49	0.074301188369	7	95	1485.5	1027.5	0.0745130784246	0.418882199371	135	135
95.0	96.0	81.0	133.0	147.0	137.0	11	0.0599392615483	0.0007722643387	DLR00012647-2009-07-02_23-12-49	0.0737618479096	7	95	1635.5	1024.5	0.0739892178066	0.408439448026	135	135
94.0	96.0	80.0	136.0	150.0	141.0	12	0.0637220949438	0.000824463839433	DLR00012647-2009-07-02_23-12-49	0.0770513218073	7	95	1771.5	1029.5	0.0772445848072	0.404976290692	135	135
94.0	96.0	80.0	130.0	142.0	131.0	13	0.0626032287282	0.000710484994611	DLR00012647-2009-07-02_23-12-49	0.0546758462966	7	95	1895.5	1029.5	0.0547886477181	0.329692578187	135	135
94.0	96.0	80.0	130.0	142.0	131.0	14	0.0752837125047	0.000710119834539	DLR00012647-2009-07-02_23-12-49	0.0688910877687	7	95	2041.5	1032.5	0.0691683245127	0.414939527945	135	135
95.0	96.0	80.0	134.0	148.0	138.0	15	0.0595130267995	0.000793657150218	DLR00012647-2009-07-02_23-12-49	0.0747574951349	7	95	2178.5	1032.5	0.075206315644	0.407853375246	135	135
95.0	97.0	80.0	133.0	146.0	135.0	16	0.0382545687037	0.000740291920775	DLR00012647-2009-07-02_23-12-49	0.0656493762565	7	95	2316.5	1029.5	0.0657111306878	0.382758804412	135	135
95.0	97.0	80.0	131.0	143.0	132.0	17	0.0652671959081	0.000706288284265	DLR00012647-2009-07-02_23-12-49	0.0856549762145	7	95	2462.5	1029.5	0.0848627964013	0.505354574032	135	135
95.0	96.0	79.0	132.0	145.0	133.0	18	0.0556769140604	0.000759049873191	DLR00012647-2009-07-02_23-12-49	0.0803790910824	7	95	2590.5	1029.5	0.0799405452484	0.448239117694	135	135
95.0	95.0	78.0	128.0	138.0	126.0	19	0.0561031488092	0.000669017821535	DLR00012647-2009-07-02_23-12-49	0.0708375829068	7	95	2728.5	1029.5	0.0703093526729	0.4352922372	135	135
95.0	95.0	78.0	133.0	144.0	132.0	20	0.0683041184933	0.000766055637785	DLR00012647-2009-07-02_23-12-49	0.0798426042086	7	95	2861.5	1029.5	0.0791626442129	0.461612232937	135	135
94.0	94.0	78.0	136.0	149.0	138.0	21	0.0520006393521	0.000869849777252	DLR00012647-2009-07-02_23-12-49	0.101094114121	7	95	2993.5	1029.5	0.100178753714	0.520539186957	135	135
92.0	92.0	75.0	131.0	141.0	130.0	22	0.0685172358677	0.000783467309165	DLR00012647-2009-07-02_23-12-49	0.0945927990945	7	95	3133.5	1022.5	0.0943006456712	0.533965581544	135	135
89.0	88.0	72.0	124.0	134.0	123.0	23	0.0773083275614	0.000739827228854	DLR00012647-2009-07-02_23-12-49	0.0923873773103	7	95	3273.5	1029.5	0.0925192324939	0.546859182695	135	135
86.0	85.0	70.0	91.0	90.0	76.0	24	0.0	6.80737172476e-05	DLR00012647-2009-07-02_23-12-49	-0.00741321628912	7	95	3411.5	1022.5	9.24865357672e-07	5.32793435985e-05	135	135
95.0	94.0	80.0	131.0	140.0	129.0	1	0.050828493793	0.000722689926979	DLR00012647-2009-07-02_23-12-49	0.0944271190049	8	95	267.5	1165.5	0.0946290219143	0.570568490596	135	135
95.0	95.0	80.0	140.0	153.0	144.0	2	0.0607917310459	0.00089316493348	DLR00012647-2009-07-02_23-12-49	0.119460151749	8	95	403.5	1158.5	0.118495842558	0.628003622995	135	135
96.0	97.0	81.0	135.0	147.0	137.0	3	0.055463796686	0.000781022602661	DLR00012647-2009-07-02_23-12-49	0.0907021569803	8	95	545.5	1168.5	0.089606978447	0.520645745644	135	135
97.0	98.0	81.0	143.0	157.0	149.0	4	0.0540252544089	0.000912562189193	DLR00012647-2009-07-02_23-12-49	0.111026916314	8	95	670.5	1165.5	0.110105405839	0.552346955086	135	135
97.0	98.0	81.0	134.0	145.0	134.0	5	0.0649475198466	0.000718532992135	DLR00012647-2009-07-02_23-12-49	0.0828951799742	8	95	813.5	1165.5	0.0821670768562	0.490756033886	135	135
97.0	98.0	82.0	143.0	159.0	150.0	6	0.0534924609729	0.000925515919606	DLR00012647-2009-07-02_23-12-49	0.118347158281	8	95	948.5	1161.5	0.117341087559	0.568384037509	135	135
96.0	98.0	82.0	136.0	149.0	138.0	7	0.0745910810379	0.00078004278884	DLR00012647-2009-07-02_23-12-49	0.0949384452629	8	95	1085.5	1167.5	0.0938114469955	0.537215621504	135	135
96.0	98.0	82.0	142.0	158.0	149.0	8	0.0633491395386	0.000920748646341	DLR00012647-2009-07-02_23-12-49	0.119546547074	8	95	1224.5	1167.5	0.118612360155	0.561564281528	135	135
95.0	97.0	81.0	131.0	144.0	133.0	9	0.0676647663701	0.000709226547864	DLR00012647-2009-07-02_23-12-49	0.0784660046722	8	95	1360.5	1166.5	0.0775552231556	0.469284458415	135	135
95.0	97.0	81.0	140.0	155.0	146.0	10	0.0574884117428	0.000891121724872	DLR00012647-2009-07-02_23-12-49	0.101941159528	8	95	1489.5	1165.5	0.101505290193	0.494165911876	135	135
94.0	96.0	81.0	137.0	152.0	142.0	11	0.0782673557462	0.000847099284827	DLR00012647-2009-07-02_23-12-49	0.109896862658	8	95	1629.5	1165.5	0.109276338344	0.557035537322	135	135
94.0	96.0	81.0	142.0	159.0	152.0	12	0.0581810432095	0.00097722766117	DLR00012647-2009-07-02_23-12-49	0.114624302832	8	95	1762.5	1158.5	0.114233785167	0.504555383878	135	135
94.0	96.0	80.0	136.0	151.0	142.0	13	0.0729394213863	0.000860983571026	DLR00012647-2009-07-02_23-12-49	0.103683523255	8	95	1903.5	1164.5	0.103532168223	0.526133518035	135	135
94.0	95.0	80.0	141.0	158.0	150.0	14	0.0511481698545	0.000961683636941	DLR00012647-2009-07-02_23-12-49	0.105544800772	8	95	2031.5	1161.5	0.105695662617	0.474505834088	135	135
94.0	95.0	80.0	135.0	150.0	140.0	15	0.0563162661836	0.000826303381935	DLR00012647-2009-07-02_23-12-49	0.101599449166	8	95	2181.5	1166.5	0.101986362724	0.525334327881	135	135
94.0	95.0	80.0	136.0	151.0	142.0	16	0.0615376418563	0.000864697162871	DLR00012647-2009-07-02_23-12-49	0.100098919353	8	95	2316.5	1155.5	0.0999498759931	0.500133198359	135	135
94.0	96.0	80.0	138.0	153.0	143.0	17	0.0610048484203	0.000891751153338	DLR00012647-2009-07-02_23-12-49	0.127293241071	8	95	2443.5	1162.5	0.126791796379	0.6242207896	135	135
95.0	96.0	80.0	139.0	154.0	145.0	18	0.0621769939794	0.000922068122792	DLR00012647-2009-07-02_23-12-49	0.117191066383	8	95	2590.5	1163.5	0.116393151909	0.561191326123	135	135
94.0	95.0	79.0	135.0	149.0	138.0	19	0.0723000692631	0.00084683076607	DLR00012647-2009-07-02_23-12-49	0.11630460506	8	95	2726.5	1161.5	0.115457977532	0.615749373968	135	135
94.0	95.0	78.0	136.0	150.0	139.0	20	0.0568490596196	0.000859627265609	DLR00012647-2009-07-02_23-12-49	0.108045283152	8	95	2861.5	1161.5	0.10722058636	0.577068570515	135	135
94.0	94.0	78.0	137.0	150.0	139.0	21	0.0665991794981	0.000880831639725	DLR00012647-2009-07-02_23-12-49	0.129074664353	8	95	2991.5	1158.5	0.12823465163	0.656667909851	135	135
92.0	92.0	75.0	138.0	152.0	142.0	22	0.0541850924397	0.000968452948557	DLR00012647-2009-07-02_23-12-49	0.131328176721	8	95	3133.5	1156.5	0.130784742154	0.635516010443	135	135
89.0	88.0	72.0	133.0	146.0	136.0	23	0.0684106771805	0.000950247458188	DLR00012647-2009-07-02_23-12-49	0.141931083283	8	95	3274.5	1161.5	0.142071897677	0.65634823379	135	135
86.0	85.0	70.0	92.0	93.0	80.0	24	0.000745910810379	0.000111408558357	DLR00012647-2009-07-02_23-12-49	-0.00661741820684	8	95	3411.5	1165.5	6.87730332538e-05	0.00111886621557	135	135
94.0	94.0	79.0	126.0	133.0	122.0	1	0.0534924609729	0.000620335680155	DLR00012647-2009-07-02_23-12-49	0.0757053943295	9	95	269.5	1302.5	0.0760114346511	0.522723640045	135	135
95.0	95.0	79.0	134.0	144.0	134.0	2	0.0701688955192	0.000761702211583	DLR00012647-2009-07-02_23-12-49	0.0941976057309	9	95	403.5	1301.5	0.0934880278208	0.552666631147	135	135
96.0	96.0	80.0	134.0	146.0	135.0	3	0.0664926208109	0.000758079505009	DLR00012647-2009-07-02_23-12-49	0.0900306797554	9	95	544.5	1300.5	0.0892278627577	0.526826149502	135	135
97.0	97.0	81.0	138.0	150.0	140.0	4	0.0673983696521	0.000807055414659	DLR00012647-2009-07-02_23-12-49	0.0982972751998	9	95	666.5	1301.5	0.0973860248246	0.542117321115	135	135
97.0	98.0	81.0	136.0	147.0	136.0	5	0.0636155362566	0.000748689393235	DLR00012647-2009-07-02_23-12-49	0.0834687675993	9	95	813.5	1301.5	0.0831647494744	0.495231498748	135	135
97.0	98.0	81.0	130.0	141.0	129.0	6	0.050562097075	0.000657062053163	DLR00012647-2009-07-02_23-12-49	0.0669316922682	9	95	948.5	1301.5	0.0660155112487	0.428845436624	135	135
96.0	98.0	81.0	139.0	153.0	143.0	7	0.0551441206244	0.000852223362638	DLR00012647-2009-07-02_23-12-49	0.0972573714029	9	95	1083.5	1301.5	0.0963120775407	0.499174170174	135	135
96.0	97.0	81.0	131.0	143.0	131.0	8	0.0623901113538	0.000696006960607	DLR00012647-2009-07-02_23-12-49	0.0701543377598	9	95	1224.5	1301.5	0.0693892356576	0.428738877937	135	135
95.0	97.0	81.0	134.0	148.0	138.0	9	0.0573818530556	0.000765738712634	DLR00012647-2009-07-02_23-12-49	0.0852930955443	9	95	1360.5	1306.5	0.0850707488017	0.48089935532	135	135
95.0	98.0	82.0	137.0	152.0	142.0	10	0.0579146464916	0.000768215114052	DLR00012647-2009-07-02_23-12-49	0.0798933167865	9	95	1495.5	1301.5	0.0805576723444	0.450956364218	135	135
95.0	98.0	83.0	136.0	151.0	142.0	11	0.0415578880068	0.00074953432767	DLR00012647-2009-07-02_23-12-49	0.0668174990881	9	95	1634.5	1301.5	0.0680775433976	0.388672811551	135	135
95.0	98.0	83.0	134.0	148.0	138.0	12	0.055197399968	0.000707158377568	DLR00012647-2009-07-02_23-12-49	0.06690828163	9	95	1764.5	1310.5	0.0682836049436	0.410037828334	135	135
94.0	97.0	82.0	132.0	146.0	135.0	13	0.0600990995791	0.000708064919992	DLR00012647-2009-07-02_23-12-49	0.0615940607262	9	95	1912.5	1301.5	0.0642276993205	0.386967872556	135	135
94.0	96.0	81.0	132.0	146.0	137.0	14	0.0413447706324	0.000688319082614	DLR00012647-2009-07-02_23-12-49	0.0586024898505	9	95	2036.5	1301.5	0.0623800769322	0.375992327775	135	135
94.0	96.0	80.0	134.0	149.0	139.0	15	0.0437423410944	0.000723064835232	DLR00012647-2009-07-02_23-12-49	0.0737772194686	9	95	2169.5	1301.5	0.076198635967	0.440620171559	135	135
94.0	96.0	81.0	137.0	152.0	143.0	16	0.0456071181203	0.000740944928918	DLR00012647-2009-07-02_23-12-49	0.0724561057462	9	95	2307.5	1301.5	0.0737032075003	0.425275720603	135	135
95.0	97.0	81.0	136.0	151.0	141.0	17	0.0543982098141	0.000803097808989	DLR00012647-2009-07-02_23-12-49	0.0828331478659	9	95	2444.5	1301.5	0.0826111904816	0.448292397038	135	135
96.0	97.0	81.0	136.0	151.0	140.0	18	0.0461931908999	0.000778331281339	DLR00012647-2009-07-02_23-12-49	0.0882111768686	9	95	2587.5	1292.5	0.0883727412277	0.484469071341	135	135
95.0	95.0	79.0	136.0	150.0	139.0	19	0.0521071980393	0.000838172202686	DLR00012647-2009-07-02_23-12-49	0.083121643356	9	95	2721.5	1301.5	0.0823349432802	0.435398795887	135	135
94.0	94.0	77.0	128.0	138.0	126.0	20	0.0599392615483	0.000687808904892	DLR00012647-2009-07-02_23-12-49	0.0717500162146	9	95	2861.5	1301.5	0.0717143167764	0.451648995684	135	135
93.0	93.0	77.0	135.0	147.0	136.0	21	0.0648409611594	0.000860044850296	DLR00012647-2009-07-02_23-12-49	0.10825408984	9	95	2998.5	1301.5	0.10743083194	0.566998774575	135	135
91.0	91.0	75.0	131.0	143.0	131.0	22	0.0623368320102	0.000822010547037	DLR00012647-2009-07-02_23-12-49	0.101856445539	9	95	3134.5	1302.5	0.101213476095	0.561617560872	135	135
88.0	88.0	73.0	127.0	139.0	129.0	23	0.0647876818158	0.000841338792046	DLR00012647-2009-07-02_23-12-49	0.109737571057	9	95	3273.5	1301.5	0.109464596797	0.607437796366	135	135
86.0	86.0	72.0	122.0	132.0	121.0	24	0.0507752144494	0.000786937944119	DLR00012647-2009-07-02_23-12-49	0.0927623090723	9	95	3414.5	1295.5	0.0944387745249	0.517342426341	135	135
94.0	94.0	80.0	130.0	139.0	128.0	1	0.0459800735255	0.000710366628182	DLR00012647-2009-07-02_23-12-49	0.0861519609346	10	95	263.5	1444.5	0.0869240732687	0.543342746017	135	135
95.0	95.0	80.0	139.0	152.0	144.0	2	0.0568490596196	0.000893289196828	DLR00012647-2009-07-02_23-12-49	0.115851324769	10	95	403.5	1441.5	0.115021180485	0.613937876285	135	135
96.0	96.0	80.0	134.0	146.0	136.0	3	0.0622835526666	0.000775658270779	DLR00012647-2009-07-02_23-12-49	0.105421800438	10	95	537.5	1447.5	0.104637178962	0.607917310459	135	135
97.0	97.0	81.0	142.0	156.0	148.0	4	0.0490702754542	0.000901238337739	DLR00012647-2009-07-02_23-12-49	0.116863288414	10	95	676.5	1440.5	0.115980122157	0.581650594065	135	135
97.0	98.0	82.0	139.0	152.0	142.0	5	0.070062336832	0.000818814755257	DLR00012647-2009-07-02_23-12-49	0.116133154452	10	95	809.5	1439.5	0.115466602948	0.625925728595	135	135
97.0	98.0	81.0	141.0	154.0	145.0	6	0.0475784538334	0.000868053736913	DLR00012647-2009-07-02_23-12-49	0.105196413275	10	95	948.5	1431.5	0.104494505964	0.538760722468	135	135
96.0	97.0	81.0	131.0	143.0	131.0	7	0.063828653631	0.000699160524966	DLR00012647-2009-07-02_23-12-49	0.0847395662505	10	95	1076.5	1436.5	0.0838208798788	0.52101870105	135	135
95.0	96.0	80.0	141.0	157.0	149.0	8	0.0534924609729	0.000937926557282	DLR00012647-2009-07-02_23-12-49	0.112712921338	10	95	1224.5	1440.5	0.112133660187	0.527465501625	135	135
95.0	96.0	81.0	135.0	149.0	139.0	9	0.0807714848953	0.000817345533634	DLR00012647-2009-07-02_23-12-49	0.102672997741	10	95	1360.5	1437.5	0.102181404249	0.550855133465	135	135
95.0	97.0	82.0	142.0	159.0	151.0	10	0.0501358623262	0.000956027099813	DLR00012647-2009-07-02_23-12-49	0.119051746447	10	95	1487.5	1435.5	0.118610339645	0.539027119186	135	135
95.0	97.0	82.0	137.0	152.0	144.0	11	0.0545580478449	0.000832179122143	DLR00012647-2009-07-02_23-12-49	0.108120036425	10	95	1634.5	1435.5	0.108285122122	0.563429058554	135	135
94.0	96.0	80.0	139.0	156.0	148.0	12	0.0586605573019	0.000934653393181	DLR00012647-2009-07-02_23-12-49	0.101264575147	10	95	1771.5	1440.5	0.101355397747	0.473173850498	135	135
94.0	95.0	80.0	136.0	152.0	143.0	13	0.0691033086472	0.000875075765436	DLR00012647-2009-07-02_23-12-49	0.115150816345	10	95	1908.5	1435.5	0.115524918708	0.566998774575	135	135
92.0	93.0	77.0	101.0	103.0	86.0	14	0.0	0.000122380379943	DLR00012647-2009-07-02_23-12-49	-0.00620170731515	10	95	2041.5	1448.5	3.47351749683e-05	0.000905748841174	135	135
92.0	93.0	77.0	99.0	100.5	85.0	15	0.0	8.36614007499e-05	DLR00012647-2009-07-02_23-12-49	-0.00488490241993	10	95	2178.5	1440.5	3.08066327135e-05	0.00106558687197	135	135
93.0	94.0	79.0	137.0	153.0	144.0	16	0.0507752144494	0.000931154258402	DLR00012647-2009-07-02_23-12-49	0.10048557333	10	95	2316.5	1438.5	0.0998334669123	0.481059193351	135	135
93.0	94.0	78.0	135.0	150.0	140.0	17	0.0730459800735	0.000874467307206	DLR00012647-2009-07-02_23-12-49	0.116753653093	10	95	2453.5	1440.5	0.116216221884	0.593158932282	135	135
93.0	94.0	78.0	138.0	152.0	143.0	18	0.05759497043	0.000919539626021	DLR00012647-2009-07-02_23-12-49	0.109248751471	10	95	2590.5	1440.5	0.108387279467	0.532953274016	135	135
94.0	94.0	78.0	140.0	155.0	145.0	19	0.0748574777559	0.00094534597398	DLR00012647-2009-07-02_23-12-49	0.135209850281	10	95	2721.5	1436.5	0.134607001722	0.650167829932	135	135
93.0	93.0	75.0	96.0	99.0	84.0	20	0.0	9.23909049246e-05	DLR00012647-2009-07-02_23-12-49	-0.00329438611907	10	95	2861.5	1442.5	0.000164536707383	0.00650007991902	135	135
92.0	93.0	77.0	139.0	153.0	144.0	21	0.0645745644414	0.000968728438966	DLR00012647-2009-07-02_23-12-49	0.152542664195	10	95	2994.5	1435.5	0.151826706586	0.712824338004	135	135
91.0	92.0	76.0	135.0	148.0	139.0	22	0.0469923810539	0.00090541746171	DLR00012647-2009-07-02_23-12-49	0.124666888418	10	95	3133.5	1442.5	0.124312232752	0.651339975492	135	135
88.0	88.0	73.0	133.0	145.0	136.0	23	0.0537055783473	0.000949257317294	DLR00012647-2009-07-02_23-12-49	0.141321928394	10	95	3273.5	1434.5	0.140960519141	0.687996163887	135	135
85.0	85.0	71.0	131.0	144.0	136.0	24	0.0426234748788	0.00100919962402	DLR00012647-2009-07-02_23-12-49	0.126213363082	10	95	3407.5	1440.5	0.127413295482	0.569236507006	135	135
94.0	92.0	77.0	100.5	102.0	88.5	1	0.0	0.000134643912707	DLR00012647-2009-07-02_23-12-49	-0.00513735510112	11	95	267.5	1574.5	0.000202590409391	0.00500825829826	135	135
94.0	94.0	79.0	132.0	142.0	132.0	2	0.0625499493846	0.000742478843462	DLR00012647-2009-07-02_23-12-49	0.0892677754559	11	95	406.5	1574.5	0.0891300258535	0.539027119186	135	135
96.0	96.0	80.0	140.0	154.0	146.0	3	0.0589269540199	0.000901834386611	DLR00012647-2009-07-02_23-12-49	0.122317941287	11	95	541.5	1574.5	0.121477487309	0.624274068943	135	135
96.0	97.0	81.0	136.0	149.0	138.0	4	0.050562097075	0.0007906235405	DLR00012647-2009-07-02_23-12-49	0.0882816800961	11	95	676.5	1574.5	0.0872734164312	0.503969311098	135	135
97.0	97.0	81.0	137.0	150.0	140.0	5	0.0506686557622	0.000802163958141	DLR00012647-2009-07-02_23-12-49	0.0959082338349	11	95	813.5	1574.5	0.0952250106815	0.526932708189	135	135
96.0	96.0	79.0	101.0	102.0	87.0	6	0.0	8.05854691967e-05	DLR00012647-2009-07-02_23-12-49	-0.00359925584417	11	95	948.5	1571.5	1.74566082846e-05	0.00069263146678	135	135
95.0	96.0	78.0	103.0	104.0	88.0	7	0.0	0.000107027284312	DLR00012647-2009-07-02_23-12-49	-0.00305209913873	11	95	1082.5	1574.5	2.90522506028e-05	0.000905748841174	135	135
95.0	95.0	78.0	103.0	105.5	90.5	8	0.000213117374394	0.000147113848352	DLR00012647-2009-07-02_23-12-49	-0.00248082187553	11	95	1224.5	1574.5	8.00476736348e-05	0.00170493899515	135	135
94.0	95.0	78.0	103.0	103.0	89.0	9	0.0	0.000115626101698	DLR00012647-2009-07-02_23-12-49	-0.00260537836092	11	95	1355.5	1574.5	1.54574397411e-05	0.000479514092386	135	135
94.0	95.0	80.0	137.0	153.0	144.0	10	0.0588203953327	0.00088906007851	DLR00012647-2009-07-02_23-12-49	0.0999605898484	11	95	1495.5	1574.5	0.099233577758	0.48697320049	135	135
93.0	95.0	80.0	128.0	140.0	129.0	11	0.0698492194576	0.00069476164084	DLR00012647-2009-07-02_23-12-49	0.0727979173419	11	95	1625.5	1574.5	0.0724282454229	0.435132399169	135	135
92.0	94.0	79.0	135.0	150.0	141.0	12	0.0753902711919	0.000859040628905	DLR00012647-2009-07-02_23-12-49	0.0868736217267	11	95	1767.5	1572.5	0.0880662735992	0.44669401673	135	135
92.0	94.0	78.0	130.0	143.0	133.0	13	0.0605253343279	0.000758286901515	DLR00012647-2009-07-02_23-12-49	0.0769909912983	11	95	1912.5	1574.5	0.0777834933474	0.432574990676	135	135
92.0	93.0	77.0	100.5	103.0	86.0	14	5.32793435985e-05	0.000123303706119	DLR00012647-2009-07-02_23-12-49	-0.00474956697637	11	95	2041.5	1574.5	3.32870334104e-05	0.000959028184773	135	135
92.0	93.0	77.0	99.0	102.0	89.0	15	0.0	0.000148579856199	DLR00012647-2009-07-02_23-12-49	-0.00388780535486	11	95	2178.5	1574.5	0.000302873617138	0.00788534285258	135	135
92.0	93.0	78.0	130.0	143.0	133.0	16	0.0716074377964	0.000786150493209	DLR00012647-2009-07-02_23-12-49	0.0824466531248	11	95	2316.5	1574.5	0.0818693311218	0.450370291438	135	135
92.0	93.0	77.0	127.0	140.0	129.0	17	0.0636155362566	0.000734814428556	DLR00012647-2009-07-02_23-12-49	0.0837127288947	11	95	2454.5	1574.5	0.0828836909788	0.483936277905	135	135
93.0	94.0	78.0	133.0	147.0	136.0	18	0.0561564281528	0.000825220769391	DLR00012647-2009-07-02_23-12-49	0.101918465432	11	95	2589.5	1574.5	0.101100484832	0.536096755288	135	135
93.0	93.0	75.0	98.0	99.0	83.0	19	0.0	9.25868467033e-05	DLR00012647-2009-07-02_23-12-49	-0.00200806345551	11	95	2726.5	1574.5	6.07677415164e-05	0.00261068783633	135	135
93.0	92.0	75.0	100.0	102.0	87.0	20	0.0	9.08192998479e-05	DLR00012647-2009-07-02_23-12-49	-0.00362841630788	11	95	2859.5	1574.5	8.65489586796e-05	0.0034631573339	135	135
92.0	91.0	75.0	95.0	96.0	82.0	21	0.0	7.72894105251e-05	DLR00012647-2009-07-02_23-12-49	-0.00160081369402	11	95	2998.5	1574.5	9.53287489171e-05	0.00436890617508	135	135
91.0	91.0	76.0	129.0	139.0	128.0	22	0.0435825030636	0.000735458747389	DLR00012647-2009-07-02_23-12-49	0.0880460283471	11	95	3135.5	1574.5	0.0875400105706	0.532686877298	135	135
87.0	87.0	72.0	126.0	136.0	127.0	23	0.0694762640524	0.000832540671161	DLR00012647-2009-07-02_23-12-49	0.106988788138	11	95	3273.5	1574.5	0.106203141302	0.578453833449	135	135
84.0	84.0	71.0	118.0	127.0	117.0	24	0.0615376418563	0.00073750589462	DLR00012647-2009-07-02_23-12-49	0.0823822893403	11	95	3408.5	1574.5	0.0835174149422	0.490915871916	135	135
93.0	91.0	76.0	101.0	100.0	86.0	1	0.0	0.000113635333741	DLR00012647-2009-07-02_23-12-49	-0.00572207822058	12	95	267.5	1715.5	2.05575607204e-05	0.00069263146678	135	135
94.0	93.0	78.0	141.0	154.0	147.0	2	0.0539719750653	0.000958766371274	DLR00012647-2009-07-02_23-12-49	0.123239309253	12	95	403.5	1710.5	0.123229504212	0.602695934786	135	135
95.0	96.0	80.0	130.0	139.0	129.0	3	0.0871117267835	0.000685244373376	DLR00012647-2009-07-02_23-12-49	0.0955894788526	12	95	538.5	1713.5	0.0941752428969	0.60274921413	135	135
96.0	97.0	80.0	142.0	156.0	148.0	4	0.0498161862646	0.000921676283242	DLR00012647-2009-07-02_23-12-49	0.116557498513	12	95	667.5	1713.5	0.115440737954	0.586712131707	135	135
96.0	97.0	81.0	135.0	148.0	137.0	5	0.0795460599925	0.000774254479547	DLR00012647-2009-07-02_23-12-49	0.104951258403	12	95	808.5	1718.5	0.103763031374	0.609515690767	135	135
96.0	97.0	81.0	141.0	156.0	147.0	6	0.0532793435985	0.000903894052534	DLR00012647-2009-07-02_23-12-49	0.109651825088	12	95	948.5	1711.5	0.108814534713	0.550215781342	135	135
95.0	97.0	80.0	136.0	150.0	139.0	7	0.0706484096116	0.000821030933167	DLR00012647-2009-07-02_23-12-49	0.102933060553	12	95	1081.5	1705.5	0.102135624003	0.554904363578	135	135
95.0	96.0	80.0	139.0	154.0	145.0	8	0.0592999094251	0.000910319723645	DLR00012647-2009-07-02_23-12-49	0.109279938157	12	95	1224.5	1708.5	0.108437835588	0.538334487719	135	135
94.0	95.0	80.0	133.0	147.0	137.0	9	0.0824231445469	0.000801523962255	DLR00012647-2009-07-02_23-12-49	0.108460269664	12	95	1361.5	1715.5	0.107544709071	0.59608929618	135	135
93.0	95.0	79.0	141.0	158.0	150.0	10	0.0523735947573	0.000979282909662	DLR00012647-2009-07-02_23-12-49	0.114075020571	12	95	1504.5	1710.5	0.113465539387	0.51169481592	135	135
92.0	94.0	79.0	134.0	150.0	141.0	11	0.0737918908839	0.000868890260272	DLR00012647-2009-07-02_23-12-49	0.116476270727	12	95	1634.5	1707.5	0.116360219428	0.57861367148	135	135
92.0	93.0	78.0	136.0	152.0	143.0	12	0.064894240503	0.000906305476259	DLR00012647-2009-07-02_23-12-49	0.106046546941	12	95	1768.5	1710.5	0.10654757308	0.519420320742	135	135
92.0	93.0	78.0	133.0	149.0	139.0	13	0.0676114870265	0.000862489283888	DLR00012647-2009-07-02_23-12-49	0.112088974865	12	95	1906.5	1704.5	0.112396897886	0.56795780276	135	135
92.0	93.0	78.0	134.0	149.0	140.0	14	0.0611646864511	0.000888862538624	DLR00012647-2009-07-02_23-12-49	0.0992145597085	12	95	2041.5	1703.5	0.0993253721447	0.493206883691	135	135
92.0	93.0	78.0	135.0	150.0	141.0	15	0.0712344823912	0.000903581441438	DLR00012647-2009-07-02_23-12-49	0.126608895256	12	95	2175.5	1705.5	0.126102741573	0.620331397517	135	135
92.0	93.0	77.0	136.0	152.0	143.0	16	0.0481112472694	0.000930116876508	DLR00012647-2009-07-02_23-12-49	0.107467124753	12	95	2316.5	1710.5	0.10671643502	0.511907933294	135	135
92.0	93.0	77.0	132.0	146.0	136.0	17	0.0800255740849	0.000855757071758	DLR00012647-2009-07-02_23-12-49	0.117102136668	12	95	2448.5	1710.5	0.11641391002	0.607810751772	135	135
92.0	93.0	77.0	140.0	156.0	148.0	18	0.0490702754542	0.00100299623404	DLR00012647-2009-07-02_23-12-49	0.118943125547	12	95	2590.5	1710.5	0.118853483327	0.548883797752	135	135
92.0	93.0	77.0	135.0	149.0	139.0	19	0.0637220949438	0.00086599294147	DLR00012647-2009-07-02_23-12-49	0.120146849919	12	95	2724.5	1701.5	0.1204861749	0.608663221269	135	135
92.0	92.0	76.0	139.0	153.0	144.0	20	0.0561564281528	0.000975286935609	DLR00012647-2009-07-02_23-12-49	0.121585492424	12	95	2861.5	1710.5	0.121224921597	0.569129948319	135	135
91.0	91.0	76.0	131.0	142.0	132.0	21	0.0606851723587	0.000822049485921	DLR00012647-2009-07-02_23-12-49	0.115467301983	12	95	2998.5	1706.5	0.114696893455	0.634450423571	135	135
90.0	90.0	75.0	135.0	148.0	138.0	22	0.0485907613618	0.000915884042542	DLR00012647-2009-07-02_23-12-49	0.126217505506	12	95	3133.5	1710.5	0.125840732035	0.627843784965	135	135
87.0	87.0	72.0	131.0	144.0	135.0	23	0.0691565879908	0.000962639397632	DLR00012647-2009-07-02_23-12-49	0.138316672524	12	95	3264.5	1710.5	0.137936086573	0.670946773936	135	135
84.0	84.0	71.0	128.0	141.0	132.0	24	0.0561564281528	0.000997121269647	DLR00012647-2009-07-02_23-12-49	0.138812592471	12	95	3408.5	1705.5	0.13971012086	0.615642815281	135	135
93.0	92.0	79.0	132.0	142.0	133.0	1	0.0453940007459	0.000805031190572	DLR00012647-2009-07-02_23-12-49	0.10391150886	13	95	271.5	1853.5	0.104082903115	0.584634237306	135	135
93.0	93.0	78.0	138.0	151.0	144.0	2	0.0602056582663	0.000930894306262	DLR00012647-2009-07-02_23-12-49	0.120425087633	13	95	403.5	1849.5	0.119639902146	0.612605892695	135	135
94.0	94.0	79.0	138.0	151.0	143.0	3	0.0535457403165	0.000890664916686	DLR00012647-2009-07-02_23-12-49	0.110306911099	13	95	541.5	1850.5	0.109205415399	0.571101284032	135	135
96.0	96.0	80.0	135.0	147.0	137.0	4	0.0615909211999	0.000791946042432	DLR00012647-2009-07-02_23-12-49	0.0965064352577	13	95	679.5	1850.5	0.095553134321	0.551760882306	135	135
96.0	97.0	81.0	134.0	147.0	136.0	5	0.0602589376099	0.000767018368638	DLR00012647-2009-07-02_23-12-49	0.0997297492651	13	95	808.5	1850.5	0.0987311704455	0.583941605839	135	135
96.0	97.0	81.0	136.0	149.0	139.0	6	0.0608982897331	0.000811122751376	DLR00012647-2009-07-02_23-12-49	0.0996131773546	13	95	948.5	1850.5	0.0983304459544	0.548137886941	135	135
95.0	96.0	80.0	135.0	149.0	139.0	7	0.056529383558	0.000816857353668	DLR00012647-2009-07-02_23-12-49	0.0897067977603	13	95	1080.5	1850.5	0.0892035132322	0.493420001066	135	135
94.0	96.0	80.0	138.0	153.0	144.0	8	0.0664393414673	0.000903388551926	DLR00012647-2009-07-02_23-12-49	0.110705356341	13	95	1224.5	1850.5	0.109619756027	0.548617401034	135	135
93.0	95.0	79.0	133.0	146.0	137.0	9	0.0728861420427	0.000808068005812	DLR00012647-2009-07-02_23-12-49	0.0983831013873	13	95	1364.5	1850.5	0.0975421565702	0.525281048537	135	135
93.0	94.0	79.0	135.0	150.0	140.0	10	0.0594064681123	0.000860461288346	DLR00012647-2009-07-02_23-12-49	0.0898685166359	13	95	1495.5	1841.5	0.0895932617078	0.468645106292	135	135
92.0	94.0	78.0	133.0	147.0	138.0	11	0.0612179657947	0.000836620154615	DLR00012647-2009-07-02_23-12-49	0.0972773615038	13	95	1628.5	1850.5	0.0970330478009	0.518567851244	135	135
91.0	93.0	77.0	127.0	138.0	128.0	12	0.0654270339389	0.00070647243525	DLR00012647-2009-07-02_23-12-49	0.0737632388836	13	95	1771.5	1855.5	0.0744824770383	0.446800575417	135	135
91.0	93.0	77.0	129.0	141.0	131.0	13	0.0694762640524	0.000763266077544	DLR00012647-2009-07-02_23-12-49	0.081094352808	13	95	1903.5	1850.5	0.0814412689137	0.463903244712	135	135
91.0	92.0	77.0	131.0	146.0	136.0	14	0.0723000692631	0.000840045444655	DLR00012647-2009-07-02_23-12-49	0.0882922388269	13	95	2044.5	1840.5	0.0884394604571	0.466460653205	135	135
91.0	92.0	77.0	126.0	138.0	127.0	15	0.0676114870265	0.000716992090038	DLR00012647-2009-07-02_23-12-49	0.0838416222322	13	95	2184.5	1850.5	0.0838342789509	0.500452874421	135	135
91.0	92.0	76.0	127.0	139.0	128.0	16	0.0774681655922	0.000751324249825	DLR00012647-2009-07-02_23-12-49	0.0824179518691	13	95	2316.5	1840.5	0.0826512500597	0.473120571155	135	135
90.0	91.0	76.0	132.0	147.0	137.0	17	0.0591400713943	0.000879451202988	DLR00012647-2009-07-02_23-12-49	0.108475385054	13	95	2455.5	1850.5	0.108522931011	0.545633757792	135	135
91.0	92.0	76.0	131.0	144.0	133.0	18	0.0800255740849	0.000825312158793	DLR00012647-2009-07-02_23-12-49	0.104022226844	13	95	2589.5	1850.5	0.103965238875	0.565187276893	135	135
92.0	93.0	77.0	128.0	140.0	129.0	19	0.0692098673344	0.000741420719682	DLR00012647-2009-07-02_23-12-49	0.0832362730612	13	95	2722.5	1850.5	0.0833219663036	0.494911822686	135	135
91.0	92.0	76.0	134.0	147.0	137.0	20	0.0610581277639	0.000896642894561	DLR00012647-2009-07-02_23-12-49	0.107431172082	13	95	2861.5	1840.5	0.107123178417	0.547764931536	135	135
91.0	90.0	75.0	127.0	137.0	126.0	21	0.0474186158027	0.000756020794069	DLR00012647-2009-07-02_23-12-49	0.0884965209043	13	95	3007.5	1850.5	0.0876869326394	0.50711279237	135	135
89.0	88.0	73.0	123.0	132.0	122.0	22	0.057328573712	0.000733619350943	DLR00012647-2009-07-02_23-12-49	0.0870202589521	13	95	3133.5	1850.5	0.0864569375754	0.508178379242	135	135
86.0	85.0	71.0	121.0	129.0	120.0	23	0.0678778837445	0.000757828198464	DLR00012647-2009-07-02_23-12-49	0.0995169808095	13	95	3273.5	1850.5	0.098476029778	0.572060312217	135	135
83.0	83.0	70.0	115.0	123.0	114.0	24	0.0619105972614	0.000719765290792	DLR00012647-2009-07-02_23-12-49	0.0939067343346	13	95	3405.5	1842.5	0.0946318720442	0.54856412169	135	135
92.0	92.0	79.0	124.0	131.0	121.0	1	0.0390537588577	0.00065572753687	DLR00012647-2009-07-02_23-12-49	0.0845145361073	14	95	270.5	1992.5	0.0841741351815	0.561138046779	135	135
92.0	92.0	78.0	137.0	150.0	142.0	2	0.062496670041	0.000935503710677	DLR00012647-2009-07-02_23-12-49	0.121121518	14	95	412.5	1986.5	0.120184392439	0.613671479567	135	135
94.0	94.0	79.0	124.0	132.0	121.0	3	0.0829559379828	0.000605538919139	DLR00012647-2009-07-02_23-12-49	0.0810928248824	14	95	541.5	1986.5	0.0796581701773	0.538387767063	135	135
95.0	96.0	80.0	141.0	154.0	146.0	4	0.0540252544089	0.00092256021505	DLR00012647-2009-07-02_23-12-49	0.118561939272	14	95	676.5	1986.5	0.117350208747	0.596195854867	135	135
96.0	96.0	80.0	131.0	141.0	130.0	5	0.0810378816133	0.000693007437651	DLR00012647-2009-07-02_23-12-49	0.0932904267908	14	95	814.5	1986.5	0.0923262407787	0.573125899089	135	135
95.0	96.0	80.0	143.0	158.0	150.0	6	0.0603654962971	0.000972721703601	DLR00012647-2009-07-02_23-12-49	0.127644206368	14	95	948.5	1981.5	0.126561140072	0.605626298684	135	135
95.0	96.0	80.0	131.0	142.0	131.0	7	0.0774681655922	0.000717137253816	DLR00012647-2009-07-02_23-12-49	0.0831313047915	14	95	1091.5	1986.5	0.0821634609026	0.501411902605	135	135
94.0	95.0	79.0	140.0	156.0	148.0	8	0.0606851723587	0.00095944722734	DLR00012647-2009-07-02_23-12-49	0.122016665596	14	95	1215.5	1986.5	0.120994857412	0.578187436731	135	135
93.0	94.0	79.0	137.0	151.0	142.0	9	0.0835420107624	0.000901424766943	DLR00012647-2009-07-02_23-12-49	0.123981254878	14	95	1359.5	1986.5	0.12302267378	0.622089615856	135	135
92.0	94.0	78.0	136.0	151.0	142.0	10	0.056529383558	0.000908246040909	DLR00012647-2009-07-02_23-12-49	0.105087152864	14	95	1495.5	1986.5	0.104340126913	0.514198945069	135	135
92.0	93.0	78.0	137.0	152.0	143.0	11	0.0894560179019	0.000927850904202	DLR00012647-2009-07-02_23-12-49	0.123857653678	14	95	1637.5	1986.5	0.12340902316	0.603921359689	135	135
91.0	92.0	77.0	135.0	150.0	141.0	12	0.0692098673344	0.000905540316353	DLR00012647-2009-07-02_23-12-49	0.103673474919	14	95	1771.5	1976.5	0.104003119362	0.512387447387	135	135
91.0	92.0	77.0	132.0	146.0	136.0	13	0.0812509989877	0.00085328362873	DLR00012647-2009-07-02_23-12-49	0.11437161533	14	95	1904.5	1982.5	0.114475396905	0.594490915872	135	135
91.0	92.0	77.0	137.0	152.0	144.0	14	0.0732590974479	0.000968940813316	DLR00012647-2009-07-02_23-12-49	0.121886656952	14	95	2033.5	1977.5	0.121567543148	0.562310192338	135	135
90.0	92.0	76.0	131.0	145.0	135.0	15	0.085460067132	0.000825209551436	DLR00012647-2009-07-02_23-12-49	0.115432215646	14	95	2181.5	1979.5	0.115046968876	0.60083115776	135	135
90.0	91.0	76.0	132.0	146.0	136.0	16	0.0695828227396	0.000877956113347	DLR00012647-2009-07-02_23-12-49	0.105526665269	14	95	2316.5	1979.5	0.105410214814	0.527145825563	135	135
90.0	91.0	76.0	133.0	147.0	137.0	17	0.0880174756247	0.000891016353147	DLR00012647-2009-07-02_23-12-49	0.129517631713	14	95	2448.5	1977.5	0.129839781882	0.660823698652	135	135
91.0	91.0	76.0	138.0	155.0	147.0	18	0.0545047685013	0.00101627316106	DLR00012647-2009-07-02_23-12-49	0.139013473798	14	95	2592.5	1986.5	0.138772725828	0.609995204859	135	135
91.0	91.0	76.0	133.0	145.0	135.0	19	0.0831157760136	0.000866778191644	DLR00012647-2009-07-02_23-12-49	0.125081517894	14	95	2732.5	1986.5	0.12465244697	0.638179977623	135	135
91.0	91.0	76.0	128.0	139.0	128.0	20	0.0715541584528	0.000776249906914	DLR00012647-2009-07-02_23-12-49	0.100897932304	14	95	2865.5	1981.5	0.100534628984	0.578880068198	135	135
90.0	90.0	75.0	131.0	142.0	132.0	21	0.0819969097981	0.000845500009869	DLR00012647-2009-07-02_23-12-49	0.12582305518	14	95	2995.5	1982.5	0.125153602602	0.66300815174	135	135
88.0	88.0	73.0	135.0	149.0	141.0	22	0.0589802333635	0.00103172323064	DLR00012647-2009-07-02_23-12-49	0.140328726953	14	95	3133.5	1986.5	0.139690610392	0.665618839576	135	135
85.0	84.0	70.0	128.0	140.0	132.0	23	0.0734722148223	0.000961760428847	DLR00012647-2009-07-02_23-12-49	0.145275851642	14	95	3273.5	1979.5	0.145049696946	0.682614950184	135	135
83.0	82.0	68.0	87.0	88.0	76.0	24	0.000319676061591	9.62299245181e-05	DLR00012647-2009-07-02_23-12-49	-0.00518648701667	14	95	3411.5	1986.5	0.000470487193543	0.0183813735415	135	135
91.0	91.0	78.0	136.0	147.0	139.0	1	0.0363897916778	0.000925169305114	DLR00012647-2009-07-02_23-12-49	0.128686906485	15	95	272.5	2122.5	0.128874512356	0.655069529543	135	135
92.0	91.0	77.0	137.0	148.0	140.0	2	0.0569023389632	0.000921181466327	DLR00012647-2009-07-02_23-12-49	0.131614165035	15	95	403.5	2122.5	0.130989970394	0.682401832809	135	135
94.0	92.0	78.0	133.0	143.0	134.0	3	0.0688901912728	0.00079175740746	DLR00012647-2009-07-02_23-12-49	0.105447850129	15	95	547.5	2124.5	0.105516624447	0.602376258724	135	135
95.0	94.0	79.0	135.0	144.0	134.0	4	0.0611114071075	0.000772726037382	DLR00012647-2009-07-02_23-12-49	0.0923536417559	15	95	670.5	2128.5	0.0924357494469	0.549203473813	135	135
96.0	95.0	79.0	133.0	142.0	132.0	5	0.0817305130801	0.000738726828723	DLR00012647-2009-07-02_23-12-49	0.0941214515861	15	95	810.5	2125.5	0.0939169370684	0.557515051415	135	135
95.0	95.0	79.0	136.0	147.0	137.0	6	0.0761361820022	0.000821972527833	DLR00012647-2009-07-02_23-12-49	0.100169282529	15	95	948.5	2122.5	0.0992632623634	0.551334647557	135	135
95.0	95.0	79.0	130.0	140.0	129.0	7	0.0811977196441	0.000716248871497	DLR00012647-2009-07-02_23-12-49	0.0921480585576	15	95	1075.5	2122.5	0.091314283223	0.563269220523	135	135
94.0	95.0	78.0	134.0	146.0	135.0	8	0.077361606905	0.000811321883904	DLR00012647-2009-07-02_23-12-49	0.0905930903787	15	95	1221.5	2112.5	0.0896869459895	0.497522510523	135	135
93.0	94.0	78.0	132.0	144.0	133.0	9	0.0798124567105	0.000810715317834	DLR00012647-2009-07-02_23-12-49	0.101914110202	15	95	1359.5	2122.5	0.100968074241	0.572912781715	135	135
92.0	92.0	76.0	137.0	151.0	142.0	10	0.0743779636635	0.000937172229848	DLR00012647-2009-07-02_23-12-49	0.116440553458	15	95	1496.5	2123.5	0.116493191366	0.559113431723	135	135
91.0	91.0	75.0	128.0	139.0	127.0	11	0.0740582876019	0.000754581421839	DLR00012647-2009-07-02_23-12-49	0.0730260756409	15	95	1636.5	2123.5	0.0739103369091	0.432148755927	135	135
91.0	91.0	75.0	131.0	142.0	131.0	12	0.0869518887527	0.000803926692106	DLR00012647-2009-07-02_23-12-49	0.0816246927272	15	95	1771.5	2125.5	0.0829937026296	0.451702275028	135	135
90.0	91.0	75.0	126.0	136.0	125.0	13	0.0938249240769	0.000720704732149	DLR00012647-2009-07-02_23-12-49	0.076106253579	15	95	1903.5	2122.5	0.0775016413933	0.462997495871	135	135
90.0	91.0	76.0	128.0	138.0	127.0	14	0.104161116735	0.000768920874282	DLR00012647-2009-07-02_23-12-49	0.0983417226098	15	95	2047.5	2122.5	0.0978485222162	0.556449464543	135	135
90.0	91.0	75.0	125.0	135.0	123.0	15	0.0659065480313	0.000715921694036	DLR00012647-2009-07-02_23-12-49	0.0824590196259	15	95	2178.5	2122.5	0.0819796364333	0.496083968246	135	135
90.0	90.0	75.0	127.0	138.0	126.0	16	0.0802386914593	0.000759200239715	DLR00012647-2009-07-02_23-12-49	0.0947878356091	15	95	2316.5	2122.5	0.0947210424211	0.546592785977	135	135
90.0	90.0	74.0	127.0	138.0	126.0	17	0.0794927806489	0.000753368023599	DLR00012647-2009-07-02_23-12-49	0.0913349941118	15	95	2453.5	2122.5	0.0920517063273	0.546113271884	135	135
90.0	90.0	74.0	134.0	148.0	137.0	18	0.0611114071075	0.000909047162641	DLR00012647-2009-07-02_23-12-49	0.0947037932135	15	95	2590.5	2122.5	0.0962974047922	0.472001704939	135	135
91.0	90.0	75.0	128.0	138.0	127.0	19	0.0786403111514	0.000770615856211	DLR00012647-2009-07-02_23-12-49	0.0958903778583	15	95	2734.5	2116.5	0.0963398745888	0.551174809526	135	135
91.0	90.0	74.0	123.0	131.0	119.0	20	0.064627843785	0.000649579928254	DLR00012647-2009-07-02_23-12-49	0.0694193361044	15	95	2866.5	2122.5	0.0700711017623	0.455698225798	135	135
90.0	89.0	74.0	123.0	131.0	119.0	21	0.0612179657947	0.000665626933825	DLR00012647-2009-07-02_23-12-49	0.0812282649696	15	95	3006.5	2122.5	0.082384943567	0.516862912249	135	135
89.0	88.0	73.0	122.0	130.0	120.0	22	0.0653737545953	0.000714835643719	DLR00012647-2009-07-02_23-12-49	0.0904936963216	15	95	3133.5	2122.5	0.0900123905377	0.555170760296	135	135
87.0	86.0	72.0	115.0	121.0	111.0	23	0.0998987692472	0.000623029355815	DLR00012647-2009-07-02_23-12-49	0.105220580602	15	95	3268.5	2130.5	0.104348337931	0.683787095743	135	135
85.0	85.0	73.0	119.0	127.0	117.0	24	0.0482178059566	0.000756723924161	DLR00012647-2009-07-02_23-12-49	0.0956899908696	15	95	3414.5	2122.5	0.0965936973554	0.558687196974	135	135
110.0	111.0	103.0	134.0	141.0	133.0	1	0.0184879322287	0.000435907198882	DLR00012647-2009-07-02_23-12-49	0.0440550863363	16	95	267.5	2300.5	0.0533252173619	0.460919601471	135	135
113.0	115.0	106.0	149.0	159.0	153.0	2	0.0189141669775	0.000674023219735	DLR00012647-2009-07-02_23-12-49	0.0636658309744	16	95	403.5	2300.5	0.0722894030879	0.451329319623	135	135
108.0	111.0	101.0	167.0	184.0	183.0	3	0.0142788640844	0.000236519038476	DLR00012647-2009-07-02_23-12-49	-0.0081477875231	16	95	541.5	2300.5	0.00467505226597	0.0800788534285	135	135
111.0	113.0	103.0	169.0	186.0	185.0	4	0.0128403218072	0.000219294734989	DLR00012647-2009-07-02_23-12-49	-0.0073433074536	16	95	676.5	2300.5	0.0048460341679	0.0896158559327	135	135
110.0	112.0	102.0	159.0	175.0	173.0	5	0.0176354627311	0.00020782709095	DLR00012647-2009-07-02_23-12-49	-0.00576254686443	16	95	813.5	2300.5	0.00523132829148	0.099525813842	135	135
115.0	118.0	106.0	148.0	159.0	151.0	6	0.0250945708349	0.000642251935484	DLR00012647-2009-07-02_23-12-49	0.0630101332711	16	95	948.5	2300.5	0.0683934171335	0.457616282167	135	135
115.0	118.0	107.0	144.0	155.0	146.0	7	0.0288241248868	0.000533610329796	DLR00012647-2009-07-02_23-12-49	0.0598235729891	16	95	1080.5	2300.5	0.0647462611619	0.495338057435	135	135
115.0	119.0	108.0	150.0	162.0	154.0	8	0.0283446107944	0.000693451191298	DLR00012647-2009-07-02_23-12-49	0.0651033091925	16	95	1224.5	2300.5	0.0719742604782	0.460919601471	135	135
114.0	119.0	107.0	143.0	154.0	145.0	9	0.028664286856	0.00056974126526	DLR00012647-2009-07-02_23-12-49	0.0615552733897	16	95	1350.5	2300.5	0.0684950564731	0.490915871916	135	135
105.0	109.0	97.0	161.0	181.0	179.0	10	0.0124140870584	0.000222378408662	DLR00012647-2009-07-02_23-12-49	-0.00878576326004	16	95	1495.5	2300.5	0.00448942482401	0.078427193777	135	135
104.0	108.0	96.0	163.0	182.0	179.0	11	0.01406574671	0.000228909690314	DLR00012647-2009-07-02_23-12-49	-0.00844600076851	16	95	1624.5	2300.5	0.00486247105137	0.0798657360541	135	135
105.0	108.0	96.0	165.0	184.0	182.0	12	0.015664127018	0.000229425772341	DLR00012647-2009-07-02_23-12-49	-0.00738325763373	16	95	1771.5	2300.5	0.0052605995535	0.0935585273589	135	135
104.0	107.0	94.0	166.0	183.0	181.0	13	0.0160903617667	0.000192199171548	DLR00012647-2009-07-02_23-12-49	-0.00726126272528	16	95	1903.5	2300.5	0.00594733207662	0.119132612286	135	135
112.0	116.0	105.0	144.0	158.0	150.0	14	0.0312216953487	0.000742452526887	DLR00012647-2009-07-02_23-12-49	0.0653793717344	16	95	2041.5	2300.5	0.0738581224603	0.445308753796	135	135
113.0	118.0	106.0	141.0	154.0	145.0	15	0.0320741648463	0.000669003759107	DLR00012647-2009-07-02_23-12-49	0.0716316507057	16	95	2171.5	2300.5	0.0791418782055	0.513293196228	135	135
113.0	117.0	105.0	144.0	157.0	148.0	16	0.0346848526826	0.000722935278565	DLR00012647-2009-07-02_23-12-49	0.0645782054842	16	95	2323.5	2300.5	0.0727493554123	0.442964462678	135	135
115.0	119.0	107.0	142.0	154.0	145.0	17	0.0290905216048	0.000691927885507	DLR00012647-2009-07-02_23-12-49	0.0735425869649	16	95	2453.5	2300.5	0.0807228503437	0.518088337152	135	135
105.0	106.0	93.0	165.0	186.0	183.0	18	0.0141723053972	0.000247807656299	DLR00012647-2009-07-02_23-12-49	-0.00626003868972	16	95	2590.5	2300.5	0.00528128259355	0.0900420906814	135	135
105.0	106.0	94.0	163.0	181.0	180.0	19	0.0135862326176	0.00024714687275	DLR00012647-2009-07-02_23-12-49	-0.00746762436511	16	95	2726.5	2300.5	0.00471146627061	0.0822633065161	135	135
105.0	107.0	94.0	163.0	180.0	178.0	20	0.0156108476744	0.000239045408895	DLR00012647-2009-07-02_23-12-49	-0.00682279405687	16	95	2861.5	2300.5	0.00517358433757	0.0887633864351	135	135
106.0	107.0	95.0	164.0	183.0	181.0	21	0.0175821833875	0.00021485139168	DLR00012647-2009-07-02_23-12-49	-0.00771194910402	16	95	2998.5	2300.5	0.00591942821037	0.102189781022	135	135
112.0	114.0	105.0	141.0	153.0	145.0	22	0.0280782140764	0.000665498839498	DLR00012647-2009-07-02_23-12-49	0.0518253057621	16	95	3123.5	2300.5	0.0615089261219	0.393201555757	135	135
110.0	113.0	104.0	141.0	152.0	146.0	23	0.0256806436145	0.000725551249943	DLR00012647-2009-07-02_23-12-49	0.0664591160942	16	95	3279.5	2300.5	0.0762351594551	0.465075390271	135	135
107.0	109.0	101.0	133.0	141.0	134.0	24	0.0201395918802	0.00055301302814	DLR00012647-2009-07-02_23-12-49	0.0438360838926	16	95	3411.5	2300.5	0.0545569887943	0.405082849379	135	135
