92.0	93.0	82.0	120.0	130.0	126.0	1	0.0342053385902	0.000305584718599	DLR00012709-2009-06-30_14-36-26	-0.000558438481327	1	103	271.5	212.5	0.00147693888969	0.0163567584847	135	135
95.0	95.0	81.0	107.0	109.0	97.0	2	0.000639352123182	0.000268402437445	DLR00012709-2009-06-30_14-36-26	-0.000412364544069	1	103	413.5	215.5	2.08680315247e-05	0.000319676061591	135	135
98.0	99.0	84.0				3	0.0		DLR00012709-2009-06-30_14-36-26	-0.000349664457852	1	103	544.5	212.5	0.0	0.0	135	135
100.0	101.0	85.0	127.0	137.0	130.0	4	0.00729927007299	0.00023039477432	DLR00012709-2009-06-30_14-36-26	9.36886861483e-05	1	103	678.5	207.5	0.000310046958683	0.00522137567265	135	135
101.0	102.0	85.0	114.0	117.0	102.0	5	0.000799190153977	0.000242611920121	DLR00012709-2009-06-30_14-36-26	-0.000278324443521	1	103	815.5	211.5	2.31812037486e-05	0.000372955405189	135	135
102.0	103.0	85.0				6	0.00564761042144		DLR00012709-2009-06-30_14-36-26	-0.000207755037033	1	103	952.5	207.5	0.0	0.0	135	135
101.0	102.0	85.0				7	0.0		DLR00012709-2009-06-30_14-36-26	-0.000181531900617	1	103	1082.5	211.5	0.0	0.0	135	135
102.0	103.0	85.0	119.0	121.0	102.0	8	0.000479514092386	0.000278671715459	DLR00012709-2009-06-30_14-36-26	0.000171257468017	1	103	1221.5	206.5	3.78609875018e-06	5.32793435985e-05	135	135
102.0	103.0	85.0				9	0.000213117374394		DLR00012709-2009-06-30_14-36-26	0.000296520148827	1	103	1354.5	205.5	0.0	0.0	135	135
101.0	103.0	85.0	119.0	122.0	104.5	10	0.00127870424636	0.000317395177774	DLR00012709-2009-06-30_14-36-26	9.19064067294e-05	1	103	1492.5	203.5	4.20084709777e-05	0.000426234748788	135	135
101.0	103.0	85.0				11	5.32793435985e-05		DLR00012709-2009-06-30_14-36-26	-5.01019945483e-05	1	103	1626.5	207.5	0.0	0.0	135	135
101.0	103.0	85.0				12	0.0		DLR00012709-2009-06-30_14-36-26	-1.61444362396e-05	1	103	1778.5	201.5	0.0	0.0	135	135
101.0	102.0	84.0	115.0	125.0	110.5	13	0.000266396717992	0.000248976820257	DLR00012709-2009-06-30_14-36-26	-8.72623595078e-05	1	103	1908.5	211.5	1.35102033742e-05	0.000213117374394	135	135
100.0	102.0	83.0				14	0.0		DLR00012709-2009-06-30_14-36-26	-9.89507858144e-05	1	103	2046.5	211.5	0.0	0.0	135	135
100.0	102.0	84.0				15	0.0		DLR00012709-2009-06-30_14-36-26	0.000120466506681	1	103	2184.5	204.5	0.0	0.0	135	135
100.0	102.0	84.0				16	0.0		DLR00012709-2009-06-30_14-36-26	-0.000132147483058	1	103	2316.5	211.5	0.0	0.0	135	135
101.0	103.0	85.0	116.0	117.0	101.0	17	0.000159838030795	0.000232014299542	DLR00012709-2009-06-30_14-36-26	7.70365997516e-05	1	103	2449.5	201.5	3.15220024419e-06	5.32793435985e-05	135	135
101.0	102.0	84.0	118.5	120.0	102.5	18	0.000905748841174	0.000240872035216	DLR00012709-2009-06-30_14-36-26	0.00011329789147	1	103	2591.5	202.5	1.28872406643e-05	0.000213117374394	135	135
100.0	101.0	84.0				19	0.0		DLR00012709-2009-06-30_14-36-26	4.68417210557e-05	1	103	2730.5	204.5	0.0	0.0	135	135
98.0	99.0	83.0	117.0	121.0	102.0	20	0.000426234748788	0.00035378168221	DLR00012709-2009-06-30_14-36-26	-0.000119485077228	1	103	2866.5	211.5	4.80656023036e-06	5.32793435985e-05	135	135
97.0	98.0	83.0	106.0	106.5	92.5	21	0.000266396717992	0.000211895453429	DLR00012709-2009-06-30_14-36-26	0.000125993381544	1	103	2996.5	203.5	5.7577218418e-06	0.000106558687197	135	135
93.0	94.0	80.0				22	0.000159838030795		DLR00012709-2009-06-30_14-36-26	-0.000245062789765	1	103	3137.5	211.5	0.0	0.0	135	135
91.0	92.0	79.0				23	0.000266396717992		DLR00012709-2009-06-30_14-36-26	0.000133170051774	1	103	3264.5	203.5	0.0	0.0	135	135
90.0	94.0	83.0	165.5	205.0	204.0	24	0.0250945708349	0.000336458130043	DLR00012709-2009-06-30_14-36-26	-0.000658814514946	1	103	3419.5	211.5	0.00100819225018	0.00990995790932	135	135
90.0	91.0	77.0				1	0.0		DLR00012709-2009-06-30_14-36-26	-2.10215887056e-05	2	103	263.5	344.5	0.0	0.0	135	135
93.0	93.0	78.0	107.0	109.0	97.0	2	0.00138526293356	0.000268402437445	DLR00012709-2009-06-30_14-36-26	3.49212120015e-05	2	103	409.5	337.5	2.8480856165e-05	0.000426234748788	135	135
96.0	96.0	80.0				3	0.0		DLR00012709-2009-06-30_14-36-26	1.62781151941e-05	2	103	543.5	344.5	0.0	0.0	135	135
98.0	98.0	81.0				4	0.0		DLR00012709-2009-06-30_14-36-26	2.75540563401e-05	2	103	678.5	334.5	0.0	0.0	135	135
98.0	99.0	81.0				5	5.32793435985e-05		DLR00012709-2009-06-30_14-36-26	2.47252924298e-05	2	103	810.5	344.5	0.0	0.0	135	135
98.0	99.0	81.0	113.0	115.0	96.0	6	0.000372955405189	0.000222826207848	DLR00012709-2009-06-30_14-36-26	8.41951538939e-06	2	103	944.5	344.5	3.02736869313e-06	5.32793435985e-05	135	135
98.0	100.0	81.0				7	0.000213117374394		DLR00012709-2009-06-30_14-36-26	4.34815956085e-05	2	103	1086.5	344.5	0.0	0.0	135	135
98.0	99.0	81.0	115.0	118.0	103.0	8	0.00127870424636	0.000266717798083	DLR00012709-2009-06-30_14-36-26	1.9523164092e-05	2	103	1226.5	344.5	3.95861595206e-05	0.000479514092386	135	135
97.0	99.0	80.0				9	0.0		DLR00012709-2009-06-30_14-36-26	1.65607101448e-05	2	103	1357.5	343.5	0.0	0.0	135	135
97.0	98.0	79.0	117.0	119.0	100.0	10	0.000532793435985	0.00030461434575	DLR00012709-2009-06-30_14-36-26	-1.22045404462e-05	2	103	1497.5	344.5	4.13856136002e-06	5.32793435985e-05	135	135
97.0	98.0	79.0	116.0	116.5	102.5	11	0.00106558687197	0.000275752072963	DLR00012709-2009-06-30_14-36-26	9.50861909692e-06	2	103	1636.5	344.5	1.5139698603e-05	0.000213117374394	135	135
97.0	99.0	79.0				12	0.0		DLR00012709-2009-06-30_14-36-26	1.846331639e-05	2	103	1771.5	341.5	0.0	0.0	135	135
96.0	98.0	79.0	115.0	117.0	101.5	13	0.00111886621557	0.000292617491301	DLR00012709-2009-06-30_14-36-26	1.83129155734e-05	2	103	1900.5	335.5	1.66787980806e-05	0.000213117374394	135	135
96.0	97.0	78.0				14	0.0		DLR00012709-2009-06-30_14-36-26	-1.92481668923e-05	2	103	2046.5	335.5	0.0	0.0	135	135
96.0	97.0	78.0				15	0.0		DLR00012709-2009-06-30_14-36-26	9.78545523487e-06	2	103	2181.5	344.5	0.0	0.0	135	135
96.0	97.0	79.0	120.0	123.0	108.0	16	0.00229101177473	0.000387381449789	DLR00012709-2009-06-30_14-36-26	9.74196038817e-06	2	103	2317.5	344.5	5.74462988112e-05	0.000586072779583	135	135
96.0	97.0	79.0	108.0	111.0	95.0	17	0.000319676061591	0.000215016807388	DLR00012709-2009-06-30_14-36-26	4.33972607304e-06	2	103	2458.5	339.5	2.92126836187e-06	5.32793435985e-05	135	135
96.0	97.0	78.0				18	0.0		DLR00012709-2009-06-30_14-36-26	5.81462445852e-06	2	103	2591.5	344.5	0.0	0.0	135	135
95.0	96.0	78.0	112.0	113.0	97.0	19	0.00069263146678	0.000242929204589	DLR00012709-2009-06-30_14-36-26	8.99917607955e-06	2	103	2730.5	344.5	1.12372932775e-05	0.000159838030795	135	135
95.0	95.0	77.0				20	0.0		DLR00012709-2009-06-30_14-36-26	1.24728721499e-05	2	103	2866.5	344.5	0.0	0.0	135	135
93.0	93.0	76.0	108.0	111.0	96.0	21	0.000586072779583	0.00024764485489	DLR00012709-2009-06-30_14-36-26	-2.6342869045e-05	2	103	2998.5	344.5	1.02520192344e-05	0.000159838030795	135	135
90.0	90.0	74.0	111.0	113.0	99.0	22	0.00111886621557	0.000364743544734	DLR00012709-2009-06-30_14-36-26	1.24497177758e-05	2	103	3137.5	344.5	3.17251526805e-05	0.000372955405189	135	135
87.0	88.0	72.0				23	0.0		DLR00012709-2009-06-30_14-36-26	2.32579002624e-05	2	103	3274.5	344.5	0.0	0.0	135	135
87.0	88.0	75.0	103.0	105.0	92.5	24	0.00159838030795	0.000277565073212	DLR00012709-2009-06-30_14-36-26	-7.99567669223e-05	2	103	3414.5	344.5	3.30950131289e-05	0.000426234748788	135	135
91.0	91.0	77.0	110.5	112.0	101.5	1	0.00202461505674	0.000300511515568	DLR00012709-2009-06-30_14-36-26	-2.58566151275e-05	3	103	270.5	483.5	5.66845725911e-05	0.000745910810379	135	135
93.0	94.0	79.0	110.0	112.5	97.0	2	0.000745910810379	0.000251170057393	DLR00012709-2009-06-30_14-36-26	5.5450280076e-05	3	103	409.5	483.5	1.36947199085e-05	0.000213117374394	135	135
96.0	96.0	80.0				3	5.32793435985e-05		DLR00012709-2009-06-30_14-36-26	3.19827605897e-05	3	103	544.5	491.5	0.0	0.0	135	135
97.0	98.0	81.0	114.0	116.0	100.0	4	0.000745910810379	0.000264657776378	DLR00012709-2009-06-30_14-36-26	3.39022503004e-05	3	103	671.5	492.5	1.59910786599e-05	0.000213117374394	135	135
97.0	99.0	81.0				5	0.0		DLR00012709-2009-06-30_14-36-26	1.94632692455e-05	3	103	815.5	483.5	0.0	0.0	135	135
98.0	99.0	81.0				6	0.0		DLR00012709-2009-06-30_14-36-26	1.43299463086e-05	3	103	952.5	477.5	0.0	0.0	135	135
97.0	99.0	81.0	117.0	118.0	102.0	7	0.000532793435985	0.000281963125536	DLR00012709-2009-06-30_14-36-26	1.14010743767e-05	3	103	1090.5	477.5	7.66163322624e-06	0.000106558687197	135	135
97.0	99.0	80.0				8	0.0		DLR00012709-2009-06-30_14-36-26	1.60051865506e-05	3	103	1217.5	483.5	0.0	0.0	135	135
97.0	99.0	80.0	116.0	120.0	101.0	9	0.000532793435985	0.000307737477975	DLR00012709-2009-06-30_14-36-26	3.54882895064e-05	3	103	1367.5	483.5	4.18099296092e-06	5.32793435985e-05	135	135
96.0	98.0	79.0	113.5	115.5	100.0	10	0.00111886621557	0.000264004176435	DLR00012709-2009-06-30_14-36-26	9.79591564156e-06	3	103	1497.5	476.5	1.48665340787e-05	0.000213117374394	135	135
96.0	98.0	79.0	112.0	116.0	97.0	11	0.000959028184773	0.000269607734047	DLR00012709-2009-06-30_14-36-26	3.71838438064e-05	3	103	1642.5	477.5	1.16175294253e-05	0.000159838030795	135	135
96.0	98.0	79.0	112.0	115.0	99.0	12	0.00143854227716	0.000261075078392	DLR00012709-2009-06-30_14-36-26	4.93477163236e-05	3	103	1766.5	483.5	2.95527262862e-05	0.000372955405189	135	135
96.0	98.0	79.0	115.0	119.0	100.0	13	0.000852469497576	0.000303361186989	DLR00012709-2009-06-30_14-36-26	2.26947877482e-05	3	103	1898.5	483.5	2.26811728197e-05	0.000266396717992	135	135
95.0	97.0	78.0				14	0.000266396717992		DLR00012709-2009-06-30_14-36-26	-4.27795846157e-06	3	103	2048.5	476.5	0.0	0.0	135	135
95.0	97.0	78.0				15	0.000159838030795		DLR00012709-2009-06-30_14-36-26	2.36576009369e-05	3	103	2183.5	485.5	0.0	0.0	135	135
95.0	97.0	78.0	123.5	127.5	112.5	16	0.00127870424636	0.000453056602133	DLR00012709-2009-06-30_14-36-26	2.94271007486e-05	3	103	2317.5	479.5	3.31686323459e-05	0.000319676061591	135	135
95.0	97.0	78.0				17	0.0		DLR00012709-2009-06-30_14-36-26	-5.39040433156e-06	3	103	2467.5	483.5	0.0	0.0	135	135
95.0	96.0	78.0				18	0.000106558687197		DLR00012709-2009-06-30_14-36-26	2.90868591477e-05	3	103	2591.5	491.5	0.0	0.0	135	135
95.0	96.0	77.0	113.0	113.0	99.0	19	0.000372955405189	0.000275116272455	DLR00012709-2009-06-30_14-36-26	1.50156668735e-05	3	103	2727.5	483.5	3.73779367447e-06	5.32793435985e-05	135	135
94.0	95.0	76.0				20	0.0		DLR00012709-2009-06-30_14-36-26	2.83680459019e-05	3	103	2866.5	481.5	0.0	0.0	135	135
93.0	93.0	75.0	112.0	114.0	95.0	21	0.000319676061591	0.00030657314317	DLR00012709-2009-06-30_14-36-26	1.45031270198e-05	3	103	3001.5	483.5	8.33034807485e-06	0.000106558687197	135	135
90.0	91.0	74.0				22	0.0		DLR00012709-2009-06-30_14-36-26	1.51359330121e-05	3	103	3137.5	480.5	0.0	0.0	135	135
88.0	88.0	72.0	104.0	104.0	90.0	23	0.000852469497576	0.000251037521394	DLR00012709-2009-06-30_14-36-26	-8.11744055482e-06	3	103	3270.5	483.5	1.75074232638e-05	0.000266396717992	135	135
87.0	87.0	73.0				24	0.0		DLR00012709-2009-06-30_14-36-26	-5.31112309792e-05	3	103	3414.5	483.5	0.0	0.0	135	135
91.0	92.0	78.0	102.5	108.5	97.5	1	0.000159838030795	0.0002223637089	DLR00012709-2009-06-30_14-36-26	-2.35950234638e-05	4	103	263.5	617.5	6.04217014967e-06	0.000106558687197	135	135
94.0	94.0	79.0	120.0	123.0	107.0	2	0.000426234748788	0.000409760843138	DLR00012709-2009-06-30_14-36-26	3.40409162051e-05	4	103	409.5	622.5	5.56710613247e-06	5.32793435985e-05	135	135
96.0	96.0	80.0				3	0.000159838030795		DLR00012709-2009-06-30_14-36-26	3.17389046969e-05	4	103	538.5	619.5	0.0	0.0	135	135
97.0	98.0	81.0	113.0	115.0	96.0	4	0.000372955405189	0.00022722710806	DLR00012709-2009-06-30_14-36-26	4.66613075658e-05	4	103	686.5	619.5	3.08716034713e-06	5.32793435985e-05	135	135
98.0	99.0	81.0	116.0	117.0	101.0	5	0.000586072779583	0.000269789342316	DLR00012709-2009-06-30_14-36-26	2.6307989094e-05	4	103	816.5	621.5	3.66542076246e-06	5.32793435985e-05	135	135
98.0	99.0	81.0				6	0.0		DLR00012709-2009-06-30_14-36-26	3.13218372161e-05	4	103	952.5	623.5	0.0	0.0	135	135
97.0	99.0	81.0				7	5.32793435985e-05		DLR00012709-2009-06-30_14-36-26	1.12700716372e-05	4	103	1086.5	619.5	0.0	0.0	135	135
97.0	99.0	80.0	116.0	120.0	101.0	8	0.000426234748788	0.000299169288391	DLR00012709-2009-06-30_14-36-26	5.23882659947e-05	4	103	1226.5	612.5	4.06458354412e-06	5.32793435985e-05	135	135
97.0	98.0	80.0	113.0	116.0	100.0	9	0.000745910810379	0.000259764035448	DLR00012709-2009-06-30_14-36-26	2.52176128906e-05	4	103	1361.5	619.5	1.20306680541e-05	0.000159838030795	135	135
96.0	98.0	79.0	111.0	112.0	96.0	10	0.000159838030795	0.000216261729347	DLR00012709-2009-06-30_14-36-26	-5.48489124743e-06	4	103	1497.5	619.5	2.93818216119e-06	5.32793435985e-05	135	135
95.0	97.0	79.0				11	0.0		DLR00012709-2009-06-30_14-36-26	3.24003964054e-05	4	103	1632.5	624.5	0.0	0.0	135	135
95.0	97.0	79.0	112.0	115.0	100.0	12	0.000266396717992	0.000272813142883	DLR00012709-2009-06-30_14-36-26	1.84742042313e-05	4	103	1771.5	616.5	3.70650282036e-06	5.32793435985e-05	135	135
96.0	97.0	79.0				13	0.0		DLR00012709-2009-06-30_14-36-26	1.8842983711e-06	4	103	1909.5	628.5	0.0	0.0	135	135
95.0	97.0	79.0	110.0	113.0	93.5	14	0.000586072779583	0.000226660937638	DLR00012709-2009-06-30_14-36-26	3.82526155756e-05	4	103	2052.5	619.5	6.15893644816e-06	0.000106558687197	135	135
95.0	97.0	78.0	114.0	122.0	108.0	15	0.00207789440034	0.000375683265977	DLR00012709-2009-06-30_14-36-26	4.13214747342e-05	4	103	2179.5	619.5	5.55808063944e-05	0.000586072779583	135	135
95.0	97.0	78.0	110.5	113.5	98.5	16	0.000479514092386	0.000260244911329	DLR00012709-2009-06-30_14-36-26	2.84066738848e-05	4	103	2326.5	609.5	7.07149580574e-06	0.000106558687197	135	135
95.0	97.0	78.0				17	0.000106558687197		DLR00012709-2009-06-30_14-36-26	3.42476066839e-05	4	103	2458.5	625.5	0.0	0.0	135	135
95.0	96.0	77.0				18	0.0		DLR00012709-2009-06-30_14-36-26	1.1463127721e-05	4	103	2591.5	617.5	0.0	0.0	135	135
95.0	96.0	77.0				19	0.0		DLR00012709-2009-06-30_14-36-26	2.93418207243e-05	4	103	2720.5	619.5	0.0	0.0	135	135
94.0	95.0	76.0	109.5	110.5	94.5	20	0.000319676061591	0.000240085510233	DLR00012709-2009-06-30_14-36-26	3.90416588666e-05	4	103	2866.5	620.5	6.52371518028e-06	0.000106558687197	135	135
93.0	93.0	75.0	112.0	114.0	95.0	21	0.000532793435985	0.000306505333806	DLR00012709-2009-06-30_14-36-26	5.00385560682e-05	4	103	2996.5	619.5	1.24946008385e-05	0.000159838030795	135	135
91.0	91.0	74.0	108.0	108.0	94.0	22	0.000959028184773	0.000293699823887	DLR00012709-2009-06-30_14-36-26	4.27621262168e-05	4	103	3139.5	619.5	2.18916119927e-05	0.000266396717992	135	135
88.0	89.0	72.0	109.0	109.0	95.0	23	0.000426234748788	0.000309978605782	DLR00012709-2009-06-30_14-36-26	7.09558485837e-06	4	103	3271.5	619.5	4.21144144463e-06	5.32793435985e-05	135	135
87.0	88.0	72.0	100.5	102.0	87.0	24	0.000905748841174	0.000240406556472	DLR00012709-2009-06-30_14-36-26	-7.37010184272e-05	4	103	3414.5	616.5	2.28993939215e-05	0.000319676061591	135	135
92.0	92.0	78.0				1	0.0		DLR00012709-2009-06-30_14-36-26	-3.6652581038e-05	5	103	268.5	756.5	0.0	0.0	135	135
94.0	95.0	79.0				2	0.0		DLR00012709-2009-06-30_14-36-26	1.94714822624e-05	5	103	409.5	756.5	0.0	0.0	135	135
96.0	97.0	80.0				3	5.32793435985e-05		DLR00012709-2009-06-30_14-36-26	4.02868874349e-05	5	103	535.5	750.5	0.0	0.0	135	135
97.0	98.0	80.0				4	0.0		DLR00012709-2009-06-30_14-36-26	2.95583567419e-05	5	103	678.5	756.5	0.0	0.0	135	135
98.0	99.0	81.0	112.0	116.0	97.0	5	0.000586072779583	0.000232688574328	DLR00012709-2009-06-30_14-36-26	4.49452736834e-05	5	103	815.5	756.5	9.52575176312e-06	0.000159838030795	135	135
97.0	99.0	80.0	114.0	116.0	97.0	6	0.000586072779583	0.000237371186939	DLR00012709-2009-06-30_14-36-26	4.85213516158e-05	5	103	952.5	746.5	1.27005388078e-05	0.000213117374394	135	135
97.0	99.0	80.0	116.0	118.0	102.5	7	0.000586072779583	0.000289329557094	DLR00012709-2009-06-30_14-36-26	5.73036000172e-05	5	103	1082.5	756.5	7.86179733166e-06	0.000106558687197	135	135
97.0	99.0	80.0	110.0	116.0	99.0	8	0.000532793435985	0.000249193346449	DLR00012709-2009-06-30_14-36-26	2.83550961808e-05	5	103	1226.5	748.5	3.38559877162e-06	5.32793435985e-05	135	135
96.0	98.0	80.0				9	5.32793435985e-05		DLR00012709-2009-06-30_14-36-26	2.21983875669e-05	5	103	1363.5	753.5	0.0	0.0	135	135
95.0	98.0	80.0				10	5.32793435985e-05		DLR00012709-2009-06-30_14-36-26	2.22153214092e-05	5	103	1497.5	746.5	0.0	0.0	135	135
95.0	97.0	79.0	108.0	113.0	98.0	11	0.000213117374394	0.000243921340344	DLR00012709-2009-06-30_14-36-26	-3.39054559058e-05	5	103	1636.5	750.5	3.31397207031e-06	5.32793435985e-05	135	135
95.0	97.0	79.0	110.0	118.0	101.0	12	0.000426234748788	0.000301466179603	DLR00012709-2009-06-30_14-36-26	2.3416692999e-05	5	103	1771.5	765.5	4.09578964243e-06	5.32793435985e-05	135	135
95.0	97.0	79.0	112.0	115.0	100.0	13	0.000639352123182	0.000272436772586	DLR00012709-2009-06-30_14-36-26	3.45638684034e-05	5	103	1913.5	750.5	1.48054684925e-05	0.000213117374394	135	135
95.0	97.0	79.0	110.0	115.0	100.0	14	0.00213117374394	0.00025709208461	DLR00012709-2009-06-30_14-36-26	3.58184804214e-05	5	103	2044.5	756.5	4.78076535719e-05	0.000586072779583	135	135
95.0	97.0	78.0	122.0	128.0	111.0	15	0.00101230752837	0.000456208122709	DLR00012709-2009-06-30_14-36-26	3.21713381669e-05	5	103	2177.5	753.5	3.00713971975e-05	0.000266396717992	135	135
95.0	97.0	78.0				16	0.0		DLR00012709-2009-06-30_14-36-26	4.10241824974e-05	5	103	2317.5	762.5	0.0	0.0	135	135
95.0	96.0	78.0	111.0	113.0	97.0	17	0.000639352123182	0.000256047574661	DLR00012709-2009-06-30_14-36-26	2.12464426787e-05	5	103	2458.5	759.5	6.95744382105e-06	0.000106558687197	135	135
94.0	96.0	77.0	112.0	113.5	96.0	18	0.00069263146678	0.000263295944426	DLR00012709-2009-06-30_14-36-26	3.0042732107e-05	5	103	2591.5	755.5	2.00793207108e-05	0.000213117374394	135	135
94.0	95.0	77.0	109.0	110.0	94.0	19	0.000106558687197	0.000226835111761	DLR00012709-2009-06-30_14-36-26	6.87314801438e-05	5	103	2727.5	756.5	3.08183459423e-06	5.32793435985e-05	135	135
94.0	95.0	76.0				20	0.000106558687197		DLR00012709-2009-06-30_14-36-26	-7.85506080624e-06	5	103	2867.5	754.5	0.0	0.0	135	135
93.0	93.0	75.0	115.0	116.0	100.0	21	0.000799190153977	0.000360180593026	DLR00012709-2009-06-30_14-36-26	4.13327641624e-05	5	103	3003.5	756.5	1.91495207124e-05	0.000213117374394	135	135
91.0	91.0	74.0	105.0	105.0	89.0	22	0.000586072779583	0.000209363433625	DLR00012709-2009-06-30_14-36-26	1.66710996195e-05	5	103	3137.5	752.5	9.39606732914e-06	0.000159838030795	135	135
89.0	89.0	72.0	111.0	111.5	97.5	23	0.00117214555917	0.000345513732605	DLR00012709-2009-06-30_14-36-26	2.84966269075e-05	5	103	3271.5	756.5	4.20608960456e-05	0.000426234748788	135	135
88.0	88.0	72.0				24	0.0		DLR00012709-2009-06-30_14-36-26	-7.40550828857e-05	5	103	3414.5	756.5	0.0	0.0	135	135
92.0	92.0	77.0				1	0.0		DLR00012709-2009-06-30_14-36-26	-8.66660956932e-05	6	103	271.5	893.5	0.0	0.0	135	135
95.0	95.0	79.0	112.5	114.5	101.5	2	0.00069263146678	0.000304759808896	DLR00012709-2009-06-30_14-36-26	6.07280041614e-06	6	103	409.5	890.5	1.57573427072e-05	0.000213117374394	135	135
96.0	97.0	80.0	112.5	112.5	99.5	3	0.00069263146678	0.000248854753551	DLR00012709-2009-06-30_14-36-26	-1.03248658759e-06	6	103	544.5	892.5	1.37272410603e-05	0.000213117374394	135	135
97.0	98.0	80.0	114.0	114.5	99.5	4	0.000532793435985	0.000240851876682	DLR00012709-2009-06-30_14-36-26	4.1733791714e-05	6	103	670.5	887.5	6.54453924599e-06	0.000106558687197	135	135
98.0	99.0	80.0				5	5.32793435985e-05		DLR00012709-2009-06-30_14-36-26	5.63589041902e-06	6	103	814.5	892.5	0.0	0.0	135	135
97.0	99.0	80.0	114.5	117.5	101.5	6	0.000586072779583	0.000273809074021	DLR00012709-2009-06-30_14-36-26	1.14863438709e-05	6	103	952.5	883.5	7.44006754493e-06	0.000106558687197	135	135
97.0	99.0	80.0	113.5	115.5	96.5	7	0.000479514092386	0.000241249833956	DLR00012709-2009-06-30_14-36-26	5.78535722426e-06	6	103	1090.5	892.5	6.55535272618e-06	0.000106558687197	135	135
97.0	98.0	80.0	110.0	113.0	97.0	8	0.000213117374394	0.000219778488747	DLR00012709-2009-06-30_14-36-26	1.46491349246e-05	6	103	1226.5	895.5	2.98596167247e-06	5.32793435985e-05	135	135
96.0	98.0	80.0				9	0.0		DLR00012709-2009-06-30_14-36-26	3.59996451951e-05	6	103	1356.5	888.5	0.0	0.0	135	135
95.0	97.0	80.0				10	0.0		DLR00012709-2009-06-30_14-36-26	4.46562885475e-05	6	103	1497.5	886.5	0.0	0.0	135	135
94.0	97.0	79.0	105.0	111.0	94.0	11	0.0	0.000212161283529	DLR00012709-2009-06-30_14-36-26	1.07226411494e-05	6	103	1643.5	890.5	2.88247255048e-06	5.32793435985e-05	135	135
95.0	97.0	79.0	108.0	111.0	95.0	12	0.000106558687197	0.000212826550392	DLR00012709-2009-06-30_14-36-26	3.93509142263e-05	6	103	1771.5	885.5	2.89151102084e-06	5.32793435985e-05	135	135
95.0	97.0	79.0	108.0	112.0	98.0	13	0.00149182162076	0.000223984216532	DLR00012709-2009-06-30_14-36-26	9.68904440446e-06	6	103	1907.5	899.5	4.04663564774e-05	0.000586072779583	135	135
95.0	97.0	79.0				14	0.000106558687197		DLR00012709-2009-06-30_14-36-26	2.72605403001e-05	6	103	2038.5	892.5	0.0	0.0	135	135
95.0	96.0	78.0	110.0	110.0	96.0	15	0.000106558687197	0.000221995699066	DLR00012709-2009-06-30_14-36-26	1.16946924369e-06	6	103	2174.5	891.5	3.01608520763e-06	5.32793435985e-05	135	135
94.0	96.0	78.0	108.0	111.0	95.0	16	0.000799190153977	0.000225142533611	DLR00012709-2009-06-30_14-36-26	7.32222980318e-06	6	103	2312.5	892.5	1.51840968028e-05	0.000266396717992	135	135
94.0	96.0	77.0				17	0.0		DLR00012709-2009-06-30_14-36-26	2.5743488387e-05	6	103	2458.5	892.5	0.0	0.0	135	135
94.0	95.0	77.0				18	0.0		DLR00012709-2009-06-30_14-36-26	-9.34863257405e-06	6	103	2591.5	895.5	0.0	0.0	135	135
94.0	95.0	76.0				19	0.0		DLR00012709-2009-06-30_14-36-26	2.09258459944e-05	6	103	2731.5	898.5	0.0	0.0	135	135
94.0	94.0	76.0				20	0.0		DLR00012709-2009-06-30_14-36-26	3.79341966785e-05	6	103	2866.5	891.5	0.0	0.0	135	135
93.0	93.0	75.0				21	0.0		DLR00012709-2009-06-30_14-36-26	1.73917307519e-05	6	103	2997.5	892.5	0.0	0.0	135	135
91.0	91.0	73.0	111.5	112.5	96.5	22	0.000852469497576	0.000325668878816	DLR00012709-2009-06-30_14-36-26	4.03717459555e-05	6	103	3137.5	886.5	1.79133351106e-05	0.000213117374394	135	135
89.0	90.0	72.0	108.0	109.0	91.0	23	0.000905748841174	0.00030622719002	DLR00012709-2009-06-30_14-36-26	3.80053318408e-05	6	103	3274.5	892.5	1.22088126541e-05	0.000159838030795	135	135
88.0	88.0	72.0	104.0	106.0	90.5	24	0.00069263146678	0.000281279782311	DLR00012709-2009-06-30_14-36-26	-4.90093821194e-05	6	103	3404.5	890.5	1.55078821263e-05	0.000213117374394	135	135
93.0	93.0	77.0				1	0.0		DLR00012709-2009-06-30_14-36-26	-0.000106784540205	7	103	274.5	1031.5	0.0	0.0	135	135
95.0	95.0	79.0				2	0.0		DLR00012709-2009-06-30_14-36-26	3.28095599195e-05	7	103	409.5	1031.5	0.0	0.0	135	135
96.0	97.0	79.0				3	0.0		DLR00012709-2009-06-30_14-36-26	1.44334636279e-05	7	103	551.5	1031.5	0.0	0.0	135	135
97.0	98.0	80.0				4	0.0		DLR00012709-2009-06-30_14-36-26	4.59786261719e-05	7	103	678.5	1034.5	0.0	0.0	135	135
98.0	99.0	80.0				5	0.0		DLR00012709-2009-06-30_14-36-26	3.01195536296e-05	7	103	815.5	1022.5	0.0	0.0	135	135
97.0	99.0	80.0	115.0	120.0	105.0	6	0.00159838030795	0.000275087238536	DLR00012709-2009-06-30_14-36-26	3.43536219361e-05	7	103	944.5	1023.5	4.71717639033e-05	0.00069263146678	135	135
97.0	98.0	80.0				7	0.000159838030795		DLR00012709-2009-06-30_14-36-26	7.45986268531e-06	7	103	1085.5	1037.5	0.0	0.0	135	135
96.0	98.0	80.0	116.0	118.0	102.5	8	0.000852469497576	0.000296516070025	DLR00012709-2009-06-30_14-36-26	3.2371094328e-05	7	103	1226.5	1029.5	1.65649521926e-05	0.000213117374394	135	135
96.0	98.0	80.0	111.0	117.0	101.0	9	0.00165165965155	0.00027094045744	DLR00012709-2009-06-30_14-36-26	3.21397834357e-05	7	103	1363.5	1026.5	3.63643920542e-05	0.000479514092386	135	135
95.0	97.0	80.0	108.0	112.0	95.0	10	0.00069263146678	0.000213318755199	DLR00012709-2009-06-30_14-36-26	1.24362908693e-05	7	103	1497.5	1030.5	9.22049643887e-06	0.000159838030795	135	135
95.0	97.0	80.0				11	0.0		DLR00012709-2009-06-30_14-36-26	1.10426428977e-05	7	103	1640.5	1036.5	0.0	0.0	135	135
94.0	97.0	80.0	113.0	119.0	102.0	12	0.00181149768235	0.000313176727474	DLR00012709-2009-06-30_14-36-26	1.42340553718e-05	7	103	1771.5	1031.5	3.4374070147e-05	0.000372955405189	135	135
94.0	96.0	79.0	109.5	114.0	97.5	13	0.00191805636955	0.000251914914903	DLR00012709-2009-06-30_14-36-26	2.86054502714e-05	7	103	1908.5	1033.5	2.98014709068e-05	0.000426234748788	135	135
94.0	96.0	79.0	108.5	112.5	97.5	14	0.00154510096436	0.000246072365114	DLR00012709-2009-06-30_14-36-26	3.26840875909e-05	7	103	2046.5	1031.5	3.84025840372e-05	0.000532793435985	135	135
94.0	96.0	78.0				15	0.0		DLR00012709-2009-06-30_14-36-26	9.88191319565e-07	7	103	2184.5	1033.5	0.0	0.0	135	135
94.0	96.0	78.0	108.0	111.0	95.0	16	0.000426234748788	0.000226153671439	DLR00012709-2009-06-30_14-36-26	3.37367309947e-05	7	103	2314.5	1025.5	6.145152775e-06	0.000106558687197	135	135
94.0	95.0	77.0	109.5	110.0	95.0	17	0.000532793435985	0.00024250785691	DLR00012709-2009-06-30_14-36-26	2.92151174707e-05	7	103	2458.5	1031.5	6.58953631115e-06	0.000106558687197	135	135
94.0	95.0	76.0	113.0	114.0	98.0	18	0.00069263146678	0.000291045889009	DLR00012709-2009-06-30_14-36-26	3.05946218047e-05	7	103	2591.5	1028.5	1.63171895942e-05	0.000213117374394	135	135
94.0	95.0	76.0				19	0.0		DLR00012709-2009-06-30_14-36-26	3.74354934255e-05	7	103	2725.5	1027.5	0.0	0.0	135	135
93.0	94.0	75.0				20	0.0		DLR00012709-2009-06-30_14-36-26	9.70003399292e-06	7	103	2872.5	1031.5	0.0	0.0	135	135
93.0	93.0	75.0	113.0	113.5	98.5	21	0.00127870424636	0.00030633510476	DLR00012709-2009-06-30_14-36-26	9.38121908885e-06	7	103	2999.5	1031.5	3.35714989116e-05	0.000426234748788	135	135
91.0	92.0	73.0				22	0.0		DLR00012709-2009-06-30_14-36-26	2.31285184845e-05	7	103	3137.5	1024.5	0.0	0.0	135	135
89.0	90.0	72.0				23	0.0		DLR00012709-2009-06-30_14-36-26	-6.1411521363e-05	7	103	3267.5	1024.5	0.0	0.0	135	135
88.0	89.0	72.0	99.0	102.5	93.0	24	0.000159838030795	0.000225339565552	DLR00012709-2009-06-30_14-36-26	-8.00185965122e-05	7	103	3411.5	1031.5	1.83571623332e-05	0.000319676061591	135	135
93.0	93.0	78.0				1	0.000159838030795		DLR00012709-2009-06-30_14-36-26	-6.42068640223e-05	8	103	276.5	1172.5	0.0	0.0	135	135
95.0	96.0	79.0				2	0.0		DLR00012709-2009-06-30_14-36-26	2.31092809504e-05	8	103	411.5	1167.5	0.0	0.0	135	135
96.0	97.0	79.0	111.5	113.5	97.5	3	0.00111886621557	0.000238898917798	DLR00012709-2009-06-30_14-36-26	3.62982114648e-05	8	103	546.5	1155.5	2.0743498879e-05	0.000319676061591	135	135
97.0	98.0	80.0				4	0.0		DLR00012709-2009-06-30_14-36-26	5.77491375235e-05	8	103	678.5	1168.5	0.0	0.0	135	135
97.0	99.0	80.0				5	0.0		DLR00012709-2009-06-30_14-36-26	3.71702281763e-05	8	103	822.5	1164.5	0.0	0.0	135	135
97.0	98.0	80.0				6	5.32793435985e-05		DLR00012709-2009-06-30_14-36-26	1.61347113457e-05	8	103	952.5	1170.5	0.0	0.0	135	135
96.0	98.0	80.0	114.0	116.5	100.0	7	0.00101230752837	0.000262625158689	DLR00012709-2009-06-30_14-36-26	4.04633247467e-05	8	103	1082.5	1164.5	2.64549702456e-05	0.000319676061591	135	135
96.0	98.0	79.0				8	0.0		DLR00012709-2009-06-30_14-36-26	3.64092117475e-05	8	103	1226.5	1157.5	0.0	0.0	135	135
95.0	97.0	79.0				9	0.0		DLR00012709-2009-06-30_14-36-26	1.88362969006e-05	8	103	1358.5	1166.5	0.0	0.0	135	135
95.0	97.0	79.0	108.0	111.0	96.0	10	0.000106558687197	0.000211940637596	DLR00012709-2009-06-30_14-36-26	1.13106479891e-05	8	103	1499.5	1164.5	2.8794748035e-06	5.32793435985e-05	135	135
94.0	97.0	80.0	114.0	124.0	112.0	11	0.00388939208269	0.000356615530681	DLR00012709-2009-06-30_14-36-26	2.17519813211e-05	8	103	1635.5	1164.5	0.000173117298413	0.00186477702595	135	135
94.0	97.0	80.0	112.0	119.0	106.0	12	0.0034098779903	0.000290988166999	DLR00012709-2009-06-30_14-36-26	1.61252306219e-05	8	103	1777.5	1157.5	0.000111604572737	0.00149182162076	135	135
94.0	96.0	79.0				13	5.32793435985e-05		DLR00012709-2009-06-30_14-36-26	5.03551677912e-05	8	103	1903.5	1164.5	0.0	0.0	135	135
93.0	96.0	79.0				14	0.0		DLR00012709-2009-06-30_14-36-26	5.9395576621e-05	8	103	2047.5	1164.5	0.0	0.0	135	135
93.0	95.0	78.0				15	0.0		DLR00012709-2009-06-30_14-36-26	2.56537399856e-05	8	103	2182.5	1164.5	0.0	0.0	135	135
93.0	95.0	77.0	113.5	120.5	103.5	16	0.00181149768235	0.000356303519343	DLR00012709-2009-06-30_14-36-26	7.03157797407e-05	8	103	2317.5	1164.5	5.63462332937e-05	0.000532793435985	135	135
93.0	95.0	77.0				17	0.000159838030795		DLR00012709-2009-06-30_14-36-26	4.52209008067e-05	8	103	2452.5	1164.5	0.0	0.0	135	135
93.0	95.0	76.0				18	0.0		DLR00012709-2009-06-30_14-36-26	1.94321905554e-05	8	103	2591.5	1163.5	0.0	0.0	135	135
93.0	94.0	75.0				19	0.0		DLR00012709-2009-06-30_14-36-26	8.98671718867e-07	8	103	2721.5	1168.5	0.0	0.0	135	135
93.0	94.0	75.0	111.0	112.0	96.0	20	0.000745910810379	0.000293631522259	DLR00012709-2009-06-30_14-36-26	1.31024751888e-05	8	103	2866.5	1164.5	1.6405925212e-05	0.000213117374394	135	135
92.0	93.0	75.0	111.0	111.0	95.0	21	0.00111886621557	0.000282545211125	DLR00012709-2009-06-30_14-36-26	3.55970748137e-05	8	103	2996.5	1164.5	1.95373821129e-05	0.000266396717992	135	135
91.0	91.0	73.0				22	0.0		DLR00012709-2009-06-30_14-36-26	1.89622269938e-05	8	103	3137.5	1155.5	0.0	0.0	135	135
89.0	90.0	72.0				23	0.0		DLR00012709-2009-06-30_14-36-26	4.76369123293e-05	8	103	3269.5	1164.5	0.0	0.0	135	135
88.0	88.0	72.0	100.0	103.5	92.5	24	0.000479514092386	0.000215232528648	DLR00012709-2009-06-30_14-36-26	-0.00010077592854	8	103	3408.5	1164.5	1.80825292243e-05	0.000319676061591	135	135
94.0	94.0	78.0				1	0.0		DLR00012709-2009-06-30_14-36-26	-6.72348870091e-05	9	103	278.5	1304.5	0.0	0.0	135	135
95.0	96.0	78.0				2	0.000159838030795		DLR00012709-2009-06-30_14-36-26	5.0183776437e-05	9	103	409.5	1304.5	0.0	0.0	135	135
96.0	97.0	79.0	112.0	113.0	97.0	3	0.00069263146678	0.000238817348933	DLR00012709-2009-06-30_14-36-26	9.48149343219e-07	9	103	541.5	1301.5	9.6696810086e-06	0.000159838030795	135	135
97.0	98.0	80.0	113.0	114.0	98.0	4	0.00143854227716	0.00024589673971	DLR00012709-2009-06-30_14-36-26	2.23064950281e-05	9	103	679.5	1304.5	1.81669583011e-05	0.000266396717992	135	135
97.0	99.0	80.0	115.0	117.0	98.0	5	0.000586072779583	0.000260427056821	DLR00012709-2009-06-30_14-36-26	2.73089419837e-05	9	103	815.5	1304.5	7.07644514777e-06	0.000106558687197	135	135
97.0	98.0	79.0	112.5	117.5	103.0	6	0.00175821833875	0.000265639523325	DLR00012709-2009-06-30_14-36-26	5.40379464787e-05	9	103	952.5	1301.5	4.6694766594e-05	0.000639352123182	135	135
96.0	98.0	79.0	111.0	113.0	94.0	7	0.000213117374394	0.000216070746774	DLR00012709-2009-06-30_14-36-26	2.63704557083e-05	9	103	1082.5	1304.5	2.93558742753e-06	5.32793435985e-05	135	135
96.0	97.0	79.0				8	0.0		DLR00012709-2009-06-30_14-36-26	1.87896445283e-05	9	103	1233.5	1304.5	0.0	0.0	135	135
95.0	97.0	79.0				9	0.0		DLR00012709-2009-06-30_14-36-26	3.12422029569e-05	9	103	1354.5	1300.5	0.0	0.0	135	135
94.0	97.0	79.0	113.5	116.5	101.5	10	0.000745910810379	0.000295779533198	DLR00012709-2009-06-30_14-36-26	2.61266741984e-07	9	103	1497.5	1303.5	1.56648299099e-05	0.000213117374394	135	135
94.0	97.0	80.0	110.0	113.0	97.0	11	0.00218445308754	0.000248878185385	DLR00012709-2009-06-30_14-36-26	2.11419220585e-05	9	103	1636.5	1311.5	3.21098943979e-05	0.000479514092386	135	135
94.0	96.0	79.0	108.0	112.0	96.0	12	0.000799190153977	0.000224267736205	DLR00012709-2009-06-30_14-36-26	3.37142059594e-05	9	103	1771.5	1304.5	1.5838493962e-05	0.000266396717992	135	135
93.0	96.0	79.0	111.0	114.0	99.0	13	0.00223773243114	0.000275707601681	DLR00012709-2009-06-30_14-36-26	1.74784506146e-05	9	103	1906.5	1310.5	3.66870008984e-05	0.000479514092386	135	135
93.0	96.0	78.0	119.0	122.0	107.0	14	0.000959028184773	0.000387794290049	DLR00012709-2009-06-30_14-36-26	3.69399619176e-05	9	103	2039.5	1306.5	2.7976482975e-05	0.000266396717992	135	135
93.0	95.0	78.0	107.5	110.5	95.5	15	0.000532793435985	0.000243734638058	DLR00012709-2009-06-30_14-36-26	3.26200820107e-05	9	103	2180.5	1304.5	6.62287097926e-06	0.000106558687197	135	135
93.0	94.0	77.0	112.0	116.5	101.5	16	0.00138526293356	0.000334168175851	DLR00012709-2009-06-30_14-36-26	4.20462984153e-06	9	103	2317.5	1297.5	2.67018304185e-05	0.000319676061591	135	135
93.0	94.0	76.0	105.5	111.0	94.5	17	0.00149182162076	0.000242584341583	DLR00012709-2009-06-30_14-36-26	6.02321022688e-05	9	103	2465.5	1304.5	2.69218627516e-05	0.000426234748788	135	135
93.0	94.0	76.0	113.0	115.0	98.0	18	0.00181149768235	0.000320183416576	DLR00012709-2009-06-30_14-36-26	3.49817515898e-05	9	103	2591.5	1295.5	4.62406116802e-05	0.000532793435985	135	135
93.0	94.0	75.0				19	0.0		DLR00012709-2009-06-30_14-36-26	2.97780259683e-05	9	103	2725.5	1304.5	0.0	0.0	135	135
93.0	94.0	75.0	109.0	110.0	94.0	20	0.00069263146678	0.000263659806916	DLR00012709-2009-06-30_14-36-26	6.63068571728e-05	9	103	2866.5	1304.5	1.45406575996e-05	0.000213117374394	135	135
92.0	93.0	74.0	107.5	110.5	94.0	21	0.00117214555917	0.000254093345181	DLR00012709-2009-06-30_14-36-26	2.02574333087e-05	9	103	2992.5	1304.5	2.07965211306e-05	0.000319676061591	135	135
91.0	91.0	73.0	109.0	109.5	94.5	22	0.00143854227716	0.000293356159137	DLR00012709-2009-06-30_14-36-26	1.09536698231e-05	9	103	3143.5	1294.5	2.67724329782e-05	0.000319676061591	135	135
89.0	90.0	72.0	104.0	105.0	89.0	23	0.000959028184773	0.000242964316548	DLR00012709-2009-06-30_14-36-26	2.28497923172e-05	9	103	3271.5	1304.5	1.64518462834e-05	0.000266396717992	135	135
88.0	88.0	72.0	101.0	104.0	89.0	24	5.32793435985e-05	0.000215836780312	DLR00012709-2009-06-30_14-36-26	-0.00010103704502	9	103	3412.5	1304.5	2.93240870475e-06	5.32793435985e-05	135	135
94.0	94.0	78.0	107.0	114.0	110.0	1	0.000745910810379	0.000239749168091	DLR00012709-2009-06-30_14-36-26	-8.39152980011e-05	10	103	265.5	1431.5	2.27391506756e-05	0.000372955405189	135	135
95.0	96.0	79.0				2	0.000106558687197		DLR00012709-2009-06-30_14-36-26	1.31799759e-05	10	103	409.5	1438.5	0.0	0.0	135	135
96.0	97.0	79.0	114.0	117.0	102.0	3	0.00202461505674	0.000302319510341	DLR00012709-2009-06-30_14-36-26	4.09608392431e-05	10	103	544.5	1446.5	5.4525416129e-05	0.000586072779583	135	135
97.0	98.0	80.0	114.0	116.5	101.0	4	0.00127870424636	0.00026890832609	DLR00012709-2009-06-30_14-36-26	2.40737906973e-05	10	103	678.5	1431.5	2.28509885125e-05	0.000319676061591	135	135
97.0	99.0	80.0				5	0.000159838030795		DLR00012709-2009-06-30_14-36-26	3.17479075136e-05	10	103	820.5	1433.5	0.0	0.0	135	135
97.0	98.0	79.0				6	5.32793435985e-05		DLR00012709-2009-06-30_14-36-26	3.39547206082e-05	10	103	961.5	1439.5	0.0	0.0	135	135
96.0	98.0	79.0	109.5	112.5	93.5	7	0.000319676061591	0.000214347611658	DLR00012709-2009-06-30_14-36-26	1.5787349053e-05	10	103	1093.5	1442.5	5.82435302602e-06	0.000106558687197	135	135
95.0	97.0	79.0	109.0	112.0	96.0	8	0.000639352123182	0.000213859950328	DLR00012709-2009-06-30_14-36-26	3.70952138598e-05	10	103	1226.5	1438.5	1.50408354057e-05	0.000266396717992	135	135
95.0	97.0	78.0	108.5	111.5	95.5	9	0.000319676061591	0.000218338850693	DLR00012709-2009-06-30_14-36-26	3.86547247385e-05	10	103	1355.5	1432.5	5.93280482996e-06	0.000106558687197	135	135
94.0	96.0	79.0	110.5	118.0	104.0	10	0.00149182162076	0.000307609300408	DLR00012709-2009-06-30_14-36-26	5.3657656135e-05	10	103	1503.5	1431.5	3.45831274115e-05	0.000426234748788	135	135
94.0	96.0	79.0				11	0.000159838030795		DLR00012709-2009-06-30_14-36-26	1.70355669457e-05	10	103	1642.5	1438.5	0.0	0.0	135	135
94.0	96.0	79.0	111.0	114.0	98.0	12	0.000532793435985	0.000263774853373	DLR00012709-2009-06-30_14-36-26	2.91815487527e-05	10	103	1771.5	1438.5	3.5837065166e-06	5.32793435985e-05	135	135
94.0	96.0	78.0	110.5	113.5	98.5	13	0.000799190153977	0.000274124572548	DLR00012709-2009-06-30_14-36-26	-2.91148660386e-06	10	103	1904.5	1438.5	1.42766730703e-05	0.000213117374394	135	135
93.0	95.0	77.0	111.0	116.0	97.0	14	0.00106558687197	0.000302320954188	DLR00012709-2009-06-30_14-36-26	5.54632697796e-05	10	103	2046.5	1439.5	1.85017527619e-05	0.000266396717992	135	135
92.0	94.0	77.0	114.5	127.0	116.0	15	0.00319676061591	0.000457047618499	DLR00012709-2009-06-30_14-36-26	2.13449659254e-05	10	103	2184.5	1438.5	0.000144511560738	0.00127870424636	135	135
92.0	94.0	77.0	107.5	111.0	94.5	16	0.00122542490277	0.000252346105101	DLR00012709-2009-06-30_14-36-26	3.58271520485e-05	10	103	2319.5	1438.5	2.1331771348e-05	0.000319676061591	135	135
93.0	94.0	76.0	103.5	110.5	95.0	17	0.00106558687197	0.000244844296919	DLR00012709-2009-06-30_14-36-26	3.18294878646e-05	10	103	2462.5	1428.5	2.039191915e-05	0.000319676061591	135	135
92.0	94.0	75.0	106.0	110.0	96.0	18	0.00159838030795	0.000247259190219	DLR00012709-2009-06-30_14-36-26	2.00851054729e-05	10	103	2591.5	1438.5	3.47251311416e-05	0.000479514092386	135	135
92.0	93.0	75.0	118.0	122.0	103.0	19	0.00127870424636	0.000418648018044	DLR00012709-2009-06-30_14-36-26	2.7567754559e-05	10	103	2721.5	1438.5	3.84966914261e-05	0.000372955405189	135	135
92.0	93.0	74.0	107.0	109.0	93.0	20	0.00181149768235	0.000251021148605	DLR00012709-2009-06-30_14-36-26	2.54245412149e-05	10	103	2866.5	1435.5	4.56296090073e-05	0.00069263146678	135	135
92.0	92.0	74.0				21	0.0		DLR00012709-2009-06-30_14-36-26	3.70272166211e-05	10	103	3003.5	1438.5	0.0	0.0	135	135
91.0	91.0	73.0	104.0	107.0	91.0	22	0.000372955405189	0.000256051832351	DLR00012709-2009-06-30_14-36-26	8.40592599313e-05	10	103	3136.5	1430.5	1.39027195878e-05	0.000213117374394	135	135
89.0	89.0	72.0	106.0	107.5	96.5	23	0.000745910810379	0.000315841829159	DLR00012709-2009-06-30_14-36-26	-3.26592372382e-05	10	103	3274.5	1438.5	8.58220112266e-06	0.000106558687197	135	135
88.0	88.0	72.0	101.0	104.0	88.0	24	0.00101230752837	0.000224722381149	DLR00012709-2009-06-30_14-36-26	-0.000110066739128	10	103	3414.5	1438.5	2.92422769256e-05	0.000479514092386	135	135
93.0	94.0	78.0	111.0	111.0	98.0	1	0.000745910810379	0.000272022750247	DLR00012709-2009-06-30_14-36-26	-6.68255291055e-05	11	103	272.5	1578.5	1.81413590153e-05	0.000266396717992	135	135
95.0	96.0	79.0	110.0	110.0	96.0	2	0.000532793435985	0.00022307610635	DLR00012709-2009-06-30_14-36-26	6.32170028451e-05	11	103	409.5	1577.5	6.0615277446e-06	0.000106558687197	135	135
96.0	97.0	79.0	111.0	112.0	96.0	3	0.000372955405189	0.000231640188502	DLR00012709-2009-06-30_14-36-26	4.47680227206e-05	11	103	539.5	1580.5	3.14711748457e-06	5.32793435985e-05	135	135
97.0	98.0	80.0	116.0	118.0	102.0	4	0.000479514092386	0.000305605150261	DLR00012709-2009-06-30_14-36-26	2.49280988029e-05	11	103	678.5	1578.5	8.30404532116e-06	0.000106558687197	135	135
97.0	98.0	80.0	112.0	115.0	100.0	5	0.000586072779583	0.000251733170704	DLR00012709-2009-06-30_14-36-26	8.51208954609e-05	11	103	815.5	1578.5	1.08045803411e-05	0.000159838030795	135	135
96.0	98.0	79.0				6	0.0		DLR00012709-2009-06-30_14-36-26	-2.66578739607e-05	11	103	954.5	1576.5	0.0	0.0	135	135
96.0	97.0	79.0	111.0	114.0	95.0	7	0.00149182162076	0.000234176807577	DLR00012709-2009-06-30_14-36-26	4.47845834554e-05	11	103	1090.5	1574.5	1.61579168883e-05	0.000266396717992	135	135
95.0	97.0	78.0	110.0	113.0	96.0	8	0.00154510096436	0.000249378386496	DLR00012709-2009-06-30_14-36-26	4.10025788638e-05	11	103	1226.5	1580.5	2.52312702876e-05	0.000372955405189	135	135
94.0	96.0	78.0	112.0	116.5	100.0	9	0.000799190153977	0.00030190475641	DLR00012709-2009-06-30_14-36-26	2.21510469727e-05	11	103	1366.5	1586.5	1.64062924015e-05	0.000213117374394	135	135
94.0	96.0	78.0	115.0	118.0	102.0	10	0.00218445308754	0.000331013888489	DLR00012709-2009-06-30_14-36-26	2.95135183128e-05	11	103	1497.5	1578.5	6.22667996238e-05	0.000586072779583	135	135
94.0	96.0	78.0	115.0	115.0	101.0	11	0.000799190153977	0.000306773509245	DLR00012709-2009-06-30_14-36-26	2.7096863201e-05	11	103	1639.5	1571.5	1.23793553581e-05	0.000159838030795	135	135
94.0	96.0	78.0	105.0	111.0	94.0	12	0.000319676061591	0.00021610611811	DLR00012709-2009-06-30_14-36-26	-2.32940867588e-06	11	103	1771.5	1569.5	5.87213598147e-06	0.000106558687197	135	135
93.0	95.0	77.0	109.0	110.0	94.0	13	0.000266396717992	0.000220876077082	DLR00012709-2009-06-30_14-36-26	1.80704778896e-05	11	103	1908.5	1570.5	3.0008737629e-06	5.32793435985e-05	135	135
93.0	95.0	77.0	118.0	124.5	112.5	14	0.00239757046193	0.000442113691109	DLR00012709-2009-06-30_14-36-26	4.60841335448e-05	11	103	2046.5	1578.5	0.000102411806464	0.000745910810379	135	135
92.0	94.0	76.0				15	0.0		DLR00012709-2009-06-30_14-36-26	3.89717510507e-05	11	103	2178.5	1578.5	0.0	0.0	135	135
92.0	93.0	76.0	109.0	112.0	99.0	16	0.00127870424636	0.000288070501456	DLR00012709-2009-06-30_14-36-26	3.59860791084e-05	11	103	2320.5	1575.5	3.08361959485e-05	0.000372955405189	135	135
92.0	93.0	75.0	110.0	113.0	97.0	17	0.000586072779583	0.000306061315415	DLR00012709-2009-06-30_14-36-26	2.22295828119e-05	11	103	2458.5	1578.5	8.31644045296e-06	0.000106558687197	135	135
92.0	93.0	75.0	106.0	110.0	92.0	18	0.000905748841174	0.000246868835776	DLR00012709-2009-06-30_14-36-26	5.14360712012e-05	11	103	2591.5	1573.5	1.73245740291e-05	0.000266396717992	135	135
92.0	93.0	75.0				19	0.0		DLR00012709-2009-06-30_14-36-26	5.05002591063e-05	11	103	2724.5	1578.5	0.0	0.0	135	135
91.0	92.0	74.0				20	0.000106558687197		DLR00012709-2009-06-30_14-36-26	5.43302993297e-05	11	103	2866.5	1578.5	0.0	0.0	135	135
91.0	92.0	74.0				21	0.0		DLR00012709-2009-06-30_14-36-26	3.14124126086e-05	11	103	2994.5	1578.5	0.0	0.0	135	135
90.0	91.0	73.0				22	0.0		DLR00012709-2009-06-30_14-36-26	-2.26873895117e-06	11	103	3137.5	1571.5	0.0	0.0	135	135
88.0	89.0	72.0	105.5	105.5	92.5	23	0.000586072779583	0.000282973325768	DLR00012709-2009-06-30_14-36-26	6.77463616304e-05	11	103	3272.5	1578.5	7.68908285694e-06	0.000106558687197	135	135
87.0	87.0	72.0	100.0	103.0	88.0	24	0.000532793435985	0.000245180579397	DLR00012709-2009-06-30_14-36-26	-0.000121609747968	11	103	3405.5	1568.5	1.87108918436e-05	0.000266396717992	135	135
93.0	94.0	78.0	113.0	114.0	98.0	1	0.000959028184773	0.000317751838463	DLR00012709-2009-06-30_14-36-26	-3.2103811689e-05	12	103	269.5	1711.5	2.05168814041e-05	0.000266396717992	135	135
94.0	95.0	78.0	107.5	111.5	98.5	2	0.00127870424636	0.000253299379614	DLR00012709-2009-06-30_14-36-26	3.28419065531e-05	12	103	409.5	1704.5	2.88790707617e-05	0.000426234748788	135	135
95.0	96.0	79.0				3	0.000106558687197		DLR00012709-2009-06-30_14-36-26	3.16073246092e-05	12	103	544.5	1711.5	0.0	0.0	135	135
96.0	97.0	79.0				4	5.32793435985e-05		DLR00012709-2009-06-30_14-36-26	5.47110206487e-05	12	103	680.5	1711.5	0.0	0.0	135	135
96.0	98.0	79.0				5	0.0		DLR00012709-2009-06-30_14-36-26	4.33186085895e-05	12	103	815.5	1704.5	0.0	0.0	135	135
96.0	97.0	79.0	107.0	115.0	99.0	6	0.00069263146678	0.000245088590786	DLR00012709-2009-06-30_14-36-26	2.25800990851e-05	12	103	952.5	1709.5	1.81973240565e-05	0.000266396717992	135	135
95.0	97.0	78.0	111.0	116.0	101.0	7	0.00159838030795	0.000279491271083	DLR00012709-2009-06-30_14-36-26	2.85226537393e-05	12	103	1086.5	1712.5	3.66979603368e-05	0.000479514092386	135	135
95.0	96.0	78.0				8	0.0		DLR00012709-2009-06-30_14-36-26	2.96309971226e-05	12	103	1222.5	1711.5	0.0	0.0	135	135
94.0	96.0	78.0	114.0	117.0	101.0	9	0.00175821833875	0.000325247469659	DLR00012709-2009-06-30_14-36-26	1.46206624643e-05	12	103	1363.5	1711.5	3.39612545112e-05	0.000372955405189	135	135
94.0	95.0	77.0	117.0	120.0	104.0	10	0.00069263146678	0.000361511070287	DLR00012709-2009-06-30_14-36-26	-1.68302537485e-05	12	103	1497.5	1711.5	9.82314698953e-06	0.000106558687197	135	135
93.0	95.0	77.0	108.0	113.5	97.5	11	0.00117214555917	0.00026649085015	DLR00012709-2009-06-30_14-36-26	-1.47375317976e-05	12	103	1634.5	1705.5	3.07336359478e-05	0.000426234748788	135	135
93.0	95.0	77.0	112.0	117.0	99.0	12	0.00101230752837	0.000330630394425	DLR00012709-2009-06-30_14-36-26	5.50932376133e-05	12	103	1771.5	1705.5	1.22056216102e-05	0.000159838030795	135	135
93.0	94.0	77.0				13	0.0		DLR00012709-2009-06-30_14-36-26	3.20897512634e-05	12	103	1904.5	1715.5	0.0	0.0	135	135
92.0	94.0	76.0	107.0	109.0	94.0	14	0.00111886621557	0.000230859731995	DLR00012709-2009-06-30_14-36-26	3.83910920647e-05	12	103	2046.5	1711.5	2.51392853417e-05	0.000372955405189	135	135
91.0	93.0	76.0	108.0	112.0	99.5	15	0.00287708455432	0.000286074846258	DLR00012709-2009-06-30_14-36-26	7.03642898424e-06	12	103	2184.5	1711.5	0.000101046000866	0.00117214555917	135	135
91.0	93.0	75.0	111.5	113.0	97.5	16	0.00229101177473	0.00031720271598	DLR00012709-2009-06-30_14-36-26	-1.20648318109e-06	12	103	2317.5	1711.5	4.93636822652e-05	0.000532793435985	135	135
91.0	93.0	75.0	107.0	110.0	94.5	17	0.000532793435985	0.000276744851925	DLR00012709-2009-06-30_14-36-26	3.6334551692e-05	12	103	2464.5	1710.5	7.51983986797e-06	0.000106558687197	135	135
91.0	93.0	74.0	106.0	108.0	89.0	18	0.000106558687197	0.000220789727246	DLR00012709-2009-06-30_14-36-26	8.42247908353e-06	12	103	2591.5	1711.5	5.9994011879e-06	0.000106558687197	135	135
91.0	92.0	74.0				19	0.0		DLR00012709-2009-06-30_14-36-26	1.78809140716e-05	12	103	2722.5	1711.5	0.0	0.0	135	135
91.0	92.0	74.0				20	0.0		DLR00012709-2009-06-30_14-36-26	1.95318795259e-05	12	103	2866.5	1715.5	0.0	0.0	135	135
90.0	91.0	73.0	107.0	107.0	91.5	21	0.00154510096436	0.000265754710025	DLR00012709-2009-06-30_14-36-26	3.28703008628e-05	12	103	2999.5	1711.5	3.04970064571e-05	0.000426234748788	135	135
89.0	90.0	73.0	106.0	106.5	91.5	22	0.00117214555917	0.000267146716787	DLR00012709-2009-06-30_14-36-26	1.92393178012e-05	12	103	3137.5	1703.5	3.14342550229e-05	0.000426234748788	135	135
87.0	88.0	72.0				23	0.0		DLR00012709-2009-06-30_14-36-26	1.82087589189e-05	12	103	3272.5	1711.5	0.0	0.0	135	135
86.0	87.0	71.0				24	0.0		DLR00012709-2009-06-30_14-36-26	-8.15635834701e-05	12	103	3405.5	1703.5	0.0	0.0	135	135
93.0	93.0	78.0				1	0.0		DLR00012709-2009-06-30_14-36-26	-6.81048998025e-05	13	103	275.5	1858.5	0.0	0.0	135	135
94.0	94.0	78.0	108.5	110.5	99.5	2	0.00143854227716	0.000253170674737	DLR00012709-2009-06-30_14-36-26	4.34230370768e-05	13	103	409.5	1847.5	3.68000254971e-05	0.000532793435985	135	135
95.0	96.0	79.0	112.5	114.5	99.5	3	0.00218445308754	0.00027952885517	DLR00012709-2009-06-30_14-36-26	-3.47135998277e-05	13	103	544.5	1850.5	3.99851946287e-05	0.000532793435985	135	135
96.0	97.0	79.0	112.0	115.5	103.0	4	0.00159838030795	0.000287062434082	DLR00012709-2009-06-30_14-36-26	2.69278818635e-05	13	103	678.5	1853.5	3.41752808906e-05	0.000426234748788	135	135
96.0	97.0	79.0	112.0	114.0	96.0	5	0.000532793435985	0.000234409858433	DLR00012709-2009-06-30_14-36-26	3.68312913751e-05	13	103	815.5	1850.5	1.04685587192e-05	0.000159838030795	135	135
96.0	97.0	79.0	109.0	115.0	98.0	6	0.000586072779583	0.000236252679927	DLR00012709-2009-06-30_14-36-26	3.10369323059e-05	13	103	949.5	1850.5	9.45100582265e-06	0.000159838030795	135	135
95.0	97.0	78.0	97.0	111.0	111.0	7	0.0	0.000208500563362	DLR00012709-2009-06-30_14-36-26	4.24626839175e-05	13	103	1081.5	1846.5	2.03017674125e-05	0.000372955405189	135	135
94.0	96.0	78.0	108.0	111.5	95.0	8	0.000799190153977	0.000219936426747	DLR00012709-2009-06-30_14-36-26	6.61290348562e-05	13	103	1226.5	1850.5	1.21636502811e-05	0.000213117374394	135	135
94.0	95.0	78.0	104.0	112.5	97.0	9	0.00106558687197	0.000240382304649	DLR00012709-2009-06-30_14-36-26	4.20813350089e-05	13	103	1367.5	1851.5	1.98701820666e-05	0.000319676061591	135	135
93.0	95.0	77.0	108.5	111.5	96.5	10	0.00069263146678	0.000253222170431	DLR00012709-2009-06-30_14-36-26	1.37116446549e-05	13	103	1494.5	1845.5	1.35798725791e-05	0.000213117374394	135	135
93.0	94.0	77.0	107.0	112.0	99.0	11	0.000959028184773	0.000263964391292	DLR00012709-2009-06-30_14-36-26	1.97125083237e-06	13	103	1638.5	1850.5	1.91697307458e-05	0.000266396717992	135	135
92.0	94.0	77.0	110.0	118.0	104.0	12	0.00229101177473	0.000344008965446	DLR00012709-2009-06-30_14-36-26	5.79871015275e-05	13	103	1771.5	1850.5	9.18823052496e-05	0.000905748841174	135	135
92.0	94.0	76.0	110.5	113.5	98.5	13	0.000745910810379	0.000309130664548	DLR00012709-2009-06-30_14-36-26	-2.49467030436e-05	13	103	1908.5	1850.5	1.61731072417e-05	0.000213117374394	135	135
91.0	93.0	76.0	109.0	114.5	97.0	14	0.00154510096436	0.000312175494349	DLR00012709-2009-06-30_14-36-26	5.76704811432e-05	13	103	2046.5	1845.5	3.53599418412e-05	0.000426234748788	135	135
91.0	92.0	75.0	105.0	111.0	97.0	15	0.00133198358996	0.00026310979645	DLR00012709-2009-06-30_14-36-26	2.82823946315e-05	13	103	2184.5	1843.5	3.72728277391e-05	0.000479514092386	135	135
90.0	92.0	75.0	103.0	110.0	101.0	16	0.00202461505674	0.000267042021824	DLR00012709-2009-06-30_14-36-26	1.88246718531e-05	13	103	2317.5	1841.5	7.18524927339e-05	0.00101230752837	135	135
91.0	92.0	74.0	106.0	111.0	94.0	17	0.00175821833875	0.000276991551115	DLR00012709-2009-06-30_14-36-26	-2.69265686438e-06	13	103	2458.5	1850.5	3.92687751328e-05	0.000532793435985	135	135
91.0	92.0	74.0	109.5	112.5	93.5	18	0.00069263146678	0.000306018574219	DLR00012709-2009-06-30_14-36-26	5.06668656595e-05	13	103	2582.5	1850.5	1.62043551285e-05	0.000213117374394	135	135
91.0	92.0	74.0				19	0.0		DLR00012709-2009-06-30_14-36-26	2.48344858183e-05	13	103	2729.5	1850.5	0.0	0.0	135	135
90.0	91.0	74.0				20	0.0		DLR00012709-2009-06-30_14-36-26	4.20025586972e-05	13	103	2866.5	1841.5	0.0	0.0	135	135
89.0	90.0	73.0				21	0.0		DLR00012709-2009-06-30_14-36-26	3.16939092663e-05	13	103	2998.5	1850.5	0.0	0.0	135	135
88.0	89.0	73.0				22	0.0		DLR00012709-2009-06-30_14-36-26	3.03406418757e-05	13	103	3137.5	1846.5	0.0	0.0	135	135
87.0	87.0	71.0				23	0.0		DLR00012709-2009-06-30_14-36-26	1.40248146464e-05	13	103	3274.5	1848.5	0.0	0.0	135	135
86.0	86.0	71.0				24	0.0		DLR00012709-2009-06-30_14-36-26	-5.82105521458e-05	13	103	3409.5	1856.5	0.0	0.0	135	135
92.0	93.0	77.0				1	0.0		DLR00012709-2009-06-30_14-36-26	-1.41585684506e-05	14	103	277.5	1985.5	0.0	0.0	135	135
93.0	94.0	78.0	111.0	113.0	99.0	2	0.00165165965155	0.00028252477391	DLR00012709-2009-06-30_14-36-26	3.11044351073e-05	14	103	409.5	1985.5	4.68123653478e-05	0.000586072779583	135	135
95.0	95.0	79.0	113.0	114.0	99.0	3	0.000586072779583	0.000288143582947	DLR00012709-2009-06-30_14-36-26	3.22349166329e-05	14	103	540.5	1985.5	2.43382312328e-05	0.000266396717992	135	135
96.0	96.0	79.0	112.0	116.0	104.0	4	0.00106558687197	0.000300240409952	DLR00012709-2009-06-30_14-36-26	5.56801250594e-05	14	103	678.5	1980.5	3.07475600875e-05	0.000372955405189	135	135
96.0	97.0	79.0				5	0.0		DLR00012709-2009-06-30_14-36-26	3.83161363011e-05	14	103	814.5	1985.5	0.0	0.0	135	135
96.0	97.0	79.0	117.0	119.0	100.0	6	0.000426234748788	0.000313945223627	DLR00012709-2009-06-30_14-36-26	2.208730903e-05	14	103	952.5	1985.5	4.26533283739e-06	5.32793435985e-05	135	135
95.0	96.0	78.0				7	0.0		DLR00012709-2009-06-30_14-36-26	-2.89516083616e-05	14	103	1082.5	1989.5	0.0	0.0	135	135
94.0	96.0	77.0	108.0	108.0	94.0	8	5.32793435985e-05	0.000211451384362	DLR00012709-2009-06-30_14-36-26	2.86337792835e-05	14	103	1226.5	1978.5	2.87282769525e-06	5.32793435985e-05	135	135
93.0	95.0	77.0				9	0.0		DLR00012709-2009-06-30_14-36-26	2.16333055898e-05	14	103	1362.5	1985.5	0.0	0.0	135	135
92.0	94.0	76.0	108.0	112.0	94.0	10	0.00186477702595	0.000255998927508	DLR00012709-2009-06-30_14-36-26	4.3066735119e-05	14	103	1498.5	1985.5	3.56614077329e-05	0.000479514092386	135	135
92.0	94.0	76.0	111.0	114.0	98.0	11	0.00202461505674	0.000306347617434	DLR00012709-2009-06-30_14-36-26	3.10005040374e-05	14	103	1633.5	1985.5	3.72210795617e-05	0.000479514092386	135	135
92.0	93.0	76.0				12	0.0		DLR00012709-2009-06-30_14-36-26	5.24782126042e-05	14	103	1771.5	1980.5	0.0	0.0	135	135
91.0	93.0	75.0				13	0.0		DLR00012709-2009-06-30_14-36-26	2.30577633319e-05	14	103	1906.5	1985.5	0.0	0.0	135	135
91.0	92.0	75.0	102.0	105.0	90.0	14	0.000159838030795	0.000210802498929	DLR00012709-2009-06-30_14-36-26	3.78465077771e-05	14	103	2039.5	1977.5	2.86401178683e-06	5.32793435985e-05	135	135
90.0	91.0	74.0	106.0	118.0	106.0	15	0.00516809632905	0.000250270220289	DLR00012709-2009-06-30_14-36-26	-3.51027817675e-05	14	103	2184.5	1993.5	0.000195060891866	0.00282380521072	135	135
90.0	91.0	74.0				16	0.0		DLR00012709-2009-06-30_14-36-26	3.96607352885e-05	14	103	2317.5	1980.5	0.0	0.0	135	135
90.0	91.0	73.0	104.0	106.0	93.0	17	0.000426234748788	0.000243648265513	DLR00012709-2009-06-30_14-36-26	4.68396109568e-05	14	103	2466.5	1985.5	1.32401448408e-05	0.000213117374394	135	135
90.0	91.0	74.0				18	0.0		DLR00012709-2009-06-30_14-36-26	3.40960547159e-05	14	103	2591.5	1985.5	0.0	0.0	135	135
90.0	91.0	74.0	103.5	107.0	93.0	19	0.000532793435985	0.000236096058728	DLR00012709-2009-06-30_14-36-26	2.64356492591e-05	14	103	2725.5	1985.5	6.41531194796e-06	0.000106558687197	135	135
89.0	90.0	73.0	100.0	107.0	93.0	20	0.000586072779583	0.00023877746782	DLR00012709-2009-06-30_14-36-26	-3.59519253535e-06	14	103	2866.5	1983.5	4.25969378635e-05	0.00069263146678	135	135
89.0	90.0	73.0	103.0	108.0	92.5	21	0.000639352123182	0.000253060970527	DLR00012709-2009-06-30_14-36-26	1.29488798793e-05	14	103	3004.5	1985.5	2.74096997882e-05	0.000426234748788	135	135
88.0	88.0	72.0				22	0.000159838030795		DLR00012709-2009-06-30_14-36-26	4.95954909225e-06	14	103	3137.5	1985.5	0.0	0.0	135	135
86.0	86.0	71.0	98.5	102.5	87.5	23	0.00069263146678	0.000253138004398	DLR00012709-2009-06-30_14-36-26	8.80464467567e-06	14	103	3268.5	1985.5	2.14711367929e-05	0.000319676061591	135	135
85.0	85.0	71.0				24	0.0		DLR00012709-2009-06-30_14-36-26	-4.47401813355e-05	14	103	3412.5	1985.5	0.0	0.0	135	135
91.0	92.0	77.0				1	0.0		DLR00012709-2009-06-30_14-36-26	-8.60685084027e-05	15	103	269.5	2127.5	0.0	0.0	135	135
93.0	93.0	77.0				2	0.0		DLR00012709-2009-06-30_14-36-26	-7.86368214656e-06	15	103	409.5	2124.5	0.0	0.0	135	135
95.0	95.0	79.0	113.0	115.0	102.0	3	0.00191805636955	0.000323432648396	DLR00012709-2009-06-30_14-36-26	-5.30304595609e-05	15	103	544.5	2122.5	5.68679852884e-05	0.00069263146678	135	135
96.0	96.0	79.0				4	0.000106558687197		DLR00012709-2009-06-30_14-36-26	1.13684821396e-05	15	103	675.5	2123.5	0.0	0.0	135	135
96.0	96.0	79.0	111.0	113.0	94.0	5	0.000639352123182	0.000238034544498	DLR00012709-2009-06-30_14-36-26	2.65318081104e-06	15	103	815.5	2129.5	1.47566180705e-05	0.000213117374394	135	135
96.0	96.0	78.0				6	0.0		DLR00012709-2009-06-30_14-36-26	1.42279798164e-05	15	103	952.5	2124.5	0.0	0.0	135	135
95.0	96.0	78.0	116.0	120.0	101.0	7	0.00111886621557	0.00032126249113	DLR00012709-2009-06-30_14-36-26	3.04316132208e-05	15	103	1090.5	2122.5	3.00966840095e-05	0.000372955405189	135	135
95.0	96.0	77.0	108.0	111.0	96.0	8	0.000213117374394	0.000243268892608	DLR00012709-2009-06-30_14-36-26	1.52974935132e-05	15	103	1222.5	2122.5	3.3051077636e-06	5.32793435985e-05	135	135
93.0	94.0	76.0	110.0	112.0	93.0	9	0.000266396717992	0.000252927990747	DLR00012709-2009-06-30_14-36-26	8.66776023178e-06	15	103	1366.5	2122.5	3.4363385178e-06	5.32793435985e-05	135	135
92.0	93.0	75.0				10	0.0		DLR00012709-2009-06-30_14-36-26	1.64872367785e-05	15	103	1497.5	2122.5	0.0	0.0	135	135
91.0	92.0	75.0				11	0.0		DLR00012709-2009-06-30_14-36-26	-1.1354329991e-05	15	103	1630.5	2122.5	0.0	0.0	135	135
91.0	93.0	75.0				12	0.0		DLR00012709-2009-06-30_14-36-26	-3.47851855076e-06	15	103	1771.5	2122.5	0.0	0.0	135	135
91.0	92.0	74.0	107.0	110.0	95.0	13	0.00069263146678	0.000275214413682	DLR00012709-2009-06-30_14-36-26	2.47897178329e-05	15	103	1901.5	2122.5	2.14486707826e-05	0.000266396717992	135	135
90.0	91.0	74.0				14	0.0		DLR00012709-2009-06-30_14-36-26	1.85529456886e-05	15	103	2043.5	2122.5	0.0	0.0	135	135
90.0	91.0	73.0				15	5.32793435985e-05		DLR00012709-2009-06-30_14-36-26	2.35085034557e-05	15	103	2189.5	2122.5	0.0	0.0	135	135
90.0	91.0	73.0	102.5	105.5	89.5	16	0.000532793435985	0.000228999168759	DLR00012709-2009-06-30_14-36-26	-1.058490764e-05	15	103	2323.5	2122.5	6.222471952e-06	0.000106558687197	135	135
90.0	91.0	73.0				17	0.0		DLR00012709-2009-06-30_14-36-26	2.98627055265e-05	15	103	2458.5	2122.5	0.0	0.0	135	135
91.0	92.0	74.0	105.0	105.0	91.0	18	0.000372955405189	0.000225825640778	DLR00012709-2009-06-30_14-36-26	-3.64446416236e-07	15	103	2591.5	2128.5	6.13623937326e-06	0.000106558687197	135	135
91.0	91.0	74.0				19	0.000106558687197		DLR00012709-2009-06-30_14-36-26	4.5794309747e-05	15	103	2730.5	2125.5	0.0	0.0	135	135
91.0	91.0	74.0				20	0.0		DLR00012709-2009-06-30_14-36-26	6.67108352646e-05	15	103	2871.5	2124.5	0.0	0.0	135	135
90.0	90.0	74.0				21	0.0		DLR00012709-2009-06-30_14-36-26	1.74490130097e-05	15	103	3001.5	2122.5	0.0	0.0	135	135
88.0	88.0	73.0	106.5	108.5	93.5	22	0.00149182162076	0.000310126540801	DLR00012709-2009-06-30_14-36-26	3.54194111039e-05	15	103	3137.5	2122.5	3.21960142899e-05	0.000426234748788	135	135
87.0	87.0	71.0				23	0.0		DLR00012709-2009-06-30_14-36-26	3.46563056766e-05	15	103	3264.5	2122.5	0.0	0.0	135	135
86.0	86.0	71.0				24	0.0		DLR00012709-2009-06-30_14-36-26	-0.000142674298082	15	103	3417.5	2131.5	0.0	0.0	135	135
96.0	97.0	86.0	154.0	171.0	168.0	1	0.0199264745058	0.000209735375021	DLR00012709-2009-06-30_14-36-26	-0.00226965037103	16	103	271.5	2261.5	2.84951359318e-06	5.32793435985e-05	135	135
98.0	99.0	87.0	120.0	122.0	110.0	2	0.0208855026906	0.000272544385336	DLR00012709-2009-06-30_14-36-26	-0.00260827240065	16	103	409.5	2261.5	1.89756258609e-05	0.000266396717992	135	135
100.0	100.0	87.0	144.0	146.0	132.0	3	0.0131599978688	0.0006855044697	DLR00012709-2009-06-30_14-36-26	-0.00252821316089	16	103	553.5	2261.5	0.000296900656874	0.00154510096436	135	135
101.0	101.0	87.0				4	0.00159838030795		DLR00012709-2009-06-30_14-36-26	-0.00241735648675	16	103	678.5	2261.5	0.0	0.0	135	135
99.0	100.0	84.0	174.0	191.0	189.0	5	0.00969684053492	0.000422148030512	DLR00012709-2009-06-30_14-36-26	-0.00145622361242	16	103	815.5	2261.5	0.00061411380915	0.00591400713943	135	135
98.0	98.0	83.0				6	0.0		DLR00012709-2009-06-30_14-36-26	-0.00129781199374	16	103	952.5	2261.5	0.0	0.0	135	135
98.0	98.0	82.0	110.0	110.0	96.0	7	0.000159838030795	0.00021241683034	DLR00012709-2009-06-30_14-36-26	-0.00125417817369	16	103	1089.5	2261.5	2.88594446889e-06	5.32793435985e-05	135	135
97.0	97.0	80.0				8	0.0		DLR00012709-2009-06-30_14-36-26	-0.00123553243308	16	103	1226.5	2261.5	0.0	0.0	135	135
95.0	96.0	79.0	107.0	109.0	94.0	9	0.00202461505674	0.000211629870578	DLR00012709-2009-06-30_14-36-26	-0.00148507384316	16	103	1357.5	2263.5	8.86260691364e-06	0.000159838030795	135	135
94.0	94.0	78.0	107.5	108.5	92.5	10	0.00623368320102	0.000240561707055	DLR00012709-2009-06-30_14-36-26	-0.00219755333767	16	103	1497.5	2266.5	1.28485262235e-05	0.000213117374394	135	135
94.0	94.0	78.0				11	0.00277052586712		DLR00012709-2009-06-30_14-36-26	-0.00135408488276	16	103	1637.5	2261.5	0.0	0.0	135	135
95.0	95.0	79.0	116.0	124.0	114.0	12	0.0069795940114	0.000225250733588	DLR00012709-2009-06-30_14-36-26	-0.0017251104497	16	103	1766.5	2261.5	6.44322592871e-05	0.00111886621557	135	135
94.0	95.0	78.0	172.0	194.0	192.5	13	0.0249347328041	0.000383672093806	DLR00012709-2009-06-30_14-36-26	-0.00209682235532	16	103	1904.5	2265.5	0.000729180004596	0.007032873355	135	135
93.0	94.0	77.0	111.0	119.0	109.0	14	0.00847141563216	0.000221166857458	DLR00012709-2009-06-30_14-36-26	-0.00161965925162	16	103	2046.5	2261.5	4.58281962487e-05	0.000799190153977	135	135
93.0	94.0	77.0				15	0.00399595076989		DLR00012709-2009-06-30_14-36-26	-0.00141666739945	16	103	2184.5	2259.5	0.0	0.0	135	135
94.0	94.0	78.0				16	0.00479514092386		DLR00012709-2009-06-30_14-36-26	-0.00243965881442	16	103	2317.5	2261.5	0.0	0.0	135	135
96.0	96.0	80.0	157.0	179.0	177.0	17	0.0176354627311	0.000227228610612	DLR00012709-2009-06-30_14-36-26	0.000447723562948	16	103	2463.5	2269.5	0.00241129302903	0.0409185358836	135	135
95.0	96.0	80.0	155.0	177.0	173.0	18	0.0204059885982	0.000227760990233	DLR00012709-2009-06-30_14-36-26	-0.00227441070596	16	103	2591.5	2261.5	0.000282117239936	0.00474186158027	135	135
95.0	96.0	80.0	157.0	178.0	174.0	19	0.0168362725771	0.000227295113002	DLR00012709-2009-06-30_14-36-26	-0.00183600102692	16	103	2734.5	2261.5	0.000726035397162	0.0122542490277	135	135
96.0	97.0	83.0	163.0	182.0	180.0	20	0.0425169161916	0.000262254366026	DLR00012709-2009-06-30_14-36-26	0.00211161279226	16	103	2866.5	2270.5	0.00437465188636	0.0618040385742	135	135
96.0	97.0	83.0	166.0	185.0	183.0	21	0.0348446907134	0.000262113009555	DLR00012709-2009-06-30_14-36-26	0.00198250897914	16	103	2995.5	2269.5	0.00389756814727	0.0516809632905	135	135
93.0	93.0	79.0	104.5	106.0	91.5	22	0.000745910810379	0.000222259459137	DLR00012709-2009-06-30_14-36-26	-0.00239616309485	16	103	3137.5	2254.5	1.23651178738e-05	0.000213117374394	135	135
93.0	93.0	81.0	168.0	193.0	190.0	23	0.0434759443764	0.000290477413112	DLR00012709-2009-06-30_14-36-26	0.00303658834901	16	103	3269.5	2267.5	0.00549785979073	0.0631360221642	135	135
91.0	91.0	79.0	118.0	126.0	117.0	24	0.00607384517023	0.00022682259725	DLR00012709-2009-06-30_14-36-26	-0.00203255228761	16	103	3414.5	2251.5	6.92738270317e-05	0.00117214555917	135	135
