94.0	97.0	87.0	130.0	159.0	156.0	1	0.0466194256487	0.000171254228559	DLR00012647-2009-06-30_14-38-44	-0.000492483230304	1	95	267.5	207.5	0.00346049203735	0.0613245244819	135	135
96.0	97.0	84.0	116.0	124.0	118.0	2	0.00884437103735	0.000108794269874	DLR00012647-2009-06-30_14-38-44	-0.000143934813349	1	95	402.5	210.5	0.000269187977666	0.00889765038095	135	135
99.0	100.0	86.0	112.0	123.0	116.0	3	0.00596728648303	6.99134079501e-05	DLR00012647-2009-06-30_14-38-44	-0.000257900877692	1	95	545.5	210.5	1.13540451125e-05	0.000586072779583	135	135
101.0	102.0	87.0	128.0	135.0	122.0	4	0.00639352123182	0.00013612772431	DLR00012647-2009-06-30_14-38-44	0.000156509554536	1	95	668.5	208.5	0.000505624255166	0.013799349992	135	135
102.0	103.0	86.0	107.0	109.0	93.5	5	0.000372955405189	0.00010634098097	DLR00012647-2009-06-30_14-38-44	-0.000227278027881	1	95	816.5	213.5	6.34014679992e-05	0.00181149768235	135	135
103.0	104.0	86.0	126.0	137.0	129.0	6	0.0070861526986	0.000187661781941	DLR00012647-2009-06-30_14-38-44	0.000153874963461	1	95	948.5	207.5	0.000411870147562	0.00948372316053	135	135
103.0	104.0	86.0	105.5	108.0	89.0	7	0.00239757046193	8.09078826665e-05	DLR00012647-2009-06-30_14-38-44	-0.000183941159475	1	95	1075.5	208.5	2.1198003185e-05	0.000959028184773	135	135
103.0	105.0	87.0	128.0	135.0	122.0	8	0.00618040385742	0.000129704446527	DLR00012647-2009-06-30_14-38-44	0.00016229316871	1	95	1217.5	202.5	0.000322638112102	0.0104427513453	135	135
103.0	104.0	86.0	126.0	135.0	123.0	9	0.00133198358996	0.000125898571243	DLR00012647-2009-06-30_14-38-44	0.000165919180205	1	95	1350.5	206.5	0.000266308160086	0.00831157760136	135	135
102.0	104.0	85.0	115.0	126.0	114.0	10	0.000586072779583	7.34346291678e-05	DLR00012647-2009-06-30_14-38-44	-6.99218575512e-05	1	95	1488.5	207.5	3.05244965632e-05	0.00101230752837	135	135
101.0	103.0	85.0	106.5	108.5	89.0	11	0.000213117374394	9.27385014266e-05	DLR00012647-2009-06-30_14-38-44	-7.49046391233e-05	1	95	1630.5	207.5	1.88564513508e-05	0.000639352123182	135	135
102.0	104.0	86.0	117.0	127.0	116.0	12	0.0	7.36650152737e-05	DLR00012647-2009-06-30_14-38-44	-5.66534811228e-05	1	95	1771.5	207.5	1.10658437829e-05	0.000532793435985	135	135
103.0	105.0	86.0	121.0	130.0	119.0	13	0.0	8.39618481651e-05	DLR00012647-2009-06-30_14-38-44	-8.59755143202e-06	1	95	1901.5	201.5	4.91169844111e-05	0.00218445308754	135	135
102.0	103.0	85.0	106.0	108.0	92.0	14	0.0	7.3945455812e-05	DLR00012647-2009-06-30_14-38-44	3.35711301544e-05	1	95	2048.5	207.5	1.8313953925e-05	0.000905748841174	135	135
102.0	104.0	86.0	106.0	109.0	93.0	15	0.000319676061591	0.000105260350003	DLR00012647-2009-06-30_14-38-44	0.000175603622912	1	95	2178.5	202.5	7.64894556193e-05	0.00250412914913	135	135
103.0	105.0	87.0	121.0	131.0	122.0	16	5.32793435985e-05	9.80875307455e-05	DLR00012647-2009-06-30_14-38-44	0.00013592656572	1	95	2316.5	198.5	0.000103519013719	0.00399595076989	135	135
102.0	103.0	85.0	107.0	110.0	93.0	17	0.0	0.000118155085917	DLR00012647-2009-06-30_14-38-44	4.71500202447e-05	1	95	2454.5	207.5	1.93413537404e-05	0.00069263146678	135	135
102.0	103.0	85.0	111.5	113.5	94.5	18	0.00101230752837	0.00011405232641	DLR00012647-2009-06-30_14-38-44	4.33998530131e-05	1	95	2587.5	207.5	4.07605254801e-05	0.00117214555917	135	135
101.0	102.0	85.0	113.0	123.0	114.0	19	0.000426234748788	7.82181730226e-05	DLR00012647-2009-06-30_14-38-44	1.58473208038e-05	1	95	2726.5	207.5	5.01952464819e-05	0.00202461505674	135	135
100.0	101.0	85.0	113.0	119.0	108.0	20	0.0	8.2330886336e-05	DLR00012647-2009-06-30_14-38-44	-4.46049045313e-06	1	95	2853.5	207.5	1.87763239365e-05	0.000799190153977	135	135
98.0	99.0	85.0	115.0	123.0	115.0	21	0.0	8.43718120388e-05	DLR00012647-2009-06-30_14-38-44	0.00015721729408	1	95	2998.5	203.5	9.76451159652e-05	0.00431562683148	135	135
95.0	96.0	82.0	99.0	101.0	82.0	22	0.0	7.26394452448e-05	DLR00012647-2009-06-30_14-38-44	-7.02826276015e-05	1	95	3133.5	207.5	1.59795806115e-05	0.000799190153977	135	135
92.0	94.0	81.0	102.0	111.0	103.0	23	0.00143854227716	7.48745253452e-05	DLR00012647-2009-06-30_14-38-44	-3.60429314676e-05	1	95	3270.5	204.5	5.57168731656e-05	0.00239757046193	135	135
90.0	93.0	83.0	111.0	124.0	120.0	24	0.0186477702595	0.000151810381873	DLR00012647-2009-06-30_14-38-44	-0.000598147109556	1	95	3411.5	207.5	0.00231491247633	0.0537055783473	135	135
91.0	92.0	78.0	97.0	98.5	87.0	1	0.000266396717992	9.47124678108e-05	DLR00012647-2009-06-30_14-38-44	-6.75103239127e-05	2	95	266.5	343.5	2.43218662108e-05	0.000852469497576	135	135
93.0	94.0	79.0	99.0	102.0	90.0	2	0.00143854227716	0.000135973792959	DLR00012647-2009-06-30_14-38-44	7.07568555942e-05	2	95	402.5	343.5	6.63957954634e-05	0.00165165965155	135	135
96.0	97.0	81.0	101.0	101.0	85.5	3	0.0	7.81524296768e-05	DLR00012647-2009-06-30_14-38-44	6.56158534853e-05	2	95	541.5	343.5	9.14291205223e-06	0.000426234748788	135	135
98.0	98.0	82.0	104.0	106.0	90.0	4	0.000159838030795	0.00010816502807	DLR00012647-2009-06-30_14-38-44	5.57619523489e-05	2	95	676.5	337.5	2.26335150081e-05	0.000745910810379	135	135
98.0	99.0	82.0	103.0	104.0	88.0	5	0.0	7.0618034646e-05	DLR00012647-2009-06-30_14-38-44	5.64904906309e-05	2	95	813.5	343.5	1.59980108894e-05	0.000799190153977	135	135
99.0	100.0	82.0	104.0	105.0	88.0	6	0.0	7.78046754516e-05	DLR00012647-2009-06-30_14-38-44	5.25987315624e-05	2	95	947.5	343.5	1.50047772832e-05	0.00069263146678	135	135
99.0	100.0	82.0	106.0	108.0	91.0	7	0.000159838030795	0.00010620621405	DLR00012647-2009-06-30_14-38-44	5.52349026291e-05	2	95	1077.5	351.5	4.09180264189e-05	0.00133198358996	135	135
98.0	100.0	81.0	104.0	106.0	89.0	8	0.0	8.92728775832e-05	DLR00012647-2009-06-30_14-38-44	4.9917452541e-05	2	95	1214.5	343.5	2.98881723975e-05	0.00117214555917	135	135
98.0	100.0	81.0	104.0	108.0	91.0	9	0.000745910810379	0.000108305384409	DLR00012647-2009-06-30_14-38-44	5.00679502469e-05	2	95	1360.5	343.5	4.33395594761e-05	0.00122542490277	135	135
97.0	99.0	80.0	103.0	105.0	87.0	10	0.0	8.84017312187e-05	DLR00012647-2009-06-30_14-38-44	6.6961729099e-05	2	95	1502.5	341.5	2.20445672598e-05	0.000959028184773	135	135
97.0	99.0	80.0	101.0	105.0	85.0	11	0.0	8.14007203493e-05	DLR00012647-2009-06-30_14-38-44	3.29039826521e-05	2	95	1634.5	342.5	5.69281883538e-06	0.000266396717992	135	135
97.0	99.0	80.0	104.0	109.0	90.0	12	0.000479514092386	0.000128012017445	DLR00012647-2009-06-30_14-38-44	4.8673917878e-05	2	95	1761.5	350.5	3.21911730138e-05	0.000905748841174	135	135
98.0	100.0	81.0	104.0	106.0	86.0	13	0.0	8.96608685855e-05	DLR00012647-2009-06-30_14-38-44	3.9533971882e-05	2	95	1903.5	343.5	9.01599679812e-06	0.000372955405189	135	135
97.0	99.0	80.0	104.0	106.0	87.0	14	0.00069263146678	9.67734046419e-05	DLR00012647-2009-06-30_14-38-44	1.63828048749e-05	2	95	2041.5	341.5	3.51833587174e-05	0.00106558687197	135	135
97.0	99.0	80.0	103.0	105.0	87.0	15	0.000106558687197	8.86848936589e-05	DLR00012647-2009-06-30_14-38-44	6.04011973666e-05	2	95	2178.5	343.5	3.7092263461e-05	0.00143854227716	135	135
98.0	99.0	80.0	105.0	107.5	91.0	16	0.00223773243114	0.000123518442254	DLR00012647-2009-06-30_14-38-44	6.61726065853e-05	2	95	2317.5	343.5	0.000119588878112	0.00245084980553	135	135
98.0	99.0	80.0	104.0	107.0	91.0	17	0.00159838030795	0.000123664327176	DLR00012647-2009-06-30_14-38-44	6.74925979438e-05	2	95	2445.5	335.5	6.49641544547e-05	0.00154510096436	135	135
97.0	99.0	80.0	104.0	106.0	87.0	18	0.0	9.69932557529e-05	DLR00012647-2009-06-30_14-38-44	3.19540904575e-05	2	95	2590.5	337.5	6.67073914666e-06	0.000266396717992	135	135
97.0	98.0	80.0	103.0	104.0	86.0	19	0.0	8.7498215321e-05	DLR00012647-2009-06-30_14-38-44	3.78564245514e-05	2	95	2720.5	342.5	1.40063543615e-05	0.000586072779583	135	135
97.0	98.0	80.0	103.0	104.0	88.0	20	0.000372955405189	9.23372086188e-05	DLR00012647-2009-06-30_14-38-44	7.38981106497e-05	2	95	2861.5	343.5	4.34725024113e-05	0.00159838030795	135	135
95.0	96.0	78.0	99.5	101.0	85.5	21	0.0	7.36847177634e-05	DLR00012647-2009-06-30_14-38-44	6.24134057333e-05	2	95	2990.5	343.5	4.59878679546e-06	0.000213117374394	135	135
92.0	92.0	76.0	99.0	101.0	83.5	22	0.000372955405189	9.72185626992e-05	DLR00012647-2009-06-30_14-38-44	7.3643711217e-05	2	95	3133.5	333.5	2.70648651034e-05	0.000852469497576	135	135
89.0	89.0	74.0	94.0	95.0	79.0	23	0.0	9.30892290455e-05	DLR00012647-2009-06-30_14-38-44	1.78399394991e-06	2	95	3263.5	343.5	1.16482910569e-05	0.000479514092386	135	135
87.0	88.0	75.0	97.0	99.5	86.5	24	0.00159838030795	0.000161661023748	DLR00012647-2009-06-30_14-38-44	-6.11391643158e-06	2	95	3403.5	343.5	7.21937585162e-05	0.00127870424636	135	135
92.0	92.0	78.0	98.0	101.0	87.0	1	0.000586072779583	0.000120693532792	DLR00012647-2009-06-30_14-38-44	-5.51990473821e-05	3	95	269.5	481.5	2.63805521188e-05	0.00069263146678	135	135
94.0	94.0	79.0	102.0	104.0	90.0	2	0.000745910810379	0.000129349866871	DLR00012647-2009-06-30_14-38-44	8.13190270944e-05	3	95	403.5	481.5	5.28947332309e-05	0.00154510096436	135	135
96.0	97.0	81.0	105.0	105.0	90.0	3	0.00106558687197	0.000130065110971	DLR00012647-2009-06-30_14-38-44	2.75914845071e-05	3	95	547.5	481.5	3.72638059751e-05	0.000905748841174	135	135
97.0	98.0	81.0	103.0	105.0	89.0	4	0.000266396717992	0.000100688693296	DLR00012647-2009-06-30_14-38-44	6.84513836687e-05	3	95	670.5	481.5	4.2439144482e-05	0.00143854227716	135	135
98.0	99.0	82.0	104.0	105.0	89.0	5	0.0	8.6625480027e-05	DLR00012647-2009-06-30_14-38-44	5.30327983719e-05	3	95	813.5	481.5	1.91612179509e-05	0.000852469497576	135	135
98.0	100.0	81.0	106.0	107.0	89.0	6	0.000159838030795	0.000114523666435	DLR00012647-2009-06-30_14-38-44	7.75497170637e-05	3	95	948.5	481.5	2.56175118882e-05	0.000905748841174	135	135
98.0	100.0	81.0	103.5	105.5	87.0	7	0.0	7.88070803982e-05	DLR00012647-2009-06-30_14-38-44	5.59483121863e-05	3	95	1075.5	481.5	1.47847489088e-05	0.000639352123182	135	135
98.0	100.0	81.0	103.0	106.5	88.0	8	0.0	8.6256520221e-05	DLR00012647-2009-06-30_14-38-44	7.54941569592e-05	3	95	1222.5	481.5	2.56647241107e-05	0.00106558687197	135	135
97.0	99.0	81.0	104.0	106.5	88.0	9	0.000426234748788	0.000103468595277	DLR00012647-2009-06-30_14-38-44	7.01405882672e-05	3	95	1360.5	481.5	5.57021719676e-05	0.00191805636955	135	135
97.0	99.0	80.0	103.0	106.0	88.0	10	0.0	9.99686987671e-05	DLR00012647-2009-06-30_14-38-44	2.76290303115e-05	3	95	1495.5	481.5	4.69572703616e-05	0.00191805636955	135	135
97.0	99.0	80.0	105.0	106.0	90.0	11	0.00138526293356	0.000115958870959	DLR00012647-2009-06-30_14-38-44	5.20526268871e-05	3	95	1634.5	478.5	7.38036035826e-05	0.00218445308754	135	135
97.0	99.0	80.0	104.0	105.5	87.5	12	0.0	0.000101151469622	DLR00012647-2009-06-30_14-38-44	8.72218669902e-05	3	95	1771.5	481.5	1.08547002273e-05	0.000426234748788	135	135
97.0	99.0	80.0	103.0	105.0	87.0	13	0.0	8.06192997594e-05	DLR00012647-2009-06-30_14-38-44	6.75071770023e-05	3	95	1899.5	471.5	5.9257669306e-06	0.000266396717992	135	135
97.0	99.0	80.0	103.0	106.0	87.5	14	5.32793435985e-05	0.000102007013218	DLR00012647-2009-06-30_14-38-44	5.1110939798e-05	3	95	2037.5	481.5	4.52743268422e-05	0.00159838030795	135	135
97.0	99.0	80.0	102.0	104.0	88.0	15	0.0	8.97259516521e-05	DLR00012647-2009-06-30_14-38-44	5.12186265655e-05	3	95	2173.5	481.5	2.10449185569e-05	0.000852469497576	135	135
97.0	99.0	80.0	102.0	105.0	88.0	16	0.000745910810379	9.43602417474e-05	DLR00012647-2009-06-30_14-38-44	4.74087684545e-05	3	95	2316.5	471.5	4.8792336299e-05	0.00159838030795	135	135
97.0	99.0	80.0	102.0	106.0	88.0	17	0.00069263146678	9.15472809428e-05	DLR00012647-2009-06-30_14-38-44	6.67394369489e-05	3	95	2451.5	481.5	4.80088666525e-05	0.00143854227716	135	135
97.0	98.0	80.0	101.0	104.0	88.0	18	0.0	8.51032864998e-05	DLR00012647-2009-06-30_14-38-44	7.48954861801e-05	3	95	2590.5	481.5	2.89448411254e-05	0.00122542490277	135	135
97.0	98.0	79.0	104.0	105.5	88.0	19	0.000106558687197	0.000113853256918	DLR00012647-2009-06-30_14-38-44	8.2575487055e-05	3	95	2726.5	481.5	2.73044375211e-05	0.000959028184773	135	135
96.0	97.0	79.0	103.0	105.0	87.0	20	0.000319676061591	0.000117747162555	DLR00012647-2009-06-30_14-38-44	6.62797214106e-05	3	95	2861.5	481.5	2.89693445303e-05	0.000905748841174	135	135
95.0	96.0	78.0	100.0	102.5	86.5	21	0.0	0.000103376787207	DLR00012647-2009-06-30_14-38-44	4.10487493943e-05	3	95	2992.5	481.5	2.77395682211e-05	0.000959028184773	135	135
93.0	93.0	76.0	98.0	100.0	84.0	22	0.000106558687197	9.43436296902e-05	DLR00012647-2009-06-30_14-38-44	8.17871714669e-05	3	95	3133.5	481.5	4.47752648124e-05	0.00165165965155	135	135
89.0	90.0	74.0	94.0	94.0	83.0	23	0.0	8.71140546237e-05	DLR00012647-2009-06-30_14-38-44	4.1461932786e-05	3	95	3273.5	481.5	2.45009234196e-05	0.00101230752837	135	135
87.0	88.0	73.0	91.0	93.0	79.0	24	0.000586072779583	8.84689427245e-05	DLR00012647-2009-06-30_14-38-44	-1.41963962016e-06	3	95	3407.5	476.5	3.8839564502e-05	0.00133198358996	135	135
92.0	93.0	79.0	101.5	103.0	91.0	1	0.000532793435985	0.000141518703281	DLR00012647-2009-06-30_14-38-44	-1.68288043428e-05	4	95	265.5	625.5	3.13872634259e-05	0.000852469497576	135	135
94.0	95.0	80.0	102.5	104.0	90.0	2	0.000799190153977	0.000132639994137	DLR00012647-2009-06-30_14-38-44	6.26596584136e-05	4	95	405.5	614.5	4.4493813184e-05	0.00117214555917	135	135
96.0	97.0	80.0	101.5	101.5	88.0	3	0.0	8.41188456023e-05	DLR00012647-2009-06-30_14-38-44	7.1677103038e-05	4	95	540.5	618.5	2.21920114498e-05	0.000959028184773	135	135
97.0	98.0	81.0	104.5	111.5	100.0	4	0.00255740849273	0.000158496463329	DLR00012647-2009-06-30_14-38-44	5.49367613986e-05	4	95	670.5	618.5	0.000167207575469	0.00287708455432	135	135
98.0	99.0	81.0	109.0	111.5	92.5	5	0.00191805636955	0.000172483862192	DLR00012647-2009-06-30_14-38-44	6.1115538558e-05	4	95	813.5	618.5	0.000105614019072	0.00170493899515	135	135
98.0	100.0	81.0	103.0	104.5	87.0	6	0.0	7.72055176233e-05	DLR00012647-2009-06-30_14-38-44	5.46249217901e-05	4	95	944.5	618.5	4.18147778392e-06	0.000213117374394	135	135
98.0	100.0	81.0	103.5	106.0	90.0	7	0.000426234748788	0.000101992970964	DLR00012647-2009-06-30_14-38-44	5.98449152261e-05	4	95	1079.5	623.5	3.47075256657e-05	0.00117214555917	135	135
98.0	99.0	81.0	103.0	105.0	88.0	8	0.000106558687197	8.55044656101e-05	DLR00012647-2009-06-30_14-38-44	7.11963260086e-05	4	95	1224.5	623.5	5.80063126495e-05	0.00239757046193	135	135
97.0	99.0	81.0	104.0	106.5	91.0	9	0.000319676061591	0.000112153814317	DLR00012647-2009-06-30_14-38-44	7.75289130563e-05	4	95	1356.5	613.5	2.92217047367e-05	0.000959028184773	135	135
97.0	99.0	81.0	102.0	106.5	87.5	10	0.0	8.92570986225e-05	DLR00012647-2009-06-30_14-38-44	9.68966093494e-05	4	95	1485.5	618.5	1.83752503625e-05	0.000745910810379	135	135
97.0	99.0	80.0	102.0	104.5	87.0	11	0.000319676061591	7.88826900367e-05	DLR00012647-2009-06-30_14-38-44	4.81211915921e-05	4	95	1631.5	618.5	2.42730817163e-05	0.000852469497576	135	135
97.0	99.0	80.0	107.0	108.0	93.0	12	0.00202461505674	0.000145259018334	DLR00012647-2009-06-30_14-38-44	7.88571432388e-05	4	95	1771.5	622.5	8.38075695802e-05	0.00170493899515	135	135
97.0	99.0	80.0	101.0	104.0	88.0	13	0.0	9.13993609106e-05	DLR00012647-2009-06-30_14-38-44	5.19140099232e-05	4	95	1900.5	618.5	8.95495595842e-06	0.000372955405189	135	135
96.0	98.0	80.0	102.0	104.0	88.0	14	0.0	8.00527357344e-05	DLR00012647-2009-06-30_14-38-44	4.76332951212e-05	4	95	2041.5	618.5	1.85811016711e-05	0.000799190153977	135	135
97.0	98.0	80.0	104.0	109.0	95.0	15	0.00159838030795	0.000157297068182	DLR00012647-2009-06-30_14-38-44	8.37468854779e-05	4	95	2173.5	613.5	0.000113526027917	0.00229101177473	135	135
96.0	98.0	80.0	101.0	103.0	84.0	16	0.0	7.0074946717e-05	DLR00012647-2009-06-30_14-38-44	3.26556248101e-05	4	95	2322.5	618.5	9.52054526764e-07	5.32793435985e-05	135	135
97.0	98.0	80.0	101.0	105.0	87.0	17	0.0	9.05063209312e-05	DLR00012647-2009-06-30_14-38-44	5.44741047286e-05	4	95	2453.5	618.5	2.52067895682e-05	0.000905748841174	135	135
96.0	98.0	79.0	102.5	104.0	87.0	18	0.000106558687197	8.98729255959e-05	DLR00012647-2009-06-30_14-38-44	3.4505752386e-05	4	95	2591.5	617.5	2.378029522e-05	0.000852469497576	135	135
96.0	98.0	79.0	101.0	104.0	86.0	19	0.0	8.10870036121e-05	DLR00012647-2009-06-30_14-38-44	4.93937399577e-05	4	95	2718.5	618.5	1.594077871e-05	0.00069263146678	135	135
96.0	98.0	79.0	104.0	105.0	86.0	20	0.0	0.000109505048246	DLR00012647-2009-06-30_14-38-44	6.66471229573e-05	4	95	2861.5	620.5	1.76156977536e-05	0.000639352123182	135	135
96.0	96.0	78.0	101.0	102.0	84.0	21	0.0	7.67119685002e-05	DLR00012647-2009-06-30_14-38-44	8.42460776045e-05	4	95	2992.5	613.5	1.04154727551e-05	0.000479514092386	135	135
93.0	93.0	76.0	98.0	99.0	82.5	22	0.0	7.99823701599e-05	DLR00012647-2009-06-30_14-38-44	7.5646390059e-05	4	95	3133.5	618.5	3.6978760969e-05	0.00159838030795	135	135
89.0	90.0	74.0	95.0	96.0	82.0	23	0.00111886621557	9.31303304467e-05	DLR00012647-2009-06-30_14-38-44	2.01729486594e-05	4	95	3273.5	618.5	7.31802343377e-05	0.00213117374394	135	135
87.0	88.0	73.0	92.0	94.0	81.0	24	0.0	9.14751011434e-05	DLR00012647-2009-06-30_14-38-44	-1.73854411146e-05	4	95	3406.5	618.5	6.11376580212e-05	0.00234429111833	135	135
93.0	93.0	79.0	97.0	97.0	84.0	1	0.0	7.55878722824e-05	DLR00012647-2009-06-30_14-38-44	-4.0554886552e-05	5	95	266.5	755.5	5.28428821609e-06	0.000266396717992	135	135
95.0	95.0	80.0	100.0	101.0	86.0	2	0.0	9.11053634821e-05	DLR00012647-2009-06-30_14-38-44	7.52461523077e-05	5	95	405.5	757.5	2.21258405836e-05	0.000959028184773	135	135
96.0	97.0	80.0	100.5	103.0	84.0	3	0.0	7.13806999853e-05	DLR00012647-2009-06-30_14-38-44	8.05694847144e-05	5	95	533.5	757.5	8.61627199456e-06	0.000426234748788	135	135
98.0	98.0	81.0	104.0	104.0	88.0	4	5.32793435985e-05	8.49425979594e-05	DLR00012647-2009-06-30_14-38-44	7.13920752125e-05	5	95	671.5	752.5	3.15618205024e-05	0.00127870424636	135	135
98.0	99.0	81.0	104.5	106.0	87.5	5	0.0	0.000101683472883	DLR00012647-2009-06-30_14-38-44	5.30894320985e-05	5	95	813.5	757.5	1.74160180525e-05	0.000639352123182	135	135
98.0	99.0	81.0	104.0	106.0	89.0	6	0.000745910810379	9.49757229674e-05	DLR00012647-2009-06-30_14-38-44	7.03924606861e-05	5	95	948.5	757.5	4.82460512621e-05	0.00149182162076	135	135
98.0	99.0	81.0	103.0	105.0	89.0	7	0.0	7.3087105475e-05	DLR00012647-2009-06-30_14-38-44	6.66582814431e-05	5	95	1085.5	757.5	1.84680226256e-05	0.000852469497576	135	135
97.0	99.0	81.0	103.0	106.0	88.0	8	5.32793435985e-05	8.71440217184e-05	DLR00012647-2009-06-30_14-38-44	5.70760109404e-05	5	95	1224.5	747.5	3.07225330512e-05	0.00122542490277	135	135
97.0	99.0	81.0	103.0	105.0	88.0	9	0.0	8.08775943013e-05	DLR00012647-2009-06-30_14-38-44	8.64854120174e-05	5	95	1360.5	757.5	1.75410177855e-05	0.000745910810379	135	135
97.0	99.0	81.0	100.5	106.0	89.0	10	5.32793435985e-05	9.91830429024e-05	DLR00012647-2009-06-30_14-38-44	4.39419350254e-05	5	95	1495.5	757.5	2.88010889798e-05	0.00106558687197	135	135
96.0	98.0	80.0	105.5	107.0	92.0	11	0.000799190153977	0.000146017381201	DLR00012647-2009-06-30_14-38-44	6.44827980277e-05	5	95	1628.5	756.5	3.14588368667e-05	0.000639352123182	135	135
96.0	98.0	80.0	103.0	106.0	90.0	12	0.000159838030795	0.000107671957746	DLR00012647-2009-06-30_14-38-44	7.94781600824e-05	5	95	1766.5	750.5	1.87859620146e-05	0.000586072779583	135	135
96.0	98.0	80.0	102.0	104.0	87.0	13	0.000586072779583	9.39254606961e-05	DLR00012647-2009-06-30_14-38-44	7.15512824958e-05	5	95	1903.5	757.5	3.05545340785e-05	0.00101230752837	135	135
96.0	98.0	80.0	104.0	107.0	91.0	14	0.00404923011349	0.000112139934976	DLR00012647-2009-06-30_14-38-44	3.02188719294e-05	5	95	2041.5	757.5	0.000468289311549	0.00921732644254	135	135
96.0	98.0	80.0	102.0	105.0	87.5	15	0.00122542490277	0.000101499858649	DLR00012647-2009-06-30_14-38-44	8.25325446656e-05	5	95	2178.5	757.5	5.322207984e-05	0.00159838030795	135	135
96.0	98.0	80.0	101.0	104.0	87.0	16	0.000106558687197	8.95179913087e-05	DLR00012647-2009-06-30_14-38-44	0.00010192502019	5	95	2313.5	757.5	3.6374720866e-05	0.00138526293356	135	135
96.0	98.0	79.0	102.0	106.0	87.0	17	0.000426234748788	0.000106278572807	DLR00012647-2009-06-30_14-38-44	2.92833227152e-05	5	95	2453.5	763.5	2.35676667056e-05	0.00069263146678	135	135
96.0	98.0	79.0	101.5	104.0	85.0	18	0.0	8.45020944686e-05	DLR00012647-2009-06-30_14-38-44	5.06521919161e-05	5	95	2590.5	754.5	7.62703967418e-06	0.000319676061591	135	135
97.0	98.0	79.0	103.5	107.0	88.0	19	0.00122542490277	0.000119016227766	DLR00012647-2009-06-30_14-38-44	7.44808877698e-05	5	95	2721.5	749.5	6.9308798683e-05	0.00181149768235	135	135
96.0	97.0	78.0	102.0	104.0	87.0	20	0.000159838030795	9.00629553229e-05	DLR00012647-2009-06-30_14-38-44	7.54704571105e-05	5	95	2853.5	757.5	3.62185158544e-05	0.00122542490277	135	135
95.0	95.0	77.0	100.5	102.0	84.0	21	0.000159838030795	9.84800066283e-05	DLR00012647-2009-06-30_14-38-44	5.08230270252e-05	5	95	2998.5	757.5	2.13913512949e-05	0.000745910810379	135	135
93.0	93.0	76.0	100.0	101.0	84.0	22	0.000426234748788	0.000112600750362	DLR00012647-2009-06-30_14-38-44	7.75354952847e-05	5	95	3124.5	757.5	4.82751399687e-05	0.00149182162076	135	135
90.0	90.0	73.0	95.0	95.0	81.0	23	0.0	7.75138278011e-05	DLR00012647-2009-06-30_14-38-44	7.17567647471e-05	5	95	3265.5	757.5	3.08776462015e-05	0.00133198358996	135	135
87.0	88.0	72.0	91.0	91.0	77.0	24	0.0	7.12073387128e-05	DLR00012647-2009-06-30_14-38-44	-1.86399463823e-05	5	95	3408.5	759.5	8.09497185754e-06	0.000372955405189	135	135
93.0	93.0	78.0	97.0	99.0	84.0	1	0.0	7.20130241938e-05	DLR00012647-2009-06-30_14-38-44	-3.91613687818e-05	6	95	267.5	893.5	9.12781890077e-06	0.000479514092386	135	135
95.0	95.0	79.0	100.5	102.0	84.0	2	0.0	8.18509972993e-05	DLR00012647-2009-06-30_14-38-44	5.26995618266e-05	6	95	403.5	891.5	1.19026593274e-05	0.000532793435985	135	135
96.0	97.0	80.0	103.0	104.0	87.0	3	0.0	9.73572021502e-05	DLR00012647-2009-06-30_14-38-44	5.59451208657e-05	6	95	538.5	893.5	2.60788509253e-05	0.00101230752837	135	135
98.0	99.0	81.0	105.0	107.0	88.5	4	0.000479514092386	0.000120372099153	DLR00012647-2009-06-30_14-38-44	5.34477109502e-05	6	95	676.5	888.5	2.66151912142e-05	0.000639352123182	135	135
98.0	99.0	81.0	104.0	105.0	89.0	5	0.0	9.32244223683e-05	DLR00012647-2009-06-30_14-38-44	5.81562156823e-05	6	95	816.5	898.5	1.40927764322e-05	0.000586072779583	135	135
98.0	99.0	80.0	104.0	106.0	88.0	6	0.00106558687197	9.5456576365e-05	DLR00012647-2009-06-30_14-38-44	6.64857345425e-05	6	95	948.5	893.5	7.46212073103e-05	0.00234429111833	135	135
97.0	99.0	81.0	102.0	104.0	85.0	7	0.0	6.82957713803e-05	DLR00012647-2009-06-30_14-38-44	6.52788104885e-05	6	95	1086.5	891.5	2.8603033855e-06	0.000159838030795	135	135
97.0	99.0	81.0	103.0	106.0	88.0	8	0.000426234748788	9.68599158323e-05	DLR00012647-2009-06-30_14-38-44	5.72341312405e-05	6	95	1224.5	895.5	4.25075856344e-05	0.00143854227716	135	135
97.0	99.0	81.0	105.0	108.5	93.0	9	0.00133198358996	0.000143555787442	DLR00012647-2009-06-30_14-38-44	8.33778966261e-05	6	95	1360.5	883.5	7.23286108788e-05	0.00149182162076	135	135
96.0	98.0	81.0	102.0	108.0	93.0	10	0.000745910810379	0.000124165666586	DLR00012647-2009-06-30_14-38-44	7.94363794065e-05	6	95	1499.5	893.5	0.000120290804342	0.0035164366775	135	135
96.0	98.0	80.0	100.0	103.0	87.0	11	0.000213117374394	8.10982825824e-05	DLR00012647-2009-06-30_14-38-44	4.84590706061e-05	6	95	1643.5	891.5	1.37786001102e-05	0.000586072779583	135	135
95.0	97.0	80.0	99.0	103.0	86.0	12	0.0	6.9445429278e-05	DLR00012647-2009-06-30_14-38-44	6.68494379426e-05	6	95	1771.5	893.5	1.03777761299e-05	0.000532793435985	135	135
95.0	97.0	80.0	100.5	105.5	88.5	13	0.000799190153977	0.000111324975365	DLR00012647-2009-06-30_14-38-44	6.86866684808e-05	6	95	1902.5	889.5	3.56235762923e-05	0.000852469497576	135	135
95.0	97.0	79.0	101.0	106.0	89.0	14	0.000159838030795	0.000102685977144	DLR00012647-2009-06-30_14-38-44	2.18823093618e-05	6	95	2041.5	887.5	4.86345953324e-05	0.00165165965155	135	135
96.0	97.0	80.0	102.0	105.0	88.0	15	0.00069263146678	0.000100520037217	DLR00012647-2009-06-30_14-38-44	4.46892131891e-05	6	95	2178.5	893.5	4.57113698614e-05	0.00138526293356	135	135
96.0	98.0	80.0	101.5	104.0	87.0	16	0.0	9.74801736582e-05	DLR00012647-2009-06-30_14-38-44	2.90094652702e-05	6	95	2316.5	893.5	2.6328631589e-05	0.000959028184773	135	135
97.0	98.0	80.0	129.0	138.0	126.0	17	0.0157706857052	0.000270703886807	DLR00012647-2009-06-30_14-38-44	6.21892204577e-05	6	95	2460.5	893.5	0.00132993121566	0.0146518194896	135	135
96.0	98.0	79.0	115.0	122.0	107.0	18	0.0033565986467	0.000154875800341	DLR00012647-2009-06-30_14-38-44	-0.000141844045091	6	95	2590.5	893.5	0.000224166422475	0.00479514092386	135	135
96.0	97.0	78.0	101.0	103.0	85.0	19	0.000745910810379	7.63278970149e-05	DLR00012647-2009-06-30_14-38-44	6.50674483616e-05	6	95	2726.5	894.5	7.43419024367e-05	0.00314348127231	135	135
95.0	96.0	78.0	101.0	103.0	85.0	20	0.000372955405189	8.56296813384e-05	DLR00012647-2009-06-30_14-38-44	7.57888003917e-05	6	95	2861.5	889.5	8.38372326767e-05	0.0034098779903	135	135
95.0	95.0	77.0	101.0	103.0	84.0	21	0.000586072779583	0.000106828553782	DLR00012647-2009-06-30_14-38-44	5.06240204928e-05	6	95	2996.5	885.5	8.5559078147e-05	0.00277052586712	135	135
93.0	93.0	75.0	96.0	98.0	79.0	22	0.0	7.80387727113e-05	DLR00012647-2009-06-30_14-38-44	4.95565267029e-05	6	95	3126.5	893.5	1.10246364095e-05	0.000532793435985	135	135
90.0	90.0	73.0	94.0	97.0	81.0	23	0.000905748841174	9.53828805602e-05	DLR00012647-2009-06-30_14-38-44	7.12790357674e-05	6	95	3269.5	889.5	0.000148708709508	0.00538121370345	135	135
87.0	88.0	72.0	94.0	97.0	81.0	24	0.000745910810379	0.000133908307172	DLR00012647-2009-06-30_14-38-44	-9.29798854352e-05	6	95	3411.5	893.5	3.83921004041e-05	0.00101230752837	135	135
94.0	94.0	78.0	99.5	101.0	86.0	1	0.000426234748788	9.91326346929e-05	DLR00012647-2009-06-30_14-38-44	-1.54194012373e-05	7	95	272.5	1029.5	7.75767278111e-05	0.00277052586712	135	135
95.0	96.0	79.0	103.0	103.0	89.0	2	0.00069263146678	0.000132596490489	DLR00012647-2009-06-30_14-38-44	3.02759102893e-05	7	95	410.5	1029.5	4.77372366311e-05	0.00117214555917	135	135
96.0	97.0	80.0				3	0.0		DLR00012647-2009-06-30_14-38-44	4.48932906858e-05	7	95	548.5	1025.5	0.0	0.0	135	135
97.0	98.0	80.0	103.0	105.5	88.5	4	0.000959028184773	8.87012748617e-05	DLR00012647-2009-06-30_14-38-44	5.81840372468e-05	7	95	676.5	1028.5	5.2507784132e-05	0.00117214555917	135	135
98.0	99.0	80.0	103.0	105.0	87.0	5	0.0	8.5438797705e-05	DLR00012647-2009-06-30_14-38-44	3.81950619971e-05	7	95	822.5	1029.5	1.15151865097e-05	0.000479514092386	135	135
97.0	99.0	80.0	101.5	105.0	86.0	6	0.0	7.51928620497e-05	DLR00012647-2009-06-30_14-38-44	6.33332303899e-05	7	95	952.5	1024.5	8.45123673686e-06	0.000426234748788	135	135
97.0	99.0	80.0	103.5	107.0	91.0	7	0.00127870424636	0.000104863190004	DLR00012647-2009-06-30_14-38-44	3.19411960919e-05	7	95	1081.5	1029.5	8.76137400044e-05	0.00255740849273	135	135
97.0	99.0	80.0	103.0	105.0	88.5	8	0.000959028184773	9.70121674878e-05	DLR00012647-2009-06-30_14-38-44	7.26372116866e-05	7	95	1219.5	1029.5	5.99485294472e-05	0.00149182162076	135	135
96.0	98.0	80.0	102.0	105.0	89.0	9	0.00106558687197	0.000105565720729	DLR00012647-2009-06-30_14-38-44	4.93683954897e-05	7	95	1360.5	1029.5	9.14254107273e-05	0.00261068783633	135	135
96.0	98.0	80.0	101.0	104.0	89.0	10	0.000106558687197	9.58781353758e-05	DLR00012647-2009-06-30_14-38-44	4.84596461495e-05	7	95	1485.5	1027.5	3.940948087e-05	0.00149182162076	135	135
95.0	97.0	80.0	100.5	102.5	87.0	11	0.0	8.20521557361e-05	DLR00012647-2009-06-30_14-38-44	5.94094909463e-05	7	95	1635.5	1024.5	2.22955934921e-06	0.000106558687197	135	135
95.0	97.0	80.0	101.0	103.5	87.0	12	0.000426234748788	9.9688566882e-05	DLR00012647-2009-06-30_14-38-44	4.64265206649e-05	7	95	1771.5	1029.5	4.1547393466e-05	0.00138526293356	135	135
95.0	97.0	80.0	101.5	104.0	88.5	13	0.00127870424636	0.000109869870755	DLR00012647-2009-06-30_14-38-44	5.13546376988e-05	7	95	1895.5	1029.5	6.23048622015e-05	0.00181149768235	135	135
95.0	97.0	79.0	101.0	105.0	89.0	14	0.00159838030795	0.000118491147647	DLR00012647-2009-06-30_14-38-44	3.61805718464e-05	7	95	2041.5	1032.5	0.0001043452326	0.00245084980553	135	135
95.0	97.0	80.0	101.0	103.0	87.0	15	0.0	7.65819781545e-05	DLR00012647-2009-06-30_14-38-44	5.18451026861e-05	7	95	2178.5	1032.5	9.69564607264e-06	0.000479514092386	135	135
96.0	98.0	80.0	102.0	104.0	87.5	16	0.000159838030795	9.04851763713e-05	DLR00012647-2009-06-30_14-38-44	9.1949182555e-05	7	95	2316.5	1029.5	3.19324969152e-05	0.00117214555917	135	135
96.0	97.0	79.0	100.0	103.0	88.0	17	0.0	8.57821728747e-05	DLR00012647-2009-06-30_14-38-44	3.15075685801e-05	7	95	2462.5	1029.5	1.25072086505e-05	0.000532793435985	135	135
95.0	96.0	78.0	101.0	103.0	84.0	18	0.0	9.4880734808e-05	DLR00012647-2009-06-30_14-38-44	6.1696084859e-05	7	95	2590.5	1029.5	2.11754389795e-05	0.000799190153977	135	135
95.0	96.0	77.0	101.0	102.0	85.0	19	0.000159838030795	9.04838547409e-05	DLR00012647-2009-06-30_14-38-44	3.90633673923e-05	7	95	2728.5	1029.5	3.31692765043e-05	0.00133198358996	135	135
95.0	96.0	77.0	101.0	103.0	85.0	20	0.0	0.000102615215102	DLR00012647-2009-06-30_14-38-44	7.36523382246e-05	7	95	2861.5	1029.5	7.07554794385e-05	0.00261068783633	135	135
94.0	95.0	76.0	101.0	102.0	84.0	21	0.000959028184773	0.000104646081026	DLR00012647-2009-06-30_14-38-44	3.95198935614e-05	7	95	2993.5	1029.5	8.47085883593e-05	0.00282380521072	135	135
92.0	93.0	75.0	100.5	101.5	85.5	22	0.000905748841174	0.000121505540396	DLR00012647-2009-06-30_14-38-44	6.12643999581e-05	7	95	3133.5	1022.5	3.65025741933e-05	0.000852469497576	135	135
89.0	90.0	73.0	95.0	96.0	80.0	23	0.0	8.27133840611e-05	DLR00012647-2009-06-30_14-38-44	2.71081732625e-05	7	95	3273.5	1029.5	1.32062170078e-05	0.000586072779583	135	135
87.0	88.0	72.0	91.0	94.0	80.0	24	0.0	8.30591222126e-05	DLR00012647-2009-06-30_14-38-44	-4.29936517627e-05	7	95	3411.5	1022.5	5.84515970521e-06	0.000266396717992	135	135
94.0	95.0	79.0	100.0	101.0	85.0	1	0.0	9.294668512e-05	DLR00012647-2009-06-30_14-38-44	-2.24088586179e-05	8	95	267.5	1165.5	1.99690834516e-05	0.000799190153977	135	135
95.0	96.0	79.0	100.0	101.0	86.0	2	0.0	7.5101089202e-05	DLR00012647-2009-06-30_14-38-44	7.56679403314e-05	8	95	403.5	1158.5	1.10995227239e-05	0.000479514092386	135	135
96.0	97.0	79.0	102.0	104.0	88.0	3	0.000479514092386	9.90199718662e-05	DLR00012647-2009-06-30_14-38-44	8.06611063881e-05	8	95	545.5	1168.5	4.82037405506e-05	0.00154510096436	135	135
97.0	98.0	80.0	104.0	105.0	88.0	4	0.00101230752837	9.63135435217e-05	DLR00012647-2009-06-30_14-38-44	0.000101025020672	8	95	670.5	1165.5	7.48478499342e-05	0.00223773243114	135	135
97.0	99.0	80.0	102.5	104.5	85.0	5	0.0	8.35771751512e-05	DLR00012647-2009-06-30_14-38-44	4.59226722611e-05	8	95	813.5	1165.5	6.78892656487e-06	0.000319676061591	135	135
97.0	99.0	80.0	104.5	107.0	89.0	6	0.00127870424636	0.000117020038306	DLR00012647-2009-06-30_14-38-44	6.95106455324e-05	8	95	948.5	1161.5	7.22797338396e-05	0.00213117374394	135	135
97.0	98.0	80.0	102.0	105.0	86.0	7	0.000905748841174	8.51343688478e-05	DLR00012647-2009-06-30_14-38-44	6.03256094261e-05	8	95	1085.5	1167.5	5.6918532025e-05	0.00197133571314	135	135
96.0	98.0	80.0	106.0	110.0	96.0	8	0.00111886621557	0.000174715012601	DLR00012647-2009-06-30_14-38-44	6.12805493774e-05	8	95	1224.5	1167.5	4.82420833386e-05	0.000905748841174	135	135
96.0	98.0	80.0	102.0	105.0	88.0	9	0.000586072779583	0.000115687013463	DLR00012647-2009-06-30_14-38-44	4.00192194895e-05	8	95	1360.5	1166.5	4.61142209437e-05	0.00133198358996	135	135
95.0	97.0	80.0	102.0	104.0	89.0	10	0.000959028184773	0.000106397408494	DLR00012647-2009-06-30_14-38-44	4.93005656168e-05	8	95	1489.5	1165.5	7.69863787182e-05	0.00245084980553	135	135
95.0	97.0	80.0	101.0	103.0	89.0	11	0.000426234748788	9.66495371428e-05	DLR00012647-2009-06-30_14-38-44	4.73301905837e-05	8	95	1629.5	1165.5	2.49735476257e-05	0.000799190153977	135	135
94.0	97.0	80.0	101.0	103.0	87.0	12	0.000852469497576	9.99442074538e-05	DLR00012647-2009-06-30_14-38-44	7.0108203108e-05	8	95	1762.5	1158.5	5.84391608965e-05	0.00143854227716	135	135
94.0	97.0	80.0	100.0	102.5	87.0	13	0.0	9.59036246887e-05	DLR00012647-2009-06-30_14-38-44	6.47118139561e-05	8	95	1903.5	1164.5	1.13490121354e-05	0.000426234748788	135	135
94.0	96.0	80.0	98.0	104.0	87.0	14	0.0	0.000100531929325	DLR00012647-2009-06-30_14-38-44	3.65361575955e-05	8	95	2031.5	1161.5	3.00600445682e-05	0.00111886621557	135	135
95.0	97.0	79.0	102.0	105.0	86.5	15	5.32793435985e-05	0.000117162946703	DLR00012647-2009-06-30_14-38-44	3.19410769243e-05	8	95	2181.5	1166.5	2.34690487831e-05	0.000745910810379	135	135
95.0	96.0	79.0	100.0	102.0	86.0	16	0.000426234748788	8.44870928401e-05	DLR00012647-2009-06-30_14-38-44	6.53490008039e-06	8	95	2316.5	1155.5	8.66240049492e-05	0.00319676061591	135	135
95.0	96.0	78.0	100.0	103.0	86.0	17	0.000213117374394	0.000102667066479	DLR00012647-2009-06-30_14-38-44	-1.77065879547e-05	8	95	2443.5	1162.5	4.43365224027e-05	0.00154510096436	135	135
95.0	96.0	78.0	101.0	104.0	88.0	18	0.0	8.29082038394e-05	DLR00012647-2009-06-30_14-38-44	-8.8948544291e-06	8	95	2590.5	1163.5	5.00354039984e-05	0.00229101177473	135	135
95.0	96.0	77.0	100.0	104.0	86.0	19	0.0	7.8794200104e-05	DLR00012647-2009-06-30_14-38-44	8.84230047216e-05	8	95	2726.5	1161.5	4.51799128739e-05	0.00207789440034	135	135
94.0	96.0	76.0	101.0	103.0	84.0	20	0.00122542490277	0.000114129268427	DLR00012647-2009-06-30_14-38-44	3.03944957028e-05	8	95	2861.5	1161.5	8.05834709918e-05	0.00255740849273	135	135
94.0	95.0	76.0	100.0	101.0	84.5	21	0.000959028184773	0.000100373702216	DLR00012647-2009-06-30_14-38-44	9.75995343908e-05	8	95	2991.5	1158.5	9.16145725496e-05	0.00287708455432	135	135
92.0	92.0	74.0	97.0	97.0	81.0	22	0.0	7.57985360118e-05	DLR00012647-2009-06-30_14-38-44	7.85866813271e-05	8	95	3133.5	1156.5	2.65687388128e-05	0.00127870424636	135	135
89.0	90.0	72.0	95.0	95.0	79.0	23	5.32793435985e-05	8.87610532782e-05	DLR00012647-2009-06-30_14-38-44	6.7158096089e-05	8	95	3274.5	1161.5	2.87874220738e-05	0.00111886621557	135	135
86.0	87.0	71.0	92.0	95.0	80.0	24	0.00165165965155	0.000120870399537	DLR00012647-2009-06-30_14-38-44	-5.82941802036e-05	8	95	3411.5	1165.5	0.000117124932021	0.00239757046193	135	135
94.0	95.0	78.0	101.0	102.0	89.0	1	0.00117214555917	0.000107629479406	DLR00012647-2009-06-30_14-38-44	-2.83958000135e-05	9	95	269.5	1302.5	5.3454437964e-05	0.00138526293356	135	135
95.0	96.0	78.0	101.0	103.0	87.0	2	0.000532793435985	9.6831840117e-05	DLR00012647-2009-06-30_14-38-44	8.09375470977e-05	9	95	403.5	1301.5	5.37105115966e-05	0.00191805636955	135	135
96.0	97.0	79.0	106.0	106.0	92.0	3	0.000745910810379	0.000140293657859	DLR00012647-2009-06-30_14-38-44	3.18506744902e-05	9	95	544.5	1300.5	2.81997265781e-05	0.000639352123182	135	135
97.0	98.0	80.0	101.0	103.0	84.0	4	0.0	7.14420976436e-05	DLR00012647-2009-06-30_14-38-44	5.32911875433e-05	9	95	666.5	1301.5	9.70628957276e-07	5.32793435985e-05	135	135
97.0	99.0	80.0	104.0	105.0	88.0	5	5.32793435985e-05	9.33199855272e-05	DLR00012647-2009-06-30_14-38-44	4.26021283939e-05	9	95	813.5	1301.5	5.06214417172e-05	0.00202461505674	135	135
97.0	98.0	80.0	104.0	105.5	89.0	6	0.000372955405189	0.000110176760465	DLR00012647-2009-06-30_14-38-44	3.40234760379e-05	9	95	948.5	1301.5	1.93646111573e-05	0.000639352123182	135	135
96.0	98.0	79.0	102.5	105.0	87.0	7	5.32793435985e-05	9.53019199464e-05	DLR00012647-2009-06-30_14-38-44	4.83667719637e-05	9	95	1083.5	1301.5	2.98586222049e-05	0.00106558687197	135	135
96.0	98.0	80.0	101.0	104.0	88.0	8	0.0	7.94673621454e-05	DLR00012647-2009-06-30_14-38-44	9.13983901167e-05	9	95	1224.5	1301.5	4.4057141516e-05	0.00207789440034	135	135
96.0	98.0	80.0	102.0	107.0	92.0	9	0.000213117374394	8.68303856003e-05	DLR00012647-2009-06-30_14-38-44	5.60800769265e-05	9	95	1360.5	1306.5	0.00011008858541	0.00458202354947	135	135
96.0	99.0	82.0	102.0	108.0	93.0	10	0.000799190153977	8.85933442711e-05	DLR00012647-2009-06-30_14-38-44	5.59099901479e-05	9	95	1495.5	1301.5	0.000259287723165	0.0101230752837	135	135
97.0	100.0	83.0	103.0	111.0	96.0	11	0.000639352123182	8.77536153259e-05	DLR00012647-2009-06-30_14-38-44	0.000168527283655	9	95	1634.5	1301.5	0.000398497327929	0.0162501997975	135	135
96.0	100.0	83.0	102.0	110.0	95.0	12	0.000852469497576	8.62249375058e-05	DLR00012647-2009-06-30_14-38-44	5.88567631019e-05	9	95	1764.5	1310.5	0.000366103941302	0.0148116575204	135	135
95.0	98.0	82.0	101.0	109.0	95.0	13	0.00127870424636	7.78296547558e-05	DLR00012647-2009-06-30_14-38-44	0.000299366683422	9	95	1912.5	1301.5	0.000308175580318	0.0141190260536	135	135
96.0	100.0	83.0	101.0	109.0	95.0	14	0.0	7.82800754438e-05	DLR00012647-2009-06-30_14-38-44	-1.49297445522e-05	9	95	2036.5	1301.5	0.000141089947378	0.00671319729341	135	135
95.0	99.0	82.0	102.0	111.0	98.0	15	0.0	8.15529512772e-05	DLR00012647-2009-06-30_14-38-44	0.000148400931314	9	95	2169.5	1301.5	0.000337132223813	0.0155575683308	135	135
96.0	99.0	83.0	102.0	108.0	92.0	16	0.00101230752837	8.80668662239e-05	DLR00012647-2009-06-30_14-38-44	0.000177894493555	9	95	2307.5	1301.5	0.000166701476906	0.00596728648303	135	135
95.0	98.0	80.0	102.0	109.0	93.0	17	0.00069263146678	8.57734472411e-05	DLR00012647-2009-06-30_14-38-44	0.000104580850675	9	95	2444.5	1301.5	0.000390222676479	0.0160903617667	135	135
96.0	98.0	81.0	102.0	108.0	91.0	18	0.0	7.92730854662e-05	DLR00012647-2009-06-30_14-38-44	0.00020072143769	9	95	2587.5	1292.5	0.000316182312027	0.0142255847408	135	135
95.0	96.0	78.0	101.0	103.0	86.0	19	0.00138526293356	9.51764332455e-05	DLR00012647-2009-06-30_14-38-44	-5.39421747693e-06	9	95	2721.5	1301.5	0.000115607439993	0.00383611273909	135	135
94.0	95.0	76.0	100.0	102.0	84.0	20	0.000266396717992	8.55145052839e-05	DLR00012647-2009-06-30_14-38-44	6.62104695558e-05	9	95	2861.5	1301.5	6.19639312898e-05	0.00234429111833	135	135
93.0	94.0	75.0	98.0	100.0	82.0	21	0.00101230752837	8.3027386256e-05	DLR00012647-2009-06-30_14-38-44	5.704983581e-05	9	95	2998.5	1301.5	6.21163537302e-05	0.00175821833875	135	135
92.0	92.0	74.0	97.0	98.0	80.5	22	0.000159838030795	8.62510590655e-05	DLR00012647-2009-06-30_14-38-44	6.62298536247e-05	9	95	3134.5	1302.5	4.06056921421e-05	0.00159838030795	135	135
88.0	89.0	72.0	92.0	93.0	78.0	23	0.0	8.18070208476e-05	DLR00012647-2009-06-30_14-38-44	6.65341184322e-05	9	95	3273.5	1301.5	2.7104977647e-05	0.00117214555917	135	135
86.0	87.0	71.0	92.0	95.0	80.0	24	0.000639352123182	0.000101838099537	DLR00012647-2009-06-30_14-38-44	-3.12695215496e-05	9	95	3414.5	1295.5	6.9518456898e-05	0.00207789440034	135	135
94.0	95.0	79.0	102.0	102.0	87.5	1	0.0	9.17893627982e-05	DLR00012647-2009-06-30_14-38-44	-6.77029668188e-05	10	95	263.5	1444.5	1.50609882274e-05	0.000639352123182	135	135
95.0	96.0	78.0	101.0	103.0	87.0	2	0.000426234748788	0.000105367909591	DLR00012647-2009-06-30_14-38-44	5.20743940616e-05	10	95	403.5	1441.5	5.20934639128e-05	0.00181149768235	135	135
96.0	97.0	79.0	101.0	102.0	86.0	3	0.000426234748788	8.50411398183e-05	DLR00012647-2009-06-30_14-38-44	8.37590237963e-05	10	95	537.5	1447.5	3.50270187034e-05	0.00133198358996	135	135
97.0	98.0	80.0	102.0	103.0	87.0	4	0.0	8.08760104237e-05	DLR00012647-2009-06-30_14-38-44	3.36315608974e-05	10	95	676.5	1440.5	1.63006713975e-05	0.000745910810379	135	135
97.0	98.0	80.0	104.0	108.0	89.0	5	0.00069263146678	0.000109861866935	DLR00012647-2009-06-30_14-38-44	0.000100458653181	10	95	809.5	1439.5	8.3322461941e-05	0.00250412914913	135	135
97.0	98.0	79.0	104.0	108.0	91.0	6	0.00207789440034	0.000131778170144	DLR00012647-2009-06-30_14-38-44	7.58927179383e-05	10	95	948.5	1431.5	0.000137819182582	0.0034631573339	135	135
96.0	98.0	79.0	106.0	108.0	89.0	7	0.000266396717992	0.000138372645362	DLR00012647-2009-06-30_14-38-44	6.87506274415e-05	10	95	1076.5	1436.5	1.40029686771e-05	0.000372955405189	135	135
96.0	97.0	79.0	101.0	105.0	86.5	8	0.000159838030795	0.000107020347737	DLR00012647-2009-06-30_14-38-44	8.66995675939e-05	10	95	1224.5	1440.5	4.51699820003e-05	0.00149182162076	135	135
95.0	97.0	79.0	99.0	103.0	84.0	9	0.0	8.08041787819e-05	DLR00012647-2009-06-30_14-38-44	5.00577852319e-05	10	95	1360.5	1437.5	1.18979765841e-05	0.000532793435985	135	135
95.0	98.0	80.0	101.0	105.0	89.0	10	5.32793435985e-05	9.79349743785e-05	DLR00012647-2009-06-30_14-38-44	6.64960357179e-05	10	95	1487.5	1435.5	5.91861941775e-05	0.00223773243114	135	135
95.0	98.0	81.0	101.0	107.0	92.0	11	0.000426234748788	8.34874723903e-05	DLR00012647-2009-06-30_14-38-44	5.5877241031e-05	10	95	1634.5	1435.5	0.00020819862924	0.00889765038095	135	135
94.0	96.0	79.0	97.5	102.5	84.0	12	0.0	8.11452733424e-05	DLR00012647-2009-06-30_14-38-44	-6.35199263882e-05	10	95	1771.5	1440.5	1.33199487996e-05	0.000639352123182	135	135
94.0	96.0	79.0	98.5	101.0	84.0	13	0.0	7.44204815136e-05	DLR00012647-2009-06-30_14-38-44	-8.34280862782e-05	10	95	1908.5	1435.5	6.02771217329e-06	0.000319676061591	135	135
94.0	96.0	78.0	97.0	102.0	86.0	14	0.0	8.7110274493e-05	DLR00012647-2009-06-30_14-38-44	6.30109550548e-05	10	95	2041.5	1448.5	4.53589339961e-05	0.00197133571314	135	135
93.0	95.0	78.0	99.0	102.0	86.0	15	0.000426234748788	0.00011159545694	DLR00012647-2009-06-30_14-38-44	4.01510060925e-05	10	95	2178.5	1440.5	5.0108389421e-05	0.00165165965155	135	135
93.0	95.0	77.0	99.0	103.0	87.0	16	0.00111886621557	0.000119531205301	DLR00012647-2009-06-30_14-38-44	5.68854409544e-05	10	95	2316.5	1438.5	7.80043425069e-05	0.00229101177473	135	135
93.0	95.0	77.0	97.5	100.0	84.0	17	0.0	7.08433323238e-05	DLR00012647-2009-06-30_14-38-44	3.50443455433e-05	10	95	2453.5	1440.5	8.13264599464e-06	0.000426234748788	135	135
93.0	95.0	76.0	98.0	100.5	84.0	18	0.000159838030795	8.31609541922e-05	DLR00012647-2009-06-30_14-38-44	4.67900063141e-05	10	95	2590.5	1440.5	2.90041427111e-05	0.00117214555917	135	135
94.0	95.0	77.0	100.0	103.0	86.0	19	0.00266396717992	8.87812155868e-05	DLR00012647-2009-06-30_14-38-44	0.000109306983811	10	95	2721.5	1436.5	0.000153950274026	0.00479514092386	135	135
93.0	94.0	76.0	100.0	104.0	88.0	20	0.00138526293356	0.000123034678589	DLR00012647-2009-06-30_14-38-44	7.52630983591e-05	10	95	2861.5	1442.5	0.00016991784633	0.00500825829826	135	135
93.0	93.0	75.0	98.0	99.0	81.0	21	0.000159838030795	8.56011895613e-05	DLR00012647-2009-06-30_14-38-44	7.35055063019e-05	10	95	2994.5	1435.5	4.7808141653e-05	0.00197133571314	135	135
92.0	92.0	75.0	97.0	98.0	81.0	22	0.000159838030795	7.98307774546e-05	DLR00012647-2009-06-30_14-38-44	4.12823478242e-05	10	95	3133.5	1442.5	2.66323643891e-05	0.00111886621557	135	135
88.0	89.0	72.0	93.0	94.0	80.0	23	0.000106558687197	9.36274159204e-05	DLR00012647-2009-06-30_14-38-44	2.18872622861e-05	10	95	3273.5	1434.5	3.2656680049e-05	0.00122542490277	135	135
85.0	86.0	71.0	93.0	97.0	83.0	24	0.00133198358996	0.000135401179323	DLR00012647-2009-06-30_14-38-44	4.24456822066e-05	10	95	3407.5	1440.5	0.000104294974336	0.00250412914913	135	135
94.0	94.0	78.0	99.0	100.0	83.0	1	5.32793435985e-05	9.29901948586e-05	DLR00012647-2009-06-30_14-38-44	-2.78269587569e-05	11	95	267.5	1574.5	3.85398875264e-05	0.00149182162076	135	135
94.0	95.0	78.0	101.0	103.0	84.5	2	0.0	9.344777502e-05	DLR00012647-2009-06-30_14-38-44	5.10233218953e-05	11	95	406.5	1574.5	1.92545549386e-05	0.000745910810379	135	135
96.0	97.0	79.0	101.0	103.0	85.0	3	0.0	8.6557825729e-05	DLR00012647-2009-06-30_14-38-44	8.05606363099e-05	11	95	541.5	1574.5	2.00595334627e-05	0.000799190153977	135	135
97.0	98.0	80.0	102.5	104.0	88.0	4	0.000426234748788	9.47118380534e-05	DLR00012647-2009-06-30_14-38-44	5.08817291481e-05	11	95	676.5	1574.5	6.53166959202e-05	0.00223773243114	135	135
97.0	98.0	80.0	104.0	104.0	89.0	5	0.00069263146678	0.000102034425211	DLR00012647-2009-06-30_14-38-44	5.1906067177e-05	11	95	813.5	1574.5	5.27375950806e-05	0.00165165965155	135	135
97.0	98.0	79.0	101.0	104.0	86.0	6	0.0	7.93313738535e-05	DLR00012647-2009-06-30_14-38-44	6.85294282816e-05	11	95	948.5	1571.5	2.50199708588e-05	0.00101230752837	135	135
96.0	97.0	79.0	102.0	103.0	87.0	7	0.0	8.72220130086e-05	DLR00012647-2009-06-30_14-38-44	5.70866705934e-05	11	95	1082.5	1574.5	1.89559784679e-05	0.00069263146678	135	135
95.0	97.0	78.0	101.0	102.0	87.0	8	0.000639352123182	9.40242999145e-05	DLR00012647-2009-06-30_14-38-44	5.20502719935e-05	11	95	1224.5	1574.5	5.2139528659e-05	0.00175821833875	135	135
95.0	96.0	78.0	103.0	105.0	88.0	9	0.000266396717992	0.000116609877404	DLR00012647-2009-06-30_14-38-44	3.63917427851e-05	11	95	1355.5	1574.5	1.37402869632e-05	0.000372955405189	135	135
94.0	96.0	78.0	101.0	106.0	90.0	10	0.00261068783633	0.000141338959587	DLR00012647-2009-06-30_14-38-44	8.68042280162e-05	11	95	1495.5	1574.5	0.000160179558241	0.00388939208269	135	135
94.0	96.0	78.0	99.0	102.0	88.0	11	5.32793435985e-05	9.764529408e-05	DLR00012647-2009-06-30_14-38-44	5.7730879877e-05	11	95	1625.5	1574.5	7.10593835657e-05	0.00261068783633	135	135
94.0	96.0	78.0	99.0	102.0	87.0	12	5.32793435985e-05	9.00422943211e-05	DLR00012647-2009-06-30_14-38-44	9.52660749056e-05	11	95	1767.5	1572.5	5.61843298948e-05	0.00229101177473	135	135
93.0	95.0	78.0	99.0	102.0	84.0	13	0.0	0.000102248123839	DLR00012647-2009-06-30_14-38-44	3.2454002338e-05	11	95	1912.5	1574.5	1.26368581554e-05	0.000479514092386	135	135
93.0	95.0	77.0	99.0	102.0	86.0	14	0.000959028184773	0.000113752676592	DLR00012647-2009-06-30_14-38-44	7.03372319595e-05	11	95	2041.5	1574.5	7.04692505237e-05	0.00207789440034	135	135
93.0	95.0	77.0	99.0	101.0	85.5	15	0.000532793435985	9.63935456508e-05	DLR00012647-2009-06-30_14-38-44	5.84951723122e-05	11	95	2178.5	1574.5	2.01456716113e-05	0.000532793435985	135	135
93.0	94.0	77.0	97.0	100.5	83.5	16	0.0	9.54438920958e-05	DLR00012647-2009-06-30_14-38-44	5.08115269526e-05	11	95	2316.5	1574.5	3.19769412838e-05	0.00127870424636	135	135
93.0	94.0	76.0	98.0	100.0	82.0	17	0.000532793435985	8.59570555182e-05	DLR00012647-2009-06-30_14-38-44	4.22857407831e-05	11	95	2454.5	1574.5	4.82457665351e-05	0.00154510096436	135	135
93.0	95.0	77.0	99.0	102.0	86.0	18	0.000799190153977	9.53920339437e-05	DLR00012647-2009-06-30_14-38-44	7.0428124549e-05	11	95	2589.5	1574.5	6.58322259453e-05	0.00207789440034	135	135
93.0	94.0	75.0	98.0	100.0	83.0	19	0.0	8.79523382705e-05	DLR00012647-2009-06-30_14-38-44	6.10616096741e-05	11	95	2726.5	1574.5	0.000110498376281	0.00452874420587	135	135
93.0	94.0	75.0	101.0	104.0	87.0	20	0.000213117374394	0.000116744469319	DLR00012647-2009-06-30_14-38-44	6.32971721158e-05	11	95	2859.5	1574.5	0.000401199830444	0.013266556556	135	135
92.0	92.0	74.0	96.5	96.5	80.5	21	0.0	8.07868388741e-05	DLR00012647-2009-06-30_14-38-44	4.27167126009e-05	11	95	2998.5	1574.5	2.19517757077e-06	0.000106558687197	135	135
92.0	92.0	76.0	97.0	100.0	84.0	22	0.0	7.98969992119e-05	DLR00012647-2009-06-30_14-38-44	0.000100243658061	11	95	3135.5	1574.5	0.000126194993076	0.00580744845224	135	135
87.0	88.0	72.0	93.0	96.0	79.0	23	0.0	8.9089047288e-05	DLR00012647-2009-06-30_14-38-44	2.23717561848e-05	11	95	3273.5	1574.5	3.30137727999e-05	0.00133198358996	135	135
84.0	85.0	70.0	89.0	89.0	75.0	24	0.0	8.11314356186e-05	DLR00012647-2009-06-30_14-38-44	-4.44114755675e-05	11	95	3408.5	1574.5	1.10227055692e-06	5.32793435985e-05	135	135
93.0	93.0	78.0	98.0	99.0	85.0	1	0.0	8.6235421467e-05	DLR00012647-2009-06-30_14-38-44	5.94672725316e-06	12	95	267.5	1715.5	3.38801627778e-05	0.00133198358996	135	135
94.0	94.0	78.0	99.0	102.0	86.0	2	0.00122542490277	0.000112732043595	DLR00012647-2009-06-30_14-38-44	4.11490037811e-05	12	95	403.5	1710.5	0.000104143709371	0.00293036389792	135	135
95.0	96.0	78.0	100.0	102.0	83.0	3	0.0	9.2616338788e-05	DLR00012647-2009-06-30_14-38-44	6.35130743931e-05	12	95	538.5	1713.5	1.15310067889e-05	0.000532793435985	135	135
96.0	97.0	79.0	101.5	103.0	86.0	4	0.0	7.43482951606e-05	DLR00012647-2009-06-30_14-38-44	9.77761673757e-05	12	95	667.5	1713.5	3.11024009473e-05	0.00117214555917	135	135
96.0	98.0	79.0	104.0	106.5	89.5	5	0.000905748841174	0.000129764662716	DLR00012647-2009-06-30_14-38-44	5.103376309e-05	12	95	808.5	1718.5	2.77603366208e-05	0.000745910810379	135	135
96.0	98.0	79.0	102.0	104.0	85.0	6	0.0	8.5980434967e-05	DLR00012647-2009-06-30_14-38-44	5.53084856787e-05	12	95	948.5	1711.5	3.30620233638e-06	0.000159838030795	135	135
96.0	97.0	78.0	101.0	103.0	84.0	7	0.0	8.4987036001e-05	DLR00012647-2009-06-30_14-38-44	6.82426744668e-05	12	95	1081.5	1705.5	1.01954885157e-05	0.000479514092386	135	135
95.0	96.0	78.0	102.0	104.0	84.0	8	0.0	0.000103277883687	DLR00012647-2009-06-30_14-38-44	3.88518408151e-05	12	95	1224.5	1708.5	1.40315735203e-06	5.32793435985e-05	135	135
94.0	96.0	78.0	100.0	102.0	82.0	9	0.0	7.81147798588e-05	DLR00012647-2009-06-30_14-38-44	3.13266889035e-05	12	95	1361.5	1715.5	1.06128557003e-06	5.32793435985e-05	135	135
94.0	96.0	78.0	100.0	101.0	86.0	10	0.000159838030795	8.62625457387e-05	DLR00012647-2009-06-30_14-38-44	3.69884811864e-05	12	95	1504.5	1710.5	3.79109142708e-05	0.00138526293356	135	135
93.0	95.0	78.0	98.0	101.0	85.0	11	5.32793435985e-05	9.07805130077e-05	DLR00012647-2009-06-30_14-38-44	5.51901479626e-05	12	95	1634.5	1707.5	1.92042119712e-05	0.00069263146678	135	135
93.0	95.0	77.0	99.0	102.0	84.0	12	0.000799190153977	9.29664467703e-05	DLR00012647-2009-06-30_14-38-44	1.76381180476e-06	12	95	1768.5	1710.5	3.99662519902e-05	0.00106558687197	135	135
93.0	95.0	77.0	99.0	102.0	85.5	13	0.000213117374394	0.000115527027916	DLR00012647-2009-06-30_14-38-44	6.56748818425e-05	12	95	1906.5	1704.5	2.3754484145e-05	0.000745910810379	135	135
92.0	94.0	77.0	97.0	101.0	83.0	14	0.000159838030795	9.17657129981e-05	DLR00012647-2009-06-30_14-38-44	3.75275392917e-05	12	95	2041.5	1703.5	8.20040508319e-05	0.00314348127231	135	135
92.0	94.0	76.0	98.0	99.0	83.0	15	0.000426234748788	8.84132797481e-05	DLR00012647-2009-06-30_14-38-44	4.40815909716e-05	12	95	2175.5	1705.5	3.31505093068e-05	0.00117214555917	135	135
92.0	94.0	76.0	97.0	100.0	84.0	16	0.0	8.78851854989e-05	DLR00012647-2009-06-30_14-38-44	5.70209869165e-05	12	95	2316.5	1710.5	6.31074391821e-05	0.00255740849273	135	135
92.0	93.0	76.0	99.5	100.0	85.0	17	0.000372955405189	0.000112835532773	DLR00012647-2009-06-30_14-38-44	2.27707863259e-05	12	95	2448.5	1710.5	3.35838102684e-05	0.00106558687197	135	135
93.0	94.0	76.0	99.0	102.0	86.0	18	0.000426234748788	9.06513981918e-05	DLR00012647-2009-06-30_14-38-44	9.98294663495e-05	12	95	2590.5	1710.5	0.000152144162582	0.00596728648303	135	135
93.0	94.0	76.0	99.0	103.0	88.0	19	0.0	8.34501970465e-05	DLR00012647-2009-06-30_14-38-44	3.18073755581e-05	12	95	2724.5	1701.5	0.000140769648919	0.00623368320102	135	135
92.0	93.0	75.0	97.0	100.0	84.0	20	0.000586072779583	8.52371991247e-05	DLR00012647-2009-06-30_14-38-44	2.3137248879e-05	12	95	2861.5	1710.5	8.64259574116e-05	0.00319676061591	135	135
91.0	92.0	74.0	99.0	101.0	86.0	21	0.00069263146678	0.000112080934507	DLR00012647-2009-06-30_14-38-44	6.71179278968e-05	12	95	2998.5	1706.5	0.000155737245002	0.00500825829826	135	135
90.0	91.0	75.0	97.0	100.0	84.0	22	0.0	9.57463299035e-05	DLR00012647-2009-06-30_14-38-44	0.000156093816042	12	95	3133.5	1710.5	0.000282850870953	0.0102829133145	135	135
87.0	88.0	72.0	95.0	95.0	80.0	23	0.000159838030795	8.20655219469e-05	DLR00012647-2009-06-30_14-38-44	9.64147987846e-05	12	95	3264.5	1710.5	6.21414983559e-05	0.00261068783633	135	135
84.0	84.0	70.0	87.0	89.0	73.0	24	0.0	7.16569487414e-05	DLR00012647-2009-06-30_14-38-44	1.92498921378e-07	12	95	3408.5	1705.5	1.18788863602e-05	0.000639352123182	135	135
92.0	92.0	77.0	98.0	99.0	85.0	1	0.000639352123182	0.000100446858592	DLR00012647-2009-06-30_14-38-44	-2.32775752286e-05	13	95	271.5	1853.5	5.87108438751e-05	0.00186477702595	135	135
93.0	93.0	77.0	99.0	103.0	89.0	2	0.00133198358996	0.000141635069868	DLR00012647-2009-06-30_14-38-44	9.12237686309e-05	13	95	403.5	1849.5	7.2494783006e-05	0.00175821833875	135	135
94.0	95.0	78.0	102.0	105.0	90.0	3	0.00117214555917	0.000142345198451	DLR00012647-2009-06-30_14-38-44	5.35589215223e-05	13	95	541.5	1850.5	5.14949835476e-05	0.00111886621557	135	135
96.0	96.0	79.0	100.0	101.0	85.0	4	0.0	7.95293780721e-05	DLR00012647-2009-06-30_14-38-44	6.76241506238e-05	13	95	679.5	1850.5	1.52887040591e-05	0.000745910810379	135	135
96.0	97.0	79.0	102.0	103.0	86.0	5	0.000639352123182	8.67281312779e-05	DLR00012647-2009-06-30_14-38-44	6.3568019563e-05	13	95	808.5	1850.5	2.97075000796e-05	0.000905748841174	135	135
96.0	97.0	79.0	103.0	104.0	88.0	6	0.000639352123182	0.000105900750948	DLR00012647-2009-06-30_14-38-44	7.04398494919e-05	13	95	948.5	1850.5	4.58155526908e-05	0.00143854227716	135	135
95.0	97.0	78.0	98.0	106.0	100.0	7	0.000372955405189	0.000132505825483	DLR00012647-2009-06-30_14-38-44	6.9411568638e-05	13	95	1080.5	1850.5	0.000168960882492	0.00474186158027	135	135
94.0	96.0	78.0	100.0	101.0	86.0	8	0.0	8.31654304217e-05	DLR00012647-2009-06-30_14-38-44	8.0240670375e-05	13	95	1224.5	1850.5	2.23441891949e-05	0.000959028184773	135	135
94.0	96.0	77.0	101.0	104.0	88.0	9	0.00127870424636	0.000123250455817	DLR00012647-2009-06-30_14-38-44	6.7894621205e-05	13	95	1364.5	1850.5	8.5642874295e-05	0.00239757046193	135	135
94.0	95.0	78.0	99.5	101.0	87.0	10	0.0	0.000102446845303	DLR00012647-2009-06-30_14-38-44	7.58140034388e-05	13	95	1495.5	1841.5	1.10518696085e-05	0.000426234748788	135	135
93.0	95.0	77.0	99.5	101.5	85.5	11	0.000426234748788	0.00010115912339	DLR00012647-2009-06-30_14-38-44	6.58901547449e-05	13	95	1628.5	1850.5	3.67168024189e-05	0.00117214555917	135	135
92.0	94.0	77.0	102.0	108.0	93.0	12	0.0034098779903	0.000209294489482	DLR00012647-2009-06-30_14-38-44	6.13058619712e-05	13	95	1771.5	1855.5	0.000176902964742	0.00271724652352	135	135
92.0	94.0	77.0	98.0	101.0	84.0	13	0.000426234748788	0.000107975948831	DLR00012647-2009-06-30_14-38-44	6.43470202196e-05	13	95	1903.5	1850.5	2.89448188951e-05	0.000959028184773	135	135
92.0	93.0	77.0	97.0	99.0	83.0	14	0.0	8.17829801533e-05	DLR00012647-2009-06-30_14-38-44	5.62097627899e-05	13	95	2044.5	1840.5	2.82694845654e-05	0.00106558687197	135	135
92.0	93.0	76.0	98.0	103.0	88.0	15	0.00127870424636	0.000136469103312	DLR00012647-2009-06-30_14-38-44	4.18895476807e-05	13	95	2184.5	1850.5	6.07494894383e-05	0.00127870424636	135	135
91.0	93.0	75.0	96.0	99.0	83.0	16	0.000159838030795	9.11625706943e-05	DLR00012647-2009-06-30_14-38-44	5.08242451481e-05	13	95	2316.5	1840.5	4.86336571564e-05	0.00181149768235	135	135
91.0	93.0	75.0	97.0	100.0	84.5	17	0.00101230752837	0.000100730960731	DLR00012647-2009-06-30_14-38-44	2.66460179821e-05	13	95	2455.5	1850.5	6.35493035871e-05	0.00181149768235	135	135
92.0	93.0	75.0	100.0	102.0	87.0	18	0.0	9.14034192882e-05	DLR00012647-2009-06-30_14-38-44	9.87685870501e-05	13	95	2589.5	1850.5	7.22466194172e-05	0.00314348127231	135	135
92.0	94.0	76.0	99.0	101.0	85.0	19	0.0	9.45060105827e-05	DLR00012647-2009-06-30_14-38-44	1.78539187101e-05	13	95	2722.5	1850.5	6.0765402664e-05	0.00234429111833	135	135
92.0	92.0	75.0	97.5	99.0	81.5	20	0.000213117374394	7.91833906776e-05	DLR00012647-2009-06-30_14-38-44	7.20569477909e-05	13	95	2861.5	1840.5	2.87887116184e-05	0.00127870424636	135	135
91.0	91.0	74.0				21	0.0		DLR00012647-2009-06-30_14-38-44	8.51690264656e-05	13	95	3007.5	1850.5	0.0	0.0	135	135
89.0	89.0	73.0	96.0	97.0	81.0	22	0.000372955405189	0.00010164632615	DLR00012647-2009-06-30_14-38-44	4.23532104668e-05	13	95	3133.5	1850.5	4.94828266207e-05	0.00175821833875	135	135
85.0	86.0	71.0	92.0	94.0	78.0	23	0.0	7.76497213797e-05	DLR00012647-2009-06-30_14-38-44	0.000110315638792	13	95	3273.5	1850.5	3.66634284671e-05	0.00154510096436	135	135
83.0	84.0	69.0	87.0	90.0	73.0	24	0.000266396717992	9.32524155218e-05	DLR00012647-2009-06-30_14-38-44	-3.02197255741e-05	13	95	3405.5	1842.5	1.97634473804e-05	0.00069263146678	135	135
91.0	92.0	76.0	96.0	96.0	82.5	1	0.0	8.27690405573e-05	DLR00012647-2009-06-30_14-38-44	-1.37940621848e-05	14	95	270.5	1992.5	1.38108644941e-05	0.000639352123182	135	135
92.0	92.0	77.0	96.0	96.5	83.0	2	0.0	7.49715736763e-05	DLR00012647-2009-06-30_14-38-44	3.72095609477e-05	14	95	412.5	1986.5	6.72506501478e-06	0.000319676061591	135	135
94.0	94.0	78.0	99.0	99.0	84.0	3	0.0	7.42912318241e-05	DLR00012647-2009-06-30_14-38-44	2.11394983803e-05	14	95	541.5	1986.5	1.17177868812e-05	0.000586072779583	135	135
95.0	96.0	79.0	100.0	101.0	84.0	4	0.0	7.21491918245e-05	DLR00012647-2009-06-30_14-38-44	7.71530826091e-05	14	95	676.5	1986.5	2.39067078573e-05	0.00117214555917	135	135
96.0	96.0	79.0	104.0	104.0	90.0	5	0.00106558687197	0.000125330206881	DLR00012647-2009-06-30_14-38-44	8.02958290886e-05	14	95	814.5	1986.5	4.51004995157e-05	0.00111886621557	135	135
95.0	97.0	78.0	100.0	101.0	85.0	6	0.0	7.73380765289e-05	DLR00012647-2009-06-30_14-38-44	4.2977277311e-05	14	95	948.5	1981.5	7.79446634336e-06	0.000372955405189	135	135
95.0	96.0	78.0	101.0	104.0	87.5	7	0.000745910810379	0.000107916517228	DLR00012647-2009-06-30_14-38-44	4.22893618818e-05	14	95	1091.5	1986.5	4.38700605667e-05	0.00117214555917	135	135
94.0	96.0	77.0	99.0	99.5	84.5	8	0.0	7.38643665208e-05	DLR00012647-2009-06-30_14-38-44	3.32301805837e-05	14	95	1215.5	1986.5	2.00707693141e-06	0.000106558687197	135	135
93.0	95.0	77.0	99.0	100.0	84.0	9	0.0	8.18759419518e-05	DLR00012647-2009-06-30_14-38-44	5.54685915151e-05	14	95	1359.5	1986.5	9.82719471661e-06	0.000479514092386	135	135
93.0	94.0	77.0	99.0	102.0	86.0	10	0.000532793435985	0.000119352930078	DLR00012647-2009-06-30_14-38-44	6.32261176058e-05	14	95	1495.5	1986.5	4.8254622143e-05	0.00133198358996	135	135
92.0	94.0	77.0	98.0	101.0	86.0	11	5.32793435985e-05	0.000100174893076	DLR00012647-2009-06-30_14-38-44	5.89182985468e-05	14	95	1637.5	1986.5	0.000113531776736	0.00388939208269	135	135
92.0	94.0	76.0	98.0	100.0	85.0	12	0.000799190153977	0.000104628459511	DLR00012647-2009-06-30_14-38-44	8.04103112246e-05	14	95	1771.5	1976.5	7.26647980021e-05	0.00234429111833	135	135
92.0	93.0	76.0	98.0	102.5	89.5	13	0.000639352123182	0.000137055113632	DLR00012647-2009-06-30_14-38-44	7.89080312662e-05	14	95	1904.5	1982.5	3.2270504239e-05	0.000852469497576	135	135
91.0	93.0	76.0	96.0	97.0	81.0	14	0.000106558687197	7.99646379537e-05	DLR00012647-2009-06-30_14-38-44	6.65320221117e-05	14	95	2033.5	1977.5	9.0019312174e-06	0.000372955405189	135	135
91.0	93.0	75.0	100.0	111.0	99.0	15	0.00410250945708	0.000147111474558	DLR00012647-2009-06-30_14-38-44	9.51335029688e-06	14	95	2181.5	1979.5	0.000533818033249	0.0130534391816	135	135
91.0	92.0	75.0	96.0	98.0	81.0	16	0.0	8.75318829137e-05	DLR00012647-2009-06-30_14-38-44	6.17634369162e-05	14	95	2316.5	1979.5	8.70994569128e-06	0.000372955405189	135	135
91.0	92.0	75.0	97.0	99.0	83.0	17	0.000905748841174	0.000100169997099	DLR00012647-2009-06-30_14-38-44	4.50179854855e-05	14	95	2448.5	1977.5	8.06114223644e-05	0.00255740849273	135	135
91.0	93.0	74.0				18	0.0		DLR00012647-2009-06-30_14-38-44	7.13355646479e-05	14	95	2592.5	1986.5	0.0	0.0	135	135
91.0	92.0	75.0	97.0	99.0	81.0	19	0.000319676061591	9.35715883656e-05	DLR00012647-2009-06-30_14-38-44	4.92249527472e-05	14	95	2732.5	1986.5	4.04929248787e-05	0.00143854227716	135	135
91.0	92.0	75.0	97.0	100.0	84.0	20	0.000319676061591	0.000108361714492	DLR00012647-2009-06-30_14-38-44	8.1218506269e-05	14	95	2865.5	1981.5	0.000135825086909	0.00399595076989	135	135
90.0	91.0	74.0	96.0	100.0	85.0	21	0.000745910810379	0.000121951688016	DLR00012647-2009-06-30_14-38-44	6.20841446228e-05	14	95	2995.5	1982.5	9.33189545924e-05	0.00261068783633	135	135
88.0	88.0	72.0	92.0	94.0	80.0	22	0.000852469497576	9.73869984299e-05	DLR00012647-2009-06-30_14-38-44	5.31097937419e-05	14	95	3133.5	1986.5	4.24087244561e-05	0.00101230752837	135	135
85.0	85.0	70.0	92.0	93.0	79.0	23	0.00127870424636	0.000112230848945	DLR00012647-2009-06-30_14-38-44	7.00323885732e-05	14	95	3273.5	1979.5	0.000103966609719	0.00303692258511	135	135
83.0	84.0	69.0	90.0	93.0	82.0	24	0.00383611273909	0.000136188382148	DLR00012647-2009-06-30_14-38-44	-5.28464742021e-05	14	95	3411.5	1986.5	0.00022095112061	0.00431562683148	135	135
91.0	91.0	76.0	96.0	98.0	82.5	1	0.000799190153977	9.91422814195e-05	DLR00012647-2009-06-30_14-38-44	-5.88680519323e-05	15	95	272.5	2122.5	5.80985568376e-05	0.00191805636955	135	135
92.0	92.0	76.0	95.0	95.5	80.0	2	0.0	7.1894837163e-05	DLR00012647-2009-06-30_14-38-44	6.20925909824e-05	15	95	403.5	2122.5	8.34502271323e-06	0.000426234748788	135	135
94.0	94.0	78.0	99.5	101.0	87.5	3	0.00127870424636	0.000117679526442	DLR00012647-2009-06-30_14-38-44	3.70669644975e-05	15	95	547.5	2124.5	9.44532091263e-05	0.00223773243114	135	135
95.0	95.0	79.0	100.0	101.0	85.0	4	0.0	8.54106003169e-05	DLR00012647-2009-06-30_14-38-44	5.41234933663e-05	15	95	670.5	2128.5	4.71085236609e-05	0.00191805636955	135	135
95.0	96.0	78.0	102.0	102.5	86.5	5	0.00197133571314	0.000105402637433	DLR00012647-2009-06-30_14-38-44	3.72787573488e-05	15	95	810.5	2125.5	0.000103761369373	0.00245084980553	135	135
95.0	95.0	78.0	99.0	100.0	84.0	6	0.0	8.17226386666e-05	DLR00012647-2009-06-30_14-38-44	5.58991106661e-05	15	95	948.5	2122.5	2.61519341546e-05	0.00117214555917	135	135
94.0	95.0	78.0	101.0	103.0	88.5	7	0.000372955405189	0.000121350647421	DLR00012647-2009-06-30_14-38-44	7.20722647131e-05	15	95	1075.5	2122.5	4.18201345298e-05	0.00127870424636	135	135
94.0	95.0	77.0	98.0	99.0	83.0	8	0.0	7.38158644436e-05	DLR00012647-2009-06-30_14-38-44	3.3490596327e-05	15	95	1221.5	2112.5	6.63209543585e-06	0.000319676061591	135	135
93.0	94.0	76.0	98.0	99.0	83.0	9	0.0	8.80956113752e-05	DLR00012647-2009-06-30_14-38-44	3.55685145944e-05	15	95	1359.5	2122.5	3.37055021278e-05	0.00143854227716	135	135
92.0	93.0	76.0	97.0	98.0	83.0	10	0.0	8.62583872511e-05	DLR00012647-2009-06-30_14-38-44	5.22633291955e-05	15	95	1496.5	2123.5	1.46485499644e-05	0.000639352123182	135	135
91.0	93.0	75.0	101.0	106.0	93.0	11	0.00170493899515	0.000191154343786	DLR00012647-2009-06-30_14-38-44	2.6265648753e-05	15	95	1636.5	2123.5	9.12137159192e-05	0.00154510096436	135	135
91.0	93.0	75.0	97.5	99.0	81.5	12	0.000586072779583	9.74984615443e-05	DLR00012647-2009-06-30_14-38-44	3.58974661539e-05	15	95	1771.5	2125.5	2.97604580611e-05	0.000959028184773	135	135
91.0	92.0	75.0	97.0	98.0	81.0	13	0.000372955405189	8.9207543598e-05	DLR00012647-2009-06-30_14-38-44	-5.22634438482e-06	15	95	1903.5	2122.5	2.61406901071e-05	0.000905748841174	135	135
91.0	92.0	75.0	96.0	97.0	82.0	14	0.000319676061591	8.11491182943e-05	DLR00012647-2009-06-30_14-38-44	2.94045008848e-05	15	95	2047.5	2122.5	2.61661239913e-05	0.00101230752837	135	135
90.0	92.0	74.0	96.0	98.0	83.0	15	0.00069263146678	9.82068168842e-05	DLR00012647-2009-06-30_14-38-44	3.98667718489e-05	15	95	2178.5	2122.5	9.50782608068e-05	0.0033565986467	135	135
91.0	91.0	74.0	96.0	97.0	81.0	16	0.000319676061591	8.99849152141e-05	DLR00012647-2009-06-30_14-38-44	6.72323661394e-05	15	95	2316.5	2122.5	4.63869287177e-05	0.00175821833875	135	135
91.0	92.0	74.0	97.0	98.5	82.5	17	0.00101230752837	9.37506609228e-05	DLR00012647-2009-06-30_14-38-44	-2.24783301297e-05	15	95	2453.5	2122.5	6.34165284285e-05	0.00213117374394	135	135
91.0	92.0	74.0	95.5	97.0	81.0	18	0.0	7.60470716579e-05	DLR00012647-2009-06-30_14-38-44	3.53269547324e-05	15	95	2590.5	2122.5	1.76146004214e-05	0.000852469497576	135	135
91.0	91.0	75.0	95.0	98.0	83.0	19	0.0	8.98783394819e-05	DLR00012647-2009-06-30_14-38-44	4.54348655842e-05	15	95	2734.5	2116.5	6.79660761419e-05	0.00271724652352	135	135
91.0	91.0	74.0	96.0	97.0	82.0	20	0.0	8.080494127e-05	DLR00012647-2009-06-30_14-38-44	5.64431612903e-05	15	95	2866.5	2122.5	3.5066577458e-05	0.00159838030795	135	135
90.0	91.0	74.0	95.0	95.0	79.0	21	0.0	7.26956398478e-05	DLR00012647-2009-06-30_14-38-44	4.05452650865e-05	15	95	3006.5	2122.5	5.29938278402e-06	0.000266396717992	135	135
89.0	89.0	73.0	96.0	98.0	83.0	22	0.00069263146678	0.000127816033217	DLR00012647-2009-06-30_14-38-44	4.42708155278e-05	15	95	3133.5	2122.5	4.85413112145e-05	0.00133198358996	135	135
86.0	86.0	71.0	92.0	91.0	77.0	23	0.0	8.12570765176e-05	DLR00012647-2009-06-30_14-38-44	2.70112561834e-05	15	95	3268.5	2130.5	1.55193214431e-05	0.00069263146678	135	135
84.0	85.0	71.0	91.0	91.0	79.0	24	0.0	7.75416673167e-05	DLR00012647-2009-06-30_14-38-44	-8.11024391604e-05	15	95	3414.5	2122.5	2.10699825945e-06	0.000106558687197	135	135
103.0	108.0	100.0	158.0	175.0	175.0	1	0.0456071181203	0.000263244754471	DLR00012647-2009-06-30_14-38-44	-0.00049500215854	16	95	267.5	2300.5	0.00647236172528	0.106079173105	135	135
106.0	111.0	102.0	165.0	186.0	185.0	2	0.0465661463051	0.000232473927254	DLR00012647-2009-06-30_14-38-44	-0.000782138553998	16	95	403.5	2300.5	0.00651911979975	0.106079173105	135	135
109.0	113.0	103.0	165.0	186.0	184.0	3	0.0502424210134	0.000238908476498	DLR00012647-2009-06-30_14-38-44	-0.000463852345358	16	95	541.5	2300.5	0.00625319255131	0.108263626192	135	135
110.0	115.0	105.0	167.0	188.0	185.0	4	0.0519473600085	0.000224112105546	DLR00012647-2009-06-30_14-38-44	-0.000716699029633	16	95	676.5	2300.5	0.00623409785863	0.116575203793	135	135
110.0	114.0	103.0	158.0	176.0	173.0	5	0.064627843785	0.00022014882284	DLR00012647-2009-06-30_14-38-44	2.3445852689e-06	16	95	813.5	2300.5	0.00605383170469	0.115616175609	135	135
109.0	114.0	103.0	154.0	172.0	169.0	6	0.041664446694	0.000257253211259	DLR00012647-2009-06-30_14-38-44	-0.000189645715365	16	95	948.5	2300.5	0.00493148184596	0.0870584474399	135	135
109.0	114.0	103.0	154.0	174.0	172.0	7	0.0452341627151	0.00025984669823	DLR00012647-2009-06-30_14-38-44	-0.000362554464423	16	95	1080.5	2300.5	0.0051091247851	0.0866854920347	135	135
108.0	114.0	102.0	164.0	186.5	183.5	8	0.0482178059566	0.00024879624853	DLR00012647-2009-06-30_14-38-44	-0.000331488754767	16	95	1224.5	2300.5	0.00592007344524	0.108476743567	135	135
107.0	113.0	101.0	164.0	186.0	183.0	9	0.0489104374234	0.000250649138801	DLR00012647-2009-06-30_14-38-44	-0.000635186400831	16	95	1350.5	2300.5	0.00580310881782	0.0980872715648	135	135
105.0	112.0	99.0	160.0	183.0	180.0	10	0.0501358623262	0.000231870446868	DLR00012647-2009-06-30_14-38-44	-0.00138706701054	16	95	1495.5	2300.5	0.00566797771237	0.0939847621077	135	135
105.0	110.0	97.0	161.0	184.0	181.0	11	0.047898129895	0.00024024153114	DLR00012647-2009-06-30_14-38-44	-0.00138662728091	16	95	1624.5	2300.5	0.00567189825661	0.0897756939635	135	135
105.0	110.0	98.0	164.0	187.0	183.0	12	0.0547178858756	0.000239495105275	DLR00012647-2009-06-30_14-38-44	-0.000354443403494	16	95	1771.5	2300.5	0.00642026634719	0.111513666152	135	135
104.0	109.0	96.0	165.0	186.0	182.0	13	0.0672385316213	0.000185962379952	DLR00012647-2009-06-30_14-38-44	0.000116774445015	16	95	1903.5	2300.5	0.00729819852054	0.142628802813	135	135
103.0	108.0	95.0	162.0	188.0	184.0	14	0.0571687356812	0.000253236171792	DLR00012647-2009-06-30_14-38-44	-0.000433194923237	16	95	2041.5	2300.5	0.00634163197923	0.109755447813	135	135
104.0	108.0	95.0	163.0	190.0	186.0	15	0.0526932708189	0.00026608610079	DLR00012647-2009-06-30_14-38-44	-0.000553499293914	16	95	2171.5	2300.5	0.00620844695116	0.102243060365	135	135
104.0	108.0	94.0	161.0	186.0	182.0	16	0.049762906921	0.000242553724677	DLR00012647-2009-06-30_14-38-44	-0.000678969358861	16	95	2323.5	2300.5	0.00646120618219	0.114763706111	135	135
104.0	108.0	94.0	163.0	187.0	183.0	17	0.0498161862646	0.000253205261637	DLR00012647-2009-06-30_14-38-44	-0.000817373694523	16	95	2453.5	2300.5	0.00642878487848	0.117747349353	135	135
104.0	108.0	95.0	162.0	184.0	181.0	18	0.0521071980393	0.000238507312608	DLR00012647-2009-06-30_14-38-44	-0.00110129106612	16	95	2590.5	2300.5	0.00656829808792	0.120411316533	135	135
105.0	108.0	95.0	164.0	185.0	183.0	19	0.0441152964995	0.000266383461272	DLR00012647-2009-06-30_14-38-44	-0.00132959483578	16	95	2726.5	2300.5	0.00558961780912	0.0938249240769	135	135
105.0	109.0	96.0	161.0	182.0	179.0	20	0.0457669561511	0.000238582112446	DLR00012647-2009-06-30_14-38-44	-0.000847849887069	16	95	2861.5	2300.5	0.00614715187601	0.115243220204	135	135
106.0	110.0	98.0	162.0	183.0	182.0	21	0.0636688156002	0.000226880223392	DLR00012647-2009-06-30_14-38-44	-0.000972747357632	16	95	2998.5	2300.5	0.00665148222493	0.117480952635	135	135
104.0	108.0	97.0	162.0	185.0	185.0	22	0.0612179657947	0.000243316693215	DLR00012647-2009-06-30_14-38-44	-0.00116955162628	16	95	3123.5	2300.5	0.0065229295646	0.103148809207	135	135
102.0	107.0	97.0	159.0	182.0	181.0	23	0.063828653631	0.000221067540616	DLR00012647-2009-06-30_14-38-44	-0.00136209726189	16	95	3279.5	2300.5	0.00704769526746	0.113644839896	135	135
101.0	106.0	97.0	151.0	171.0	171.0	24	0.0580212051788	0.000227610733244	DLR00012647-2009-06-30_14-38-44	-0.00124381607365	16	95	3411.5	2300.5	0.00702140595746	0.120411316533	135	135
