94.0	95.0	85.0	133.0	162.0	162.0	1	0.00857797431936	0.000158122651669	DLR00012647-2009-07-03_09-18-15	-0.00532039274647	1	95	267.5	207.5	0.00303563570337	0.0541850924397	135	135
96.0	98.0	87.0	141.0	153.0	147.0	2	0.0247748947733	0.000871021276057	DLR00012647-2009-07-03_09-18-15	0.10668794032	1	95	402.5	210.5	0.107710987359	0.550322340029	135	135
101.0	102.0	90.0	144.0	157.0	151.0	3	0.0308487399435	0.000855739885456	DLR00012647-2009-07-03_09-18-15	0.103401658745	1	95	545.5	210.5	0.104363455024	0.541424689648	135	135
102.0	103.0	91.0	146.0	160.0	154.0	4	0.0273855826096	0.000855440424756	DLR00012647-2009-07-03_09-18-15	0.0977052063152	1	95	668.5	208.5	0.0986397992594	0.52101870105	135	135
101.0	103.0	89.0	149.0	164.0	158.0	5	0.0310618573179	0.000900792992008	DLR00012647-2009-07-03_09-18-15	0.111850764413	1	95	816.5	213.5	0.113170950414	0.551174809526	135	135
101.0	101.0	85.0	125.0	131.0	127.0	6	0.0	0.00014781029188	DLR00012647-2009-07-03_09-18-15	-0.00575935473665	1	95	948.5	207.5	0.000394783413858	0.0112419414993	135	135
103.0	105.0	90.0	148.0	162.0	154.0	7	0.0315413714103	0.000830983323562	DLR00012647-2009-07-03_09-18-15	0.08989911315	1	95	1075.5	208.5	0.0906195889294	0.486760083116	135	135
104.0	107.0	92.0	146.0	160.0	151.0	8	0.0310618573179	0.000777634105735	DLR00012647-2009-07-03_09-18-15	0.0899873635214	1	95	1217.5	202.5	0.0907466052003	0.517981778464	135	135
103.0	106.0	91.0	147.0	163.0	154.0	9	0.035430763493	0.000830987231867	DLR00012647-2009-07-03_09-18-15	0.0988043527155	1	95	1350.5	206.5	0.0997365392012	0.535350844478	135	135
102.0	105.0	90.0	148.0	164.0	157.0	10	0.0363365123342	0.000854797271455	DLR00012647-2009-07-03_09-18-15	0.102894213107	1	95	1488.5	207.5	0.103849314162	0.553625659332	135	135
100.0	101.0	83.0	106.0	106.5	90.0	11	0.0	8.82986289534e-05	DLR00012647-2009-07-03_09-18-15	-0.00578408899172	1	95	1630.5	207.5	1.48782582722e-05	0.000532793435985	135	135
100.0	101.0	84.0	114.0	119.0	103.0	12	0.000799190153977	0.000204755930338	DLR00012647-2009-07-03_09-18-15	-0.00525127962864	1	95	1771.5	207.5	0.000187771222756	0.00282380521072	135	135
104.0	107.0	93.0	149.0	166.0	159.0	13	0.0302093878203	0.000868005248309	DLR00012647-2009-07-03_09-18-15	0.108587345065	1	95	1901.5	201.5	0.109615534426	0.557728168789	135	135
100.0	103.0	88.0	147.0	163.0	155.0	14	0.0299962704459	0.000820866152007	DLR00012647-2009-07-03_09-18-15	0.100424456813	1	95	2048.5	207.5	0.101469995774	0.555330598327	135	135
103.0	107.0	93.0	146.0	162.0	154.0	15	0.0283446107944	0.000824224796623	DLR00012647-2009-07-03_09-18-15	0.102289203956	1	95	2178.5	202.5	0.103512002539	0.543609142735	135	135
105.0	107.0	94.0	148.0	164.0	156.0	16	0.0295700356972	0.000832202426012	DLR00012647-2009-07-03_09-18-15	0.108407762473	1	95	2316.5	198.5	0.109062023502	0.574724279397	135	135
101.0	101.0	85.0	121.0	131.0	123.0	17	0.00575416910864	0.000489191341115	DLR00012647-2009-07-03_09-18-15	-0.00228651139954	1	95	2454.5	207.5	0.00140750024053	0.0101763546273	135	135
101.0	101.0	84.0	110.5	112.0	94.0	18	0.0	0.000158400758098	DLR00012647-2009-07-03_09-18-15	-0.00360961330089	1	95	2587.5	207.5	3.43315448715e-05	0.000852469497576	135	135
100.0	100.0	84.0	106.0	109.0	93.0	19	0.0	9.91828310184e-05	DLR00012647-2009-07-03_09-18-15	-0.00439380863175	1	95	2726.5	207.5	2.18534170313e-05	0.00069263146678	135	135
99.0	101.0	88.0	147.0	162.0	154.0	20	0.028397890138	0.000847568892085	DLR00012647-2009-07-03_09-18-15	0.103362622846	1	95	2853.5	207.5	0.103737016916	0.554051894081	135	135
98.0	100.0	88.0	146.0	161.0	155.0	21	0.0313282540359	0.00091708074157	DLR00012647-2009-07-03_09-18-15	0.115026533853	1	95	2998.5	203.5	0.115346268868	0.557461772071	135	135
93.0	96.0	84.0	142.0	155.0	149.0	22	0.0281847727636	0.000871032437285	DLR00012647-2009-07-03_09-18-15	0.107708340827	1	95	3133.5	207.5	0.108251732862	0.561511002184	135	135
93.0	95.0	85.0	139.0	152.0	146.0	23	0.0288774042304	0.000924678817497	DLR00012647-2009-07-03_09-18-15	0.112770016163	1	95	3270.5	204.5	0.113581265501	0.558314241569	135	135
90.0	91.0	82.0	110.0	121.0	117.0	24	0.00447546486227	0.000127565966268	DLR00012647-2009-07-03_09-18-15	-0.0051878863224	1	95	3411.5	207.5	0.00206955042553	0.0498694656082	135	135
90.0	91.0	80.0	140.0	153.0	147.0	1	0.0390004795141	0.000989336857264	DLR00012647-2009-07-03_09-18-15	0.132722806277	2	95	266.5	343.5	0.132838987456	0.618253503117	135	135
92.0	93.0	80.0	141.0	157.0	152.0	2	0.0585539986147	0.00101903685982	DLR00012647-2009-07-03_09-18-15	0.145857841903	2	95	402.5	343.5	0.145060815665	0.691992114657	135	135
95.0	96.0	82.0	141.0	157.0	151.0	3	0.0581810432095	0.00094928940446	DLR00012647-2009-07-03_09-18-15	0.129187359395	2	95	541.5	343.5	0.128270537675	0.643134956577	135	135
96.0	97.0	83.0	146.0	163.0	158.0	4	0.0604720549843	0.000999122941292	DLR00012647-2009-07-03_09-18-15	0.143610721873	2	95	676.5	337.5	0.143146755194	0.683627257712	135	135
97.0	98.0	83.0	146.0	163.0	156.0	5	0.0585539986147	0.000972476273948	DLR00012647-2009-07-03_09-18-15	0.136158377527	2	95	813.5	343.5	0.135836279558	0.654803132825	135	135
97.0	99.0	83.0	148.0	165.0	159.0	6	0.0543982098141	0.00100106224982	DLR00012647-2009-07-03_09-18-15	0.135162237456	2	95	947.5	343.5	0.135492077003	0.60956897011	135	135
97.0	99.0	83.0	147.0	165.0	158.0	7	0.0536522990037	0.000983781581237	DLR00012647-2009-07-03_09-18-15	0.141814628337	2	95	1077.5	351.5	0.141564732609	0.651233416804	135	135
97.0	99.0	83.0	147.0	166.0	159.0	8	0.0625499493846	0.00100056020412	DLR00012647-2009-07-03_09-18-15	0.137479728968	2	95	1214.5	343.5	0.137221932289	0.620864190953	135	135
96.0	98.0	82.0	144.0	162.0	153.0	9	0.0636688156002	0.000941648367112	DLR00012647-2009-07-03_09-18-15	0.13143464579	2	95	1360.5	343.5	0.131669085248	0.647450583409	135	135
95.0	98.0	82.0	148.0	168.0	161.0	10	0.0580744845224	0.00105763591057	DLR00012647-2009-07-03_09-18-15	0.150745509608	2	95	1502.5	341.5	0.150678062413	0.651499813522	135	135
95.0	97.0	81.0	145.0	164.0	157.0	11	0.0688369119292	0.00101457122189	DLR00012647-2009-07-03_09-18-15	0.154954239172	2	95	1634.5	342.5	0.155460900955	0.677446853855	135	135
94.0	97.0	81.0	148.0	169.0	163.0	12	0.0571687356812	0.0010780038064	DLR00012647-2009-07-03_09-18-15	0.15357377109	2	95	1761.5	350.5	0.154284880574	0.63354467473	135	135
95.0	98.0	81.0	144.0	163.0	156.0	13	0.0504022590442	0.000975685515308	DLR00012647-2009-07-03_09-18-15	0.139284481151	2	95	1903.5	343.5	0.13965724099	0.637007832064	135	135
95.0	97.0	81.0	147.0	168.0	162.0	14	0.0538654163781	0.00106702415087	DLR00012647-2009-07-03_09-18-15	0.15330421627	2	95	2041.5	341.5	0.153829958723	0.63620864191	135	135
95.0	97.0	81.0	142.0	161.0	152.0	15	0.0645212850978	0.000949858524493	DLR00012647-2009-07-03_09-18-15	0.137289833894	2	95	2178.5	343.5	0.137564492278	0.653311311205	135	135
96.0	98.0	82.0	146.0	165.0	158.0	16	0.05626298684	0.00101287423486	DLR00012647-2009-07-03_09-18-15	0.147242485411	2	95	2317.5	343.5	0.146938992181	0.656721189195	135	135
96.0	98.0	82.0	147.0	165.0	158.0	17	0.0655868719697	0.00101296953718	DLR00012647-2009-07-03_09-18-15	0.16202007743	2	95	2445.5	335.5	0.162113037931	0.709521018701	135	135
96.0	97.0	81.0	148.0	167.0	160.0	18	0.0600990995791	0.00105202162187	DLR00012647-2009-07-03_09-18-15	0.14954563417	2	95	2590.5	337.5	0.149384314248	0.654323618733	135	135
96.0	97.0	81.0	145.0	162.0	155.0	19	0.0602056582663	0.000993323200916	DLR00012647-2009-07-03_09-18-15	0.154660151586	2	95	2720.5	342.5	0.154351994189	0.710480046886	135	135
95.0	96.0	81.0	145.0	162.0	155.0	20	0.054664606532	0.000999496929577	DLR00012647-2009-07-03_09-18-15	0.139388910104	2	95	2861.5	343.5	0.139060673248	0.664872928766	135	135
93.0	95.0	80.0	141.0	157.0	150.0	21	0.0652671959081	0.000972179823872	DLR00012647-2009-07-03_09-18-15	0.15724461052	2	95	2990.5	343.5	0.156876183272	0.751345303426	135	135
90.0	91.0	77.0	140.0	156.0	149.0	22	0.0571687356812	0.00103121327144	DLR00012647-2009-07-03_09-18-15	0.153959881823	2	95	3133.5	333.5	0.153684503366	0.734349192818	135	135
87.0	88.0	75.0	140.0	157.0	151.0	23	0.0603654962971	0.00112528732838	DLR00012647-2009-07-03_09-18-15	0.174119762206	2	95	3263.5	343.5	0.173675878252	0.742767329107	135	135
86.0	87.0	76.0	138.0	154.0	148.0	24	0.0468325430231	0.00109782571451	DLR00012647-2009-07-03_09-18-15	0.157480159579	2	95	3403.5	343.5	0.158060621582	0.673877137834	135	135
90.0	91.0	80.0	140.0	155.0	150.0	1	0.057861367148	0.00102900852673	DLR00012647-2009-07-03_09-18-15	0.137781680816	3	95	269.5	481.5	0.138138173912	0.628056902339	135	135
92.0	94.0	81.0	140.0	157.0	153.0	2	0.0606851723587	0.0010036297666	DLR00012647-2009-07-03_09-18-15	0.12499865061	3	95	403.5	481.5	0.124153343943	0.601310671853	135	135
94.0	96.0	82.0	137.0	152.0	146.0	3	0.076562416751	0.000873766921369	DLR00012647-2009-07-03_09-18-15	0.113172552284	3	95	547.5	481.5	0.112487212687	0.60541318131	135	135
95.0	97.0	82.0	140.0	156.0	149.0	4	0.0735254941659	0.000891013031884	DLR00012647-2009-07-03_09-18-15	0.102739454054	3	95	670.5	481.5	0.102004030661	0.537961532314	135	135
96.0	98.0	83.0	144.0	161.0	154.0	5	0.0623901113538	0.00095095366427	DLR00012647-2009-07-03_09-18-15	0.115117232016	3	95	813.5	481.5	0.114531365783	0.560125739251	135	135
96.0	98.0	83.0	142.0	160.0	152.0	6	0.0679311630881	0.00091863934791	DLR00012647-2009-07-03_09-18-15	0.116590054327	3	95	948.5	481.5	0.11663686137	0.58202354947	135	135
96.0	98.0	82.0	143.0	161.0	153.0	7	0.0697426607704	0.000932916461849	DLR00012647-2009-07-03_09-18-15	0.111976373489	3	95	1075.5	481.5	0.112122032325	0.554424849486	135	135
95.0	98.0	82.0	141.0	159.0	151.0	8	0.0761361820022	0.000907345057696	DLR00012647-2009-07-03_09-18-15	0.109624566139	3	95	1222.5	481.5	0.109704235483	0.545367361074	135	135
94.0	98.0	82.0	141.0	159.0	151.0	9	0.0824231445469	0.00091111616933	DLR00012647-2009-07-03_09-18-15	0.101315521028	3	95	1360.5	481.5	0.101924142631	0.510789067079	135	135
94.0	97.0	81.0	141.0	160.0	152.0	10	0.0676114870265	0.000942387308921	DLR00012647-2009-07-03_09-18-15	0.10032881272	3	95	1495.5	481.5	0.101401775698	0.476104214396	135	135
94.0	97.0	81.0	140.0	158.0	149.0	11	0.0790665459002	0.000910327958857	DLR00012647-2009-07-03_09-18-15	0.104834926296	3	95	1634.5	478.5	0.105691960903	0.524108902978	135	135
93.0	97.0	81.0	143.0	163.0	156.0	12	0.0614843625127	0.000977467467206	DLR00012647-2009-07-03_09-18-15	0.116480979639	3	95	1771.5	481.5	0.117753698243	0.529703234056	135	135
94.0	97.0	81.0	142.0	161.0	153.0	13	0.0677180457137	0.000955662461291	DLR00012647-2009-07-03_09-18-15	0.107056749481	3	95	1899.5	471.5	0.108013057614	0.508391496617	135	135
94.0	97.0	80.0	139.0	158.0	149.0	14	0.0681442804625	0.00090809986454	DLR00012647-2009-07-03_09-18-15	0.109502536947	3	95	2037.5	481.5	0.110322493438	0.548031328254	135	135
94.0	97.0	80.0	142.0	162.0	154.0	15	0.0584474399275	0.000973876615616	DLR00012647-2009-07-03_09-18-15	0.107703950927	3	95	2173.5	481.5	0.108630782356	0.496563482338	135	135
94.0	97.0	81.0	142.0	162.0	154.0	16	0.0577015291172	0.000973937511714	DLR00012647-2009-07-03_09-18-15	0.102799870798	3	95	2316.5	471.5	0.10368479885	0.489264212265	135	135
94.0	97.0	81.0	140.0	158.0	150.0	17	0.0715008791092	0.000920120027814	DLR00012647-2009-07-03_09-18-15	0.0959807031149	3	95	2451.5	481.5	0.0970610443639	0.473813202621	135	135
94.0	96.0	81.0	143.0	161.0	153.0	18	0.0752837125047	0.000969624592284	DLR00012647-2009-07-03_09-18-15	0.116400676145	3	95	2590.5	481.5	0.117031785704	0.529330278651	135	135
94.0	97.0	81.0	144.0	162.0	155.0	19	0.0705418509244	0.00099803857202	DLR00012647-2009-07-03_09-18-15	0.127340918254	3	95	2726.5	481.5	0.127223788569	0.592892535564	135	135
94.0	96.0	80.0	139.0	156.0	147.0	20	0.0750705951303	0.000910562090838	DLR00012647-2009-07-03_09-18-15	0.113812159703	3	95	2861.5	481.5	0.113996963684	0.577707922638	135	135
94.0	95.0	79.0	137.0	152.0	143.0	21	0.0738451702275	0.000892229273391	DLR00012647-2009-07-03_09-18-15	0.104953723563	3	95	2992.5	481.5	0.104554007214	0.553359262614	135	135
91.0	92.0	77.0	135.0	150.0	142.0	22	0.0617507592306	0.000918714819331	DLR00012647-2009-07-03_09-18-15	0.112291194132	3	95	3133.5	481.5	0.111968097572	0.585380148117	135	135
87.0	89.0	75.0	132.0	147.0	139.0	23	0.0736853321967	0.000944398958727	DLR00012647-2009-07-03_09-18-15	0.132894586174	3	95	3273.5	481.5	0.132141071514	0.671692684746	135	135
85.0	87.0	75.0	134.0	150.0	143.0	24	0.0738984495711	0.0010522467525	DLR00012647-2009-07-03_09-18-15	0.151835913715	3	95	3407.5	476.5	0.152157744808	0.689594544195	135	135
91.0	92.0	80.0	141.0	157.0	152.0	1	0.0554105173424	0.00103206568613	DLR00012647-2009-07-03_09-18-15	0.14759977413	4	95	265.5	625.5	0.148231141256	0.667643454633	135	135
92.0	94.0	80.0	143.0	160.0	156.0	2	0.0575416910864	0.00103895460968	DLR00012647-2009-07-03_09-18-15	0.141376958837	4	95	405.5	614.5	0.141458159042	0.63487665832	135	135
94.0	96.0	81.0	141.0	158.0	152.0	3	0.0566892215888	0.000963658971429	DLR00012647-2009-07-03_09-18-15	0.138618335436	4	95	540.5	618.5	0.138416472079	0.662688475678	135	135
95.0	97.0	82.0	146.0	164.0	159.0	4	0.0528531088497	0.0010080031912	DLR00012647-2009-07-03_09-18-15	0.131656460316	4	95	670.5	618.5	0.131832088109	0.605786136715	135	135
96.0	98.0	82.0	142.0	160.0	152.0	5	0.0603654962971	0.00092857556088	DLR00012647-2009-07-03_09-18-15	0.104659299652	4	95	813.5	618.5	0.104917069036	0.517502264372	135	135
95.0	98.0	82.0	148.0	168.0	163.0	6	0.0490169961106	0.00105438417826	DLR00012647-2009-07-03_09-18-15	0.142720599092	4	95	944.5	618.5	0.142858981858	0.610741115669	135	135
95.0	98.0	82.0	144.0	163.0	157.0	7	0.0608982897331	0.000977290857302	DLR00012647-2009-07-03_09-18-15	0.129291385461	4	95	1079.5	623.5	0.129554651837	0.595609782087	135	135
94.0	98.0	82.0	145.0	165.0	159.0	8	0.0581277638659	0.00100556420039	DLR00012647-2009-07-03_09-18-15	0.136366949567	4	95	1224.5	623.5	0.136875414093	0.597208162395	135	135
94.0	98.0	82.0	140.0	160.0	152.0	9	0.0749640364431	0.00092310738104	DLR00012647-2009-07-03_09-18-15	0.123981781098	4	95	1356.5	613.5	0.124295800158	0.600191805637	135	135
93.0	97.0	82.0	147.0	169.0	164.0	10	0.055730193404	0.00106508398746	DLR00012647-2009-07-03_09-18-15	0.145848250364	4	95	1485.5	618.5	0.146566686282	0.599019660078	135	135
93.0	97.0	81.0	141.0	161.0	154.0	11	0.0591400713943	0.000960209102586	DLR00012647-2009-07-03_09-18-15	0.133503560364	4	95	1631.5	618.5	0.134443023866	0.612872289413	135	135
93.0	97.0	81.0	144.0	166.0	161.0	12	0.0541850924397	0.00104364654632	DLR00012647-2009-07-03_09-18-15	0.133545061805	4	95	1771.5	622.5	0.134655250611	0.56071181203	135	135
93.0	97.0	81.0	141.0	162.0	155.0	13	0.0720869518888	0.000975283979522	DLR00012647-2009-07-03_09-18-15	0.126931330947	4	95	1900.5	618.5	0.127701177866	0.583089136342	135	135
93.0	96.0	81.0	145.0	167.0	162.0	14	0.0571687356812	0.00106429211631	DLR00012647-2009-07-03_09-18-15	0.135762945584	4	95	2041.5	618.5	0.136801456913	0.565027438862	135	135
93.0	97.0	81.0	142.0	162.0	155.0	15	0.0697426607704	0.000985753833958	DLR00012647-2009-07-03_09-18-15	0.147075774718	4	95	2173.5	613.5	0.147643060877	0.650114550589	135	135
93.0	96.0	80.0	143.0	164.0	157.0	16	0.0582876018967	0.00101544479572	DLR00012647-2009-07-03_09-18-15	0.129495853156	4	95	2322.5	618.5	0.130467261371	0.570088976504	135	135
93.0	96.0	81.0	143.0	163.0	156.0	17	0.0664393414673	0.0010025333324	DLR00012647-2009-07-03_09-18-15	0.146582450918	4	95	2453.5	618.5	0.147033639079	0.648089935532	135	135
93.0	96.0	81.0	145.0	165.0	159.0	18	0.0601523789227	0.00104591920345	DLR00012647-2009-07-03_09-18-15	0.140733818285	4	95	2591.5	617.5	0.1412656613	0.617401033619	135	135
94.0	96.0	80.0	143.0	163.0	156.0	19	0.0595663061431	0.00101566834364	DLR00012647-2009-07-03_09-18-15	0.154165028435	4	95	2718.5	618.5	0.154264124255	0.687410091108	135	135
94.0	96.0	80.0	145.0	165.0	159.0	20	0.0549842825936	0.00104969113413	DLR00012647-2009-07-03_09-18-15	0.147176912683	4	95	2861.5	620.5	0.146953250892	0.656934306569	135	135
93.0	95.0	79.0	143.0	160.0	153.0	21	0.0571687356812	0.00100706143107	DLR00012647-2009-07-03_09-18-15	0.154740942605	4	95	2992.5	613.5	0.15442308428	0.691672438596	135	135
91.0	92.0	77.0	142.0	159.0	152.0	22	0.0581810432095	0.00105347563866	DLR00012647-2009-07-03_09-18-15	0.151850786999	4	95	3133.5	618.5	0.151664286401	0.684266609835	135	135
87.0	88.0	74.0	139.0	155.0	149.0	23	0.0673450903085	0.00109100804322	DLR00012647-2009-07-03_09-18-15	0.171338550683	4	95	3273.5	618.5	0.171322165062	0.755181416165	135	135
85.0	87.0	74.0	142.0	161.0	156.0	24	0.0613778038255	0.00126085130232	DLR00012647-2009-07-03_09-18-15	0.181450542515	4	95	3406.5	618.5	0.182393200977	0.657200703287	135	135
91.0	92.0	80.0	139.0	153.0	148.0	1	0.0669188555597	0.000983320921791	DLR00012647-2009-07-03_09-18-15	0.135654704457	5	95	266.5	755.5	0.13604098798	0.650807182056	135	135
92.0	94.0	80.0	141.0	157.0	153.0	2	0.0605786136715	0.000993388578295	DLR00012647-2009-07-03_09-18-15	0.127023928826	5	95	405.5	757.5	0.12685719542	0.608343545208	135	135
94.0	95.0	81.0	143.0	160.0	154.0	3	0.0563695455272	0.000979245791909	DLR00012647-2009-07-03_09-18-15	0.105977470235	5	95	533.5	757.5	0.106224421565	0.50029303639	135	135
95.0	97.0	82.0	140.0	155.0	148.0	4	0.0724066279503	0.000877135607377	DLR00012647-2009-07-03_09-18-15	0.106326128744	5	95	671.5	752.5	0.106559596828	0.552879748521	135	135
96.0	97.0	82.0	143.0	160.0	152.0	5	0.0639884916618	0.000928734930195	DLR00012647-2009-07-03_09-18-15	0.100435274876	5	95	813.5	757.5	0.100883277769	0.507645585806	135	135
95.0	98.0	82.0	142.0	159.0	151.0	6	0.0633491395386	0.000921568393379	DLR00012647-2009-07-03_09-18-15	0.109714013435	5	95	948.5	757.5	0.110121821977	0.541584527679	135	135
95.0	98.0	82.0	144.0	163.0	156.0	7	0.0719803932016	0.000976117609059	DLR00012647-2009-07-03_09-18-15	0.117493484446	5	95	1085.5	757.5	0.118191505305	0.55048217806	135	135
94.0	97.0	82.0	142.0	161.0	153.0	8	0.0627097874154	0.000943464315713	DLR00012647-2009-07-03_09-18-15	0.117243415573	5	95	1224.5	747.5	0.118120156749	0.546432947946	135	135
94.0	97.0	81.0	140.0	158.0	150.0	9	0.0695828227396	0.000896326055646	DLR00012647-2009-07-03_09-18-15	0.0890171044643	5	95	1360.5	757.5	0.0906104101361	0.449997336033	135	135
93.0	97.0	81.0	142.0	161.0	154.0	10	0.0648409611594	0.000960921845342	DLR00012647-2009-07-03_09-18-15	0.114226337356	5	95	1495.5	757.5	0.115659196822	0.527252384251	135	135
93.0	96.0	80.0	144.0	163.0	157.0	11	0.0772017688742	0.00100681041263	DLR00012647-2009-07-03_09-18-15	0.113463982275	5	95	1628.5	756.5	0.115202062963	0.508231658586	135	135
93.0	96.0	80.0	142.0	162.0	155.0	12	0.0721402312324	0.000988100305016	DLR00012647-2009-07-03_09-18-15	0.116161725027	5	95	1766.5	750.5	0.117482184542	0.511961212638	135	135
93.0	96.0	81.0	141.0	160.0	153.0	13	0.0684639565241	0.000967145165662	DLR00012647-2009-07-03_09-18-15	0.11308562749	5	95	1903.5	757.5	0.114112923264	0.512920240823	135	135
93.0	96.0	80.0	137.0	156.0	148.0	14	0.0793329426181	0.000891361093133	DLR00012647-2009-07-03_09-18-15	0.097821364514	5	95	2041.5	757.5	0.0994958229562	0.49571101284	135	135
93.0	96.0	80.0	140.0	160.0	153.0	15	0.0700090574884	0.000969540088954	DLR00012647-2009-07-03_09-18-15	0.111032668753	5	95	2178.5	757.5	0.112104820435	0.513399754915	135	135
93.0	96.0	80.0	141.0	161.0	154.0	16	0.0663860621237	0.000980616826693	DLR00012647-2009-07-03_09-18-15	0.11690632858	5	95	2313.5	757.5	0.117658535949	0.532686877298	135	135
93.0	96.0	81.0	145.0	165.0	159.0	17	0.0684639565241	0.00104067648418	DLR00012647-2009-07-03_09-18-15	0.13806449698	5	95	2453.5	763.5	0.138483523694	0.581384197347	135	135
94.0	96.0	80.0	144.0	163.0	156.0	18	0.0579146464916	0.00101873552509	DLR00012647-2009-07-03_09-18-15	0.134242616989	5	95	2590.5	754.5	0.134434895197	0.589695774948	135	135
94.0	96.0	80.0	145.0	164.0	157.0	19	0.0631360221642	0.00102432832618	DLR00012647-2009-07-03_09-18-15	0.132493883716	5	95	2721.5	749.5	0.132697341394	0.581330918003	135	135
94.0	96.0	80.0	145.0	163.0	156.0	20	0.0493366721722	0.00103034412348	DLR00012647-2009-07-03_09-18-15	0.133208592911	5	95	2853.5	757.5	0.133145791508	0.581011241941	135	135
93.0	94.0	79.0	137.0	153.0	144.0	21	0.0596195854867	0.000916336342432	DLR00012647-2009-07-03_09-18-15	0.105022911463	5	95	2998.5	757.5	0.104617196773	0.54249027652	135	135
91.0	92.0	77.0	139.0	155.0	147.0	22	0.0646811231286	0.000999889504845	DLR00012647-2009-07-03_09-18-15	0.122779721179	5	95	3124.5	757.5	0.122575445662	0.588470350045	135	135
88.0	89.0	75.0	132.0	147.0	139.0	23	0.0743246843199	0.000951438008123	DLR00012647-2009-07-03_09-18-15	0.130365500742	5	95	3265.5	757.5	0.130120645574	0.65176621024	135	135
86.0	87.0	74.0	142.0	159.0	153.0	24	0.071127923704	0.00122572979779	DLR00012647-2009-07-03_09-18-15	0.163548106234	5	95	3408.5	759.5	0.164983381457	0.619052693271	135	135
92.0	91.0	77.0	99.0	99.0	86.5	1	0.000372955405189	0.000114295833496	DLR00012647-2009-07-03_09-18-15	-0.00488888784038	6	95	267.5	893.5	3.37022368392e-05	0.000745910810379	135	135
93.0	93.0	80.0	148.0	167.0	163.0	2	0.061697479887	0.0011358948126	DLR00012647-2009-07-03_09-18-15	0.160657177463	6	95	403.5	891.5	0.160929570956	0.668122968725	135	135
94.0	95.0	80.0	143.0	160.0	155.0	3	0.0572752943684	0.000990349127399	DLR00012647-2009-07-03_09-18-15	0.132602583671	6	95	538.5	893.5	0.132790838965	0.634397144227	135	135
95.0	97.0	82.0	145.0	164.0	158.0	4	0.0523203154137	0.00100757223554	DLR00012647-2009-07-03_09-18-15	0.129453834951	6	95	676.5	888.5	0.129365379336	0.587884277266	135	135
96.0	98.0	82.0	146.0	165.0	159.0	5	0.0561031488092	0.00101275347562	DLR00012647-2009-07-03_09-18-15	0.141378813392	6	95	816.5	898.5	0.141498440971	0.62763066759	135	135
96.0	97.0	80.0	100.0	104.0	88.0	6	0.0	7.83630925987e-05	DLR00012647-2009-07-03_09-18-15	-0.00423395249568	6	95	948.5	893.5	6.71321550584e-05	0.00261068783633	135	135
95.0	98.0	81.0	145.0	164.0	158.0	7	0.0677713250573	0.00100281110354	DLR00012647-2009-07-03_09-18-15	0.139694823951	6	95	1086.5	891.5	0.139926935369	0.614950183814	135	135
93.0	97.0	81.0	145.0	166.0	160.0	8	0.0571687356812	0.00102420393	DLR00012647-2009-07-03_09-18-15	0.140469375594	6	95	1224.5	895.5	0.141282420317	0.592892535564	135	135
93.0	96.0	81.0	142.0	162.0	154.0	9	0.0603122169535	0.000963125436136	DLR00012647-2009-07-03_09-18-15	0.132588109444	6	95	1360.5	883.5	0.133935930235	0.602802493473	135	135
93.0	96.0	81.0	144.0	165.0	159.0	10	0.0547178858756	0.0010252771995	DLR00012647-2009-07-03_09-18-15	0.126445025752	6	95	1499.5	893.5	0.12776479295	0.536949224786	135	135
93.0	95.0	79.0	100.0	104.0	88.5	11	5.32793435985e-05	0.000108684567385	DLR00012647-2009-07-03_09-18-15	-0.00626091939955	6	95	1643.5	891.5	4.17270761716e-05	0.00127870424636	135	135
93.0	95.0	79.0	96.0	102.0	87.0	12	0.0	8.40489354219e-05	DLR00012647-2009-07-03_09-18-15	-0.00580076844468	6	95	1771.5	893.5	1.01711526937e-05	0.000479514092386	135	135
92.0	96.0	81.0	143.0	164.0	157.0	13	0.0709148063296	0.00103155995616	DLR00012647-2009-07-03_09-18-15	0.149595181705	6	95	1902.5	889.5	0.149993694003	0.619798604081	135	135
92.0	96.0	80.0	144.0	166.0	160.0	14	0.0610581277639	0.00106720598943	DLR00012647-2009-07-03_09-18-15	0.143943282539	6	95	2041.5	887.5	0.144684312521	0.580638286536	135	135
92.0	96.0	81.0	144.0	165.0	159.0	15	0.063029463477	0.00104676802878	DLR00012647-2009-07-03_09-18-15	0.153510978387	6	95	2178.5	893.5	0.154047521948	0.63221269114	135	135
93.0	97.0	81.0	146.0	167.0	161.0	16	0.0595130267995	0.00107416294369	DLR00012647-2009-07-03_09-18-15	0.147174558587	6	95	2316.5	893.5	0.147603390246	0.593158932282	135	135
95.0	96.0	79.0	128.0	135.0	125.0	17	0.00602056582663	0.00025400762468	DLR00012647-2009-07-03_09-18-15	-0.00415456876711	6	95	2460.5	893.5	0.001258336227	0.0140124673664	135	135
94.0	96.0	78.0	117.5	123.5	111.0	18	0.000266396717992	0.000188252542841	DLR00012647-2009-07-03_09-18-15	-0.00444713826562	6	95	2590.5	893.5	0.000192929024499	0.00394267142629	135	135
93.0	94.0	77.0	94.5	100.5	87.0	19	0.000106558687197	8.51704949641e-05	DLR00012647-2009-07-03_09-18-15	-0.00560352925241	6	95	2726.5	894.5	0.000169550634551	0.00756566679099	135	135
93.0	95.0	79.0	146.0	165.0	159.0	20	0.0575416910864	0.00108747123582	DLR00012647-2009-07-03_09-18-15	0.141526234335	6	95	2861.5	889.5	0.141486807024	0.600031967606	135	135
92.0	94.0	78.0	140.0	158.0	150.0	21	0.05759497043	0.000996418824867	DLR00012647-2009-07-03_09-18-15	0.153517205981	6	95	2996.5	885.5	0.153143334595	0.708295593798	135	135
91.0	92.0	76.0	142.0	159.0	152.0	22	0.0508817731366	0.00107510217053	DLR00012647-2009-07-03_09-18-15	0.150642598128	6	95	3126.5	893.5	0.150647101832	0.661036816026	135	135
88.0	88.0	73.0	142.0	160.0	154.0	23	0.0667057381853	0.00116392986863	DLR00012647-2009-07-03_09-18-15	0.180247058743	6	95	3269.5	889.5	0.180317394344	0.693643774309	135	135
86.0	86.0	71.0	92.0	94.0	80.5	24	0.0	0.000122287785512	DLR00012647-2009-07-03_09-18-15	-0.00533124232445	6	95	3411.5	893.5	9.62178367045e-05	0.00277052586712	135	135
93.0	93.0	80.0	145.0	161.0	155.0	1	0.0569023389632	0.00107574898086	DLR00012647-2009-07-03_09-18-15	0.145584788313	7	95	272.5	1029.5	0.145807593495	0.650700623368	135	135
93.0	94.0	79.0	141.0	157.0	151.0	2	0.0582343225531	0.000973581641977	DLR00012647-2009-07-03_09-18-15	0.128164837432	7	95	410.5	1029.5	0.12825129653	0.630241355427	135	135
94.0	96.0	81.0	142.0	158.0	152.0	3	0.0645745644414	0.00095725183009	DLR00012647-2009-07-03_09-18-15	0.12190342785	7	95	548.5	1025.5	0.121914424586	0.592306462784	135	135
95.0	97.0	81.0	142.0	158.0	150.0	4	0.0533326229421	0.000922193940461	DLR00012647-2009-07-03_09-18-15	0.114962237221	7	95	676.5	1028.5	0.115083087238	0.568330758165	135	135
96.0	98.0	82.0	144.0	161.0	154.0	5	0.0642548883798	0.00095839965051	DLR00012647-2009-07-03_09-18-15	0.113608583638	7	95	822.5	1029.5	0.113728896306	0.536682828068	135	135
95.0	98.0	81.0	145.0	163.0	156.0	6	0.0652671959081	0.000985280980384	DLR00012647-2009-07-03_09-18-15	0.122612284952	7	95	952.5	1024.5	0.122778067319	0.560019180564	135	135
94.0	97.0	81.0	139.0	156.0	147.0	7	0.064894240503	0.000878106770974	DLR00012647-2009-07-03_09-18-15	0.103680611581	7	95	1081.5	1029.5	0.104251835226	0.512973520166	135	135
93.0	96.0	81.0	143.0	162.0	155.0	8	0.0707016889552	0.000986452435611	DLR00012647-2009-07-03_09-18-15	0.114170869336	7	95	1219.5	1029.5	0.115550643235	0.526772870158	135	135
93.0	96.0	81.0	143.0	162.0	156.0	9	0.0555703553732	0.000992611916865	DLR00012647-2009-07-03_09-18-15	0.106250922997	7	95	1360.5	1029.5	0.10799697914	0.477596036017	135	135
92.0	96.0	80.0	142.0	161.0	154.0	10	0.0746443603815	0.000983428591531	DLR00012647-2009-07-03_09-18-15	0.107928144875	7	95	1485.5	1027.5	0.109453930202	0.488465022111	135	135
92.0	96.0	80.0	143.0	163.0	157.0	11	0.0656401513133	0.00102277228375	DLR00012647-2009-07-03_09-18-15	0.112628064526	7	95	1635.5	1024.5	0.113905280023	0.483456763813	135	135
92.0	95.0	80.0	144.0	164.0	158.0	12	0.0641483296926	0.00104859174604	DLR00012647-2009-07-03_09-18-15	0.113408758171	7	95	1771.5	1029.5	0.114695858599	0.469977089882	135	135
92.0	95.0	80.0	139.0	158.0	150.0	13	0.0771484895306	0.000951048036062	DLR00012647-2009-07-03_09-18-15	0.086761206944	7	95	1895.5	1029.5	0.0882534519615	0.409398476211	135	135
91.0	95.0	79.0	138.0	156.0	149.0	14	0.0788001491822	0.000935437628114	DLR00012647-2009-07-03_09-18-15	0.103397624926	7	95	2041.5	1032.5	0.105075149252	0.488678139485	135	135
92.0	95.0	80.0	141.0	161.0	154.0	15	0.0581277638659	0.000995155724553	DLR00012647-2009-07-03_09-18-15	0.102645261507	7	95	2178.5	1032.5	0.104537837951	0.456017901859	135	135
93.0	96.0	80.0	141.0	160.0	152.0	16	0.049496510203	0.000959012191253	DLR00012647-2009-07-03_09-18-15	0.093714247134	7	95	2316.5	1029.5	0.0949168468213	0.438648835846	135	135
94.0	96.0	80.0	141.0	160.0	152.0	17	0.0634556982258	0.000970208405881	DLR00012647-2009-07-03_09-18-15	0.126555755781	7	95	2462.5	1029.5	0.126324202824	0.564814321488	135	135
93.0	95.0	79.0	143.0	162.0	154.0	18	0.0596195854867	0.00102704288044	DLR00012647-2009-07-03_09-18-15	0.119780932313	7	95	2590.5	1029.5	0.119757818957	0.520539186957	135	135
93.0	95.0	78.0	139.0	156.0	147.0	19	0.0647876818158	0.0009485484962	DLR00012647-2009-07-03_09-18-15	0.110227316693	7	95	2728.5	1029.5	0.110070452042	0.51968671746	135	135
93.0	94.0	78.0	140.0	157.0	148.0	20	0.0709148063296	0.000973170190458	DLR00012647-2009-07-03_09-18-15	0.110987230291	7	95	2861.5	1029.5	0.11095191703	0.531301614364	135	135
92.0	94.0	78.0	142.0	159.0	151.0	21	0.0531727849113	0.00103211476763	DLR00012647-2009-07-03_09-18-15	0.126448403342	7	95	2993.5	1029.5	0.126181482141	0.568970110288	135	135
90.0	91.0	75.0	138.0	153.0	145.0	22	0.0606851723587	0.00098962999952	DLR00012647-2009-07-03_09-18-15	0.128065012926	7	95	3133.5	1022.5	0.128192485916	0.591187596569	135	135
88.0	88.0	73.0	140.0	156.0	148.0	23	0.0742181256327	0.00110179266518	DLR00012647-2009-07-03_09-18-15	0.148257835911	7	95	3273.5	1029.5	0.148025257951	0.629388885929	135	135
86.0	86.0	70.0				24	0.0		DLR00012647-2009-07-03_09-18-15	-0.00513743381772	7	95	3411.5	1022.5	0.0	0.0	135	135
94.0	95.0	81.0	142.0	157.0	150.0	1	0.0651073578774	0.00100147551433	DLR00012647-2009-07-03_09-18-15	0.146451825161	8	95	267.5	1165.5	0.146359580573	0.678246044009	135	135
93.0	95.0	80.0	145.0	163.0	158.0	2	0.0604187756407	0.00105906921424	DLR00012647-2009-07-03_09-18-15	0.151732072731	8	95	403.5	1158.5	0.151256173626	0.690287175662	135	135
94.0	96.0	80.0	141.0	158.0	151.0	3	0.0577015291172	0.000949526880548	DLR00012647-2009-07-03_09-18-15	0.120293509256	8	95	545.5	1168.5	0.120330731902	0.58942937823	135	135
95.0	97.0	81.0	147.0	165.0	160.0	4	0.0532260642549	0.0010415249627	DLR00012647-2009-07-03_09-18-15	0.136152654771	8	95	670.5	1165.5	0.136208505458	0.60290905216	135	135
95.0	97.0	81.0	140.0	157.0	149.0	5	0.0606318930151	0.000903406075558	DLR00012647-2009-07-03_09-18-15	0.112218370565	8	95	813.5	1165.5	0.112642792349	0.55596995045	135	135
94.0	97.0	81.0	146.0	167.0	161.0	6	0.0542383717833	0.00105505430301	DLR00012647-2009-07-03_09-18-15	0.144497111251	8	95	948.5	1161.5	0.144654384791	0.608663221269	135	135
94.0	97.0	81.0	142.0	160.0	152.0	7	0.0756033885663	0.000953792458051	DLR00012647-2009-07-03_09-18-15	0.127127161063	8	95	1085.5	1167.5	0.127322558652	0.606851723587	135	135
93.0	96.0	81.0	145.0	166.0	160.0	8	0.0574884117428	0.0010545107065	DLR00012647-2009-07-03_09-18-15	0.147336967121	8	95	1224.5	1167.5	0.147739291603	0.603388566253	135	135
92.0	96.0	81.0	138.0	156.0	148.0	9	0.0722467899195	0.000905695582976	DLR00012647-2009-07-03_09-18-15	0.111150275915	8	95	1360.5	1166.5	0.11195535235	0.544355053546	135	135
92.0	96.0	80.0	144.0	164.0	159.0	10	0.061697479887	0.00104489963636	DLR00012647-2009-07-03_09-18-15	0.13037852792	8	95	1489.5	1165.5	0.131519109621	0.540305823432	135	135
91.0	95.0	80.0	142.0	162.0	156.0	11	0.0726197453247	0.00101477881249	DLR00012647-2009-07-03_09-18-15	0.144784494227	8	95	1629.5	1165.5	0.14553231052	0.615802653311	135	135
91.0	95.0	80.0	146.0	167.0	162.0	12	0.0614843625127	0.00110259990547	DLR00012647-2009-07-03_09-18-15	0.142176631804	8	95	1762.5	1158.5	0.14333627149	0.554265011455	135	135
91.0	95.0	80.0	142.0	162.0	156.0	13	0.0741115669455	0.00103201416326	DLR00012647-2009-07-03_09-18-15	0.139822715779	8	95	1903.5	1164.5	0.141002168638	0.589695774948	135	135
91.0	94.0	79.0	145.0	166.0	161.0	14	0.0535990196601	0.00109813382184	DLR00012647-2009-07-03_09-18-15	0.133238505025	8	95	2031.5	1161.5	0.134840331742	0.521285097768	135	135
91.0	95.0	79.0	141.0	161.0	155.0	15	0.0595663061431	0.00100410388983	DLR00012647-2009-07-03_09-18-15	0.136204459999	8	95	2181.5	1166.5	0.137552546713	0.581810432095	135	135
91.0	95.0	79.0	141.0	162.0	156.0	16	0.0605786136715	0.00103565265374	DLR00012647-2009-07-03_09-18-15	0.131259463859	8	95	2316.5	1155.5	0.132214694837	0.554211732111	135	135
92.0	95.0	79.0	143.0	163.0	157.0	17	0.0592999094251	0.00105836316182	DLR00012647-2009-07-03_09-18-15	0.162131305484	8	95	2443.5	1162.5	0.162463199357	0.669241834941	135	135
93.0	95.0	80.0	144.0	164.0	157.0	18	0.0587671159891	0.00107675971238	DLR00012647-2009-07-03_09-18-15	0.14719466354	8	95	2590.5	1163.5	0.147341871977	0.610581277639	135	135
92.0	95.0	79.0	142.0	161.0	153.0	19	0.0707016889552	0.00103570867301	DLR00012647-2009-07-03_09-18-15	0.152354143464	8	95	2726.5	1161.5	0.152022320395	0.66242207896	135	135
92.0	94.0	78.0	141.0	160.0	152.0	20	0.0559433107784	0.00103015716252	DLR00012647-2009-07-03_09-18-15	0.13638712153	8	95	2861.5	1161.5	0.136417000239	0.623421599446	135	135
92.0	93.0	77.0	141.0	159.0	151.0	21	0.0614310831691	0.0010371005604	DLR00012647-2009-07-03_09-18-15	0.15855160747	8	95	2991.5	1158.5	0.158500010683	0.695828227396	135	135
90.0	91.0	75.0	142.0	161.0	153.0	22	0.0521604773829	0.00111853240579	DLR00012647-2009-07-03_09-18-15	0.159137594701	8	95	3133.5	1156.5	0.159239685047	0.678832116788	135	135
87.0	88.0	73.0	143.0	161.0	154.0	23	0.0666524588417	0.0011952640618	DLR00012647-2009-07-03_09-18-15	0.196455428422	8	95	3274.5	1161.5	0.196402574953	0.72134903298	135	135
85.0	85.0	70.0	92.0	93.0	80.0	24	0.000852469497576	0.000108369371418	DLR00012647-2009-07-03_09-18-15	-0.00461552383083	8	95	3411.5	1165.5	7.34081202112e-05	0.00133198358996	135	135
93.0	94.0	80.0	140.0	154.0	146.0	1	0.0650007991902	0.000945386004614	DLR00012647-2009-07-03_09-18-15	0.130837215107	9	95	269.5	1302.5	0.131033853874	0.641483296926	135	135
93.0	95.0	79.0	141.0	157.0	150.0	2	0.0600990995791	0.000960450006085	DLR00012647-2009-07-03_09-18-15	0.129463595914	9	95	403.5	1301.5	0.129385877573	0.633917630135	135	135
94.0	96.0	80.0	141.0	158.0	150.0	3	0.0587671159891	0.00094751600145	DLR00012647-2009-07-03_09-18-15	0.118153061501	9	95	544.5	1300.5	0.118269211896	0.576642335766	135	135
95.0	96.0	81.0	143.0	160.0	153.0	4	0.0584474399275	0.000967448229752	DLR00012647-2009-07-03_09-18-15	0.124579238297	9	95	666.5	1301.5	0.124788896297	0.58868346742	135	135
95.0	97.0	81.0	142.0	159.0	151.0	5	0.063295860195	0.000931727284214	DLR00012647-2009-07-03_09-18-15	0.111890794468	9	95	813.5	1301.5	0.112822877391	0.549576429218	135	135
94.0	97.0	81.0	138.0	154.0	146.0	6	0.057062176994	0.000868991654596	DLR00012647-2009-07-03_09-18-15	0.0949297783711	9	95	948.5	1301.5	0.0955903005184	0.498907773456	135	135
94.0	96.0	80.0	144.0	164.0	157.0	7	0.055463796686	0.00101838814716	DLR00012647-2009-07-03_09-18-15	0.125125478716	9	95	1083.5	1301.5	0.125756283318	0.545100964356	135	135
93.0	96.0	81.0	139.0	157.0	148.0	8	0.0691033086472	0.000915280481244	DLR00012647-2009-07-03_09-18-15	0.10208496381	9	95	1224.5	1301.5	0.102857492729	0.500239757046	135	135
93.0	96.0	81.0	141.0	160.0	153.0	9	0.0586072779583	0.000953852394597	DLR00012647-2009-07-03_09-18-15	0.115525255293	9	95	1360.5	1306.5	0.11686875764	0.531781128456	135	135
92.0	96.0	81.0	142.0	161.0	154.0	10	0.0596195854867	0.000912734443432	DLR00012647-2009-07-03_09-18-15	0.105991763081	9	95	1495.5	1301.5	0.108514967146	0.508178379242	135	135
93.0	97.0	82.0	141.0	160.0	154.0	11	0.0539719750653	0.000887849377793	DLR00012647-2009-07-03_09-18-15	0.0892645774835	9	95	1634.5	1301.5	0.0924079029774	0.446374340668	135	135
92.0	97.0	82.0	140.0	159.0	152.0	12	0.0580212051788	0.000869658035068	DLR00012647-2009-07-03_09-18-15	0.0936567007689	9	95	1764.5	1310.5	0.0967653451004	0.473440247216	135	135
92.0	96.0	81.0	139.0	159.0	152.0	13	0.0563695455272	0.000911021000607	DLR00012647-2009-07-03_09-18-15	0.0948518947272	9	95	1912.5	1301.5	0.0987590663075	0.466620491236	135	135
92.0	95.0	80.0	142.0	161.0	156.0	14	0.0577015291172	0.000916685088412	DLR00012647-2009-07-03_09-18-15	0.0945074739847	9	95	2036.5	1301.5	0.0992949130695	0.461185998189	135	135
91.0	95.0	80.0	143.0	163.0	157.0	15	0.0544514891577	0.000937886744889	DLR00012647-2009-07-03_09-18-15	0.111385069149	9	95	2169.5	1301.5	0.114665017625	0.515317811285	135	135
92.0	95.0	80.0	143.0	163.0	157.0	16	0.0477382918642	0.000902589620395	DLR00012647-2009-07-03_09-18-15	0.10014262627	9	95	2307.5	1301.5	0.102645474232	0.484415791997	135	135
93.0	96.0	81.0	141.0	161.0	154.0	17	0.0564761042144	0.000957358638935	DLR00012647-2009-07-03_09-18-15	0.108033405624	9	95	2444.5	1301.5	0.109158518258	0.500452874421	135	135
93.0	96.0	81.0	142.0	161.0	154.0	18	0.0473120571155	0.000937174148801	DLR00012647-2009-07-03_09-18-15	0.113446985657	9	95	2587.5	1292.5	0.114773516401	0.524215461666	135	135
93.0	95.0	79.0	143.0	161.0	153.0	19	0.0606318930151	0.00102067519695	DLR00012647-2009-07-03_09-18-15	0.111363269488	9	95	2721.5	1301.5	0.111429068725	0.488731418829	135	135
92.0	93.0	77.0	138.0	154.0	144.0	20	0.0679844424317	0.000940741109826	DLR00012647-2009-07-03_09-18-15	0.106475938431	9	95	2861.5	1301.5	0.106976374548	0.528264691779	135	135
91.0	93.0	76.0	140.0	158.0	150.0	21	0.0605253343279	0.00103661966145	DLR00012647-2009-07-03_09-18-15	0.138440209476	9	95	2998.5	1301.5	0.138232429003	0.62097074964	135	135
89.0	90.0	75.0	137.0	153.0	145.0	22	0.0607917310459	0.0010015351445	DLR00012647-2009-07-03_09-18-15	0.131919818278	9	95	3134.5	1302.5	0.132033379663	0.621610101764	135	135
87.0	88.0	73.0	136.0	153.0	145.0	23	0.0693164260216	0.00107842984859	DLR00012647-2009-07-03_09-18-15	0.149975737182	9	95	3273.5	1301.5	0.150089616758	0.685119079333	135	135
85.0	86.0	73.0	138.0	155.0	149.0	24	0.0663860621237	0.00118956443524	DLR00012647-2009-07-03_09-18-15	0.15709897703	9	95	3414.5	1295.5	0.158056694031	0.602003303319	135	135
93.0	94.0	80.0	144.0	159.0	153.0	1	0.0579146464916	0.00103229588758	DLR00012647-2009-07-03_09-18-15	0.144685228962	10	95	263.5	1444.5	0.145204061699	0.64968831584	135	135
93.0	94.0	79.0	145.0	163.0	158.0	2	0.0538121370345	0.00106742045199	DLR00012647-2009-07-03_09-18-15	0.149492707686	10	95	403.5	1441.5	0.149324043249	0.681922318717	135	135
94.0	95.0	80.0	140.0	158.0	151.0	3	0.0596195854867	0.000955369516996	DLR00012647-2009-07-03_09-18-15	0.135107874633	10	95	537.5	1447.5	0.135345815773	0.653151473174	135	135
94.0	96.0	81.0	145.0	164.0	159.0	4	0.0469923810539	0.0010350199582	DLR00012647-2009-07-03_09-18-15	0.140009168451	10	95	676.5	1440.5	0.14016492661	0.614737066439	135	135
94.0	97.0	81.0	144.0	162.0	155.0	5	0.0586072779583	0.000984687183502	DLR00012647-2009-07-03_09-18-15	0.146666086768	10	95	809.5	1439.5	0.146960564829	0.66508604614	135	135
94.0	97.0	80.0	147.0	166.0	159.0	6	0.0553039586552	0.00104326432011	DLR00012647-2009-07-03_09-18-15	0.137284555718	10	95	948.5	1431.5	0.137786618187	0.59001545101	135	135
94.0	96.0	80.0	142.0	159.0	152.0	7	0.0671852522777	0.000957000193012	DLR00012647-2009-07-03_09-18-15	0.128682054425	10	95	1076.5	1436.5	0.129017355337	0.600351643668	135	135
93.0	96.0	80.0	147.0	168.0	163.0	8	0.0556236347168	0.00111102858698	DLR00012647-2009-07-03_09-18-15	0.147682299617	10	95	1224.5	1440.5	0.148069761045	0.583035856998	135	135
92.0	95.0	80.0	143.0	162.0	155.0	9	0.0788001491822	0.00101896770923	DLR00012647-2009-07-03_09-18-15	0.142255121244	10	95	1360.5	1437.5	0.142890525789	0.616495284778	135	135
92.0	96.0	81.0	145.0	166.0	161.0	10	0.0549842825936	0.00106957503777	DLR00012647-2009-07-03_09-18-15	0.144422838362	10	95	1487.5	1435.5	0.145464936496	0.583515371091	135	135
92.0	96.0	82.0	141.0	162.0	156.0	11	0.0565826629016	0.000977875740623	DLR00012647-2009-07-03_09-18-15	0.136771156083	10	95	1634.5	1435.5	0.138483139798	0.608716500613	135	135
91.0	95.0	79.0	143.0	164.0	159.0	12	0.0584474399275	0.00107024211151	DLR00012647-2009-07-03_09-18-15	0.12748173931	10	95	1771.5	1440.5	0.129174491174	0.522936757419	135	135
91.0	95.0	80.0	143.0	164.0	159.0	13	0.0625499493846	0.0010682774733	DLR00012647-2009-07-03_09-18-15	0.158480473035	10	95	1908.5	1435.5	0.159481096762	0.629442165273	135	135
91.0	93.0	77.0	99.0	101.5	86.5	14	0.0	0.000108552399386	DLR00012647-2009-07-03_09-18-15	-0.00780769555384	10	95	2041.5	1448.5	2.61034668156e-05	0.000745910810379	135	135
91.0	93.0	77.0	97.0	101.0	86.0	15	0.0	9.81456358001e-05	DLR00012647-2009-07-03_09-18-15	-0.0064878014495	10	95	2178.5	1440.5	2.31095189986e-05	0.00069263146678	135	135
90.0	93.0	78.0	144.0	165.0	160.0	16	0.0595663061431	0.00112148433342	DLR00012647-2009-07-03_09-18-15	0.137314402733	10	95	2316.5	1438.5	0.137621734478	0.548723959721	135	135
91.0	93.0	77.0	141.0	161.0	153.0	17	0.0745378016943	0.00105394302987	DLR00012647-2009-07-03_09-18-15	0.151379129225	10	95	2453.5	1440.5	0.151933371626	0.638766050402	135	135
91.0	94.0	78.0	143.0	162.0	156.0	18	0.0569023389632	0.00108741988202	DLR00012647-2009-07-03_09-18-15	0.137472412377	10	95	2590.5	1440.5	0.137528600772	0.57610954233	135	135
92.0	94.0	78.0	146.0	166.0	159.0	19	0.0685705152113	0.00112438023363	DLR00012647-2009-07-03_09-18-15	0.178429136827	10	95	2721.5	1436.5	0.178136037272	0.71335713144	135	135
92.0	92.0	75.0	93.0	99.0	85.0	20	0.0	9.50496705939e-05	DLR00012647-2009-07-03_09-18-15	-0.00340312558593	10	95	2861.5	1442.5	0.000316601943444	0.0126272044328	135	135
91.0	92.0	77.0	145.0	164.0	158.0	21	0.0641483296926	0.00115043924844	DLR00012647-2009-07-03_09-18-15	0.195137828951	10	95	2994.5	1435.5	0.194833323624	0.774415259204	135	135
90.0	91.0	75.0	140.0	158.0	151.0	22	0.0519473600085	0.00106210171646	DLR00012647-2009-07-03_09-18-15	0.152512639738	10	95	3133.5	1442.5	0.152674529038	0.696680696894	135	135
86.0	87.0	73.0	138.0	156.0	149.0	23	0.0554105173424	0.00113194517006	DLR00012647-2009-07-03_09-18-15	0.177579648176	10	95	3273.5	1434.5	0.177817737581	0.744791944163	135	135
84.0	85.0	72.0	139.0	158.0	153.0	24	0.0578080878044	0.00126132807692	DLR00012647-2009-07-03_09-18-15	0.176040604962	10	95	3407.5	1440.5	0.176847870939	0.644520219511	135	135
93.0	92.0	77.0	99.0	101.0	89.0	1	0.0	0.000133812368305	DLR00012647-2009-07-03_09-18-15	-0.00450501165535	11	95	267.5	1574.5	0.000161718877747	0.00431562683148	135	135
93.0	94.0	79.0	143.0	160.0	154.0	2	0.0613245244819	0.00102568239035	DLR00012647-2009-07-03_09-18-15	0.131979919435	11	95	406.5	1574.5	0.132198370864	0.607650913741	135	135
93.0	95.0	80.0	145.0	163.0	158.0	3	0.0547178858756	0.00105135270415	DLR00012647-2009-07-03_09-18-15	0.149176963286	11	95	541.5	1574.5	0.149338317166	0.659331877031	135	135
94.0	96.0	80.0	142.0	159.0	152.0	4	0.0486440407054	0.000958171623865	DLR00012647-2009-07-03_09-18-15	0.110565288394	11	95	676.5	1574.5	0.111020598545	0.542170600458	135	135
94.0	96.0	81.0	144.0	162.0	154.0	5	0.0470456603975	0.000986078550238	DLR00012647-2009-07-03_09-18-15	0.125974654254	11	95	813.5	1574.5	0.126562824362	0.574511162022	135	135
94.0	95.0	78.0	95.0	102.0	88.0	6	0.0	7.93724496787e-05	DLR00012647-2009-07-03_09-18-15	-0.00597410017598	11	95	948.5	1571.5	3.50382448822e-05	0.00165165965155	135	135
94.0	95.0	78.0	102.0	104.0	89.0	7	0.0	0.000125655438401	DLR00012647-2009-07-03_09-18-15	-0.00454169557823	11	95	1082.5	1574.5	1.97246609402e-05	0.000586072779583	135	135
93.0	95.0	78.0	101.0	103.5	88.0	8	0.000159838030795	0.000114042211842	DLR00012647-2009-07-03_09-18-15	-0.00437833033575	11	95	1224.5	1574.5	6.65098200388e-05	0.00149182162076	135	135
92.0	94.0	78.0	103.0	103.5	88.5	9	0.0	0.00012132081926	DLR00012647-2009-07-03_09-18-15	-0.00533822685369	11	95	1355.5	1574.5	1.05599849469e-05	0.000319676061591	135	135
91.0	94.0	79.0	142.0	163.0	157.0	10	0.0582343225531	0.00105643756165	DLR00012647-2009-07-03_09-18-15	0.129057094966	11	95	1495.5	1574.5	0.1301255322	0.534445095636	135	135
90.0	94.0	79.0	135.0	152.0	144.0	11	0.0728328626991	0.000893745908849	DLR00012647-2009-07-03_09-18-15	0.0996819427779	11	95	1625.5	1574.5	0.101466179408	0.487079759177	135	135
90.0	93.0	78.0	140.0	160.0	154.0	12	0.0720869518888	0.00101953579594	DLR00012647-2009-07-03_09-18-15	0.115027689489	11	95	1767.5	1572.5	0.118048019733	0.50844477596	135	135
90.0	93.0	78.0	140.0	159.0	153.0	13	0.0653204752517	0.00101112780063	DLR00012647-2009-07-03_09-18-15	0.116521823497	11	95	1912.5	1574.5	0.118242239017	0.504928339283	135	135
91.0	92.0	76.0	99.0	100.5	85.5	14	0.0	0.000101239840873	DLR00012647-2009-07-03_09-18-15	-0.00628589621399	11	95	2041.5	1574.5	3.79253906552e-05	0.00117214555917	135	135
90.0	92.0	76.0	94.0	99.0	85.0	15	0.0	8.97084410265e-05	DLR00012647-2009-07-03_09-18-15	-0.00595551991873	11	95	2178.5	1574.5	3.84626989175e-05	0.00149182162076	135	135
90.0	92.0	77.0	140.0	159.0	153.0	16	0.0778411209974	0.00105105993871	DLR00012647-2009-07-03_09-18-15	0.123684953007	11	95	2316.5	1574.5	0.124365525074	0.527518780969	135	135
90.0	92.0	77.0	135.0	153.0	145.0	17	0.06899674996	0.000957769406914	DLR00012647-2009-07-03_09-18-15	0.115325481169	11	95	2454.5	1574.5	0.115781114864	0.541371410304	135	135
91.0	93.0	78.0	140.0	159.0	152.0	18	0.0547178858756	0.00102234354773	DLR00012647-2009-07-03_09-18-15	0.135007655334	11	95	2589.5	1574.5	0.135129989144	0.585806382865	135	135
91.0	92.0	75.0	95.0	98.0	83.0	19	0.0	8.83166825434e-05	DLR00012647-2009-07-03_09-18-15	-0.0027771433938	11	95	2726.5	1574.5	0.000115743117728	0.00495497895466	135	135
91.0	92.0	75.0	96.0	98.0	83.0	20	0.0	9.0338606029e-05	DLR00012647-2009-07-03_09-18-15	-0.0036829267749	11	95	2859.5	1574.5	0.000132352512495	0.00559433107784	135	135
90.0	91.0	74.0	93.0	97.0	83.0	21	0.000639352123182	9.01271770281e-05	DLR00012647-2009-07-03_09-18-15	-0.00200388987248	11	95	2998.5	1574.5	0.000477102456626	0.0185412115723	135	135
89.0	91.0	76.0	136.0	151.0	143.0	22	0.050828493793	0.000935602637016	DLR00012647-2009-07-03_09-18-15	0.120828046884	11	95	3135.5	1574.5	0.12121476546	0.613618200224	135	135
85.0	87.0	73.0	133.0	148.0	141.0	23	0.0651073578774	0.0010386663881	DLR00012647-2009-07-03_09-18-15	0.141306804982	11	95	3273.5	1574.5	0.141009464663	0.654163780702	135	135
83.0	84.0	71.0	132.0	147.0	141.0	24	0.0739517289147	0.00110303367973	DLR00012647-2009-07-03_09-18-15	0.138910543957	11	95	3408.5	1574.5	0.139858109542	0.591986786723	135	135
92.0	91.0	76.0	99.0	99.0	84.5	1	0.0	0.000105042967991	DLR00012647-2009-07-03_09-18-15	-0.00501429475502	12	95	267.5	1715.5	1.42238321929e-05	0.000532793435985	135	135
92.0	93.0	78.0	148.0	166.0	162.0	2	0.0565826629016	0.00115005420628	DLR00012647-2009-07-03_09-18-15	0.161002804575	12	95	403.5	1710.5	0.161369358421	0.659385156375	135	135
93.0	94.0	80.0	136.0	151.0	144.0	3	0.077628003623	0.000878375367754	DLR00012647-2009-07-03_09-18-15	0.129727930558	12	95	538.5	1713.5	0.129603675578	0.679684586286	135	135
94.0	95.0	80.0	146.0	164.0	158.0	4	0.0499227449518	0.0010463503958	DLR00012647-2009-07-03_09-18-15	0.138822606129	12	95	667.5	1713.5	0.138936192276	0.631093824924	135	135
94.0	96.0	80.0	142.0	159.0	151.0	5	0.0696893814268	0.000954674758015	DLR00012647-2009-07-03_09-18-15	0.135922558488	12	95	808.5	1718.5	0.135846791178	0.655229367574	135	135
94.0	96.0	80.0	146.0	166.0	160.0	6	0.0545580478449	0.00106962555192	DLR00012647-2009-07-03_09-18-15	0.139936786853	12	95	948.5	1711.5	0.140268911295	0.603548404284	135	135
93.0	96.0	80.0	144.0	163.0	157.0	7	0.0675582076829	0.00103670605409	DLR00012647-2009-07-03_09-18-15	0.143375774014	12	95	1081.5	1705.5	0.143552057158	0.625073259097	135	135
92.0	95.0	79.0	145.0	165.0	160.0	8	0.0580744845224	0.00108942163511	DLR00012647-2009-07-03_09-18-15	0.144129398386	12	95	1224.5	1708.5	0.14439362102	0.595183547339	135	135
91.0	94.0	79.0	140.0	159.0	152.0	9	0.0738984495711	0.00100331473999	DLR00012647-2009-07-03_09-18-15	0.148252486456	12	95	1361.5	1715.5	0.148544918576	0.654536736107	135	135
90.0	93.0	79.0	144.0	165.0	160.0	10	0.056795780276	0.00109728130471	DLR00012647-2009-07-03_09-18-15	0.137123370018	12	95	1504.5	1710.5	0.138346165062	0.552346955086	135	135
89.0	93.0	78.0	139.0	159.0	153.0	11	0.0679311630881	0.00101796741925	DLR00012647-2009-07-03_09-18-15	0.14523205286	12	95	1634.5	1707.5	0.146591137087	0.625392935159	135	135
89.0	92.0	77.0	140.0	161.0	155.0	12	0.0646811231286	0.00105499780122	DLR00012647-2009-07-03_09-18-15	0.133094060989	12	95	1768.5	1710.5	0.134941853153	0.558101124194	135	135
89.0	92.0	78.0	139.0	159.0	154.0	13	0.0699024988012	0.00104350807902	DLR00012647-2009-07-03_09-18-15	0.149071731787	12	95	1906.5	1704.5	0.150359942381	0.627683946934	135	135
89.0	92.0	77.0	142.0	162.0	156.5	14	0.0667057381853	0.00109724757947	DLR00012647-2009-07-03_09-18-15	0.137882204645	12	95	2041.5	1703.5	0.138993003908	0.560072459907	135	135
89.0	92.0	77.0	141.0	162.0	157.0	15	0.0687836325856	0.00110335815699	DLR00012647-2009-07-03_09-18-15	0.169581651353	12	95	2175.5	1705.5	0.169953436355	0.676967339762	135	135
89.0	92.0	77.0	140.0	161.0	155.0	16	0.0521604773829	0.00108794271617	DLR00012647-2009-07-03_09-18-15	0.136023614433	12	95	2316.5	1710.5	0.13663742315	0.561937236933	135	135
89.0	92.0	76.0	138.0	157.0	150.0	17	0.0709148063296	0.00103007658214	DLR00012647-2009-07-03_09-18-15	0.14871277907	12	95	2448.5	1710.5	0.149278417272	0.652139165645	135	135
90.0	92.0	77.0	143.0	163.0	158.0	18	0.0539186957217	0.0011234638254	DLR00012647-2009-07-03_09-18-15	0.142592478828	12	95	2590.5	1710.5	0.1437616401	0.590601523789	135	135
91.0	92.0	77.0	141.0	160.0	153.0	19	0.0621769939794	0.00105376705526	DLR00012647-2009-07-03_09-18-15	0.15932947739	12	95	2724.5	1701.5	0.160172430483	0.670893494592	135	135
90.0	91.0	76.0	144.0	163.0	158.0	20	0.0583408812403	0.00114784901816	DLR00012647-2009-07-03_09-18-15	0.155749768552	12	95	2861.5	1710.5	0.156079017413	0.625233097128	135	135
90.0	91.0	75.0	138.0	155.0	148.0	21	0.0585007192711	0.00103707510722	DLR00012647-2009-07-03_09-18-15	0.155154590906	12	95	2998.5	1706.5	0.155110112299	0.706111140711	135	135
88.0	89.0	74.0	140.0	157.0	151.0	22	0.0499227449518	0.00108398720129	DLR00012647-2009-07-03_09-18-15	0.154377455176	12	95	3133.5	1710.5	0.154634109923	0.663114710427	135	135
85.0	86.0	72.0	138.0	155.0	149.0	23	0.0624433906974	0.00115640124703	DLR00012647-2009-07-03_09-18-15	0.175066129463	12	95	3264.5	1710.5	0.175208178135	0.715221908466	135	135
82.0	84.0	71.0	138.0	156.0	151.0	24	0.0650007991902	0.0012702615527	DLR00012647-2009-07-03_09-18-15	0.193912401821	12	95	3408.5	1705.5	0.194442549762	0.682241994779	135	135
92.0	92.0	80.0	144.0	160.0	155.0	1	0.0535990196601	0.00109640225752	DLR00012647-2009-07-03_09-18-15	0.154907342507	13	95	271.5	1853.5	0.154923585921	0.670627097874	135	135
91.0	92.0	78.0	144.0	162.0	157.0	2	0.0583408812403	0.00111037968264	DLR00012647-2009-07-03_09-18-15	0.152779116232	13	95	403.5	1849.5	0.152680121877	0.672172198839	135	135
92.0	93.0	79.0	143.0	161.0	155.0	3	0.0518940806649	0.00104964440389	DLR00012647-2009-07-03_09-18-15	0.134519612731	13	95	541.5	1850.5	0.134536900032	0.609089456018	135	135
93.0	95.0	80.0	141.0	158.0	151.0	4	0.0599925408919	0.000962311273693	DLR00012647-2009-07-03_09-18-15	0.120767685401	13	95	679.5	1850.5	0.121096548069	0.589056422825	135	135
94.0	96.0	80.0	140.0	157.0	150.0	5	0.0531727849113	0.000937648697911	DLR00012647-2009-07-03_09-18-15	0.125747554923	13	95	808.5	1850.5	0.125688601055	0.62288880601	135	135
93.0	96.0	80.0	141.0	159.0	152.0	6	0.0610581277639	0.000974174380419	DLR00012647-2009-07-03_09-18-15	0.125227436484	13	95	948.5	1850.5	0.125295142169	0.592199904097	135	135
93.0	95.0	79.0	141.0	160.0	153.0	7	0.0517342426341	0.000990330708344	DLR00012647-2009-07-03_09-18-15	0.114839905588	13	95	1080.5	1850.5	0.115725470776	0.5297565134	135	135
91.0	94.0	79.0	142.0	162.0	156.0	8	0.0571687356812	0.00104728797486	DLR00012647-2009-07-03_09-18-15	0.136038997362	13	95	1224.5	1850.5	0.136427588666	0.585859662209	135	135
91.0	94.0	78.0	138.0	157.0	150.0	9	0.0660131067185	0.000980679908325	DLR00012647-2009-07-03_09-18-15	0.124414409665	13	95	1364.5	1850.5	0.125334587726	0.564494645426	135	135
90.0	93.0	78.0	139.0	159.0	152.0	10	0.0598859822047	0.00101328902677	DLR00012647-2009-07-03_09-18-15	0.11285768584	13	95	1495.5	1841.5	0.114520890964	0.509830038894	135	135
89.0	93.0	77.0	138.0	158.0	151.0	11	0.0605253343279	0.00100690784504	DLR00012647-2009-07-03_09-18-15	0.124165916563	13	95	1628.5	1850.5	0.125501444512	0.557035537322	135	135
89.0	92.0	77.0	134.0	152.0	144.0	12	0.0662795034365	0.000919754746659	DLR00012647-2009-07-03_09-18-15	0.10261779031	13	95	1771.5	1855.5	0.104860212617	0.504768501252	135	135
89.0	92.0	77.0	136.0	154.0	147.0	13	0.0688901912728	0.000973088215833	DLR00012647-2009-07-03_09-18-15	0.109771637795	13	95	1903.5	1850.5	0.111503911249	0.51036283233	135	135
88.0	91.0	76.0	137.0	157.0	150.0	14	0.068730353242	0.00102037478433	DLR00012647-2009-07-03_09-18-15	0.11709188268	13	95	2044.5	1840.5	0.118896013565	0.518887527306	135	135
88.0	91.0	76.0	133.0	151.0	144.0	15	0.0658532686877	0.000942247497817	DLR00012647-2009-07-03_09-18-15	0.114406402533	13	95	2184.5	1850.5	0.115639521465	0.549416591188	135	135
88.0	91.0	76.0	133.0	151.0	143.0	16	0.0728861420427	0.000950877521056	DLR00012647-2009-07-03_09-18-15	0.109837679447	13	95	2316.5	1840.5	0.111665704065	0.522723640045	135	135
88.0	90.0	75.0	136.0	156.0	149.0	17	0.0588736746763	0.00103621181925	DLR00012647-2009-07-03_09-18-15	0.133906157427	13	95	2455.5	1850.5	0.135124072844	0.585113751399	135	135
89.0	91.0	76.0	136.0	154.0	146.0	18	0.0836485694496	0.000995128391349	DLR00012647-2009-07-03_09-18-15	0.132490624423	13	95	2589.5	1850.5	0.133597388884	0.61281901007	135	135
90.0	92.0	76.0	135.0	151.0	143.0	19	0.0701156161756	0.000934756013719	DLR00012647-2009-07-03_09-18-15	0.111373983278	13	95	2722.5	1850.5	0.1125258867	0.5472321381	135	135
89.0	91.0	75.0	139.0	157.0	150.0	20	0.062230273323	0.00106385380242	DLR00012647-2009-07-03_09-18-15	0.136104940899	13	95	2861.5	1840.5	0.136600184618	0.595769620118	135	135
89.0	90.0	75.0	133.0	149.0	140.0	21	0.057328573712	0.000950126024224	DLR00012647-2009-07-03_09-18-15	0.115357302548	13	95	3007.5	1850.5	0.11524506812	0.573498854494	135	135
87.0	87.0	73.0	130.0	144.0	136.0	22	0.0609515690767	0.000936018878818	DLR00012647-2009-07-03_09-18-15	0.117588061169	13	95	3133.5	1850.5	0.117752886046	0.581064521285	135	135
84.0	85.0	71.0	129.0	143.5	136.0	23	0.0755501092227	0.00100238589013	DLR00012647-2009-07-03_09-18-15	0.139817497771	13	95	3273.5	1850.5	0.139158749475	0.672172198839	135	135
82.0	83.0	71.0	132.0	146.0	140.0	24	0.0888166657787	0.00113527646411	DLR00012647-2009-07-03_09-18-15	0.158962128509	13	95	3405.5	1842.5	0.159378136143	0.666471309073	135	135
91.0	92.0	79.0	137.0	151.0	145.0	1	0.0540252544089	0.0009838037978	DLR00012647-2009-07-03_09-18-15	0.137267877483	14	95	270.5	1992.5	0.136981955833	0.659065480313	135	135
90.0	91.0	77.0	143.0	161.0	156.0	2	0.0554105173424	0.00111860166058	DLR00012647-2009-07-03_09-18-15	0.152257966897	14	95	412.5	1986.5	0.151982007282	0.664393414673	135	135
92.0	93.0	79.0	133.0	147.0	139.0	3	0.0794395013053	0.000845181323737	DLR00012647-2009-07-03_09-18-15	0.115112659398	14	95	541.5	1986.5	0.114555447848	0.613618200224	135	135
93.0	95.0	80.0	145.0	163.0	158.0	4	0.050029303639	0.00105943919463	DLR00012647-2009-07-03_09-18-15	0.144092497536	14	95	676.5	1986.5	0.143776719307	0.646225158506	135	135
94.0	95.0	80.0	138.0	154.0	146.0	5	0.0730992594171	0.000903885649356	DLR00012647-2009-07-03_09-18-15	0.124725359624	14	95	814.5	1986.5	0.124691411157	0.63354467473	135	135
93.0	95.0	80.0	146.0	165.0	160.0	6	0.05759497043	0.00108595708104	DLR00012647-2009-07-03_09-18-15	0.151643827818	14	95	948.5	1981.5	0.151690459201	0.643934146731	135	135
92.0	94.0	79.0	137.0	154.0	145.0	7	0.0836485694496	0.000905325225198	DLR00012647-2009-07-03_09-18-15	0.111973484399	14	95	1091.5	1986.5	0.112283729605	0.566892215888	135	135
92.0	94.0	79.0	144.0	164.0	158.0	8	0.0609515690767	0.00108711864612	DLR00012647-2009-07-03_09-18-15	0.144884944139	14	95	1215.5	1986.5	0.145139200444	0.610314880921	135	135
90.0	93.0	78.0	141.0	160.0	154.0	9	0.0756033885663	0.00104932716225	DLR00012647-2009-07-03_09-18-15	0.15195056149	14	95	1359.5	1986.5	0.152290667656	0.658745804252	135	135
90.0	93.0	78.0	141.0	161.0	155.0	10	0.055730193404	0.00107086161725	DLR00012647-2009-07-03_09-18-15	0.130215583353	14	95	1495.5	1986.5	0.13093108576	0.545953433854	135	135
89.0	92.0	77.0	142.0	162.0	155.0	11	0.0789067078694	0.00108768568333	DLR00012647-2009-07-03_09-18-15	0.157139213221	14	95	1637.5	1986.5	0.157907774254	0.655921999041	135	135
88.0	92.0	76.0	141.0	161.0	154.0	12	0.0622835526666	0.00108053415236	DLR00012647-2009-07-03_09-18-15	0.133076346687	14	95	1771.5	1976.5	0.134700839537	0.557142096009	135	135
88.0	91.0	76.0	138.0	158.0	151.0	13	0.076828813469	0.00104431930681	DLR00012647-2009-07-03_09-18-15	0.14986180072	14	95	1904.5	1982.5	0.150945127483	0.645532527039	135	135
88.0	91.0	76.0	140.0	161.0	155.0	14	0.0691033086472	0.0011100672533	DLR00012647-2009-07-03_09-18-15	0.148912972257	14	95	2033.5	1977.5	0.149863330971	0.602056582663	135	135
88.0	91.0	76.0	136.0	155.0	148.0	15	0.0769353721562	0.000998009076247	DLR00012647-2009-07-03_09-18-15	0.14717851815	14	95	2181.5	1979.5	0.147936222695	0.651180137461	135	135
88.0	90.0	76.0	137.0	156.0	148.0	16	0.0702754542064	0.00103868461044	DLR00012647-2009-07-03_09-18-15	0.130674562851	14	95	2316.5	1979.5	0.131663336085	0.567158612606	135	135
87.0	90.0	75.0	137.0	156.0	149.0	17	0.0823698652033	0.00105085565378	DLR00012647-2009-07-03_09-18-15	0.160858498737	14	95	2448.5	1977.5	0.161931048105	0.696680696894	135	135
88.0	91.0	75.0	141.0	162.0	156.0	18	0.0592466300815	0.00113778632559	DLR00012647-2009-07-03_09-18-15	0.163667264642	14	95	2592.5	1986.5	0.16421415084	0.64627843785	135	135
89.0	91.0	75.0	139.0	157.0	149.0	19	0.0696361020832	0.00105293207542	DLR00012647-2009-07-03_09-18-15	0.16036302822	14	95	2732.5	1986.5	0.160552607352	0.68863551601	135	135
89.0	90.0	75.0	136.0	153.0	145.0	20	0.0645745644414	0.00100613639003	DLR00012647-2009-07-03_09-18-15	0.134193141307	14	95	2865.5	1981.5	0.13441155999	0.625872449251	135	135
88.0	90.0	75.0	137.0	154.0	146.0	21	0.0703820128936	0.0010443358607	DLR00012647-2009-07-03_09-18-15	0.164103794091	14	95	2995.5	1982.5	0.163882355567	0.72268101657	135	135
87.0	87.0	73.0	140.0	158.0	152.0	22	0.0606318930151	0.00118869510795	DLR00012647-2009-07-03_09-18-15	0.169457939507	14	95	3133.5	1986.5	0.169171707709	0.712984176035	135	135
83.0	83.0	70.0	137.0	154.0	148.0	23	0.0727263040119	0.0012047367586	DLR00012647-2009-07-03_09-18-15	0.194437650018	14	95	3273.5	1979.5	0.194294908696	0.74814854281	135	135
82.0	82.0	69.0	86.0	89.0	78.0	24	0.00420906814428	0.000113811165799	DLR00012647-2009-07-03_09-18-15	-0.00239912923809	14	95	3411.5	1986.5	0.00197938979803	0.0430497096276	135	135
90.0	91.0	79.0	142.0	157.0	152.0	1	0.0487505993926	0.00110976949064	DLR00012647-2009-07-03_09-18-15	0.170214256762	15	95	272.5	2122.5	0.170127144322	0.721189194949	135	135
90.0	90.0	77.0	143.0	159.0	154.0	2	0.0564761042144	0.00111120697633	DLR00012647-2009-07-03_09-18-15	0.16545859354	15	95	403.5	2122.5	0.165172053292	0.735787735095	135	135
92.0	92.0	77.0	143.0	158.0	153.0	3	0.0664393414673	0.00104522211375	DLR00012647-2009-07-03_09-18-15	0.147090080548	15	95	547.5	2124.5	0.147617640088	0.671479567372	135	135
94.0	94.0	79.0	146.0	161.0	155.0	4	0.0636155362566	0.00104319175962	DLR00012647-2009-07-03_09-18-15	0.134258371615	15	95	670.5	2128.5	0.13465881737	0.625126538441	135	135
94.0	94.0	79.0	143.0	159.0	152.0	5	0.0631893015078	0.00100296565274	DLR00012647-2009-07-03_09-18-15	0.136689220454	15	95	810.5	2125.5	0.136852222495	0.629122489211	135	135
93.0	94.0	79.0	142.0	159.0	152.0	6	0.0658532686877	0.00101396142505	DLR00012647-2009-07-03_09-18-15	0.132590154993	15	95	948.5	2122.5	0.132234003875	0.610101763546	135	135
93.0	94.0	79.0	138.0	154.0	146.0	7	0.0757099472534	0.000934356381899	DLR00012647-2009-07-03_09-18-15	0.121972998376	15	95	1075.5	2122.5	0.121947125268	0.615216580532	135	135
92.0	94.0	78.0	140.0	157.0	149.0	8	0.0767755341254	0.0009938507364	DLR00012647-2009-07-03_09-18-15	0.11757297154	15	95	1221.5	2112.5	0.117953749404	0.550588736747	135	135
91.0	93.0	77.0	139.0	156.0	149.0	9	0.0753369918483	0.00100749991361	DLR00012647-2009-07-03_09-18-15	0.132410587113	15	95	1359.5	2122.5	0.132625201827	0.63429058554	135	135
90.0	91.0	76.0	144.0	164.0	158.0	10	0.0667590175289	0.0011482144826	DLR00012647-2009-07-03_09-18-15	0.15546354428	15	95	1496.5	2123.5	0.1563290287	0.611700143854	135	135
89.0	91.0	75.0	142.0	160.0	153.0	11	0.0761894613458	0.00109819834414	DLR00012647-2009-07-03_09-18-15	0.11941985002	15	95	1636.5	2123.5	0.1210452102	0.510895625766	135	135
89.0	90.0	75.0	143.0	161.0	154.0	12	0.0831690553572	0.00111563197254	DLR00012647-2009-07-03_09-18-15	0.128746834488	15	95	1771.5	2125.5	0.130671104292	0.532313921892	135	135
89.0	90.0	75.0	139.0	156.0	148.0	13	0.093025733923	0.00104641976213	DLR00012647-2009-07-03_09-18-15	0.121491226812	15	95	1903.5	2122.5	0.123685708629	0.541264851617	135	135
88.0	90.0	75.0	136.0	153.0	145.0	14	0.0986733443444	0.00100992593212	DLR00012647-2009-07-03_09-18-15	0.136974719045	15	95	2047.5	2122.5	0.137537103325	0.636261921253	135	135
88.0	90.0	75.0	133.0	148.0	139.0	15	0.0704352922372	0.000937550717218	DLR00012647-2009-07-03_09-18-15	0.110243466614	15	95	2178.5	2122.5	0.11100053787	0.55048217806	135	135
88.0	90.0	74.0	134.0	150.0	142.0	16	0.0766689754382	0.000966191724083	DLR00012647-2009-07-03_09-18-15	0.125185201621	15	95	2316.5	2122.5	0.126176689054	0.605466460653	135	135
88.0	90.0	74.0	135.0	152.0	143.0	17	0.0741648462891	0.000984143967892	DLR00012647-2009-07-03_09-18-15	0.125452241921	15	95	2453.5	2122.5	0.126848419027	0.610847674357	135	135
89.0	90.0	74.0	142.0	161.0	154.0	18	0.0631360221642	0.00113258868431	DLR00012647-2009-07-03_09-18-15	0.132113305389	15	95	2590.5	2122.5	0.13409635925	0.536096755288	135	135
89.0	90.0	75.0	141.0	158.0	151.0	19	0.0728328626991	0.00109974072256	DLR00012647-2009-07-03_09-18-15	0.146217195348	15	95	2734.5	2116.5	0.146875161847	0.628802813149	135	135
89.0	90.0	74.0	138.0	153.0	145.0	20	0.076296020033	0.00101904805812	DLR00012647-2009-07-03_09-18-15	0.122191523397	15	95	2866.5	2122.5	0.122996058046	0.564654483457	135	135
89.0	89.0	74.0	138.0	152.0	144.0	21	0.0629761841334	0.00102266504371	DLR00012647-2009-07-03_09-18-15	0.128743597263	15	95	3006.5	2122.5	0.129950028871	0.590281847728	135	135
87.0	87.0	73.0	133.0	147.0	139.0	22	0.0703820128936	0.000995967684249	DLR00012647-2009-07-03_09-18-15	0.12995072277	15	95	3133.5	2122.5	0.129687742738	0.635249613725	135	135
85.0	85.0	72.0	128.0	140.0	132.0	23	0.103575043955	0.000945994323717	DLR00012647-2009-07-03_09-18-15	0.156306752307	15	95	3268.5	2130.5	0.155927293803	0.789493313442	135	135
85.0	85.0	74.0	135.0	149.0	143.0	24	0.0683041184933	0.00115268241558	DLR00012647-2009-07-03_09-18-15	0.160329908571	15	95	3414.5	2122.5	0.160668923085	0.668069689381	135	135
110.0	112.0	103.0	143.0	154.0	149.0	1	0.0192871223827	0.000665612117312	DLR00012647-2009-07-03_09-18-15	0.0743750222813	16	95	267.5	2300.5	0.0833408018074	0.528371250466	135	135
112.0	116.0	107.0	153.0	167.0	164.0	2	0.0193936810698	0.000816384319187	DLR00012647-2009-07-03_09-18-15	0.0839737706008	16	95	403.5	2300.5	0.0925394264881	0.491128989291	135	135
107.0	110.0	101.0	164.0	182.0	180.0	3	0.0113485001865	0.000211672908936	DLR00012647-2009-07-03_09-18-15	-0.00860711676109	16	95	541.5	2300.5	0.00431641169447	0.0806649262081	135	135
111.0	113.0	103.0	168.0	186.0	184.0	4	0.0119345729661	0.000219973349675	DLR00012647-2009-07-03_09-18-15	-0.006997460402	16	95	676.5	2300.5	0.0044651796429	0.08306249667	135	135
109.0	112.0	101.0	157.0	174.0	172.0	5	0.0152378922692	0.000195023267005	DLR00012647-2009-07-03_09-18-15	-0.00536740689413	16	95	813.5	2300.5	0.00498744294242	0.096861846662	135	135
114.0	118.0	107.0	152.0	167.0	163.0	6	0.0239757046193	0.000793138964169	DLR00012647-2009-07-03_09-18-15	0.0841006594501	16	95	948.5	2300.5	0.0893527035685	0.505834088124	135	135
114.0	118.0	107.0	148.0	163.0	156.0	7	0.0290905216048	0.000683730025365	DLR00012647-2009-07-03_09-18-15	0.0813968267394	16	95	1080.5	2300.5	0.0864481270641	0.547711652192	135	135
114.0	120.0	109.0	152.0	168.0	162.0	8	0.0257339229581	0.000804514151763	DLR00012647-2009-07-03_09-18-15	0.0799296401017	16	95	1224.5	2300.5	0.0870499631795	0.486493686398	135	135
114.0	119.0	108.0	149.0	165.0	159.0	9	0.0305290638819	0.000762797298879	DLR00012647-2009-07-03_09-18-15	0.0878500126873	16	95	1350.5	2300.5	0.0947835952122	0.534818051042	135	135
104.0	108.0	97.0	159.0	178.0	176.0	10	0.0111886621557	0.000203400408198	DLR00012647-2009-07-03_09-18-15	-0.00949842663535	16	95	1495.5	2300.5	0.00419703476121	0.0806116468645	135	135
104.0	108.0	96.0	161.0	180.0	177.0	11	0.013532953274	0.000222142612274	DLR00012647-2009-07-03_09-18-15	-0.00859191821817	16	95	1624.5	2300.5	0.0045913951105	0.0806649262081	135	135
105.0	108.0	96.0	164.0	182.0	180.0	12	0.0136395119612	0.00021565627665	DLR00012647-2009-07-03_09-18-15	-0.00727858497066	16	95	1771.5	2300.5	0.00487034412197	0.0916404709894	135	135
104.0	107.0	94.0	164.0	182.0	179.0	13	0.0127870424636	0.000173458666757	DLR00012647-2009-07-03_09-18-15	-0.00729839479937	16	95	1903.5	2300.5	0.00561661240723	0.118439980819	135	135
111.0	117.0	105.0	149.0	166.0	161.0	14	0.0333528690927	0.000908919333387	DLR00012647-2009-07-03_09-18-15	0.0870394911007	16	95	2041.5	2300.5	0.0953466435025	0.492567531568	135	135
112.0	118.0	106.0	146.0	162.0	155.0	15	0.0320741648463	0.00080806904914	DLR00012647-2009-07-03_09-18-15	0.0925858585862	16	95	2171.5	2300.5	0.100033433497	0.560285577282	135	135
112.0	117.0	106.0	147.0	163.0	157.0	16	0.0342053385902	0.000851607149794	DLR00012647-2009-07-03_09-18-15	0.0815530941228	16	95	2323.5	2300.5	0.089679318665	0.479354254356	135	135
114.0	119.0	108.0	148.0	164.0	158.0	17	0.027865096702	0.000861479733047	DLR00012647-2009-07-03_09-18-15	0.0996095771497	16	95	2453.5	2300.5	0.106275402785	0.564920880175	135	135
105.0	107.0	93.0	164.0	185.0	182.0	18	0.0140124673664	0.000243566788546	DLR00012647-2009-07-03_09-18-15	-0.00563996197117	16	95	2590.5	2300.5	0.00503071057359	0.0865256540039	135	135
105.0	107.0	94.0	162.0	181.0	179.0	19	0.00990995790932	0.000235237929394	DLR00012647-2009-07-03_09-18-15	-0.00628268426378	16	95	2726.5	2300.5	0.0043412715769	0.078959987213	135	135
106.0	107.0	95.0	161.0	180.0	178.0	20	0.0145452608024	0.000229597772769	DLR00012647-2009-07-03_09-18-15	-0.00536453465787	16	95	2861.5	2300.5	0.00479115663653	0.0844477596036	135	135
106.0	107.0	96.0	162.0	181.0	180.0	21	0.0190740050083	0.000208152558375	DLR00012647-2009-07-03_09-18-15	-0.00666572775749	16	95	2998.5	2300.5	0.00575522888447	0.105066865576	135	135
112.0	116.0	106.0	149.0	164.0	159.0	22	0.0317544887847	0.000895618751626	DLR00012647-2009-07-03_09-18-15	0.0766057291869	16	95	3123.5	2300.5	0.0850346322734	0.435398795887	135	135
110.0	115.0	105.0	147.0	161.0	157.0	23	0.0270126272044	0.00087666646693	DLR00012647-2009-07-03_09-18-15	0.0887360097301	16	95	3279.5	2300.5	0.0971888150284	0.500985667857	135	135
107.0	110.0	102.0	141.0	155.0	151.0	24	0.0195535191006	0.000790615757118	DLR00012647-2009-07-03_09-18-15	0.0704509326327	16	95	3411.5	2300.5	0.0796607586216	0.455858063829	135	135
