92.0	91.0	80.0	138.0	163.0	163.0	1	0.0340455005594	0.00026810112868	DLR00012709-2009-07-01_16-56-20	0.000994539761652	1	103	271.5	212.5	0.00161394825697	0.0188608876339	135	135
95.0	93.0	80.0	104.0	104.0	93.0	2	0.000745910810379	0.000223638436391	DLR00012709-2009-07-01_16-56-20	0.000708835643446	1	103	413.5	215.5	1.55735528379e-05	0.000266396717992	135	135
99.0	97.0	83.0				3	0.0		DLR00012709-2009-07-01_16-56-20	0.000953358906525	1	103	544.5	212.5	0.0	0.0	135	135
101.0	99.0	84.0	126.0	133.0	126.0	4	0.0070861526986	0.000218387370248	DLR00012709-2009-07-01_16-56-20	0.000558072647091	1	103	678.5	207.5	0.000125142180264	0.00218445308754	135	135
102.0	100.0	84.0	118.0	115.0	100.0	5	0.000372955405189	0.000266570574608	DLR00012709-2009-07-01_16-56-20	0.000517320083945	1	103	815.5	211.5	3.62168983563e-06	5.32793435985e-05	135	135
102.0	100.0	84.0				6	0.00122542490277		DLR00012709-2009-07-01_16-56-20	0.000303918230738	1	103	952.5	207.5	0.0	0.0	135	135
102.0	100.0	83.0				7	0.0		DLR00012709-2009-07-01_16-56-20	0.000779996333061	1	103	1082.5	211.5	0.0	0.0	135	135
102.0	101.0	84.0	114.5	114.5	98.5	8	0.000372955405189	0.000223134954312	DLR00012709-2009-07-01_16-56-20	0.000826069581615	1	103	1221.5	206.5	6.06312678882e-06	0.000106558687197	135	135
102.0	101.0	84.0				9	0.0		DLR00012709-2009-07-01_16-56-20	0.0013547357971	1	103	1354.5	205.5	0.0	0.0	135	135
101.0	101.0	83.0	126.0	126.5	111.5	10	0.00111886621557	0.000428603338858	DLR00012709-2009-07-01_16-56-20	-0.000293281706894	1	103	1492.5	203.5	3.2458666754e-05	0.000319676061591	135	135
102.0	101.0	83.0				11	0.0		DLR00012709-2009-07-01_16-56-20	0.000815659504284	1	103	1626.5	207.5	0.0	0.0	135	135
102.0	101.0	84.0				12	0.0		DLR00012709-2009-07-01_16-56-20	0.000353944650913	1	103	1778.5	201.5	0.0	0.0	135	135
101.0	101.0	83.0	118.0	120.5	109.0	13	0.000799190153977	0.000234576775327	DLR00012709-2009-07-01_16-56-20	0.00114810512168	1	103	1908.5	211.5	4.031778931e-05	0.000639352123182	135	135
100.0	99.0	82.0				14	0.0		DLR00012709-2009-07-01_16-56-20	-0.00034221553133	1	103	2046.5	211.5	0.0	0.0	135	135
101.0	100.0	83.0				15	0.0		DLR00012709-2009-07-01_16-56-20	0.00122751255462	1	103	2184.5	204.5	0.0	0.0	135	135
101.0	99.0	82.0				16	0.0		DLR00012709-2009-07-01_16-56-20	0.000360644687511	1	103	2316.5	211.5	0.0	0.0	135	135
102.0	101.0	84.0				17	5.32793435985e-05		DLR00012709-2009-07-01_16-56-20	0.00160724321646	1	103	2449.5	201.5	0.0	0.0	135	135
101.0	100.0	84.0	119.0	119.5	104.5	18	0.000745910810379	0.000262415948573	DLR00012709-2009-07-01_16-56-20	0.00127906994918	1	103	2591.5	202.5	7.13048823977e-06	0.000106558687197	135	135
101.0	100.0	84.0				19	0.0		DLR00012709-2009-07-01_16-56-20	0.00174194568716	1	103	2730.5	204.5	0.0	0.0	135	135
98.0	96.0	81.0	109.5	111.0	93.5	20	0.000479514092386	0.000244245031869	DLR00012709-2009-07-01_16-56-20	-0.00235522451337	1	103	2866.5	211.5	6.63673963733e-06	0.000106558687197	135	135
98.0	97.0	83.0	106.5	106.5	91.5	21	5.32793435985e-05	0.00021758491058	DLR00012709-2009-07-01_16-56-20	0.00344812785304	1	103	2996.5	203.5	5.91231841846e-06	0.000106558687197	135	135
94.0	92.0	78.0	107.0	107.0	95.0	22	0.000745910810379	0.000318090198897	DLR00012709-2009-07-01_16-56-20	0.00102941113303	1	103	3137.5	211.5	2.62062441768e-05	0.000266396717992	135	135
92.0	91.0	79.0	102.0	102.0	90.0	23	5.32793435985e-05	0.000220357534091	DLR00012709-2009-07-01_16-56-20	0.00272549704159	1	103	3264.5	203.5	8.98164313904e-06	0.000159838030795	135	135
91.0	92.0	82.0	121.0	131.5	128.5	24	0.0238158665885	0.000249825284787	DLR00012709-2009-07-01_16-56-20	0.000477279648832	1	103	3419.5	211.5	0.00139421509532	0.0155575683308	135	135
90.0	89.0	76.0	112.0	112.0	100.0	1	0.00159838030795	0.00037216478983	DLR00012709-2009-07-01_16-56-20	0.00188140781237	2	103	263.5	344.5	3.70190267336e-05	0.000372955405189	135	135
93.0	91.0	77.0	108.0	108.0	96.0	2	0.00159838030795	0.000274622711882	DLR00012709-2009-07-01_16-56-20	0.000771132873676	2	103	409.5	337.5	3.69756162999e-05	0.000532793435985	135	135
96.0	94.0	79.0	111.0	110.0	96.0	3	0.00202461505674	0.000242707916009	DLR00012709-2009-07-01_16-56-20	0.00207649406704	2	103	543.5	344.5	0.000115979098167	0.00111886621557	135	135
98.0	95.0	79.0				4	0.0		DLR00012709-2009-07-01_16-56-20	-0.000159865399951	2	103	678.5	334.5	0.0	0.0	135	135
98.0	96.0	79.0				5	0.0		DLR00012709-2009-07-01_16-56-20	0.000666971230748	2	103	810.5	344.5	0.0	0.0	135	135
98.0	97.0	79.0	112.0	112.0	96.0	6	0.000372955405189	0.000225275463375	DLR00012709-2009-07-01_16-56-20	-6.88160333602e-05	2	103	944.5	344.5	3.06064484845e-06	5.32793435985e-05	135	135
98.0	97.0	79.0				7	0.000159838030795		DLR00012709-2009-07-01_16-56-20	0.000199399704361	2	103	1086.5	344.5	0.0	0.0	135	135
98.0	97.0	79.0	114.0	115.0	97.0	8	0.00133198358996	0.000251819525455	DLR00012709-2009-07-01_16-56-20	5.57990374103e-05	2	103	1226.5	344.5	4.08176393026e-05	0.000586072779583	135	135
97.0	96.0	78.0	109.5	111.0	93.5	9	0.000213117374394	0.000211445689776	DLR00012709-2009-07-01_16-56-20	0.00123101080958	2	103	1357.5	343.5	5.74550065458e-06	0.000106558687197	135	135
96.0	96.0	78.0	111.0	113.0	94.0	10	0.000479514092386	0.000245327109738	DLR00012709-2009-07-01_16-56-20	-0.000201805693463	2	103	1497.5	344.5	3.3330711803e-06	5.32793435985e-05	135	135
96.0	96.0	78.0	112.0	110.0	99.0	11	0.00069263146678	0.000226345580881	DLR00012709-2009-07-01_16-56-20	0.000846009523455	2	103	1636.5	344.5	3.07518371381e-06	5.32793435985e-05	135	135
96.0	96.0	77.0				12	5.32793435985e-05		DLR00012709-2009-07-01_16-56-20	-0.000289211533898	2	103	1771.5	341.5	0.0	0.0	135	135
96.0	96.0	77.0	110.0	111.0	95.0	13	0.000745910810379	0.000227270569355	DLR00012709-2009-07-01_16-56-20	0.000379674710504	2	103	1900.5	335.5	9.76312868309e-06	0.000159838030795	135	135
95.0	95.0	76.0				14	0.0		DLR00012709-2009-07-01_16-56-20	-0.000688673053079	2	103	2046.5	335.5	0.0	0.0	135	135
96.0	95.0	77.0				15	0.0		DLR00012709-2009-07-01_16-56-20	0.000704063459599	2	103	2181.5	344.5	0.0	0.0	135	135
96.0	95.0	77.0	114.5	115.5	99.5	16	0.00250412914913	0.000307847117048	DLR00012709-2009-07-01_16-56-20	-0.000465259230663	2	103	2317.5	344.5	4.9226247971e-05	0.000532793435985	135	135
96.0	95.0	77.0	107.5	109.0	92.5	17	0.000426234748788	0.000217157205846	DLR00012709-2009-07-01_16-56-20	0.000816207036061	2	103	2458.5	339.5	1.20021641652e-05	0.000213117374394	135	135
96.0	95.0	77.0				18	5.32793435985e-05		DLR00012709-2009-07-01_16-56-20	0.00306766678828	2	103	2591.5	344.5	0.0	0.0	135	135
96.0	94.0	77.0	108.0	109.0	93.0	19	0.000799190153977	0.000233507151016	DLR00012709-2009-07-01_16-56-20	0.00393878355487	2	103	2730.5	344.5	4.19067609131e-05	0.00069263146678	135	135
95.0	92.0	76.0				20	0.0		DLR00012709-2009-07-01_16-56-20	-0.000406609638793	2	103	2866.5	344.5	0.0	0.0	135	135
94.0	91.0	75.0	104.0	107.0	89.0	21	0.000106558687197	0.000216703570974	DLR00012709-2009-07-01_16-56-20	0.0036454921844	2	103	2998.5	344.5	8.89328135454e-06	0.000159838030795	135	135
91.0	88.0	73.0	108.0	107.0	95.0	22	0.00245084980553	0.000311066469253	DLR00012709-2009-07-01_16-56-20	0.00172825947687	2	103	3137.5	344.5	7.9999727802e-05	0.000905748841174	135	135
88.0	86.0	71.0				23	0.0		DLR00012709-2009-07-01_16-56-20	0.00264224496389	2	103	3274.5	344.5	0.0	0.0	135	135
87.0	86.0	73.0	106.5	106.5	90.5	24	0.00149182162076	0.000348754345407	DLR00012709-2009-07-01_16-56-20	0.000641550333105	2	103	3414.5	344.5	2.72425931038e-05	0.000319676061591	135	135
91.0	89.0	76.0	109.0	108.0	98.0	1	0.00213117374394	0.000269092903115	DLR00012709-2009-07-01_16-56-20	0.00206426301755	3	103	270.5	483.5	5.39118088492e-05	0.000745910810379	135	135
93.0	92.0	77.0	107.0	107.0	93.0	2	0.0	0.000228420471134	DLR00012709-2009-07-01_16-56-20	0.00175799305339	3	103	409.5	483.5	6.2067473109e-06	0.000106558687197	135	135
96.0	94.0	79.0	120.0	118.0	108.0	3	0.00245084980553	0.000388110916155	DLR00012709-2009-07-01_16-56-20	0.00199359749912	3	103	544.5	491.5	0.00018147513507	0.00133198358996	135	135
97.0	95.0	79.0	113.0	112.0	98.0	4	0.000426234748788	0.000249378917346	DLR00012709-2009-07-01_16-56-20	0.00110317592718	3	103	671.5	492.5	6.77623996198e-06	0.000106558687197	135	135
98.0	96.0	79.0				5	0.000159838030795		DLR00012709-2009-07-01_16-56-20	0.00174038755076	3	103	815.5	483.5	0.0	0.0	135	135
97.0	97.0	79.0				6	0.0		DLR00012709-2009-07-01_16-56-20	0.00165217464157	3	103	952.5	477.5	0.0	0.0	135	135
97.0	97.0	79.0	113.0	113.0	97.0	7	0.000479514092386	0.000240332011088	DLR00012709-2009-07-01_16-56-20	0.0012941150724	3	103	1090.5	477.5	1.13833311317e-05	0.000159838030795	135	135
97.0	97.0	79.0				8	0.0		DLR00012709-2009-07-01_16-56-20	0.00092421271468	3	103	1217.5	483.5	0.0	0.0	135	135
96.0	96.0	78.0	109.0	110.0	94.0	9	0.000106558687197	0.000216582525404	DLR00012709-2009-07-01_16-56-20	0.00146933147139	3	103	1367.5	483.5	2.94254057105e-06	5.32793435985e-05	135	135
95.0	95.0	78.0	111.0	112.0	95.0	10	0.000479514092386	0.000254310666633	DLR00012709-2009-07-01_16-56-20	0.000615193048563	3	103	1497.5	476.5	9.87648998882e-06	0.000159838030795	135	135
95.0	95.0	77.0	111.0	112.0	96.0	11	0.00111886621557	0.000258169440363	DLR00012709-2009-07-01_16-56-20	0.000944675706211	3	103	1642.5	477.5	1.8302916618e-05	0.000266396717992	135	135
95.0	95.0	77.0	113.0	114.0	98.0	12	0.00127870424636	0.000278590623067	DLR00012709-2009-07-01_16-56-20	0.000478330017698	3	103	1766.5	483.5	2.01537112025e-05	0.000266396717992	135	135
95.0	95.0	77.0	109.0	109.5	94.0	13	0.00111886621557	0.000217463575926	DLR00012709-2009-07-01_16-56-20	0.00140997873286	3	103	1898.5	483.5	4.24985188596e-05	0.000639352123182	135	135
95.0	95.0	77.0				14	0.0		DLR00012709-2009-07-01_16-56-20	0.000547190444949	3	103	2048.5	476.5	0.0	0.0	135	135
95.0	95.0	77.0	109.0	109.0	93.0	15	0.000159838030795	0.000222656256858	DLR00012709-2009-07-01_16-56-20	0.00166124627924	3	103	2183.5	485.5	1.5178638936e-05	0.000266396717992	135	135
95.0	94.0	77.0	113.0	113.5	98.5	16	0.00143854227716	0.000284678647769	DLR00012709-2009-07-01_16-56-20	0.000540894273987	3	103	2317.5	479.5	4.54269727652e-05	0.000532793435985	135	135
95.0	94.0	77.0	108.0	108.0	92.0	17	0.000266396717992	0.000213561610926	DLR00012709-2009-07-01_16-56-20	0.00269216618167	3	103	2467.5	483.5	1.47221652644e-05	0.000266396717992	135	135
95.0	94.0	77.0	107.5	111.0	99.0	18	0.00388939208269	0.000277881261924	DLR00012709-2009-07-01_16-56-20	0.00447412244278	3	103	2591.5	491.5	0.000202974814344	0.00255740849273	135	135
95.0	94.0	76.0	107.0	107.0	92.0	19	0.000639352123182	0.000222557672036	DLR00012709-2009-07-01_16-56-20	0.00359133553496	3	103	2727.5	483.5	3.9823346211e-05	0.00069263146678	135	135
95.0	92.0	75.0	108.0	105.0	91.0	20	0.0	0.000215824394546	DLR00012709-2009-07-01_16-56-20	0.000560838411245	3	103	2866.5	481.5	2.93224042886e-06	5.32793435985e-05	135	135
94.0	91.0	74.0	106.0	105.0	90.0	21	0.000959028184773	0.000227047053863	DLR00012709-2009-07-01_16-56-20	0.00351753142035	3	103	3001.5	483.5	8.4112032823e-05	0.00143854227716	135	135
91.0	88.0	72.0	103.0	102.0	88.0	22	0.000745910810379	0.000237549940281	DLR00012709-2009-07-01_16-56-20	0.00220935004619	3	103	3137.5	480.5	4.72889700685e-05	0.000799190153977	135	135
89.0	86.0	71.0	100.0	99.5	85.0	23	0.00101230752837	0.000227169490311	DLR00012709-2009-07-01_16-56-20	0.00386723520437	3	103	3270.5	483.5	5.04396780109e-05	0.000852469497576	135	135
87.0	86.0	72.0	98.0	97.5	84.5	24	0.000266396717992	0.000234436544494	DLR00012709-2009-07-01_16-56-20	0.00187690652791	3	103	3414.5	483.5	6.37021885512e-06	0.000106558687197	135	135
92.0	90.0	76.0	105.0	106.0	95.0	1	0.00229101177473	0.000242130887235	DLR00012709-2009-07-01_16-56-20	0.00171512538969	4	103	263.5	617.5	8.00419864159e-05	0.00117214555917	135	135
94.0	92.0	77.0	106.0	106.0	92.0	2	5.32793435985e-05	0.000207348474764	DLR00012709-2009-07-01_16-56-20	-8.12733188426e-06	4	103	409.5	622.5	8.65460144533e-06	0.000159838030795	135	135
96.0	94.0	78.0	108.0	108.0	96.0	3	0.00069263146678	0.000233310217591	DLR00012709-2009-07-01_16-56-20	0.00139950627701	4	103	538.5	619.5	4.15784680125e-05	0.00069263146678	135	135
97.0	96.0	79.0	114.0	114.0	98.0	4	0.000586072779583	0.000259018731936	DLR00012709-2009-07-01_16-56-20	2.14904187058e-05	4	103	686.5	619.5	3.5190887444e-06	5.32793435985e-05	135	135
98.0	96.0	79.0	114.0	112.0	98.0	5	0.00106558687197	0.000245835060263	DLR00012709-2009-07-01_16-56-20	0.00128023779625	4	103	816.5	621.5	1.84934676551e-05	0.000266396717992	135	135
97.0	97.0	79.0				6	0.0		DLR00012709-2009-07-01_16-56-20	0.000619449593963	4	103	952.5	623.5	0.0	0.0	135	135
97.0	97.0	79.0				7	0.0		DLR00012709-2009-07-01_16-56-20	0.00140926448326	4	103	1086.5	619.5	0.0	0.0	135	135
96.0	96.0	78.0	114.0	115.0	99.0	8	0.000372955405189	0.000273743864804	DLR00012709-2009-07-01_16-56-20	-0.000264740793224	4	103	1226.5	612.5	3.71914782487e-06	5.32793435985e-05	135	135
96.0	96.0	78.0	108.0	111.0	96.0	9	0.000959028184773	0.000227469859394	DLR00012709-2009-07-01_16-56-20	0.000870090516264	4	103	1361.5	619.5	2.30926451527e-05	0.000372955405189	135	135
95.0	95.0	78.0				10	0.0		DLR00012709-2009-07-01_16-56-20	0.000202429346788	4	103	1497.5	619.5	0.0	0.0	135	135
95.0	95.0	77.0				11	0.000106558687197		DLR00012709-2009-07-01_16-56-20	0.00115466498006	4	103	1632.5	624.5	0.0	0.0	135	135
95.0	95.0	77.0				12	0.0		DLR00012709-2009-07-01_16-56-20	0.000473832958387	4	103	1771.5	616.5	0.0	0.0	135	135
95.0	95.0	77.0				13	0.0		DLR00012709-2009-07-01_16-56-20	0.00109849642068	4	103	1909.5	628.5	0.0	0.0	135	135
95.0	95.0	77.0	110.0	112.0	93.0	14	0.000639352123182	0.000245789703521	DLR00012709-2009-07-01_16-56-20	-2.08747151146e-05	4	103	2052.5	619.5	6.67871217411e-06	0.000106558687197	135	135
95.0	95.0	77.0	112.0	115.0	99.0	15	0.00154510096436	0.000288384347103	DLR00012709-2009-07-01_16-56-20	0.000855274093187	4	103	2179.5	619.5	4.98326083776e-05	0.000586072779583	135	135
94.0	94.0	76.0				16	0.0		DLR00012709-2009-07-01_16-56-20	-0.000764721815219	4	103	2326.5	609.5	0.0	0.0	135	135
95.0	94.0	77.0	106.0	108.5	91.5	17	0.000586072779583	0.000214382455267	DLR00012709-2009-07-01_16-56-20	0.000546389060002	4	103	2458.5	625.5	5.82529981279e-06	0.000106558687197	135	135
95.0	94.0	77.0	109.0	113.0	100.0	18	0.00277052586712	0.00030690096128	DLR00012709-2009-07-01_16-56-20	0.00373837979445	4	103	2591.5	617.5	0.000117852575216	0.00143854227716	135	135
95.0	93.0	76.0				19	0.0		DLR00012709-2009-07-01_16-56-20	0.00248417788246	4	103	2720.5	619.5	0.0	0.0	135	135
95.0	92.0	74.0	112.0	112.0	94.0	20	0.000319676061591	0.000285597710342	DLR00012709-2009-07-01_16-56-20	0.00105995157696	4	103	2866.5	620.5	7.76039385554e-06	0.000106558687197	135	135
94.0	91.0	74.0	105.0	108.0	97.0	21	0.00452874420587	0.000275386526702	DLR00012709-2009-07-01_16-56-20	0.00293428295127	4	103	2996.5	619.5	0.000210065917554	0.00282380521072	135	135
92.0	89.0	73.0	106.5	104.5	86.5	22	0.000799190153977	0.000251467163426	DLR00012709-2009-07-01_16-56-20	0.00233689349558	4	103	3139.5	619.5	1.50044937043e-05	0.000213117374394	135	135
90.0	87.0	71.0	100.5	100.0	85.0	23	0.00101230752837	0.000224376678133	DLR00012709-2009-07-01_16-56-20	0.00376566613079	4	103	3271.5	619.5	8.84446229185e-05	0.00149182162076	135	135
88.0	86.0	71.0	107.5	106.5	94.5	24	0.00218445308754	0.000388937980432	DLR00012709-2009-07-01_16-56-20	0.000881873058717	4	103	3414.5	616.5	7.12748322909e-05	0.000639352123182	135	135
92.0	90.0	76.0	104.5	104.5	92.5	1	0.000852469497576	0.00022989962943	DLR00012709-2009-07-01_16-56-20	0.00108492468419	5	103	268.5	756.5	1.91872324944e-05	0.000319676061591	135	135
94.0	92.0	77.0	108.0	108.0	94.0	2	0.00170493899515	0.000243314800102	DLR00012709-2009-07-01_16-56-20	0.000882903030391	5	103	409.5	756.5	9.12636690431e-05	0.00143854227716	135	135
96.0	94.0	79.0	110.0	108.0	96.0	3	0.000213117374394	0.000218355510205	DLR00012709-2009-07-01_16-56-20	0.00225954942903	5	103	535.5	750.5	8.96931222657e-06	0.000159838030795	135	135
98.0	96.0	79.0				4	0.0		DLR00012709-2009-07-01_16-56-20	0.00105448298073	5	103	678.5	756.5	0.0	0.0	135	135
98.0	97.0	79.0	110.0	110.0	96.0	5	5.32793435985e-05	0.000210493990088	DLR00012709-2009-07-01_16-56-20	0.00171956162096	5	103	815.5	756.5	5.7196406279e-06	0.000106558687197	135	135
97.0	97.0	79.0				6	0.0		DLR00012709-2009-07-01_16-56-20	0.000525677103926	5	103	952.5	746.5	0.0	0.0	135	135
97.0	97.0	79.0	112.0	112.0	98.0	7	0.000745910810379	0.00024118993988	DLR00012709-2009-07-01_16-56-20	0.00159956560276	5	103	1082.5	756.5	9.86892825842e-06	0.000159838030795	135	135
96.0	96.0	79.0	111.5	111.5	97.5	8	0.000319676061591	0.000236039453036	DLR00012709-2009-07-01_16-56-20	0.000482044014686	5	103	1226.5	748.5	6.41377383176e-06	0.000106558687197	135	135
96.0	96.0	79.0				9	0.0		DLR00012709-2009-07-01_16-56-20	0.00170410313477	5	103	1363.5	753.5	0.0	0.0	135	135
95.0	95.0	78.0				10	0.0		DLR00012709-2009-07-01_16-56-20	0.000840505353526	5	103	1497.5	746.5	0.0	0.0	135	135
95.0	95.0	78.0	108.0	109.0	93.0	11	0.000106558687197	0.000217883404795	DLR00012709-2009-07-01_16-56-20	0.00222702458725	5	103	1636.5	750.5	8.86761000609e-06	0.000159838030795	135	135
94.0	94.0	77.0				12	0.0		DLR00012709-2009-07-01_16-56-20	0.000366205465158	5	103	1771.5	765.5	0.0	0.0	135	135
95.0	95.0	77.0	110.0	110.0	95.0	13	0.000959028184773	0.00024147874856	DLR00012709-2009-07-01_16-56-20	0.00189589997566	5	103	1913.5	750.5	2.41447129316e-05	0.000372955405189	135	135
94.0	94.0	77.0	111.5	113.0	99.5	14	0.00186477702595	0.000277324001493	DLR00012709-2009-07-01_16-56-20	0.000127648377958	5	103	2044.5	756.5	4.40224679052e-05	0.000532793435985	135	135
94.0	94.0	77.0	107.0	112.0	99.0	15	0.00133198358996	0.000279933428835	DLR00012709-2009-07-01_16-56-20	0.00184907339565	5	103	2177.5	753.5	0.000184377736275	0.00255740849273	135	135
94.0	94.0	76.0	109.0	109.0	95.0	16	0.000479514092386	0.000238011681003	DLR00012709-2009-07-01_16-56-20	-0.000220494051313	5	103	2317.5	762.5	9.91873641958e-06	0.000159838030795	135	135
94.0	94.0	76.0	108.0	109.0	89.0	17	5.32793435985e-05	0.000218544379636	DLR00012709-2009-07-01_16-56-20	0.00130350501745	5	103	2458.5	759.5	5.938389558e-06	0.000106558687197	135	135
95.0	93.0	76.0	108.0	108.0	93.0	18	0.000852469497576	0.000221726209027	DLR00012709-2009-07-01_16-56-20	0.00112128085062	5	103	2591.5	755.5	1.88786909873e-05	0.000266396717992	135	135
95.0	93.0	75.0	107.0	107.0	91.0	19	0.000266396717992	0.000220524503153	DLR00012709-2009-07-01_16-56-20	0.00285297254388	5	103	2727.5	756.5	1.48461575641e-05	0.000266396717992	135	135
95.0	92.0	74.0	107.0	107.0	90.0	20	5.32793435985e-05	0.000221132060157	DLR00012709-2009-07-01_16-56-20	0.00213462630835	5	103	2867.5	754.5	3.84109384018e-05	0.00069263146678	135	135
94.0	91.0	74.0	106.0	106.0	91.0	21	0.00133198358996	0.000250936388691	DLR00012709-2009-07-01_16-56-20	0.00228083726638	5	103	3003.5	756.5	5.07170366397e-05	0.000799190153977	135	135
92.0	89.0	72.0	109.0	108.0	92.0	22	0.00213117374394	0.000299549756899	DLR00012709-2009-07-01_16-56-20	0.00138293788718	5	103	3137.5	752.5	8.52338443257e-05	0.000905748841174	135	135
90.0	87.0	71.0	102.0	102.0	86.0	23	0.00159838030795	0.000225177289825	DLR00012709-2009-07-01_16-56-20	0.0024184243546	5	103	3271.5	756.5	7.13965554033e-05	0.00101230752837	135	135
89.0	86.0	71.0				24	0.0		DLR00012709-2009-07-01_16-56-20	0.000438058428608	5	103	3414.5	756.5	0.0	0.0	135	135
93.0	90.0	76.0				1	0.0		DLR00012709-2009-07-01_16-56-20	0.00200436716603	6	103	271.5	893.5	0.0	0.0	135	135
95.0	92.0	77.0	108.5	108.0	95.5	2	0.00143854227716	0.000242811445274	DLR00012709-2009-07-01_16-56-20	0.000747056007703	6	103	409.5	890.5	2.88174401903e-05	0.000426234748788	135	135
97.0	95.0	78.0	109.5	109.5	94.5	3	0.00101230752837	0.000224674338883	DLR00012709-2009-07-01_16-56-20	0.00175449297941	6	103	544.5	892.5	1.88788419129e-05	0.000319676061591	135	135
98.0	96.0	79.0	111.0	111.0	95.0	4	0.000852469497576	0.000215552778437	DLR00012709-2009-07-01_16-56-20	0.000467139730875	6	103	670.5	887.5	9.26642867668e-06	0.000159838030795	135	135
98.0	97.0	79.0				5	0.0		DLR00012709-2009-07-01_16-56-20	0.00158289828098	6	103	814.5	892.5	0.0	0.0	135	135
97.0	96.0	78.0	110.0	111.0	96.0	6	0.000852469497576	0.000211531704951	DLR00012709-2009-07-01_16-56-20	0.000437060967559	6	103	952.5	883.5	2.23874310917e-05	0.000372955405189	135	135
97.0	96.0	78.0	114.5	115.5	99.5	7	0.000586072779583	0.00028613484857	DLR00012709-2009-07-01_16-56-20	0.0011502784927	6	103	1090.5	892.5	7.77498922537e-06	0.000106558687197	135	135
96.0	96.0	78.0				8	0.0		DLR00012709-2009-07-01_16-56-20	0.000348219984466	6	103	1226.5	895.5	0.0	0.0	135	135
96.0	96.0	79.0				9	5.32793435985e-05		DLR00012709-2009-07-01_16-56-20	0.00111041134725	6	103	1356.5	888.5	0.0	0.0	135	135
95.0	95.0	78.0	111.0	111.0	97.0	10	0.000319676061591	0.000248689362796	DLR00012709-2009-07-01_16-56-20	0.000445039747219	6	103	1497.5	886.5	6.75750306494e-06	0.000106558687197	135	135
94.0	95.0	78.0	109.0	111.0	92.0	11	0.000213117374394	0.0002378776103	DLR00012709-2009-07-01_16-56-20	0.00241380463975	6	103	1643.5	890.5	3.23186054806e-06	5.32793435985e-05	135	135
94.0	94.0	78.0	105.0	111.5	98.5	12	0.00149182162076	0.000259816826848	DLR00012709-2009-07-01_16-56-20	0.000581613340577	6	103	1771.5	885.5	4.96375607809e-05	0.000745910810379	135	135
94.0	94.0	78.0	110.5	112.0	100.0	13	0.00223773243114	0.000279046037845	DLR00012709-2009-07-01_16-56-20	0.00136277985262	6	103	1907.5	899.5	6.34801911556e-05	0.000852469497576	135	135
94.0	94.0	77.0				14	0.0		DLR00012709-2009-07-01_16-56-20	8.91346226314e-05	6	103	2038.5	892.5	0.0	0.0	135	135
94.0	94.0	77.0	108.0	110.0	94.5	15	0.000532793435985	0.000244428218016	DLR00012709-2009-07-01_16-56-20	0.00135083750791	6	103	2174.5	891.5	6.64171725655e-06	0.000106558687197	135	135
94.0	94.0	76.0	109.0	109.0	93.0	16	0.000426234748788	0.000231132434314	DLR00012709-2009-07-01_16-56-20	0.000362881847215	6	103	2312.5	892.5	9.37936310384e-06	0.000159838030795	135	135
94.0	93.0	76.0	109.5	110.0	96.5	17	0.00138526293356	0.000262988987149	DLR00012709-2009-07-01_16-56-20	0.00149635490586	6	103	2458.5	892.5	4.63897691604e-05	0.000639352123182	135	135
94.0	93.0	75.0	107.0	107.0	91.0	18	0.000372955405189	0.00021424627038	DLR00012709-2009-07-01_16-56-20	0.00100365221282	6	103	2591.5	895.5	1.18051076891e-05	0.000213117374394	135	135
95.0	93.0	75.0				19	0.0		DLR00012709-2009-07-01_16-56-20	0.0029356962952	6	103	2731.5	898.5	0.0	0.0	135	135
95.0	92.0	74.0	107.0	108.0	94.0	20	0.00372955405189	0.000270179899112	DLR00012709-2009-07-01_16-56-20	0.00201417557895	6	103	2866.5	891.5	0.000207946664183	0.00298364324152	135	135
94.0	91.0	74.0	110.0	106.0	89.0	21	0.000479514092386	0.000229703057839	DLR00012709-2009-07-01_16-56-20	0.00289319143876	6	103	2997.5	892.5	1.59370814578e-05	0.000266396717992	135	135
93.0	89.0	72.0	102.0	101.0	87.0	22	0.000213117374394	0.000207626035063	DLR00012709-2009-07-01_16-56-20	0.00235629424762	6	103	3137.5	886.5	5.64171121969e-06	0.000106558687197	135	135
91.0	88.0	71.0	101.0	101.0	85.0	23	0.00111886621557	0.000219862547807	DLR00012709-2009-07-01_16-56-20	0.00292702601068	6	103	3274.5	892.5	2.73988989121e-05	0.000479514092386	135	135
89.0	86.0	71.0	101.5	101.0	87.0	24	0.00143854227716	0.000248174466591	DLR00012709-2009-07-01_16-56-20	0.000519675272973	6	103	3404.5	890.5	4.15328413947e-05	0.000639352123182	135	135
93.0	91.0	76.0	105.0	105.0	91.0	1	0.0	0.000221332244038	DLR00012709-2009-07-01_16-56-20	0.00203703407153	7	103	274.5	1031.5	8.89594591713e-06	0.000159838030795	135	135
95.0	93.0	77.0	109.0	108.0	92.0	2	0.000106558687197	0.00023567314157	DLR00012709-2009-07-01_16-56-20	0.00117851882339	7	103	409.5	1031.5	3.52038952899e-05	0.000586072779583	135	135
97.0	95.0	78.0	110.0	110.0	96.5	3	0.000426234748788	0.000244346664703	DLR00012709-2009-07-01_16-56-20	0.00269890050306	7	103	551.5	1031.5	5.97426620841e-05	0.000959028184773	135	135
98.0	96.0	78.0				4	5.32793435985e-05		DLR00012709-2009-07-01_16-56-20	0.000829083668807	7	103	678.5	1034.5	0.0	0.0	135	135
98.0	97.0	79.0				5	5.32793435985e-05		DLR00012709-2009-07-01_16-56-20	0.00194618643665	7	103	815.5	1022.5	0.0	0.0	135	135
97.0	96.0	78.0				6	0.0		DLR00012709-2009-07-01_16-56-20	0.000903078088305	7	103	944.5	1023.5	0.0	0.0	135	135
97.0	96.0	78.0	109.0	110.0	94.0	7	0.0	0.000214213464326	DLR00012709-2009-07-01_16-56-20	0.00258872715029	7	103	1085.5	1037.5	5.82070791232e-06	0.000106558687197	135	135
96.0	96.0	78.0	117.0	118.0	102.0	8	0.000959028184773	0.000327476147047	DLR00012709-2009-07-01_16-56-20	0.00117809802714	7	103	1226.5	1029.5	2.16068142681e-05	0.000266396717992	135	135
95.0	96.0	79.0	114.0	116.0	101.0	9	0.000852469497576	0.000300132066691	DLR00012709-2009-07-01_16-56-20	0.00208741543518	7	103	1363.5	1026.5	2.02083891516e-05	0.000266396717992	135	135
94.0	95.0	78.0	109.5	112.5	93.5	10	0.000319676061591	0.000247137871716	DLR00012709-2009-07-01_16-56-20	0.000856412929934	7	103	1497.5	1030.5	6.7153452275e-06	0.000106558687197	135	135
94.0	95.0	78.0	108.0	108.0	94.0	11	5.32793435985e-05	0.000213104395943	DLR00012709-2009-07-01_16-56-20	0.00199853192975	7	103	1640.5	1036.5	5.79057179023e-06	0.000106558687197	135	135
94.0	94.0	78.0	113.0	115.0	103.0	12	0.00133198358996	0.000312538084834	DLR00012709-2009-07-01_16-56-20	0.000413370392039	7	103	1771.5	1031.5	3.45168930141e-05	0.000372955405189	135	135
94.0	94.0	78.0	107.0	108.0	93.0	13	0.00111886621557	0.000216118526184	DLR00012709-2009-07-01_16-56-20	0.00179519420441	7	103	1908.5	1033.5	3.38568303825e-05	0.000532793435985	135	135
93.0	94.0	77.0				14	5.32793435985e-05		DLR00012709-2009-07-01_16-56-20	0.000456341300271	7	103	2046.5	1031.5	0.0	0.0	135	135
94.0	94.0	77.0				15	0.0		DLR00012709-2009-07-01_16-56-20	0.00239490795688	7	103	2184.5	1033.5	0.0	0.0	135	135
93.0	93.0	76.0	108.5	108.5	92.5	16	0.000319676061591	0.000223473804159	DLR00012709-2009-07-01_16-56-20	0.000719202939046	7	103	2314.5	1025.5	6.0723341745e-06	0.000106558687197	135	135
94.0	93.0	76.0	107.0	108.0	89.5	17	0.00111886621557	0.000221849862951	DLR00012709-2009-07-01_16-56-20	0.00304056377377	7	103	2458.5	1031.5	4.29903971335e-05	0.000745910810379	135	135
94.0	93.0	75.0	105.0	107.0	92.0	18	0.00271724652352	0.000226259317656	DLR00012709-2009-07-01_16-56-20	0.0027929826593	7	103	2591.5	1028.5	0.000174513611705	0.00293036389792	135	135
95.0	93.0	75.0	105.0	105.5	89.5	19	0.0	0.000208626778087	DLR00012709-2009-07-01_16-56-20	0.00332727424089	7	103	2725.5	1027.5	5.66890387471e-06	0.000106558687197	135	135
94.0	92.0	74.0	107.0	104.0	89.0	20	5.32793435985e-05	0.000208463217649	DLR00012709-2009-07-01_16-56-20	0.00132290398699	7	103	2872.5	1031.5	2.83222976719e-06	5.32793435985e-05	135	135
94.0	91.0	73.0	108.0	108.0	93.0	21	0.00117214555917	0.000248032467038	DLR00012709-2009-07-01_16-56-20	0.0030969712836	7	103	2999.5	1031.5	4.1947523651e-05	0.000586072779583	135	135
93.0	89.0	72.0	106.0	105.0	86.0	22	0.000319676061591	0.000232781038971	DLR00012709-2009-07-01_16-56-20	0.00250784832566	7	103	3137.5	1024.5	2.93554157264e-05	0.000479514092386	135	135
91.0	88.0	71.0	103.0	102.0	87.0	23	0.000639352123182	0.000232679966563	DLR00012709-2009-07-01_16-56-20	0.00309669199261	7	103	3267.5	1024.5	0.000142730795092	0.00234429111833	135	135
89.0	86.0	71.0	100.0	101.0	88.0	24	0.00111886621557	0.000242872285265	DLR00012709-2009-07-01_16-56-20	0.0008202852904	7	103	3411.5	1031.5	7.98857056315e-05	0.00122542490277	135	135
94.0	91.0	76.0	106.0	105.0	91.0	1	0.0	0.000215562584033	DLR00012709-2009-07-01_16-56-20	0.00210218564027	8	103	276.5	1172.5	2.92868341032e-06	5.32793435985e-05	135	135
95.0	93.0	77.0				2	0.0		DLR00012709-2009-07-01_16-56-20	0.000400339276791	8	103	411.5	1167.5	0.0	0.0	135	135
97.0	95.0	78.0	113.0	112.0	95.0	3	0.00122542490277	0.000256911107236	DLR00012709-2009-07-01_16-56-20	0.00186553699586	8	103	546.5	1155.5	1.71341696889e-05	0.000266396717992	135	135
98.0	96.0	78.0				4	0.0		DLR00012709-2009-07-01_16-56-20	0.000674039277514	8	103	678.5	1168.5	0.0	0.0	135	135
98.0	96.0	78.0				5	0.0		DLR00012709-2009-07-01_16-56-20	0.00227754541084	8	103	822.5	1164.5	0.0	0.0	135	135
97.0	96.0	78.0				6	0.0		DLR00012709-2009-07-01_16-56-20	0.00134013221881	8	103	952.5	1170.5	0.0	0.0	135	135
96.0	96.0	78.0	116.5	116.5	103.5	7	0.00101230752837	0.000316705004729	DLR00012709-2009-07-01_16-56-20	0.00244151818808	8	103	1082.5	1164.5	2.79477436398e-05	0.000319676061591	135	135
96.0	96.0	78.0				8	0.0		DLR00012709-2009-07-01_16-56-20	0.00155277332576	8	103	1226.5	1157.5	0.0	0.0	135	135
95.0	95.0	78.0				9	0.0		DLR00012709-2009-07-01_16-56-20	0.0019354293427	8	103	1358.5	1166.5	0.0	0.0	135	135
94.0	94.0	78.0				10	0.0		DLR00012709-2009-07-01_16-56-20	0.000602162450326	8	103	1499.5	1164.5	0.0	0.0	135	135
94.0	95.0	78.0	111.0	118.0	106.0	11	0.00426234748788	0.0003047652214	DLR00012709-2009-07-01_16-56-20	0.00163655341904	8	103	1635.5	1164.5	0.000185139460145	0.00218445308754	135	135
94.0	94.0	78.0				12	5.32793435985e-05		DLR00012709-2009-07-01_16-56-20	0.000262028133181	8	103	1777.5	1157.5	0.0	0.0	135	135
94.0	94.0	78.0				13	0.000106558687197		DLR00012709-2009-07-01_16-56-20	0.00143510908072	8	103	1903.5	1164.5	0.0	0.0	135	135
93.0	93.0	77.0				14	0.0		DLR00012709-2009-07-01_16-56-20	0.000924310214511	8	103	2047.5	1164.5	0.0	0.0	135	135
93.0	93.0	77.0				15	0.0		DLR00012709-2009-07-01_16-56-20	0.00260267496358	8	103	2182.5	1164.5	0.0	0.0	135	135
93.0	93.0	76.0	111.0	114.0	100.0	16	0.00287708455432	0.000303527697001	DLR00012709-2009-07-01_16-56-20	0.00186699208545	8	103	2317.5	1164.5	0.000120167850251	0.00111886621557	135	135
94.0	93.0	76.0	105.0	106.0	90.0	17	5.32793435985e-05	0.000211614472239	DLR00012709-2009-07-01_16-56-20	0.00313582076714	8	103	2452.5	1164.5	2.87504344509e-06	5.32793435985e-05	135	135
94.0	93.0	75.0	106.0	107.0	90.0	18	5.32793435985e-05	0.000227946047317	DLR00012709-2009-07-01_16-56-20	0.00214853741336	8	103	2591.5	1163.5	4.68015155751e-05	0.000799190153977	135	135
94.0	92.0	74.0				19	0.0		DLR00012709-2009-07-01_16-56-20	0.0024530220692	8	103	2721.5	1168.5	0.0	0.0	135	135
94.0	92.0	73.0	112.5	112.5	98.5	20	0.000959028184773	0.000342509201366	DLR00012709-2009-07-01_16-56-20	0.00141280606067	8	103	2866.5	1164.5	1.84031917153e-05	0.000213117374394	135	135
94.0	91.0	73.0	108.0	109.0	89.0	21	0.00106558687197	0.000266010899351	DLR00012709-2009-07-01_16-56-20	0.00267050491477	8	103	2996.5	1164.5	2.47220500356e-05	0.000372955405189	135	135
93.0	89.0	72.0	104.0	104.0	84.0	22	0.000159838030795	0.0002156994129	DLR00012709-2009-07-01_16-56-20	0.00280104272723	8	103	3137.5	1155.5	5.86108479828e-06	0.000106558687197	135	135
91.0	88.0	71.0	101.0	101.0	84.0	23	0.000159838030795	0.000222941695055	DLR00012709-2009-07-01_16-56-20	0.00385631851219	8	103	3269.5	1164.5	8.978776244e-06	0.000159838030795	135	135
89.0	86.0	71.0	100.0	101.0	90.0	24	0.00218445308754	0.000268855657022	DLR00012709-2009-07-01_16-56-20	0.00112217485429	8	103	3408.5	1164.5	0.000194265433803	0.00271724652352	135	135
94.0	92.0	76.0				1	0.0		DLR00012709-2009-07-01_16-56-20	0.00197435318306	9	103	278.5	1304.5	0.0	0.0	135	135
95.0	94.0	77.0	111.0	111.0	95.0	2	0.00127870424636	0.000258872420453	DLR00012709-2009-07-01_16-56-20	0.00141619057516	9	103	409.5	1304.5	3.56866316451e-05	0.000479514092386	135	135
97.0	95.0	78.0	113.5	113.5	96.5	3	0.00106558687197	0.000282005749696	DLR00012709-2009-07-01_16-56-20	0.00200216676505	9	103	541.5	1301.5	2.47193749864e-05	0.000319676061591	135	135
98.0	96.0	78.0	111.0	111.0	95.0	4	0.00143854227716	0.000225292690725	DLR00012709-2009-07-01_16-56-20	0.00127628993054	9	103	679.5	1304.5	2.5461663606e-05	0.000426234748788	135	135
98.0	96.0	78.0	121.0	121.0	103.0	5	0.000426234748788	0.000357226370673	DLR00012709-2009-07-01_16-56-20	0.00260733271969	9	103	815.5	1304.5	4.85336056911e-06	5.32793435985e-05	135	135
97.0	96.0	78.0	109.0	110.0	95.0	6	0.000586072779583	0.000213628965796	DLR00012709-2009-07-01_16-56-20	0.00186020617947	9	103	952.5	1301.5	9.24374097482e-06	0.000159838030795	135	135
96.0	96.0	78.0				7	0.0		DLR00012709-2009-07-01_16-56-20	0.00297189513781	9	103	1082.5	1304.5	0.0	0.0	135	135
95.0	95.0	78.0	113.0	114.0	98.0	8	0.000639352123182	0.000291192742581	DLR00012709-2009-07-01_16-56-20	0.00247213380654	9	103	1233.5	1304.5	1.08499751542e-05	0.000159838030795	135	135
95.0	95.0	78.0				9	0.0		DLR00012709-2009-07-01_16-56-20	0.00237615844194	9	103	1354.5	1300.5	0.0	0.0	135	135
94.0	94.0	78.0	108.5	109.0	99.0	10	0.000852469497576	0.000248916098931	DLR00012709-2009-07-01_16-56-20	0.00133011552622	9	103	1497.5	1303.5	2.32060480222e-05	0.000319676061591	135	135
94.0	94.0	78.0	108.5	110.5	94.5	11	0.00175821833875	0.000236240188154	DLR00012709-2009-07-01_16-56-20	0.00204641458492	9	103	1636.5	1311.5	2.6695574732e-05	0.000426234748788	135	135
93.0	94.0	78.0	107.5	109.0	94.5	12	0.00069263146678	0.000233311300111	DLR00012709-2009-07-01_16-56-20	0.000667439721575	9	103	1771.5	1304.5	1.39815847263e-05	0.000213117374394	135	135
93.0	94.0	78.0	111.5	113.0	95.0	13	0.00143854227716	0.000279468190494	DLR00012709-2009-07-01_16-56-20	0.0019578166498	9	103	1906.5	1310.5	2.34161632644e-05	0.000319676061591	135	135
93.0	93.0	77.0	114.0	114.0	99.0	14	0.00106558687197	0.000298498739848	DLR00012709-2009-07-01_16-56-20	0.00119334900507	9	103	2039.5	1306.5	2.23643563721e-05	0.000266396717992	135	135
93.0	93.0	77.0	105.0	106.0	90.5	15	0.000106558687197	0.000217605425277	DLR00012709-2009-07-01_16-56-20	0.00400077751308	9	103	2180.5	1304.5	1.78642409037e-05	0.000319676061591	135	135
92.0	92.0	76.0	107.0	108.0	92.0	16	0.000372955405189	0.000243865131709	DLR00012709-2009-07-01_16-56-20	0.00186587410799	9	103	2317.5	1297.5	3.31320840672e-06	5.32793435985e-05	135	135
93.0	93.0	76.0	109.0	110.0	93.0	17	0.00143854227716	0.000266282851938	DLR00012709-2009-07-01_16-56-20	0.00290005711484	9	103	2465.5	1304.5	3.14997141865e-05	0.000479514092386	135	135
93.0	92.0	74.0	113.5	113.5	96.5	18	0.00165165965155	0.000332822459178	DLR00012709-2009-07-01_16-56-20	0.0017030983573	9	103	2591.5	1295.5	4.55965538895e-05	0.000532793435985	135	135
94.0	92.0	74.0	105.5	105.5	87.5	19	0.000159838030795	0.000219561116425	DLR00012709-2009-07-01_16-56-20	0.00279081293701	9	103	2725.5	1304.5	1.19318885351e-05	0.000213117374394	135	135
94.0	91.0	73.0				20	0.0		DLR00012709-2009-07-01_16-56-20	0.00165977172133	9	103	2866.5	1304.5	0.0	0.0	135	135
94.0	91.0	73.0	106.5	106.5	88.5	21	0.000372955405189	0.000237385735363	DLR00012709-2009-07-01_16-56-20	0.00275668249323	9	103	2992.5	1304.5	6.4503556415e-06	0.000106558687197	135	135
92.0	89.0	72.0	106.5	105.5	87.5	22	0.00149182162076	0.000248168016294	DLR00012709-2009-07-01_16-56-20	0.00201886541424	9	103	3143.5	1294.5	1.39876956389e-05	0.000213117374394	135	135
90.0	88.0	71.0	102.0	102.0	86.0	23	0.00143854227716	0.000237514931723	DLR00012709-2009-07-01_16-56-20	0.00453100287589	9	103	3271.5	1304.5	6.48987188982e-05	0.00101230752837	135	135
88.0	86.0	71.0				24	0.0		DLR00012709-2009-07-01_16-56-20	0.00186746445667	9	103	3412.5	1304.5	0.0	0.0	135	135
94.0	92.0	77.0	106.5	109.0	97.5	1	0.000639352123182	0.000227338377437	DLR00012709-2009-07-01_16-56-20	0.00166234266784	10	103	265.5	1431.5	3.14558688171e-05	0.000532793435985	135	135
95.0	93.0	77.0	108.0	108.0	92.0	2	0.000266396717992	0.000221697224856	DLR00012709-2009-07-01_16-56-20	-0.000119179454394	10	103	409.5	1438.5	6.02406013516e-06	0.000106558687197	135	135
96.0	95.0	77.0	114.0	113.0	99.0	3	0.00277052586712	0.000277237534226	DLR00012709-2009-07-01_16-56-20	0.00186744798821	10	103	544.5	1446.5	6.60356309673e-05	0.000799190153977	135	135
97.0	96.0	78.0	111.0	112.0	96.0	4	0.00250412914913	0.000244179736972	DLR00012709-2009-07-01_16-56-20	0.00123200064672	10	103	678.5	1431.5	7.61569537915e-05	0.00101230752837	135	135
97.0	96.0	79.0	109.0	111.0	97.0	5	0.000905748841174	0.000234728065366	DLR00012709-2009-07-01_16-56-20	0.0030900272471	10	103	820.5	1433.5	7.31507681116e-05	0.00117214555917	135	135
97.0	96.0	78.0				6	0.0		DLR00012709-2009-07-01_16-56-20	0.00169278074246	10	103	961.5	1439.5	0.0	0.0	135	135
96.0	96.0	78.0	109.0	109.0	94.0	7	0.000426234748788	0.000214558671201	DLR00012709-2009-07-01_16-56-20	0.00424833904399	10	103	1093.5	1442.5	1.49260596966e-05	0.000266396717992	135	135
95.0	95.0	78.0	108.0	111.0	96.5	8	0.00111886621557	0.000251569466948	DLR00012709-2009-07-01_16-56-20	0.00450612836483	10	103	1226.5	1438.5	4.78990828813e-05	0.000745910810379	135	135
94.0	95.0	77.0	109.0	110.0	94.0	9	0.000372955405189	0.000237011929542	DLR00012709-2009-07-01_16-56-20	0.00213956583211	10	103	1355.5	1432.5	6.4401984158e-06	0.000106558687197	135	135
94.0	94.0	78.0	109.0	111.0	99.0	10	0.00213117374394	0.000252309691645	DLR00012709-2009-07-01_16-56-20	0.00119983005884	10	103	1503.5	1431.5	6.32944121731e-05	0.000905748841174	135	135
94.0	94.0	78.0				11	0.0		DLR00012709-2009-07-01_16-56-20	0.00174810245958	10	103	1642.5	1438.5	0.0	0.0	135	135
93.0	94.0	77.0				12	0.0		DLR00012709-2009-07-01_16-56-20	0.000982447126222	10	103	1771.5	1438.5	0.0	0.0	135	135
93.0	94.0	77.0	111.0	111.0	97.0	13	0.000639352123182	0.000275855921626	DLR00012709-2009-07-01_16-56-20	0.0017304448447	10	103	1904.5	1438.5	1.18645938301e-05	0.000159838030795	135	135
93.0	93.0	76.0	106.0	107.0	92.0	14	0.00111886621557	0.000225424653509	DLR00012709-2009-07-01_16-56-20	0.00169959516017	10	103	2046.5	1439.5	1.63007595391e-05	0.000266396717992	135	135
92.0	93.0	76.0	110.0	117.0	107.0	15	0.00325003995951	0.000353309595414	DLR00012709-2009-07-01_16-56-20	0.00289677358667	10	103	2184.5	1438.5	0.00015545783726	0.00149182162076	135	135
92.0	92.0	75.0				16	0.000106558687197		DLR00012709-2009-07-01_16-56-20	0.00128149201211	10	103	2319.5	1438.5	0.0	0.0	135	135
92.0	92.0	75.0	108.0	109.0	96.0	17	0.00181149768235	0.000269555481698	DLR00012709-2009-07-01_16-56-20	0.00323012272463	10	103	2462.5	1428.5	5.61081907967e-05	0.000799190153977	135	135
93.0	92.0	74.0	105.0	107.0	90.0	18	0.000959028184773	0.000229790149512	DLR00012709-2009-07-01_16-56-20	0.00126665981014	10	103	2591.5	1438.5	2.52521201778e-05	0.000426234748788	135	135
93.0	91.0	74.0	106.5	107.5	94.5	19	0.00218445308754	0.000277306760008	DLR00012709-2009-07-01_16-56-20	0.00368228802876	10	103	2721.5	1438.5	0.000102437045282	0.00127870424636	135	135
93.0	91.0	73.0	110.0	110.0	92.0	20	0.00138526293356	0.000303056656789	DLR00012709-2009-07-01_16-56-20	0.00124777535307	10	103	2866.5	1435.5	2.87863607501e-05	0.000372955405189	135	135
93.0	90.0	73.0	104.5	104.5	87.0	21	0.0	0.000227757283825	DLR00012709-2009-07-01_16-56-20	0.00293367486746	10	103	3003.5	1438.5	1.23081388578e-05	0.000213117374394	135	135
92.0	89.0	72.0				22	0.0		DLR00012709-2009-07-01_16-56-20	0.00362148092232	10	103	3136.5	1430.5	0.0	0.0	135	135
90.0	88.0	72.0	100.0	100.0	86.0	23	0.00117214555917	0.000224278264828	DLR00012709-2009-07-01_16-56-20	0.00486593186394	10	103	3274.5	1438.5	4.74566093353e-05	0.000799190153977	135	135
88.0	86.0	71.0	99.5	101.5	89.5	24	0.000266396717992	0.000245560073721	DLR00012709-2009-07-01_16-56-20	0.00111457492789	10	103	3414.5	1438.5	6.67247256634e-06	0.000106558687197	135	135
94.0	92.0	77.0	109.0	109.0	93.0	1	0.00069263146678	0.000261708263762	DLR00012709-2009-07-01_16-56-20	0.00197540640468	11	103	272.5	1578.5	1.527147813e-05	0.000213117374394	135	135
95.0	94.0	77.0	108.0	107.0	93.0	2	0.000532793435985	0.000210132235173	DLR00012709-2009-07-01_16-56-20	0.0012180408739	11	103	409.5	1577.5	5.70981085503e-06	0.000106558687197	135	135
96.0	95.0	78.0	109.0	110.0	93.0	3	0.000426234748788	0.000222071013869	DLR00012709-2009-07-01_16-56-20	0.00310016476404	11	103	539.5	1580.5	1.52261323714e-05	0.000266396717992	135	135
97.0	96.0	78.0	114.0	114.0	98.0	4	0.000479514092386	0.0002795385787	DLR00012709-2009-07-01_16-56-20	0.00246375049695	11	103	678.5	1578.5	3.79787615581e-06	5.32793435985e-05	135	135
97.0	96.0	79.0	110.0	111.0	95.0	5	0.000532793435985	0.000237420061841	DLR00012709-2009-07-01_16-56-20	0.00313635759216	11	103	815.5	1578.5	9.67673193752e-06	0.000159838030795	135	135
96.0	96.0	77.0				6	0.0		DLR00012709-2009-07-01_16-56-20	0.00112099207563	11	103	954.5	1576.5	0.0	0.0	135	135
96.0	95.0	77.0	110.0	110.0	94.0	7	0.00101230752837	0.000223260308652	DLR00012709-2009-07-01_16-56-20	0.00193518851624	11	103	1090.5	1574.5	1.55116264341e-05	0.000266396717992	135	135
94.0	94.0	77.0	110.5	111.5	95.0	8	0.00186477702595	0.000265576350166	DLR00012709-2009-07-01_16-56-20	0.00143274766747	11	103	1226.5	1580.5	3.60968570568e-05	0.000532793435985	135	135
94.0	94.0	77.0	112.5	112.0	98.0	9	0.000799190153977	0.000283902668929	DLR00012709-2009-07-01_16-56-20	0.0031054936876	11	103	1366.5	1586.5	1.58767798966e-05	0.000213117374394	135	135
93.0	94.0	77.0	117.0	118.0	104.0	10	0.00165165965155	0.000375359494044	DLR00012709-2009-07-01_16-56-20	0.00196192619972	11	103	1497.5	1578.5	5.98186469896e-05	0.000586072779583	135	135
93.0	94.0	77.0	114.0	117.0	101.0	11	0.000852469497576	0.000352836496158	DLR00012709-2009-07-01_16-56-20	0.0028499443476	11	103	1639.5	1571.5	1.29304617051e-05	0.000159838030795	135	135
93.0	93.0	77.0	106.0	109.0	90.0	12	0.000319676061591	0.000232798344905	DLR00012709-2009-07-01_16-56-20	0.00129372377795	11	103	1771.5	1569.5	6.32570493376e-06	0.000106558687197	135	135
93.0	93.0	77.0	106.5	107.5	90.0	13	0.000213117374394	0.000214452687288	DLR00012709-2009-07-01_16-56-20	0.00278081814507	11	103	1908.5	1570.5	5.82720818995e-06	0.000106558687197	135	135
92.0	93.0	76.0	117.0	119.0	107.0	14	0.00191805636955	0.000396786204957	DLR00012709-2009-07-01_16-56-20	0.00151300429041	11	103	2046.5	1578.5	0.00010186815446	0.000799190153977	135	135
92.0	92.0	75.0	105.0	107.0	89.0	15	0.000639352123182	0.000229968615574	DLR00012709-2009-07-01_16-56-20	0.00281395883736	11	103	2178.5	1578.5	1.83673915243e-05	0.000266396717992	135	135
91.0	91.0	75.0	106.0	108.0	96.0	16	0.000905748841174	0.000270982672691	DLR00012709-2009-07-01_16-56-20	0.00135008628115	11	103	2320.5	1575.5	3.30451502441e-05	0.000426234748788	135	135
92.0	91.0	75.0	104.0	105.0	90.0	17	0.000639352123182	0.000218387304142	DLR00012709-2009-07-01_16-56-20	0.00227928437951	11	103	2458.5	1578.5	1.34151474525e-05	0.000213117374394	135	135
92.0	91.0	74.0				18	0.0		DLR00012709-2009-07-01_16-56-20	0.00176202061265	11	103	2591.5	1573.5	0.0	0.0	135	135
93.0	91.0	73.0	106.0	107.0	89.0	19	0.000852469497576	0.000254755980012	DLR00012709-2009-07-01_16-56-20	0.00322697063604	11	103	2724.5	1578.5	6.46356614997e-05	0.00101230752837	135	135
92.0	90.0	73.0				20	0.0		DLR00012709-2009-07-01_16-56-20	0.00197857639726	11	103	2866.5	1578.5	0.0	0.0	135	135
92.0	90.0	73.0	103.0	103.0	87.0	21	0.000106558687197	0.000222027980049	DLR00012709-2009-07-01_16-56-20	0.00343658933081	11	103	2994.5	1578.5	1.50392168444e-05	0.000266396717992	135	135
91.0	88.0	72.0	104.0	101.0	87.0	22	5.32793435985e-05	0.000233454271964	DLR00012709-2009-07-01_16-56-20	0.00198559932596	11	103	3137.5	1571.5	6.34352808895e-06	0.000106558687197	135	135
89.0	87.0	71.0	101.0	101.0	86.0	23	0.00069263146678	0.000230304889133	DLR00012709-2009-07-01_16-56-20	0.00409550677661	11	103	3272.5	1578.5	9.68174229693e-05	0.00165165965155	135	135
87.0	85.0	70.0	101.0	101.0	87.0	24	0.000479514092386	0.000253187456971	DLR00012709-2009-07-01_16-56-20	0.00115371833643	11	103	3405.5	1568.5	1.02132541274e-05	0.000159838030795	135	135
94.0	92.0	77.0	106.0	105.0	91.0	1	5.32793435985e-05	0.000223202927269	DLR00012709-2009-07-01_16-56-20	0.00246778287279	12	103	269.5	1711.5	3.03248689081e-06	5.32793435985e-05	135	135
94.0	93.0	77.0	109.5	109.0	95.0	2	0.00154510096436	0.000258153018692	DLR00012709-2009-07-01_16-56-20	0.00113355847211	12	103	409.5	1704.5	2.13235232033e-05	0.000319676061591	135	135
96.0	94.0	78.0	110.0	110.0	94.0	3	0.000319676061591	0.000228647628996	DLR00012709-2009-07-01_16-56-20	0.00280164979616	12	103	544.5	1711.5	3.106459875e-06	5.32793435985e-05	135	135
97.0	95.0	78.0	109.0	109.0	91.0	4	0.000159838030795	0.000213104760579	DLR00012709-2009-07-01_16-56-20	0.00271445749488	12	103	680.5	1711.5	1.1628525783e-05	0.000213117374394	135	135
97.0	96.0	78.0	110.0	111.0	95.0	5	0.000426234748788	0.000237420061841	DLR00012709-2009-07-01_16-56-20	0.00416738029024	12	103	815.5	1704.5	9.67673193752e-06	0.000159838030795	135	135
96.0	95.0	77.0	108.0	109.0	93.0	6	0.0	0.000214667978754	DLR00012709-2009-07-01_16-56-20	0.000787121450401	12	103	952.5	1709.5	2.9165290949e-06	5.32793435985e-05	135	135
95.0	95.0	77.0	109.0	114.0	99.0	7	0.00101230752837	0.000275240929536	DLR00012709-2009-07-01_16-56-20	0.00188078222232	12	103	1086.5	1712.5	2.57967660851e-05	0.000372955405189	135	135
94.0	94.0	76.0	110.5	111.5	95.5	8	0.00069263146678	0.000275799000118	DLR00012709-2009-07-01_16-56-20	0.00107022274591	12	103	1222.5	1711.5	1.54028892285e-05	0.000213117374394	135	135
94.0	94.0	77.0	109.0	109.5	94.5	9	0.00149182162076	0.000252936039964	DLR00012709-2009-07-01_16-56-20	0.00279184274821	12	103	1363.5	1711.5	4.69695727163e-05	0.000639352123182	135	135
93.0	93.0	76.0	114.0	114.0	102.0	10	0.00111886621557	0.000324130536328	DLR00012709-2009-07-01_16-56-20	0.00159192730602	12	103	1497.5	1711.5	2.49136429449e-05	0.000266396717992	135	135
93.0	93.0	77.0	111.0	112.0	98.0	11	0.00117214555917	0.000292729180351	DLR00012709-2009-07-01_16-56-20	0.00338295339364	12	103	1634.5	1705.5	2.79256894007e-05	0.000372955405189	135	135
92.0	93.0	76.0	105.0	107.5	93.0	12	0.00138526293356	0.000237694140092	DLR00012709-2009-07-01_16-56-20	0.00159118133165	12	103	1771.5	1705.5	2.58500171121e-05	0.000426234748788	135	135
92.0	92.0	76.0	104.0	107.0	92.0	13	0.000479514092386	0.00023523015612	DLR00012709-2009-07-01_16-56-20	0.00206073929852	12	103	1904.5	1715.5	9.78252691117e-06	0.000159838030795	135	135
92.0	91.0	75.0	108.0	108.0	94.0	14	0.000639352123182	0.000270879128328	DLR00012709-2009-07-01_16-56-20	0.00127844158861	12	103	2046.5	1711.5	1.16714588026e-05	0.000159838030795	135	135
91.0	91.0	75.0	107.0	109.0	95.0	15	0.00266396717992	0.000265666578069	DLR00012709-2009-07-01_16-56-20	0.00257770809476	12	103	2184.5	1711.5	0.000121212868363	0.00143854227716	135	135
91.0	91.0	74.0	110.0	110.5	95.0	16	0.00223773243114	0.000311167591373	DLR00012709-2009-07-01_16-56-20	0.00181762089305	12	103	2317.5	1711.5	5.20219777215e-05	0.000639352123182	135	135
91.0	91.0	74.0	107.5	108.0	93.0	17	0.000372955405189	0.000282099942681	DLR00012709-2009-07-01_16-56-20	0.00257224582372	12	103	2464.5	1710.5	7.66535088536e-06	0.000106558687197	135	135
92.0	90.0	73.0	104.0	107.0	92.0	18	0.000639352123182	0.000258681236941	DLR00012709-2009-07-01_16-56-20	0.00121515937532	12	103	2591.5	1711.5	1.04611201647e-05	0.000159838030795	135	135
92.0	90.0	73.0	104.0	103.0	89.0	19	0.0	0.000220989214462	DLR00012709-2009-07-01_16-56-20	0.00253361046138	12	103	2722.5	1711.5	3.00241087366e-06	5.32793435985e-05	135	135
92.0	90.0	73.0	106.0	103.0	88.0	20	0.0	0.000235512273832	DLR00012709-2009-07-01_16-56-20	0.00253353840689	12	103	2866.5	1715.5	3.19972453659e-06	5.32793435985e-05	135	135
91.0	89.0	72.0	104.0	103.0	88.0	21	0.00186477702595	0.000243620286539	DLR00012709-2009-07-01_16-56-20	0.00452149126239	12	103	2999.5	1711.5	0.000116867049186	0.00186477702595	135	135
90.0	88.0	71.0	105.0	102.0	89.0	22	0.00143854227716	0.000238096673438	DLR00012709-2009-07-01_16-56-20	0.00155285906594	12	103	3137.5	1703.5	4.1565905734e-05	0.000586072779583	135	135
88.0	86.0	71.0	100.0	100.0	85.0	23	0.000106558687197	0.000229331293911	DLR00012709-2009-07-01_16-56-20	0.00306285705278	12	103	3272.5	1711.5	3.69865408623e-05	0.000639352123182	135	135
87.0	85.0	70.0	98.0	97.0	85.5	24	0.000159838030795	0.000230580797405	DLR00012709-2009-07-01_16-56-20	0.00174572957458	12	103	3405.5	1703.5	6.2654487014e-06	0.000106558687197	135	135
93.0	91.0	76.0	104.0	104.0	92.0	1	0.000586072779583	0.000224801675113	DLR00012709-2009-07-01_16-56-20	0.00226271006302	13	103	275.5	1858.5	3.7107910747e-05	0.000586072779583	135	135
94.0	92.0	77.0	109.0	108.0	94.0	2	0.00127870424636	0.000262101626839	DLR00012709-2009-07-01_16-56-20	0.00145166064325	13	103	409.5	1847.5	3.21606694625e-05	0.000479514092386	135	135
95.0	94.0	77.0	108.0	108.0	93.0	3	0.00277052586712	0.000228712504953	DLR00012709-2009-07-01_16-56-20	0.00259639198684	13	103	544.5	1850.5	7.19162038459e-05	0.00111886621557	135	135
96.0	95.0	78.0	110.0	111.0	101.0	4	0.00154510096436	0.000268198694939	DLR00012709-2009-07-01_16-56-20	0.00255142955681	13	103	678.5	1853.5	6.75852096956e-05	0.000905748841174	135	135
96.0	96.0	79.0	109.0	115.0	103.0	5	0.00841813628856	0.000319216546982	DLR00012709-2009-07-01_16-56-20	0.00566810917778	13	103	815.5	1850.5	0.000717663188117	0.0068730353242	135	135
96.0	95.0	77.0	107.0	111.0	100.0	6	0.000852469497576	0.000255733340114	DLR00012709-2009-07-01_16-56-20	0.00195257239395	13	103	949.5	1850.5	3.97609944286e-05	0.000586072779583	135	135
95.0	94.0	77.0	98.0	107.0	104.0	7	0.000372955405189	0.000236354889273	DLR00012709-2009-07-01_16-56-20	0.00172359355474	13	103	1081.5	1846.5	0.000126512607997	0.00207789440034	135	135
94.0	94.0	76.0	109.5	110.5	92.0	8	0.000426234748788	0.000245154738045	DLR00012709-2009-07-01_16-56-20	0.000823144981186	13	103	1226.5	1850.5	6.66145859678e-06	0.000106558687197	135	135
93.0	93.0	77.0	107.0	108.0	92.5	9	0.000852469497576	0.000228302183875	DLR00012709-2009-07-01_16-56-20	0.002373607603	13	103	1367.5	1851.5	3.75255221488e-05	0.000639352123182	135	135
93.0	93.0	76.0	106.0	109.0	94.0	10	0.000532793435985	0.000245392860223	DLR00012709-2009-07-01_16-56-20	0.00233117167237	13	103	1494.5	1845.5	9.9306362814e-06	0.000159838030795	135	135
92.0	93.0	76.0	105.0	108.0	94.5	11	0.00159838030795	0.000239050996064	DLR00012709-2009-07-01_16-56-20	0.00304740190711	13	103	1638.5	1850.5	4.88702772616e-05	0.000745910810379	135	135
92.0	92.0	76.0	110.0	111.0	101.0	12	0.00175821833875	0.000300048887445	DLR00012709-2009-07-01_16-56-20	0.0021492797533	13	103	1771.5	1850.5	8.0291555259e-05	0.000799190153977	135	135
92.0	92.0	75.0	103.0	106.0	91.0	13	0.00106558687197	0.000222790866619	DLR00012709-2009-07-01_16-56-20	0.00308996026005	13	103	1908.5	1850.5	1.99694282409e-05	0.000319676061591	135	135
91.0	91.0	75.0	106.0	107.0	93.5	14	0.00175821833875	0.000247590516395	DLR00012709-2009-07-01_16-56-20	0.00167296130237	13	103	2046.5	1845.5	4.50523022591e-05	0.000639352123182	135	135
91.0	90.0	74.0	102.5	103.5	87.5	15	0.000213117374394	0.000214781016709	DLR00012709-2009-07-01_16-56-20	0.00299860749174	13	103	2184.5	1843.5	5.83612970971e-06	0.000106558687197	135	135
90.0	90.0	74.0	102.0	106.0	93.0	16	0.000905748841174	0.00025112894956	DLR00012709-2009-07-01_16-56-20	0.00221988521744	13	103	2317.5	1841.5	0.000140896147745	0.00218445308754	135	135
91.0	90.0	73.0	105.0	105.0	91.0	17	0.000213117374394	0.000244655544598	DLR00012709-2009-07-01_16-56-20	0.00208012262251	13	103	2458.5	1850.5	3.3239471401e-06	5.32793435985e-05	135	135
91.0	90.0	73.0	106.0	106.0	88.5	18	0.00106558687197	0.000252820823314	DLR00012709-2009-07-01_16-56-20	0.00149578875842	13	103	2582.5	1850.5	4.1148018557e-05	0.000639352123182	135	135
92.0	90.0	73.0	105.5	104.5	87.0	19	0.000745910810379	0.000228948309262	DLR00012709-2009-07-01_16-56-20	0.00252069883315	13	103	2729.5	1850.5	2.61524330288e-05	0.000426234748788	135	135
91.0	89.0	72.0				20	0.0		DLR00012709-2009-07-01_16-56-20	0.00224831244858	13	103	2866.5	1841.5	0.0	0.0	135	135
91.0	89.0	72.0	101.5	102.0	87.0	21	0.000266396717992	0.000223170836659	DLR00012709-2009-07-01_16-56-20	0.00456868285731	13	103	2998.5	1850.5	2.50554673278e-05	0.000426234748788	135	135
89.0	87.0	71.0	101.0	101.0	86.0	22	0.000745910810379	0.000228284748611	DLR00012709-2009-07-01_16-56-20	0.00224669708718	13	103	3137.5	1846.5	7.21722825004e-05	0.00122542490277	135	135
88.0	85.0	70.0	99.0	98.0	84.0	23	0.000106558687197	0.000217755011338	DLR00012709-2009-07-01_16-56-20	0.00416325134808	13	103	3274.5	1848.5	3.91672845388e-05	0.00069263146678	135	135
86.0	84.0	70.0	96.0	96.0	80.0	24	5.32793435985e-05	0.000207437045254	DLR00012709-2009-07-01_16-56-20	0.00195441485249	13	103	3409.5	1856.5	2.81828795033e-06	5.32793435985e-05	135	135
93.0	91.0	76.0	106.5	106.0	91.5	1	0.000959028184773	0.000243917841559	DLR00012709-2009-07-01_16-56-20	0.00229577084839	14	103	277.5	1985.5	2.00856601236e-05	0.000319676061591	135	135
94.0	91.0	76.0	109.0	108.0	96.0	2	0.00239757046193	0.00026058150326	DLR00012709-2009-07-01_16-56-20	0.00119797808661	14	103	409.5	1985.5	5.82161420734e-05	0.000799190153977	135	135
95.0	93.0	78.0	109.0	109.0	96.0	3	0.000799190153977	0.00026058150326	DLR00012709-2009-07-01_16-56-20	0.00325400268041	14	103	540.5	1985.5	2.8944980777e-05	0.000372955405189	135	135
96.0	94.0	78.0	111.0	112.0	102.0	4	0.00133198358996	0.000285336627622	DLR00012709-2009-07-01_16-56-20	0.00187793654748	14	103	678.5	1980.5	5.15264764553e-05	0.000639352123182	135	135
96.0	95.0	78.0	108.0	108.0	92.0	5	0.0	0.000213796784262	DLR00012709-2009-07-01_16-56-20	0.00296915958651	14	103	814.5	1985.5	2.90469284389e-06	5.32793435985e-05	135	135
96.0	94.0	77.0	108.0	112.0	93.0	6	0.000959028184773	0.000244808434318	DLR00012709-2009-07-01_16-56-20	0.00103400642988	14	103	952.5	1985.5	9.92067035738e-06	0.000159838030795	135	135
95.0	95.0	77.0	107.0	109.0	90.0	7	0.0	0.000212373499517	DLR00012709-2009-07-01_16-56-20	0.00295522543019	14	103	1082.5	1989.5	1.15402450057e-05	0.000213117374394	135	135
94.0	94.0	76.0	108.0	108.0	90.0	8	5.32793435985e-05	0.000221339342129	DLR00012709-2009-07-01_16-56-20	0.00185423779925	14	103	1226.5	1978.5	9.22353722914e-06	0.000159838030795	135	135
93.0	93.0	76.0				9	0.0		DLR00012709-2009-07-01_16-56-20	0.00316713722863	14	103	1362.5	1985.5	0.0	0.0	135	135
92.0	92.0	75.0	107.5	109.0	93.5	10	0.00197133571314	0.000260992969336	DLR00012709-2009-07-01_16-56-20	0.00236518903523	14	103	1498.5	1985.5	2.83653861922e-05	0.000426234748788	135	135
92.0	92.0	75.0	109.0	109.0	94.0	11	0.00165165965155	0.000280796492162	DLR00012709-2009-07-01_16-56-20	0.00312534469102	14	103	1633.5	1985.5	3.80805642468e-05	0.000479514092386	135	135
91.0	91.0	75.0	103.0	105.0	86.0	12	0.0	0.000209397403559	DLR00012709-2009-07-01_16-56-20	0.00197636639384	14	103	1771.5	1980.5	5.68984366857e-06	0.000106558687197	135	135
91.0	91.0	74.0	103.0	104.0	88.0	13	0.0	0.000224627920285	DLR00012709-2009-07-01_16-56-20	0.00260893337953	14	103	1906.5	1985.5	3.05184717741e-06	5.32793435985e-05	135	135
90.0	90.0	73.0	103.0	102.5	88.5	14	0.000213117374394	0.000222478068938	DLR00012709-2009-07-01_16-56-20	0.00120375478024	14	103	2039.5	1977.5	1.20663790488e-05	0.000213117374394	135	135
90.0	89.0	73.0	101.0	106.0	95.0	15	0.00644680057542	0.000296538088919	DLR00012709-2009-07-01_16-56-20	0.00241512573023	14	103	2184.5	1993.5	0.000921859203289	0.0120944109969	135	135
90.0	89.0	73.0				16	0.0		DLR00012709-2009-07-01_16-56-20	0.00123373850115	14	103	2317.5	1980.5	0.0	0.0	135	135
91.0	89.0	72.0	104.0	104.0	87.0	17	0.00101230752837	0.000231793121587	DLR00012709-2009-07-01_16-56-20	0.00214507455332	14	103	2466.5	1985.5	6.81449479078e-05	0.00111886621557	135	135
91.0	89.0	72.0				18	0.0		DLR00012709-2009-07-01_16-56-20	0.00099136377257	14	103	2591.5	1985.5	0.0	0.0	135	135
91.0	89.0	72.0	100.0	102.0	87.0	19	0.000532793435985	0.000219391432388	DLR00012709-2009-07-01_16-56-20	0.00180855571027	14	103	2725.5	1985.5	2.17902859332e-05	0.000372955405189	135	135
90.0	88.0	72.0	104.0	104.0	89.5	20	0.00154510096436	0.00023876414205	DLR00012709-2009-07-01_16-56-20	0.0016115654838	14	103	2866.5	1983.5	8.77927236935e-05	0.00138526293356	135	135
90.0	88.0	72.0	101.0	102.0	86.0	21	0.00069263146678	0.000234287471303	DLR00012709-2009-07-01_16-56-20	0.00323948901422	14	103	3004.5	1985.5	4.15126876195e-05	0.00069263146678	135	135
89.0	86.0	70.0				22	0.0		DLR00012709-2009-07-01_16-56-20	0.00111795685163	14	103	3137.5	1985.5	0.0	0.0	135	135
87.0	84.0	69.0	97.0	96.0	83.0	23	5.32793435985e-05	0.000211737809664	DLR00012709-2009-07-01_16-56-20	0.00304517803931	14	103	3268.5	1985.5	8.69043610075e-06	0.000159838030795	135	135
86.0	83.0	69.0	98.0	98.0	84.0	24	0.000159838030795	0.000248524526785	DLR00012709-2009-07-01_16-56-20	0.00090415681355	14	103	3412.5	1985.5	6.75302406416e-06	0.000106558687197	135	135
92.0	90.0	76.0	106.0	104.0	92.5	1	0.000319676061591	0.000225580739754	DLR00012709-2009-07-01_16-56-20	0.00269494910942	15	103	269.5	2127.5	6.1295848087e-06	0.000106558687197	135	135
94.0	91.0	76.0	104.5	103.0	89.0	2	0.000159838030795	0.000213000817117	DLR00012709-2009-07-01_16-56-20	0.0015852468142	15	103	409.5	2124.5	1.75872722455e-05	0.000319676061591	135	135
96.0	93.0	78.0	109.0	108.5	95.5	3	0.0036229953647	0.000245474859433	DLR00012709-2009-07-01_16-56-20	0.00364249998589	15	103	544.5	2122.5	0.000133006397201	0.00181149768235	135	135
97.0	94.0	78.0	109.0	108.0	94.0	4	0.0	0.000215781701501	DLR00012709-2009-07-01_16-56-20	0.00191192922043	15	103	675.5	2123.5	5.86332078245e-06	0.000106558687197	135	135
97.0	94.0	78.0	109.5	109.5	92.5	5	0.000586072779583	0.000227652744084	DLR00012709-2009-07-01_16-56-20	0.00299370849176	15	103	815.5	2129.5	1.29666762586e-05	0.000213117374394	135	135
96.0	94.0	77.0				6	0.0		DLR00012709-2009-07-01_16-56-20	0.00178540950807	15	103	952.5	2124.5	0.0	0.0	135	135
96.0	94.0	78.0	112.5	115.5	100.5	7	0.000905748841174	0.000303972597637	DLR00012709-2009-07-01_16-56-20	0.00331928449558	15	103	1090.5	2122.5	3.41100752992e-05	0.000426234748788	135	135
95.0	93.0	76.0	110.0	107.0	92.0	8	5.32793435985e-05	0.000217258375334	DLR00012709-2009-07-01_16-56-20	0.00185715947545	15	103	1222.5	2122.5	2.95172282542e-06	5.32793435985e-05	135	135
94.0	92.0	75.0	106.0	106.0	92.0	9	0.00069263146678	0.000228046052933	DLR00012709-2009-07-01_16-56-20	0.00434195121576	15	103	1366.5	2122.5	9.43704558604e-06	0.000159838030795	135	135
92.0	91.0	74.0				10	0.0		DLR00012709-2009-07-01_16-56-20	0.00311771826791	15	103	1497.5	2122.5	0.0	0.0	135	135
92.0	91.0	74.0	105.0	103.0	89.0	11	0.000426234748788	0.000223139264958	DLR00012709-2009-07-01_16-56-20	0.0029707938305	15	103	1630.5	2122.5	2.81694434483e-05	0.000479514092386	135	135
91.0	90.0	73.0	104.0	105.0	92.0	12	0.000639352123182	0.000257691880368	DLR00012709-2009-07-01_16-56-20	0.00115572217512	15	103	1771.5	2122.5	2.87544915313e-05	0.000426234748788	135	135
91.0	90.0	73.0	108.0	109.0	93.0	13	0.000745910810379	0.000288092588923	DLR00012709-2009-07-01_16-56-20	0.00141872452628	15	103	1901.5	2122.5	2.06848058122e-05	0.000266396717992	135	135
91.0	89.0	72.0				14	0.0		DLR00012709-2009-07-01_16-56-20	0.00141805449468	15	103	2043.5	2122.5	0.0	0.0	135	135
91.0	89.0	72.0	102.0	102.0	87.0	15	0.0	0.000218076998962	DLR00012709-2009-07-01_16-56-20	0.00265892432652	15	103	2189.5	2122.5	8.97014343009e-06	0.000159838030795	135	135
91.0	89.0	72.0	102.0	102.0	88.0	16	0.000106558687197	0.000217746466887	DLR00012709-2009-07-01_16-56-20	0.00116785789054	15	103	2323.5	2122.5	2.95835415079e-06	5.32793435985e-05	135	135
91.0	89.0	72.0				17	0.0		DLR00012709-2009-07-01_16-56-20	0.00265196026097	15	103	2458.5	2122.5	0.0	0.0	135	135
91.0	89.0	72.0	104.0	104.0	88.0	18	0.000426234748788	0.000230771441761	DLR00012709-2009-07-01_16-56-20	0.00112854683439	15	103	2591.5	2128.5	9.39503536276e-06	0.000159838030795	135	135
91.0	89.0	73.0	105.0	106.0	93.0	19	0.00314348127231	0.000275662835788	DLR00012709-2009-07-01_16-56-20	0.00270159252208	15	103	2730.5	2125.5	0.000239978022841	0.00325003995951	135	135
92.0	89.0	73.0	118.0	115.0	100.0	20	0.00127870424636	0.000423591279841	DLR00012709-2009-07-01_16-56-20	0.00217666322229	15	103	2871.5	2124.5	5.33748385641e-05	0.000479514092386	135	135
92.0	88.0	72.0	101.0	100.0	86.0	21	0.000106558687197	0.000207973756518	DLR00012709-2009-07-01_16-56-20	0.00308417646976	15	103	3001.5	2122.5	5.65115966881e-06	0.000106558687197	135	135
89.0	86.0	71.0	102.0	101.0	85.0	22	0.000213117374394	0.000230046472125	DLR00012709-2009-07-01_16-56-20	0.00122164295278	15	103	3137.5	2122.5	9.4593612693e-06	0.000159838030795	135	135
88.0	85.0	70.0	96.0	97.0	81.0	23	0.0	0.000216876495419	DLR00012709-2009-07-01_16-56-20	0.0029464704174	15	103	3264.5	2122.5	9.10315446248e-06	0.000159838030795	135	135
87.0	84.0	70.0				24	0.0		DLR00012709-2009-07-01_16-56-20	0.00186875760237	15	103	3417.5	2131.5	0.0	0.0	135	135
97.0	96.0	85.0				1	0.0147583781768		DLR00012709-2009-07-01_16-56-20	-0.00022881911994	16	103	271.5	2261.5	0.0	0.0	135	135
99.0	97.0	86.0	117.5	116.0	106.0	2	0.0143854227716	0.000250931537097	DLR00012709-2009-07-01_16-56-20	-0.00112332136912	16	103	409.5	2261.5	7.87025817775e-05	0.00106558687197	135	135
101.0	99.0	86.0	128.0	131.0	125.0	3	0.0106025893761	0.000362015444209	DLR00012709-2009-07-01_16-56-20	0.000606701785716	16	103	553.5	2261.5	0.000343815412408	0.00261068783633	135	135
101.0	99.0	85.0	120.0	119.0	105.0	4	0.000639352123182	0.000223605752917	DLR00012709-2009-07-01_16-56-20	-0.000533513531748	16	103	678.5	2261.5	3.03795977377e-06	5.32793435985e-05	135	135
100.0	98.0	84.0	175.0	189.0	187.0	5	0.00916404709894	0.000425337193266	DLR00012709-2009-07-01_16-56-20	0.00101424765975	16	103	815.5	2261.5	0.000594461578475	0.00559433107784	135	135
99.0	96.0	81.0	125.0	125.0	112.0	6	0.00122542490277	0.000377775116052	DLR00012709-2009-07-01_16-56-20	-8.934897554e-06	16	103	952.5	2261.5	3.59404506657e-05	0.000372955405189	135	135
99.0	97.0	82.0	111.0	112.0	94.5	7	0.000426234748788	0.000254950074675	DLR00012709-2009-07-01_16-56-20	0.00204952256987	16	103	1089.5	2261.5	6.92762204084e-06	0.000106558687197	135	135
98.0	95.0	79.0				8	0.0		DLR00012709-2009-07-01_16-56-20	9.76542702098e-07	16	103	1226.5	2261.5	0.0	0.0	135	135
97.0	94.0	78.0	106.0	107.0	91.0	9	0.000319676061591	0.000213718187242	DLR00012709-2009-07-01_16-56-20	0.00142177201656	16	103	1357.5	2263.5	8.91154677212e-06	0.000159838030795	135	135
95.0	93.0	77.0	105.0	105.0	89.0	10	0.00101230752837	0.000230184699358	DLR00012709-2009-07-01_16-56-20	-0.000138422116723	16	103	1497.5	2266.5	3.12734287049e-06	5.32793435985e-05	135	135
95.0	93.0	77.0				11	0.00111886621557		DLR00012709-2009-07-01_16-56-20	0.00111534655077	16	103	1637.5	2261.5	0.0	0.0	135	135
95.0	93.0	77.0	118.0	121.5	108.5	12	0.00447546486227	0.000356613974099	DLR00012709-2009-07-01_16-56-20	-0.000927302676094	16	103	1766.5	2261.5	3.0963982594e-05	0.000319676061591	135	135
95.0	94.0	78.0	176.0	194.0	191.0	13	0.0155575683308	0.000404267709651	DLR00012709-2009-07-01_16-56-20	0.000192180814327	16	103	1904.5	2265.5	0.000655579089362	0.00591400713943	135	135
94.0	92.0	76.0	96.0	108.0	107.0	14	0.00452874420587	0.000322836661522	DLR00012709-2009-07-01_16-56-20	-0.000631271435155	16	103	2046.5	2261.5	0.000163479461212	0.00186477702595	135	135
95.0	92.0	76.0	105.0	104.0	90.0	15	0.00165165965155	0.000221858577147	DLR00012709-2009-07-01_16-56-20	0.000621336785067	16	103	2184.5	2259.5	1.79408161951e-05	0.000319676061591	135	135
95.0	93.0	77.0	116.0	118.0	106.0	16	0.00122542490277	0.00021258928214	DLR00012709-2009-07-01_16-56-20	-0.00144921679713	16	103	2317.5	2261.5	2.88828743916e-06	5.32793435985e-05	135	135
97.0	95.0	79.0	158.0	177.0	175.0	17	0.019500239757	0.000239910863062	DLR00012709-2009-07-01_16-56-20	0.0028201539378	16	103	2463.5	2269.5	0.00279486348759	0.0453940007459	135	135
96.0	94.0	79.0	156.0	175.0	172.0	18	0.0182215355107	0.000221810388442	DLR00012709-2009-07-01_16-56-20	-0.00119348226322	16	103	2591.5	2261.5	7.07058567166e-05	0.00122542490277	135	135
97.0	95.0	80.0	159.0	176.0	173.0	19	0.0192338430391	0.000239749241454	DLR00012709-2009-07-01_16-56-20	0.000877056407318	16	103	2734.5	2261.5	0.000448799778071	0.00729927007299	135	135
97.0	95.0	81.0	164.0	180.0	178.0	20	0.0369225851138	0.000274928937992	DLR00012709-2009-07-01_16-56-20	0.00384793470777	16	103	2866.5	2270.5	0.00469026496351	0.0644680057542	135	135
97.0	96.0	82.0	168.0	184.0	182.0	21	0.0308487399435	0.000271992969183	DLR00012709-2009-07-01_16-56-20	0.00437397076639	16	103	2995.5	2269.5	0.00441028463699	0.0571687356812	135	135
94.0	91.0	78.0	103.5	101.0	86.5	22	0.000426234748788	0.00022546783351	DLR00012709-2009-07-01_16-56-20	-0.000593616025291	16	103	3137.5	2254.5	6.12651686772e-06	0.000106558687197	135	135
94.0	93.0	81.0	171.0	192.0	190.0	23	0.0371357024881	0.000327122976817	DLR00012709-2009-07-01_16-56-20	0.00532214817507	16	103	3269.5	2267.5	0.00551054326918	0.0598327028611	135	135
91.0	89.0	78.0	117.0	123.0	117.0	24	0.0035697160211	0.000224064643117	DLR00012709-2009-07-01_16-56-20	-0.00107702588601	16	103	3414.5	2251.5	3.67272236914e-05	0.000639352123182	135	135
