95.0	96.0	85.0	136.0	144.0	136.0	1	0.0155042889872	0.000717894109604	DLR00012709-2009-07-02_23-07-28	0.0827248647914	1	103	271.5	212.5	0.0852633560996	0.484362512654	135	135
98.0	99.0	87.0	138.0	146.0	137.0	2	0.0237625872449	0.000751829555851	DLR00012709-2009-07-02_23-07-28	0.0921026749903	1	103	413.5	215.5	0.091802783729	0.495604454153	135	135
102.0	102.0	90.0	145.0	155.0	147.0	3	0.0256806436145	0.000795781334104	DLR00012709-2009-07-02_23-07-28	0.0898356629387	1	103	544.5	212.5	0.0904889634396	0.464116362086	135	135
104.0	104.0	91.0	144.0	153.0	145.0	4	0.0238691459321	0.000729233424025	DLR00012709-2009-07-02_23-07-28	0.0815285278198	1	103	678.5	207.5	0.0821903091056	0.462038467686	135	135
104.0	106.0	91.0	149.0	160.0	151.0	5	0.0299962704459	0.00078951849681	DLR00012709-2009-07-02_23-07-28	0.100072382097	1	103	815.5	211.5	0.100813902931	0.521658053173	135	135
105.0	106.0	91.0	144.0	153.0	143.0	6	0.0309020192871	0.000696081942115	DLR00012709-2009-07-02_23-07-28	0.0720741470905	1	103	952.5	207.5	0.0729183681987	0.431243007086	135	135
105.0	106.0	92.0	148.0	160.0	151.0	7	0.0303692258511	0.000795623469954	DLR00012709-2009-07-02_23-07-28	0.0967717156075	1	103	1082.5	211.5	0.0978993512534	0.501838137354	135	135
105.0	107.0	92.0	145.0	157.0	146.0	8	0.0297831530716	0.00071927732792	DLR00012709-2009-07-02_23-07-28	0.0862751327983	1	103	1221.5	206.5	0.0869292005387	0.491448665352	135	135
106.0	107.0	93.0	147.0	160.0	150.0	9	0.0271724652352	0.00077813085986	DLR00012709-2009-07-02_23-07-28	0.0922926236323	1	103	1354.5	205.5	0.0933564095317	0.497522510523	135	135
105.0	107.0	92.0	141.0	151.0	140.0	10	0.0272257445788	0.000646116428651	DLR00012709-2009-07-02_23-07-28	0.0697517262444	1	103	1492.5	203.5	0.0713124312464	0.44743992754	135	135
105.0	107.0	92.0	147.0	161.0	152.0	11	0.0285044488252	0.000784432646191	DLR00012709-2009-07-02_23-07-28	0.0984581336759	1	103	1626.5	207.5	0.100305409042	0.521231818424	135	135
106.0	108.0	94.0	145.0	157.0	147.0	12	0.0266396717992	0.000729480620637	DLR00012709-2009-07-02_23-07-28	0.0790883005747	1	103	1778.5	201.5	0.0814036500933	0.454526080239	135	135
103.0	105.0	91.0	148.0	162.0	154.0	13	0.0210453407214	0.000802538809912	DLR00012709-2009-07-02_23-07-28	0.103369255301	1	103	1908.5	211.5	0.103564045368	0.527731898343	135	135
102.0	103.0	88.0	140.0	151.0	140.0	14	0.0217912515318	0.000635371148761	DLR00012709-2009-07-02_23-07-28	0.0640890923298	1	103	2046.5	211.5	0.0658512513257	0.420693697054	135	135
104.0	106.0	92.0	148.0	162.0	153.0	15	0.0305823432255	0.000822872285765	DLR00012709-2009-07-02_23-07-28	0.0952602084618	1	103	2184.5	204.5	0.0980524365868	0.489157653578	135	135
103.0	104.0	89.0	145.0	156.0	146.0	16	0.0267462304864	0.000713920149387	DLR00012709-2009-07-02_23-07-28	0.078206896392	1	103	2316.5	211.5	0.0795102407597	0.444829239704	135	135
105.0	107.0	93.0	148.0	161.0	152.0	17	0.0280782140764	0.000795283835906	DLR00012709-2009-07-02_23-07-28	0.0969078502607	1	103	2449.5	201.5	0.0993489010513	0.505088177314	135	135
105.0	106.0	92.0	144.0	154.0	144.0	18	0.0261601577069	0.000702751977099	DLR00012709-2009-07-02_23-07-28	0.0783274927415	1	103	2591.5	202.5	0.0798833804375	0.456710533326	135	135
103.0	104.0	91.0	149.0	160.0	151.0	19	0.0277585380148	0.000796345482886	DLR00012709-2009-07-02_23-07-28	0.100205859095	1	103	2730.5	204.5	0.101974585813	0.510895625766	135	135
100.0	101.0	87.0	144.0	154.0	144.0	20	0.0265863924556	0.000757796469957	DLR00012709-2009-07-02_23-07-28	0.0765727798729	1	103	2866.5	211.5	0.0785157868798	0.432734828707	135	135
100.0	102.0	90.0	146.0	157.0	149.0	21	0.0291438009484	0.000860515471987	DLR00012709-2009-07-02_23-07-28	0.107322118194	1	103	2996.5	203.5	0.108458863988	0.515797325377	135	135
96.0	97.0	85.0	136.0	144.0	135.0	22	0.0280782140764	0.000703284986097	DLR00012709-2009-07-02_23-07-28	0.0774481880469	1	103	3137.5	211.5	0.0768837246472	0.437157014226	135	135
94.0	95.0	85.0	140.0	149.0	141.0	23	0.0227502797166	0.00086609058425	DLR00012709-2009-07-02_23-07-28	0.105922199423	1	103	3264.5	203.5	0.106778412362	0.506846395652	135	135
94.0	95.0	85.0	131.0	138.0	129.0	24	0.0118280142789	0.000607143455716	DLR00012709-2009-07-02_23-07-28	0.057200833312	1	103	3419.5	211.5	0.0614882055886	0.412435398796	135	135
93.0	93.0	81.0	137.0	146.0	138.0	1	0.0259470403325	0.000854614141876	DLR00012709-2009-07-02_23-07-28	0.111040763731	2	103	263.5	344.5	0.110639141772	0.527039266876	135	135
97.0	97.0	84.0	135.0	144.0	135.0	2	0.0535990196601	0.00075962583342	DLR00012709-2009-07-02_23-07-28	0.0830650740245	2	103	409.5	337.5	0.0792928359509	0.425808514039	135	135
99.0	99.0	86.0	147.0	161.0	155.0	3	0.0498161862646	0.000968780232202	DLR00012709-2009-07-02_23-07-28	0.127272282235	2	103	543.5	344.5	0.124016768087	0.533113112046	135	135
100.0	100.0	86.0	139.0	148.0	138.0	4	0.0530129468805	0.00071929513118	DLR00012709-2009-07-02_23-07-28	0.0727806421289	2	103	678.5	334.5	0.0698745470063	0.397357344558	135	135
101.0	101.0	86.0	146.0	159.0	150.0	5	0.0453940007459	0.000870315012414	DLR00012709-2009-07-02_23-07-28	0.105307105191	2	103	810.5	344.5	0.102739134963	0.492034738132	135	135
101.0	101.0	85.0	140.0	151.0	140.0	6	0.0535457403165	0.000731892878944	DLR00012709-2009-07-02_23-07-28	0.0850572910417	2	103	944.5	344.5	0.0830662744985	0.459907293942	135	135
101.0	101.0	85.0	147.0	161.0	152.0	7	0.049496510203	0.000885818845038	DLR00012709-2009-07-02_23-07-28	0.103216249586	2	103	1086.5	344.5	0.10107435775	0.482497735628	135	135
100.0	101.0	84.0	141.0	154.0	142.0	8	0.0524801534445	0.000772830071717	DLR00012709-2009-07-02_23-07-28	0.0847856024527	2	103	1226.5	344.5	0.083531510644	0.449411263253	135	135
99.0	100.0	84.0	147.0	162.0	153.0	9	0.0489104374234	0.000910785769765	DLR00012709-2009-07-02_23-07-28	0.11909886979	2	103	1357.5	343.5	0.11828424973	0.526133518035	135	135
98.0	99.0	83.0	139.0	152.0	141.0	10	0.0533326229421	0.000778084977029	DLR00012709-2009-07-02_23-07-28	0.0843131092204	2	103	1497.5	344.5	0.0840020543375	0.444349725611	135	135
98.0	100.0	83.0	145.0	161.0	152.0	11	0.0400660663861	0.00092301193497	DLR00012709-2009-07-02_23-07-28	0.117281150924	2	103	1636.5	344.5	0.117241223973	0.526613032127	135	135
98.0	99.0	83.0	137.0	150.0	138.0	12	0.0477915712078	0.000735595481899	DLR00012709-2009-07-02_23-07-28	0.086016455012	2	103	1771.5	341.5	0.0855495846793	0.476210773083	135	135
98.0	99.0	83.0	143.0	159.0	149.0	13	0.0592999094251	0.000887416213623	DLR00012709-2009-07-02_23-07-28	0.108760715879	2	103	1900.5	335.5	0.108472578696	0.505674250093	135	135
97.0	98.0	81.0	140.0	153.0	142.0	14	0.0565826629016	0.000818660314936	DLR00012709-2009-07-02_23-07-28	0.0846757079662	2	103	2046.5	335.5	0.0852497307733	0.432734828707	135	135
97.0	99.0	82.0	146.0	161.0	153.0	15	0.0539186957217	0.000950339847584	DLR00012709-2009-07-02_23-07-28	0.120617817895	2	103	2181.5	344.5	0.119772209926	0.523256433481	135	135
98.0	98.0	82.0	139.0	151.0	139.0	16	0.0534924609729	0.000774608583578	DLR00012709-2009-07-02_23-07-28	0.0793079352671	2	103	2317.5	344.5	0.079500492999	0.422238798018	135	135
98.0	99.0	83.0	145.0	159.0	149.0	17	0.0522137567265	0.000903880160023	DLR00012709-2009-07-02_23-07-28	0.112427856548	2	103	2458.5	339.5	0.111365065739	0.508711172678	135	135
98.0	99.0	83.0	142.0	154.0	143.0	18	0.062496670041	0.000835641694774	DLR00012709-2009-07-02_23-07-28	0.0880027141874	2	103	2591.5	344.5	0.0854234421396	0.427460173691	135	135
98.0	98.0	83.0	143.0	156.0	146.0	19	0.048963716767	0.000885987767718	DLR00012709-2009-07-02_23-07-28	0.109652525488	2	103	2730.5	344.5	0.10732514349	0.496936437743	135	135
97.0	97.0	81.0	140.0	151.0	140.0	20	0.0683573978369	0.000822608131705	DLR00012709-2009-07-02_23-07-28	0.087619564437	2	103	2866.5	344.5	0.0862438089306	0.439234908626	135	135
96.0	96.0	81.0	146.0	159.0	151.0	21	0.0553039586552	0.00100136500285	DLR00012709-2009-07-02_23-07-28	0.130337896893	2	103	2998.5	344.5	0.12680425307	0.526080238691	135	135
93.0	92.0	78.0	136.0	146.0	136.0	22	0.0656934306569	0.000864996584518	DLR00012709-2009-07-02_23-07-28	0.104995494717	2	103	3137.5	344.5	0.101990455948	0.486387127711	135	135
90.0	90.0	77.0	140.0	152.0	144.0	23	0.0605253343279	0.00103722164746	DLR00012709-2009-07-02_23-07-28	0.131077415621	2	103	3274.5	344.5	0.127178435087	0.512653844105	135	135
90.0	89.0	78.0	131.0	138.0	129.0	24	0.0469391017103	0.000803643168908	DLR00012709-2009-07-02_23-07-28	0.0932304211783	2	103	3414.5	344.5	0.0943005034532	0.48297724972	135	135
93.0	93.0	81.0	141.0	153.0	146.0	1	0.0522670360701	0.000948280504585	DLR00012709-2009-07-02_23-07-28	0.120588585366	3	103	270.5	483.5	0.119071200739	0.526666311471	135	135
96.0	97.0	83.0	142.0	155.0	149.0	2	0.0615376418563	0.000929833263777	DLR00012709-2009-07-02_23-07-28	0.102951594566	3	103	409.5	483.5	0.0995003473718	0.448718631786	135	135
98.0	98.0	84.0	145.0	158.0	152.0	3	0.0468325430231	0.000921917831081	DLR00012709-2009-07-02_23-07-28	0.11280458103	3	103	544.5	491.5	0.110894297533	0.498641376738	135	135
99.0	100.0	85.0	143.0	156.0	147.0	4	0.0619105972614	0.000844362117978	DLR00012709-2009-07-02_23-07-28	0.0938301855352	3	103	671.5	492.5	0.0916218902141	0.456444136608	135	135
100.0	101.0	85.0	147.0	162.0	154.0	5	0.0473120571155	0.000912977032672	DLR00012709-2009-07-02_23-07-28	0.121134550113	3	103	815.5	483.5	0.119549718639	0.543182907987	135	135
100.0	101.0	85.0	144.0	159.0	151.0	6	0.0529063881933	0.000863527664668	DLR00012709-2009-07-02_23-07-28	0.104136032167	3	103	952.5	477.5	0.102818529022	0.49304704566	135	135
99.0	101.0	84.0	147.0	162.0	154.0	7	0.0441152964995	0.000913750465725	DLR00012709-2009-07-02_23-07-28	0.111770589883	3	103	1090.5	477.5	0.110989599547	0.504555383878	135	135
99.0	100.0	84.0	144.0	159.0	150.0	8	0.0541318130961	0.000869480420259	DLR00012709-2009-07-02_23-07-28	0.0991273157968	3	103	1217.5	483.5	0.0985251928876	0.469923810539	135	135
98.0	100.0	84.0	148.0	166.0	159.0	9	0.0489104374234	0.000984977807739	DLR00012709-2009-07-02_23-07-28	0.125114613188	3	103	1367.5	483.5	0.12474280489	0.523735947573	135	135
97.0	99.0	83.0	143.0	158.0	149.0	10	0.0715541584528	0.000881757707575	DLR00012709-2009-07-02_23-07-28	0.0982573674633	3	103	1497.5	476.5	0.0980622400527	0.464116362086	135	135
97.0	99.0	83.0	143.0	159.0	150.0	11	0.0572752943684	0.00090592985453	DLR00012709-2009-07-02_23-07-28	0.110080486886	3	103	1642.5	477.5	0.109763090489	0.505514412062	135	135
97.0	99.0	82.0	140.0	155.0	146.0	12	0.0513612872289	0.000843344508264	DLR00012709-2009-07-02_23-07-28	0.0938030461124	3	103	1766.5	483.5	0.0939381648572	0.464276200117	135	135
97.0	99.0	82.0	144.0	161.0	153.0	13	0.0580212051788	0.000938865021134	DLR00012709-2009-07-02_23-07-28	0.116849350836	3	103	1898.5	483.5	0.117312436872	0.519633438116	135	135
96.0	98.0	82.0	140.0	155.0	145.0	14	0.0672918109649	0.000850499666628	DLR00012709-2009-07-02_23-07-28	0.0998624476522	3	103	2048.5	476.5	0.0999940163455	0.489743726357	135	135
96.0	98.0	82.0	147.0	164.0	156.0	15	0.0531195055677	0.000994573331843	DLR00012709-2009-07-02_23-07-28	0.129344376729	3	103	2183.5	485.5	0.129415629151	0.535191006447	135	135
96.0	98.0	81.0	143.0	159.0	149.0	16	0.0653204752517	0.000908258646107	DLR00012709-2009-07-02_23-07-28	0.100013190339	3	103	2317.5	479.5	0.100428926314	0.462624540466	135	135
97.0	98.0	82.0	148.0	165.0	157.0	17	0.050562097075	0.001013855032	DLR00012709-2009-07-02_23-07-28	0.132916576825	3	103	2467.5	483.5	0.131757154427	0.531408173051	135	135
97.0	98.0	82.0	140.0	155.0	145.0	18	0.0573818530556	0.000867143880591	DLR00012709-2009-07-02_23-07-28	0.0886173703731	3	103	2591.5	491.5	0.0870911327342	0.419947786243	135	135
97.0	97.0	81.0	150.0	166.0	159.0	19	0.0561564281528	0.00106428202496	DLR00012709-2009-07-02_23-07-28	0.140460334389	3	103	2727.5	483.5	0.138800941921	0.539932868027	135	135
96.0	96.0	80.0	140.0	152.0	142.0	20	0.0746976397251	0.00086070804098	DLR00012709-2009-07-02_23-07-28	0.0966971322026	3	103	2866.5	481.5	0.0949180807819	0.46358356865	135	135
95.0	95.0	80.0	148.0	162.0	155.0	21	0.0555703553732	0.00106878966923	DLR00012709-2009-07-02_23-07-28	0.141119772384	3	103	3001.5	483.5	0.138429820187	0.537535297565	135	135
93.0	93.0	78.0	138.0	150.0	140.0	22	0.0651606372209	0.000926533146677	DLR00012709-2009-07-02_23-07-28	0.114052368332	3	103	3137.5	480.5	0.110624852893	0.49171506207	135	135
91.0	90.0	76.0	143.0	158.0	151.0	23	0.0580744845224	0.00113498405472	DLR00012709-2009-07-02_23-07-28	0.152305226614	3	103	3270.5	483.5	0.148597190911	0.545580478449	135	135
90.0	89.0	77.0	135.0	146.0	138.0	24	0.0555170760296	0.000973180259933	DLR00012709-2009-07-02_23-07-28	0.123105634384	3	103	3414.5	483.5	0.123734316501	0.522563802014	135	135
94.0	93.0	81.0	142.0	154.0	149.0	1	0.048164526613	0.000969963082169	DLR00012709-2009-07-02_23-07-28	0.128460777661	4	103	263.5	617.5	0.127865939673	0.546859182695	135	135
97.0	97.0	83.0	134.0	144.0	135.0	2	0.0604187756407	0.000731382569258	DLR00012709-2009-07-02_23-07-28	0.0660497779825	4	103	409.5	622.5	0.063507582447	0.354946987053	135	135
98.0	98.0	84.0	146.0	160.0	153.0	3	0.0463530289307	0.000940052340732	DLR00012709-2009-07-02_23-07-28	0.118354071033	4	103	538.5	619.5	0.116233108958	0.51169481592	135	135
99.0	100.0	85.0	138.0	149.0	139.0	4	0.0585007192711	0.000733001796579	DLR00012709-2009-07-02_23-07-28	0.0711109346328	4	103	686.5	619.5	0.0690871655994	0.387394107305	135	135
100.0	101.0	85.0	146.0	161.0	154.0	5	0.0469391017103	0.000905200661515	DLR00012709-2009-07-02_23-07-28	0.114237917768	4	103	816.5	621.5	0.112580200426	0.516543236187	135	135
99.0	101.0	84.0	138.0	151.0	140.0	6	0.057328573712	0.000736188670244	DLR00012709-2009-07-02_23-07-28	0.0735323017588	4	103	952.5	623.5	0.0721310802516	0.396345037029	135	135
99.0	100.0	84.0	147.0	163.0	154.0	7	0.0479514092386	0.000916835630579	DLR00012709-2009-07-02_23-07-28	0.11294787969	4	103	1086.5	619.5	0.112344174971	0.507485747776	135	135
98.0	100.0	84.0	139.0	152.0	142.0	8	0.0612179657947	0.000765299578254	DLR00012709-2009-07-02_23-07-28	0.0724568084859	4	103	1226.5	612.5	0.0724614745881	0.394267142629	135	135
98.0	100.0	84.0	145.0	161.0	153.0	9	0.0542916511269	0.000915405659063	DLR00012709-2009-07-02_23-07-28	0.113356665469	4	103	1361.5	619.5	0.113251497547	0.506260322873	135	135
97.0	99.0	83.0	139.0	154.0	145.0	10	0.0671852522777	0.00081974427981	DLR00012709-2009-07-02_23-07-28	0.0853987026127	4	103	1497.5	619.5	0.0855193937906	0.436411103415	135	135
97.0	99.0	83.0	142.0	159.0	151.0	11	0.0507752144494	0.000906232657296	DLR00012709-2009-07-02_23-07-28	0.108991444544	4	103	1632.5	624.5	0.108075347795	0.487399435239	135	135
97.0	98.0	82.0	137.0	152.0	143.0	12	0.0577548084608	0.000809020338585	DLR00012709-2009-07-02_23-07-28	0.0885824634948	4	103	1771.5	616.5	0.0885467920128	0.446054664607	135	135
96.0	98.0	82.0	143.0	160.0	152.0	13	0.0514145665725	0.000925946882755	DLR00012709-2009-07-02_23-07-28	0.113611079796	4	103	1909.5	628.5	0.114387736442	0.510629229048	135	135
96.0	98.0	82.0	136.0	150.0	140.0	14	0.0623901113538	0.000776956847243	DLR00012709-2009-07-02_23-07-28	0.080752113769	4	103	2052.5	619.5	0.0818195264309	0.4373701316	135	135
96.0	98.0	82.0	144.0	161.0	153.0	15	0.0483776439874	0.000940642088497	DLR00012709-2009-07-02_23-07-28	0.111913989557	4	103	2179.5	619.5	0.112778513341	0.499866801641	135	135
96.0	97.0	81.0	137.0	151.0	141.0	16	0.0615376418563	0.000801455770233	DLR00012709-2009-07-02_23-07-28	0.0841453701258	4	103	2326.5	609.5	0.0844078486943	0.433427460174	135	135
96.0	98.0	81.0	143.0	159.0	151.0	17	0.0441685758431	0.000926473862956	DLR00012709-2009-07-02_23-07-28	0.107833818741	4	103	2458.5	625.5	0.107854776987	0.478341946827	135	135
97.0	97.0	82.0	140.0	155.0	145.0	18	0.0676647663701	0.000868594744036	DLR00012709-2009-07-02_23-07-28	0.0932284643044	4	103	2591.5	617.5	0.0917567906789	0.443550535457	135	135
96.0	97.0	81.0	146.0	162.0	154.0	19	0.0539186957217	0.000999986990538	DLR00012709-2009-07-02_23-07-28	0.136070534259	4	103	2720.5	619.5	0.134508431337	0.553359262614	135	135
96.0	97.0	80.0	138.0	152.0	141.0	20	0.0568490596196	0.000855476870911	DLR00012709-2009-07-02_23-07-28	0.0950052880024	4	103	2866.5	620.5	0.0925419025118	0.45084980553	135	135
95.0	95.0	80.0	144.0	158.0	149.0	21	0.0585539986147	0.000989363225571	DLR00012709-2009-07-02_23-07-28	0.12864273673	4	103	2996.5	619.5	0.126237520948	0.529969630774	135	135
93.0	93.0	78.0	138.0	149.0	139.0	22	0.0661729447493	0.000909130235753	DLR00012709-2009-07-02_23-07-28	0.102941475693	4	103	3139.5	619.5	0.0998971625644	0.465235228302	135	135
91.0	91.0	77.0	142.0	156.0	149.0	23	0.0560498694656	0.00108937701301	DLR00012709-2009-07-02_23-07-28	0.150580396164	4	103	3271.5	619.5	0.147302067002	0.554744525547	135	135
90.0	90.0	77.0	135.0	145.0	136.0	24	0.0675582076829	0.00093975283525	DLR00012709-2009-07-02_23-07-28	0.115948499703	4	103	3414.5	616.5	0.116067478117	0.508498055304	135	135
94.0	93.0	81.0	139.0	150.0	143.0	1	0.0522670360701	0.0008942114725	DLR00012709-2009-07-02_23-07-28	0.1172151254	5	103	268.5	756.5	0.116248852974	0.540305823432	135	135
97.0	97.0	82.0	139.0	151.0	144.0	2	0.0574884117428	0.000849363419843	DLR00012709-2009-07-02_23-07-28	0.0963386071543	5	103	409.5	756.5	0.0937088098542	0.454899035644	135	135
98.0	99.0	84.0	149.0	164.0	158.0	3	0.0468325430231	0.000992715772905	DLR00012709-2009-07-02_23-07-28	0.13184409013	5	103	535.5	750.5	0.129215447168	0.541264851617	135	135
99.0	100.0	84.0	143.0	156.0	148.0	4	0.0423037988172	0.000840900432439	DLR00012709-2009-07-02_23-07-28	0.0961807324608	5	103	678.5	756.5	0.0945543526515	0.466620491236	135	135
100.0	101.0	85.0	147.0	162.0	155.0	5	0.0413447706324	0.00092150562804	DLR00012709-2009-07-02_23-07-28	0.11483965358	5	103	815.5	756.5	0.11357014044	0.507965261868	135	135
99.0	101.0	84.0	140.0	154.0	144.0	6	0.0447013692791	0.000796122135031	DLR00012709-2009-07-02_23-07-28	0.0818535048582	5	103	952.5	746.5	0.0810699509965	0.419947786243	135	135
99.0	100.0	84.0	147.0	163.0	156.0	7	0.0518408013213	0.000938061042437	DLR00012709-2009-07-02_23-07-28	0.121720123679	5	103	1082.5	756.5	0.121148116435	0.532899994672	135	135
98.0	100.0	84.0	144.0	158.0	149.0	8	0.0737386115403	0.000865579184963	DLR00012709-2009-07-02_23-07-28	0.0925416448686	5	103	1226.5	748.5	0.091884774586	0.443230859396	135	135
97.0	99.0	84.0	147.0	164.0	157.0	9	0.0467792636795	0.000966270175389	DLR00012709-2009-07-02_23-07-28	0.122775418367	5	103	1363.5	753.5	0.12303834167	0.525973680004	135	135
97.0	99.0	83.0	139.0	154.0	145.0	10	0.0581810432095	0.000827200023468	DLR00012709-2009-07-02_23-07-28	0.0949816012054	5	103	1497.5	746.5	0.0953129786396	0.478448505514	135	135
96.0	98.0	83.0	144.0	161.0	153.0	11	0.0609515690767	0.000953161425086	DLR00012709-2009-07-02_23-07-28	0.119954318343	5	103	1636.5	750.5	0.119674771857	0.524268741009	135	135
96.0	98.0	82.0	139.0	154.0	146.0	12	0.056529383558	0.000847058105311	DLR00012709-2009-07-02_23-07-28	0.0954441768067	5	103	1771.5	765.5	0.0964609615108	0.474452554745	135	135
96.0	98.0	82.0	147.0	165.0	158.0	13	0.0532793435985	0.0010085855751	DLR00012709-2009-07-02_23-07-28	0.134135829829	5	103	1913.5	750.5	0.135086689018	0.5472321381	135	135
96.0	97.0	81.0	138.0	154.0	144.0	14	0.0609515690767	0.000829748604235	DLR00012709-2009-07-02_23-07-28	0.084473103446	5	103	2044.5	756.5	0.0857316798988	0.431562683148	135	135
96.0	97.0	81.0	145.0	162.0	155.0	15	0.0531727849113	0.000975156467708	DLR00012709-2009-07-02_23-07-28	0.123338748892	5	103	2177.5	753.5	0.12419320223	0.527358942938	135	135
96.0	97.0	81.0	140.0	155.0	145.0	16	0.0695828227396	0.000863846180584	DLR00012709-2009-07-02_23-07-28	0.0981624250099	5	103	2317.5	762.5	0.0984410394666	0.467526240077	135	135
96.0	97.0	81.0	145.0	161.0	153.0	17	0.0594064681123	0.00096648791132	DLR00012709-2009-07-02_23-07-28	0.122821575362	5	103	2458.5	759.5	0.122681554915	0.526559752784	135	135
96.0	97.0	80.0	139.0	152.0	141.0	18	0.0696361020832	0.000837836488809	DLR00012709-2009-07-02_23-07-28	0.0902715050049	5	103	2591.5	755.5	0.0897265511269	0.444829239704	135	135
96.0	97.0	81.0	146.0	162.0	154.0	19	0.0510416111674	0.00100447404289	DLR00012709-2009-07-02_23-07-28	0.129881228298	5	103	2727.5	756.5	0.128509482671	0.531781128456	135	135
96.0	96.0	80.0	141.0	153.0	143.0	20	0.0689434706164	0.00088427929871	DLR00012709-2009-07-02_23-07-28	0.107959540157	5	103	2867.5	754.5	0.105713573897	0.489210932921	135	135
96.0	95.0	79.0	141.0	153.0	143.0	21	0.0582876018967	0.000917172976949	DLR00012709-2009-07-02_23-07-28	0.108639971964	5	103	3003.5	756.5	0.105477796952	0.476796845863	135	135
94.0	93.0	77.0	137.0	149.0	138.0	22	0.0752837125047	0.000891356732888	DLR00012709-2009-07-02_23-07-28	0.0977432294581	5	103	3137.5	752.5	0.0957793596702	0.445628429858	135	135
92.0	91.0	76.0	141.0	154.0	145.0	23	0.0612179657947	0.00103846796818	DLR00012709-2009-07-02_23-07-28	0.134140831957	5	103	3271.5	756.5	0.131070314807	0.524588417071	135	135
91.0	91.0	77.0	136.0	146.0	137.0	24	0.0644680057542	0.000947288064698	DLR00012709-2009-07-02_23-07-28	0.107793883727	5	103	3414.5	756.5	0.107618725262	0.470989397411	135	135
94.0	93.0	80.0	142.0	154.0	147.0	1	0.0421439607864	0.000951609805951	DLR00012709-2009-07-02_23-07-28	0.124425221357	6	103	271.5	893.5	0.123583080978	0.5339123022	135	135
97.0	97.0	83.0	137.0	148.0	140.0	2	0.056795780276	0.000796500777598	DLR00012709-2009-07-02_23-07-28	0.0923004774047	6	103	409.5	890.5	0.0899855080058	0.465395066333	135	135
98.0	98.0	84.0	148.0	163.0	158.0	3	0.042730033566	0.000984123538547	DLR00012709-2009-07-02_23-07-28	0.131212447971	6	103	544.5	892.5	0.129380053373	0.542064041771	135	135
99.0	100.0	84.0	139.0	150.0	140.0	4	0.0536522990037	0.000741022930018	DLR00012709-2009-07-02_23-07-28	0.0739536991077	6	103	670.5	887.5	0.071363519254	0.392668762321	135	135
100.0	101.0	85.0	148.0	163.0	155.0	5	0.0445948105919	0.000931711214009	DLR00012709-2009-07-02_23-07-28	0.120760670286	6	103	814.5	892.5	0.11953514865	0.523256433481	135	135
99.0	100.0	84.0	138.0	151.0	140.0	6	0.0440087378124	0.000750500299528	DLR00012709-2009-07-02_23-07-28	0.0671496046662	6	103	952.5	883.5	0.0665742086264	0.370184879322	135	135
98.0	100.0	84.0	146.0	162.0	153.0	7	0.0503489797006	0.000912099915793	DLR00012709-2009-07-02_23-07-28	0.102712069367	6	103	1090.5	892.5	0.102952750057	0.471309073472	135	135
98.0	99.0	83.0	139.0	152.0	142.0	8	0.069795940114	0.000780131526721	DLR00012709-2009-07-02_23-07-28	0.0773185864324	6	103	1226.5	895.5	0.0772866014869	0.409931269647	135	135
97.0	99.0	83.0	144.0	161.0	153.0	9	0.0461931908999	0.000915253158922	DLR00012709-2009-07-02_23-07-28	0.106393351833	6	103	1356.5	888.5	0.107180581941	0.491342106665	135	135
97.0	98.0	82.0	134.0	147.0	136.0	10	0.0531195055677	0.000718235059038	DLR00012709-2009-07-02_23-07-28	0.0659715961415	6	103	1497.5	886.5	0.0667961734233	0.377537428739	135	135
96.0	98.0	82.0	144.0	162.0	155.0	11	0.0530662262241	0.000963187007328	DLR00012709-2009-07-02_23-07-28	0.123074372425	6	103	1643.5	890.5	0.123387721692	0.534178698918	135	135
96.0	97.0	82.0	136.0	151.0	141.0	12	0.0556769140604	0.000786291841888	DLR00012709-2009-07-02_23-07-28	0.0752165178531	6	103	1771.5	885.5	0.0768774738876	0.405295966754	135	135
96.0	97.0	82.0	142.0	158.0	150.0	13	0.0481112472694	0.000907032417309	DLR00012709-2009-07-02_23-07-28	0.112392858788	6	103	1907.5	899.5	0.114096763331	0.513612872289	135	135
96.0	97.0	81.0	136.0	149.0	139.0	14	0.0694229847088	0.000774616088428	DLR00012709-2009-07-02_23-07-28	0.0763826663617	6	103	2038.5	892.5	0.0776444933632	0.411742767329	135	135
95.0	97.0	81.0	144.0	161.0	153.0	15	0.0519473600085	0.000956408950045	DLR00012709-2009-07-02_23-07-28	0.121986763413	6	103	2174.5	891.5	0.123096611092	0.52517448985	135	135
96.0	97.0	81.0	139.0	153.0	144.0	16	0.0612712451383	0.000849088874651	DLR00012709-2009-07-02_23-07-28	0.0910835375973	6	103	2312.5	892.5	0.0914522547267	0.445894826576	135	135
96.0	97.0	81.0	144.0	160.0	151.0	17	0.0495497895466	0.000956917844981	DLR00012709-2009-07-02_23-07-28	0.119110763223	6	103	2458.5	892.5	0.119142121172	0.51110874314	135	135
96.0	97.0	80.0	138.0	151.0	141.0	18	0.0561031488092	0.000838812341786	DLR00012709-2009-07-02_23-07-28	0.0935583909079	6	103	2591.5	895.5	0.0926860613008	0.455644946454	135	135
96.0	97.0	80.0	145.0	160.0	151.0	19	0.0535457403165	0.000981488763124	DLR00012709-2009-07-02_23-07-28	0.127919948364	6	103	2731.5	898.5	0.12631549844	0.537268900847	135	135
96.0	96.0	80.0	139.0	151.0	141.0	20	0.0570088976504	0.000859332357221	DLR00012709-2009-07-02_23-07-28	0.103748174953	6	103	2866.5	891.5	0.101398130649	0.483989557249	135	135
96.0	95.0	79.0	145.0	159.0	150.0	21	0.0580744845224	0.00100706236565	DLR00012709-2009-07-02_23-07-28	0.128314791431	6	103	2997.5	892.5	0.125955073153	0.521551494486	135	135
94.0	94.0	78.0	139.0	151.0	141.0	22	0.0661729447493	0.000930617514654	DLR00012709-2009-07-02_23-07-28	0.111140163277	6	103	3137.5	886.5	0.107545819396	0.482071500879	135	135
92.0	91.0	76.0	141.0	155.0	146.0	23	0.0603654962971	0.00104055728235	DLR00012709-2009-07-02_23-07-28	0.133695826777	6	103	3274.5	892.5	0.131743276626	0.526772870158	135	135
91.0	90.0	76.0	136.0	146.0	136.0	24	0.0488038787362	0.000929827498632	DLR00012709-2009-07-02_23-07-28	0.107801583139	6	103	3404.5	890.5	0.107169405221	0.475198465555	135	135
95.0	94.0	80.0	143.0	155.0	148.0	1	0.0459800735255	0.000953170588329	DLR00012709-2009-07-02_23-07-28	0.13029402238	7	103	274.5	1031.5	0.129309421379	0.560818370718	135	135
97.0	98.0	83.0	138.0	150.0	141.0	2	0.0576482497736	0.000813091795139	DLR00012709-2009-07-02_23-07-28	0.0933245726955	7	103	409.5	1031.5	0.090282839461	0.44935798391	135	135
99.0	99.0	84.0	149.0	163.0	157.0	3	0.0455538387767	0.000984312954318	DLR00012709-2009-07-02_23-07-28	0.125548848409	7	103	551.5	1031.5	0.123522646371	0.519420320742	135	135
100.0	100.0	84.0	140.0	152.0	142.0	4	0.0446480899355	0.000782500945969	DLR00012709-2009-07-02_23-07-28	0.0793277314482	7	103	678.5	1034.5	0.077338541329	0.41190260536	135	135
100.0	100.0	84.0	148.0	164.0	156.0	5	0.0423037988172	0.000948344022062	DLR00012709-2009-07-02_23-07-28	0.116658046516	7	103	815.5	1022.5	0.115609796277	0.508871010709	135	135
99.0	100.0	84.0	143.0	157.0	147.0	6	0.0445415312483	0.000837074554929	DLR00012709-2009-07-02_23-07-28	0.0871535324822	7	103	944.5	1023.5	0.086254826492	0.429857744153	135	135
98.0	100.0	84.0	149.0	165.0	158.0	7	0.0522670360701	0.000980105736589	DLR00012709-2009-07-02_23-07-28	0.135574443331	7	103	1085.5	1037.5	0.135055631112	0.56737172998	135	135
98.0	99.0	83.0	139.0	153.0	143.0	8	0.0579146464916	0.000791393218781	DLR00012709-2009-07-02_23-07-28	0.08812475738	7	103	1226.5	1029.5	0.0876807283584	0.455698225798	135	135
97.0	99.0	83.0	146.0	163.0	156.0	9	0.0470456603975	0.000956667620189	DLR00012709-2009-07-02_23-07-28	0.112947629215	7	103	1363.5	1026.5	0.11338606853	0.495231498748	135	135
96.0	98.0	82.0	139.0	154.0	145.0	10	0.0532793435985	0.000828232349181	DLR00012709-2009-07-02_23-07-28	0.0889613592378	7	103	1497.5	1030.5	0.0898719310191	0.44818583835	135	135
96.0	98.0	82.0	146.0	164.0	158.0	11	0.0510416111674	0.000995281008687	DLR00012709-2009-07-02_23-07-28	0.132171686034	7	103	1640.5	1036.5	0.133189974145	0.549256753157	135	135
95.0	97.0	82.0	137.0	152.0	142.0	12	0.0620704352922	0.000803186225329	DLR00012709-2009-07-02_23-07-28	0.0759723335566	7	103	1771.5	1031.5	0.077891825332	0.399808194363	135	135
95.0	97.0	82.0	145.0	163.0	155.0	13	0.0523735947573	0.000982342088391	DLR00012709-2009-07-02_23-07-28	0.125511073982	7	103	1908.5	1033.5	0.127124357609	0.530715541585	135	135
95.0	97.0	81.0	135.0	149.0	140.0	14	0.0710213650168	0.000786654657586	DLR00012709-2009-07-02_23-07-28	0.0795601285612	7	103	2046.5	1031.5	0.0806870645046	0.421119931802	135	135
95.0	97.0	82.0	146.0	163.0	156.0	15	0.0545047685013	0.00101332830397	DLR00012709-2009-07-02_23-07-28	0.13404632877	7	103	2184.5	1033.5	0.134346562434	0.54797804891	135	135
95.0	97.0	81.0	138.0	152.0	142.0	16	0.0738451702275	0.000842451647389	DLR00012709-2009-07-02_23-07-28	0.0932104822892	7	103	2314.5	1025.5	0.0931469494818	0.458628589696	135	135
95.0	97.0	81.0	146.0	162.0	155.0	17	0.0546113271884	0.00100950510165	DLR00012709-2009-07-02_23-07-28	0.133509190289	7	103	2458.5	1031.5	0.133022018409	0.539932868027	135	135
96.0	97.0	80.0	138.0	152.0	141.0	18	0.0600990995791	0.000854332634263	DLR00012709-2009-07-02_23-07-28	0.0933409483453	7	103	2591.5	1028.5	0.092348980233	0.446587458043	135	135
96.0	97.0	80.0	145.0	161.0	152.0	19	0.0517342426341	0.00101172720379	DLR00012709-2009-07-02_23-07-28	0.133933070897	7	103	2725.5	1027.5	0.132300380747	0.538547605094	135	135
96.0	96.0	79.0	136.0	148.0	137.0	20	0.0669188555597	0.000816145499318	DLR00012709-2009-07-02_23-07-28	0.0931848593837	7	103	2872.5	1031.5	0.0905336487872	0.453780169428	135	135
95.0	95.0	79.0	145.0	159.0	150.0	21	0.0562097074964	0.00101734903735	DLR00012709-2009-07-02_23-07-28	0.129365262376	7	103	2999.5	1031.5	0.126871249127	0.525281048537	135	135
94.0	93.0	77.0	138.0	149.0	139.0	22	0.0626032287282	0.000901512999401	DLR00012709-2009-07-02_23-07-28	0.111831650119	7	103	3137.5	1024.5	0.109422155412	0.501358623262	135	135
92.0	92.0	77.0	141.0	154.0	145.0	23	0.0667590175289	0.00103541586156	DLR00012709-2009-07-02_23-07-28	0.132226947521	7	103	3267.5	1024.5	0.128686413707	0.517555543716	135	135
91.0	90.0	76.0	138.0	149.0	140.0	24	0.0607384517023	0.000981804519252	DLR00012709-2009-07-02_23-07-28	0.125067832512	7	103	3411.5	1031.5	0.125157697736	0.523522830199	135	135
96.0	95.0	82.0	142.0	154.0	146.0	1	0.050295700357	0.00092940031288	DLR00012709-2009-07-02_23-07-28	0.130142737239	8	103	276.5	1172.5	0.128149062421	0.569076668975	135	135
98.0	98.0	83.0	137.0	148.0	138.0	2	0.062230273323	0.000774155772046	DLR00012709-2009-07-02_23-07-28	0.0840933958729	8	103	411.5	1167.5	0.0808887745865	0.428845436624	135	135
99.0	99.0	84.0	148.0	162.0	155.0	3	0.0486440407054	0.000965199726612	DLR00012709-2009-07-02_23-07-28	0.12128533085	8	103	546.5	1155.5	0.118870649719	0.51377271032	135	135
99.0	100.0	83.0	139.0	151.0	140.0	4	0.0500825829826	0.000756554374748	DLR00012709-2009-07-02_23-07-28	0.0714008167515	8	103	678.5	1168.5	0.0698104511116	0.381160424104	135	135
99.0	100.0	84.0	147.0	162.0	154.0	5	0.0483243646438	0.000922565593192	DLR00012709-2009-07-02_23-07-28	0.115958964697	8	103	822.5	1164.5	0.114734802817	0.509084128084	135	135
99.0	100.0	83.0	140.0	153.0	142.0	6	0.0613245244819	0.000793203966275	DLR00012709-2009-07-02_23-07-28	0.0747791572337	8	103	952.5	1170.5	0.0735005579658	0.384463743407	135	135
98.0	100.0	83.0	144.0	160.0	151.0	7	0.0477382918642	0.000902593158655	DLR00012709-2009-07-02_23-07-28	0.11814976357	8	103	1082.5	1164.5	0.117572909327	0.534764771698	135	135
98.0	99.0	83.0	137.0	151.0	141.0	8	0.0514678459161	0.000770665915491	DLR00012709-2009-07-02_23-07-28	0.0856480013273	8	103	1226.5	1157.5	0.0848995447061	0.443816932175	135	135
97.0	98.0	83.0	144.0	161.0	153.0	9	0.0457136768075	0.000935280626741	DLR00012709-2009-07-02_23-07-28	0.11446707075	8	103	1358.5	1166.5	0.114599673935	0.507006233683	135	135
96.0	97.0	82.0	137.0	151.0	141.0	10	0.0666524588417	0.000792407185426	DLR00012709-2009-07-02_23-07-28	0.0803134919568	8	103	1499.5	1164.5	0.080928280518	0.42330438489	135	135
95.0	97.0	82.0	143.0	160.0	153.0	11	0.0509350524802	0.000935363164585	DLR00012709-2009-07-02_23-07-28	0.107629323736	8	103	1635.5	1164.5	0.109300404337	0.48697320049	135	135
95.0	97.0	82.0	134.0	148.0	138.0	12	0.0580212051788	0.000741727693161	DLR00012709-2009-07-02_23-07-28	0.0750965629493	8	103	1777.5	1157.5	0.0764516699273	0.418029729874	135	135
95.0	97.0	82.0	142.0	158.0	150.0	13	0.0526399914753	0.00092243603997	DLR00012709-2009-07-02_23-07-28	0.105728637052	8	103	1903.5	1164.5	0.107427970796	0.482391176941	135	135
95.0	97.0	81.0	134.0	149.0	139.0	14	0.0642016090362	0.000781717278693	DLR00012709-2009-07-02_23-07-28	0.0818418865524	8	103	2047.5	1164.5	0.0826367913917	0.432308593958	135	135
95.0	97.0	81.0	142.0	158.0	150.0	15	0.0572752943684	0.000937290228832	DLR00012709-2009-07-02_23-07-28	0.120394644318	8	103	2182.5	1164.5	0.120501852419	0.532633597954	135	135
95.0	96.0	81.0	136.0	150.0	141.0	16	0.0612179657947	0.000823799794163	DLR00012709-2009-07-02_23-07-28	0.0886845958464	8	103	2317.5	1164.5	0.0884260754355	0.442804624647	135	135
95.0	96.0	81.0	143.0	159.0	151.0	17	0.0527465501625	0.000971396164736	DLR00012709-2009-07-02_23-07-28	0.126691264425	8	103	2452.5	1164.5	0.125999258662	0.538227929032	135	135
95.0	96.0	80.0	138.0	152.0	142.0	18	0.0595663061431	0.000871197110701	DLR00012709-2009-07-02_23-07-28	0.100090446348	8	103	2591.5	1163.5	0.0983354572903	0.462731099153	135	135
96.0	96.0	79.0	142.0	157.0	148.0	19	0.0495497895466	0.000956117215549	DLR00012709-2009-07-02_23-07-28	0.123100484126	8	103	2721.5	1168.5	0.121409942399	0.529490116682	135	135
96.0	96.0	79.0	139.0	152.0	141.0	20	0.0547178858756	0.000877526526044	DLR00012709-2009-07-02_23-07-28	0.0949846526385	8	103	2866.5	1164.5	0.0929905053938	0.440726730247	135	135
95.0	95.0	78.0	143.0	157.0	148.0	21	0.0498694656082	0.000991442443676	DLR00012709-2009-07-02_23-07-28	0.12480719967	8	103	2996.5	1164.5	0.122905016545	0.512707123448	135	135
94.0	93.0	77.0	139.0	151.0	141.0	22	0.0557834727476	0.000934784051791	DLR00012709-2009-07-02_23-07-28	0.111280411438	8	103	3137.5	1155.5	0.108837987591	0.481378869412	135	135
92.0	92.0	76.0	142.0	155.5	147.0	23	0.0523203154137	0.00105724726616	DLR00012709-2009-07-02_23-07-28	0.135188905798	8	103	3269.5	1164.5	0.132116160022	0.520326069583	135	135
91.0	90.0	76.0	135.0	146.0	136.0	24	0.0747509190687	0.000931361481513	DLR00012709-2009-07-02_23-07-28	0.110803118722	8	103	3408.5	1164.5	0.109831068652	0.488731418829	135	135
96.0	95.0	81.0	142.0	154.0	146.0	1	0.0374020992061	0.000910149319094	DLR00012709-2009-07-02_23-07-28	0.116680141145	9	103	278.5	1304.5	0.115941100076	0.51984655549	135	135
98.0	98.0	82.0	142.0	155.0	147.0	2	0.0460866322127	0.0008833608277	DLR00012709-2009-07-02_23-07-28	0.101293219098	9	103	409.5	1304.5	0.0989181671966	0.465288507646	135	135
99.0	99.0	83.0	143.0	157.0	149.0	3	0.0441685758431	0.000890665718356	DLR00012709-2009-07-02_23-07-28	0.114134959507	9	103	541.5	1301.5	0.111992765323	0.515264531941	135	135
99.0	100.0	84.0	142.0	154.0	145.0	4	0.055463796686	0.000815802107101	DLR00012709-2009-07-02_23-07-28	0.0998773190509	9	103	679.5	1304.5	0.0982088732164	0.498428259364	135	135
99.0	100.0	84.0	147.0	162.0	154.0	5	0.0453940007459	0.000928133579763	DLR00012709-2009-07-02_23-07-28	0.11677440587	9	103	815.5	1304.5	0.115172150433	0.517342426341	135	135
99.0	100.0	83.0	140.0	154.0	144.0	6	0.0550375619372	0.000812641208863	DLR00012709-2009-07-02_23-07-28	0.0905601240184	9	103	952.5	1301.5	0.0890324821572	0.456284298577	135	135
98.0	100.0	83.0	145.0	162.0	154.0	7	0.0466727049923	0.000942304407163	DLR00012709-2009-07-02_23-07-28	0.109827832719	9	103	1082.5	1304.5	0.10888338867	0.48031328254	135	135
97.0	99.0	83.0	141.0	156.0	147.0	8	0.0477382918642	0.000864440032157	DLR00012709-2009-07-02_23-07-28	0.101162609819	9	103	1233.5	1304.5	0.100129780034	0.484735468059	135	135
97.0	99.0	83.0	144.0	161.0	154.0	9	0.0410250945708	0.000958950754622	DLR00012709-2009-07-02_23-07-28	0.119144401986	9	103	1354.5	1300.5	0.118591039453	0.512813682135	135	135
96.0	97.0	82.0	138.0	153.0	144.0	10	0.0510948905109	0.000833675898577	DLR00012709-2009-07-02_23-07-28	0.0925053355224	9	103	1497.5	1303.5	0.0933893557376	0.461985188342	135	135
95.0	98.0	82.0	144.0	161.0	154.0	11	0.056795780276	0.000956799619715	DLR00012709-2009-07-02_23-07-28	0.13020487003	9	103	1636.5	1311.5	0.130784989695	0.556449464543	135	135
95.0	97.0	81.0	135.0	149.0	138.0	12	0.0683573978369	0.000762515327312	DLR00012709-2009-07-02_23-07-28	0.0750442471264	9	103	1771.5	1304.5	0.0767467938642	0.41057062177	135	135
94.0	97.0	81.0	145.0	163.0	156.0	13	0.0530129468805	0.000995762497854	DLR00012709-2009-07-02_23-07-28	0.128129331658	9	103	1906.5	1310.5	0.129952609098	0.542117321115	135	135
94.0	96.0	81.0	139.0	154.0	145.0	14	0.0667590175289	0.000866632774208	DLR00012709-2009-07-02_23-07-28	0.094043520893	9	103	2039.5	1306.5	0.0956387569148	0.458894986414	135	135
94.0	96.0	81.0	144.0	161.0	154.0	15	0.054664606532	0.00101436115939	DLR00012709-2009-07-02_23-07-28	0.136320464331	9	103	2180.5	1304.5	0.136041936876	0.547924769567	135	135
94.0	95.0	80.0	135.0	150.0	140.0	16	0.0501891416698	0.000838112352785	DLR00012709-2009-07-02_23-07-28	0.086511013993	9	103	2317.5	1297.5	0.087119352	0.427833129096	135	135
95.0	96.0	80.0	142.0	158.0	150.0	17	0.0474718951463	0.000966933116819	DLR00012709-2009-07-02_23-07-28	0.118813202468	9	103	2465.5	1304.5	0.118286697605	0.506473440247	135	135
95.0	96.0	80.0	139.0	153.0	143.0	18	0.0664393414673	0.000899821090887	DLR00012709-2009-07-02_23-07-28	0.099504392717	9	103	2591.5	1295.5	0.0981040867192	0.457935958229	135	135
95.0	96.0	79.0	145.0	161.0	153.0	19	0.0524801534445	0.00103788533707	DLR00012709-2009-07-02_23-07-28	0.135803983525	9	103	2725.5	1304.5	0.133575834098	0.536150034632	135	135
95.0	95.0	79.0	139.0	152.0	141.0	20	0.0525334327881	0.00088525705681	DLR00012709-2009-07-02_23-07-28	0.103770329225	9	103	2866.5	1304.5	0.101662006342	0.475891097022	135	135
95.0	95.0	78.0	144.0	158.0	149.0	21	0.0625499493846	0.00101114051308	DLR00012709-2009-07-02_23-07-28	0.124693537235	9	103	2992.5	1304.5	0.122478770024	0.504608663221	135	135
93.0	93.0	77.0	136.0	146.0	135.0	22	0.0701688955192	0.000857329104171	DLR00012709-2009-07-02_23-07-28	0.0933204060913	9	103	3143.5	1294.5	0.0904833536062	0.432361873302	135	135
92.0	92.0	77.0	142.0	157.0	149.0	23	0.0510416111674	0.00108096572487	DLR00012709-2009-07-02_23-07-28	0.146473949326	9	103	3271.5	1304.5	0.142702987566	0.54190420374	135	135
91.0	90.0	76.0	137.0	149.0	139.0	24	0.0543982098141	0.000981071412811	DLR00012709-2009-07-02_23-07-28	0.114166689515	9	103	3412.5	1304.5	0.113332047417	0.485801054931	135	135
96.0	96.0	81.0	142.0	153.0	145.0	1	0.0441685758431	0.000873643217482	DLR00012709-2009-07-02_23-07-28	0.118142731968	10	103	265.5	1431.5	0.118293099161	0.556023229794	135	135
97.0	98.0	82.0	134.0	143.0	132.0	2	0.0444882519047	0.000693311590923	DLR00012709-2009-07-02_23-07-28	0.0583929783308	10	103	409.5	1438.5	0.0570451803771	0.332409824711	135	135
98.0	99.0	83.0	146.0	160.0	153.0	3	0.0439021791252	0.000937814004862	DLR00012709-2009-07-02_23-07-28	0.115569809767	10	103	544.5	1446.5	0.113974310904	0.504768501252	135	135
99.0	100.0	83.0	140.0	152.0	142.0	4	0.0558367520912	0.000775919866468	DLR00012709-2009-07-02_23-07-28	0.0712249338627	10	103	678.5	1431.5	0.0693865732003	0.369012733763	135	135
99.0	100.0	84.0	149.0	164.0	156.0	5	0.0464063082743	0.000960342107035	DLR00012709-2009-07-02_23-07-28	0.118466433938	10	103	820.5	1433.5	0.117015708083	0.503010282913	135	135
98.0	100.0	83.0	141.0	154.0	144.0	6	0.0490702754542	0.000819087800757	DLR00012709-2009-07-02_23-07-28	0.0885982576943	10	103	961.5	1439.5	0.0876390481698	0.443177580052	135	135
97.0	99.0	83.0	146.0	162.0	154.0	7	0.0440620171559	0.000947470645339	DLR00012709-2009-07-02_23-07-28	0.118268150422	10	103	1093.5	1442.5	0.117778146989	0.512760402792	135	135
97.0	98.0	82.0	136.0	149.0	139.0	8	0.0473120571155	0.000768184080124	DLR00012709-2009-07-02_23-07-28	0.0771698736376	10	103	1226.5	1438.5	0.0770065408998	0.410464063083	135	135
96.0	98.0	82.0	143.0	159.0	151.0	9	0.0516809632905	0.000926265347813	DLR00012709-2009-07-02_23-07-28	0.112411725164	10	103	1355.5	1432.5	0.112360373036	0.504875059939	135	135
95.0	97.0	82.0	135.0	150.0	140.0	10	0.0508817731366	0.000782801105418	DLR00012709-2009-07-02_23-07-28	0.0851269675274	10	103	1503.5	1431.5	0.0857551782679	0.449677659971	135	135
95.0	97.0	82.0	140.0	157.0	149.0	11	0.0486440407054	0.000885890251267	DLR00012709-2009-07-02_23-07-28	0.106968766878	10	103	1642.5	1438.5	0.107549044553	0.498801214769	135	135
95.0	97.0	81.0	137.0	152.0	143.0	12	0.0634556982258	0.000826989969518	DLR00012709-2009-07-02_23-07-28	0.0876108214221	10	103	1771.5	1438.5	0.089149056863	0.44269806596	135	135
94.0	96.0	81.0	143.0	160.0	152.0	13	0.0539186957217	0.000955536959375	DLR00012709-2009-07-02_23-07-28	0.113729561539	10	103	1904.5	1438.5	0.11508578185	0.502104534072	135	135
94.0	96.0	80.0	136.0	150.0	141.0	14	0.0650007991902	0.00082285929578	DLR00012709-2009-07-02_23-07-28	0.0872789956573	10	103	2046.5	1439.5	0.0884172153974	0.443124300709	135	135
94.0	95.0	80.0	142.0	159.0	151.0	15	0.0530662262241	0.000975517839599	DLR00012709-2009-07-02_23-07-28	0.125587386037	10	103	2184.5	1438.5	0.12606895882	0.534338536949	135	135
94.0	95.0	79.0	136.0	151.0	141.0	16	0.0591400713943	0.000863440015312	DLR00012709-2009-07-02_23-07-28	0.0927083760979	10	103	2319.5	1438.5	0.0926223478863	0.440513612872	135	135
94.0	96.0	80.0	144.0	160.0	153.0	17	0.0583408812403	0.00101119026663	DLR00012709-2009-07-02_23-07-28	0.133988078974	10	103	2462.5	1428.5	0.133215759604	0.546592785977	135	135
95.0	95.0	79.0	136.0	150.0	139.0	18	0.0662262240929	0.000844269347328	DLR00012709-2009-07-02_23-07-28	0.0854904698027	10	103	2591.5	1438.5	0.0839927108612	0.418029729874	135	135
95.0	95.0	79.0	142.0	156.0	147.0	19	0.0612179657947	0.00096938039479	DLR00012709-2009-07-02_23-07-28	0.123251289943	10	103	2721.5	1438.5	0.121267307317	0.518940806649	135	135
95.0	95.0	78.0	135.0	146.0	134.0	20	0.0669721349033	0.000813534841311	DLR00012709-2009-07-02_23-07-28	0.0847429202892	10	103	2866.5	1435.5	0.0823317931253	0.414832969258	135	135
94.0	94.0	78.0	145.0	159.0	151.0	21	0.0516809632905	0.00104209033195	DLR00012709-2009-07-02_23-07-28	0.132339318782	10	103	3003.5	1438.5	0.129761047973	0.521551494486	135	135
93.0	93.0	77.0	139.0	152.0	142.0	22	0.0676647663701	0.000956765875849	DLR00012709-2009-07-02_23-07-28	0.115922605627	10	103	3136.5	1430.5	0.113067079298	0.492833928286	135	135
91.0	91.0	77.0	143.0	157.0	150.0	23	0.0517342426341	0.00109832402035	DLR00012709-2009-07-02_23-07-28	0.147966833608	10	103	3274.5	1438.5	0.144225954754	0.543449304705	135	135
91.0	90.0	76.0	136.0	147.0	137.0	24	0.0662795034365	0.000956238126571	DLR00012709-2009-07-02_23-07-28	0.11016794773	10	103	3414.5	1438.5	0.10962372857	0.478608343545	135	135
96.0	95.0	81.0	141.0	152.0	144.0	1	0.0396931109809	0.00088437232949	DLR00012709-2009-07-02_23-07-28	0.115484576203	11	103	272.5	1578.5	0.115126955927	0.536256593319	135	135
98.0	98.0	83.0	141.0	153.0	144.0	2	0.0625499493846	0.000851701739123	DLR00012709-2009-07-02_23-07-28	0.0961372054587	11	103	409.5	1577.5	0.09263757107	0.456657253983	135	135
98.0	99.0	84.0	150.0	165.0	158.0	3	0.0456071181203	0.0010073221681	DLR00012709-2009-07-02_23-07-28	0.134410912868	11	103	539.5	1580.5	0.132030176164	0.541797645053	135	135
99.0	100.0	84.0	141.0	154.0	145.0	4	0.0434226650328	0.000818508258929	DLR00012709-2009-07-02_23-07-28	0.0916921249455	11	103	678.5	1578.5	0.0894890371701	0.452341627151	135	135
99.0	100.0	84.0	148.0	163.0	156.0	5	0.0444882519047	0.000956458562294	DLR00012709-2009-07-02_23-07-28	0.128003240747	11	103	815.5	1578.5	0.126315550169	0.546273109915	135	135
98.0	99.0	83.0	139.0	151.0	140.0	6	0.0534924609729	0.000774031878276	DLR00012709-2009-07-02_23-07-28	0.0872498597973	11	103	954.5	1576.5	0.085645614145	0.451382598966	135	135
98.0	99.0	83.0	147.0	163.0	155.0	7	0.0495497895466	0.000975769646791	DLR00012709-2009-07-02_23-07-28	0.120901138711	11	103	1090.5	1574.5	0.119718105368	0.514092386382	135	135
97.0	98.0	82.0	138.0	152.0	143.0	8	0.0552506793116	0.000820724184482	DLR00012709-2009-07-02_23-07-28	0.0897992117336	11	103	1226.5	1580.5	0.0888168835446	0.450476850125	135	135
96.0	98.0	82.0	146.0	163.0	156.0	9	0.0498161862646	0.000998761619913	DLR00012709-2009-07-02_23-07-28	0.131538935451	11	103	1366.5	1586.5	0.130899778911	0.549736267249	135	135
95.0	97.0	81.0	138.0	152.0	143.0	10	0.0537588576909	0.000848593312156	DLR00012709-2009-07-02_23-07-28	0.087369400559	11	103	1497.5	1578.5	0.0875194582005	0.430124140871	135	135
95.0	97.0	81.0	141.0	157.0	149.0	11	0.0523203154137	0.000919095367089	DLR00012709-2009-07-02_23-07-28	0.111666192969	11	103	1639.5	1571.5	0.111880424183	0.506420160904	135	135
94.0	96.0	81.0	138.0	154.0	146.0	12	0.0572752943684	0.00088095681318	DLR00012709-2009-07-02_23-07-28	0.0922676506745	11	103	1771.5	1569.5	0.0937008964918	0.447066972135	135	135
94.0	96.0	81.0	145.0	163.0	156.0	13	0.0516809632905	0.0010184841834	DLR00012709-2009-07-02_23-07-28	0.133798574608	11	103	1908.5	1570.5	0.134580486944	0.544887846982	135	135
94.0	95.0	80.0	134.0	149.0	139.0	14	0.0624433906974	0.000808503026685	DLR00012709-2009-07-02_23-07-28	0.0861425675609	11	103	2046.5	1578.5	0.0869676286904	0.446747296073	135	135
93.0	95.0	80.0	142.0	158.0	151.0	15	0.0550908412808	0.000992661737755	DLR00012709-2009-07-02_23-07-28	0.124083202706	11	103	2178.5	1578.5	0.124152125017	0.51984655549	135	135
93.0	94.0	79.0	134.0	147.0	137.0	16	0.0657467100005	0.000822535482788	DLR00012709-2009-07-02_23-07-28	0.0883742039885	11	103	2320.5	1575.5	0.0880075857408	0.439501305344	135	135
94.0	95.0	80.0	141.0	157.0	149.0	17	0.0568490596196	0.000979036012475	DLR00012709-2009-07-02_23-07-28	0.124215527957	11	103	2458.5	1578.5	0.122949827329	0.523203154137	135	135
94.0	95.0	79.0	138.0	152.0	142.0	18	0.0583941605839	0.000900234923504	DLR00012709-2009-07-02_23-07-28	0.104588736354	11	103	2591.5	1573.5	0.103614673674	0.477169801268	135	135
94.0	95.0	78.0	143.0	158.0	149.0	19	0.0634024188822	0.0010071977926	DLR00012709-2009-07-02_23-07-28	0.131674621362	11	103	2724.5	1578.5	0.129660492226	0.534604933667	135	135
94.0	94.0	78.0	137.0	149.0	139.0	20	0.0658532686877	0.000881132009358	DLR00012709-2009-07-02_23-07-28	0.0935115141133	11	103	2866.5	1578.5	0.0909957651561	0.434759443764	135	135
94.0	94.0	78.0	142.0	156.0	147.0	21	0.0563162661836	0.00101103389898	DLR00012709-2009-07-02_23-07-28	0.128223088118	11	103	2994.5	1578.5	0.124638528336	0.511268581171	135	135
93.0	93.0	77.0	135.0	147.0	137.0	22	0.0728328626991	0.000884884283369	DLR00012709-2009-07-02_23-07-28	0.103827395635	11	103	3137.5	1571.5	0.100000566789	0.473546805903	135	135
91.0	91.0	76.0	142.0	156.0	148.0	23	0.0577015291172	0.00109215617379	DLR00012709-2009-07-02_23-07-28	0.144906225154	11	103	3272.5	1578.5	0.141622409111	0.539719750653	135	135
90.0	89.0	75.0	136.0	147.0	137.0	24	0.0645745644414	0.000969753716373	DLR00012709-2009-07-02_23-07-28	0.118325162814	11	103	3405.5	1568.5	0.11704394504	0.504768501252	135	135
96.0	95.0	82.0	142.0	154.0	147.0	1	0.0399595076989	0.000926896458487	DLR00012709-2009-07-02_23-07-28	0.12357764498	12	103	269.5	1711.5	0.122838762225	0.547658372849	135	135
97.0	98.0	83.0	136.0	146.0	136.0	2	0.0516809632905	0.000754145673485	DLR00012709-2009-07-02_23-07-28	0.0801207153985	12	103	409.5	1704.5	0.0767641189972	0.412062443391	135	135
98.0	99.0	83.0	146.0	160.0	153.0	3	0.0405455804784	0.000948346472519	DLR00012709-2009-07-02_23-07-28	0.118494483724	12	103	544.5	1711.5	0.115916676339	0.500079919015	135	135
99.0	100.0	84.0	139.0	151.0	140.0	4	0.0656934306569	0.000780031324767	DLR00012709-2009-07-02_23-07-28	0.0783716136444	12	103	680.5	1711.5	0.0748025314876	0.39384090788	135	135
99.0	100.0	84.0	147.0	162.0	154.0	5	0.0504022590442	0.00095186024444	DLR00012709-2009-07-02_23-07-28	0.119482075009	12	103	815.5	1704.5	0.116984966792	0.51244072673	135	135
98.0	99.0	83.0	136.0	149.0	137.0	6	0.0451276040279	0.000747507936209	DLR00012709-2009-07-02_23-07-28	0.0795056511662	12	103	952.5	1709.5	0.078012046136	0.426501145506	135	135
98.0	99.0	83.0	145.0	161.0	152.0	7	0.0445415312483	0.000948597126993	DLR00012709-2009-07-02_23-07-28	0.119085345595	12	103	1086.5	1712.5	0.117557883875	0.51702275028	135	135
96.0	98.0	82.0	138.0	152.0	142.0	8	0.0510416111674	0.00082328304755	DLR00012709-2009-07-02_23-07-28	0.0836715718311	12	103	1222.5	1711.5	0.0823483182636	0.410783739144	135	135
96.0	97.0	82.0	144.0	161.0	153.0	9	0.0433693856892	0.000974277564413	DLR00012709-2009-07-02_23-07-28	0.119607249619	12	103	1363.5	1711.5	0.11882744072	0.501358623262	135	135
95.0	96.0	81.0	133.0	146.0	135.0	10	0.0569556183068	0.000749658035006	DLR00012709-2009-07-02_23-07-28	0.0720802083168	12	103	1497.5	1711.5	0.0712530955193	0.380201395919	135	135
95.0	96.0	81.0	144.0	161.0	154.0	11	0.0527998295061	0.00100361877914	DLR00012709-2009-07-02_23-07-28	0.123718933221	12	103	1634.5	1705.5	0.123274909552	0.51036283233	135	135
94.0	95.0	80.0	136.0	150.0	141.0	12	0.0520006393521	0.000836607294727	DLR00012709-2009-07-02_23-07-28	0.0766550526846	12	103	1771.5	1705.5	0.0776574316618	0.379721881826	135	135
94.0	95.0	80.0	139.0	154.0	146.0	13	0.0556236347168	0.000909407768365	DLR00012709-2009-07-02_23-07-28	0.109508431579	12	103	1904.5	1715.5	0.109996778196	0.501145505887	135	135
93.0	94.0	79.0	136.0	150.0	141.0	14	0.0650007991902	0.000857821046072	DLR00012709-2009-07-02_23-07-28	0.0926793395415	12	103	2046.5	1711.5	0.0933776403605	0.447493206884	135	135
93.0	94.0	79.0	142.0	158.0	150.0	15	0.0605786136715	0.0010032814176	DLR00012709-2009-07-02_23-07-28	0.125223944974	12	103	2184.5	1711.5	0.124783659041	0.519420320742	135	135
93.0	94.0	78.0	136.0	149.0	140.0	16	0.0679311630881	0.000867708358442	DLR00012709-2009-07-02_23-07-28	0.0909307909938	12	103	2317.5	1711.5	0.0903095923774	0.435132399169	135	135
93.0	94.0	79.0	143.0	158.0	151.0	17	0.0650007991902	0.00101872472551	DLR00012709-2009-07-02_23-07-28	0.136297482243	12	103	2464.5	1710.5	0.134763848534	0.548830518408	135	135
93.0	94.0	78.0	137.0	150.0	140.0	18	0.0587138366455	0.000885280200113	DLR00012709-2009-07-02_23-07-28	0.102294302472	12	103	2591.5	1711.5	0.101518155906	0.479940327135	135	135
93.0	94.0	78.0	143.0	158.0	150.0	19	0.0551441206244	0.00102810542421	DLR00012709-2009-07-02_23-07-28	0.125002475644	12	103	2722.5	1711.5	0.123675038066	0.49555117481	135	135
93.0	93.0	78.0	137.0	149.0	139.0	20	0.0605253343279	0.000895391790609	DLR00012709-2009-07-02_23-07-28	0.0935439893625	12	103	2866.5	1715.5	0.0909051867267	0.41723053972	135	135
93.0	93.0	78.0	143.0	157.0	149.0	21	0.0605253343279	0.00105994485697	DLR00012709-2009-07-02_23-07-28	0.141529478655	12	103	2999.5	1711.5	0.137936436143	0.535670520539	135	135
92.0	92.0	77.0	137.0	147.0	137.0	22	0.0740050082583	0.000913979518652	DLR00012709-2009-07-02_23-07-28	0.0989451371929	12	103	3137.5	1703.5	0.0951085613226	0.432681549363	135	135
90.0	90.0	75.0	138.0	151.0	142.0	23	0.05493100325	0.00101614804037	DLR00012709-2009-07-02_23-07-28	0.129641937129	12	103	3272.5	1711.5	0.126642049694	0.512653844105	135	135
90.0	88.0	74.0	135.0	146.0	136.0	24	0.0600990995791	0.000971660385454	DLR00012709-2009-07-02_23-07-28	0.119370569188	12	103	3405.5	1703.5	0.117771349986	0.502211092759	135	135
96.0	95.0	82.0	142.0	153.0	146.0	1	0.0366029090522	0.000921854552979	DLR00012709-2009-07-02_23-07-28	0.120912933714	13	103	275.5	1858.5	0.119544891615	0.530981938303	135	135
97.0	97.0	83.0	138.0	150.0	142.0	2	0.0586605573019	0.000838771171791	DLR00012709-2009-07-02_23-07-28	0.0909792399066	13	103	409.5	1847.5	0.0869461550476	0.430390537589	135	135
97.0	98.0	83.0	146.0	159.0	153.0	3	0.0445415312483	0.000959208489763	DLR00012709-2009-07-02_23-07-28	0.115346635401	13	103	544.5	1850.5	0.112384295136	0.487346155895	135	135
98.0	99.0	83.0	140.0	151.0	142.0	4	0.0563695455272	0.000805784659567	DLR00012709-2009-07-02_23-07-28	0.0813648688025	13	103	678.5	1853.5	0.0784118644421	0.401992647451	135	135
98.0	99.0	84.0	146.0	160.0	153.0	5	0.0523735947573	0.000932027635411	DLR00012709-2009-07-02_23-07-28	0.112932901208	13	103	815.5	1850.5	0.110465822641	0.495604454153	135	135
98.0	99.0	83.0	139.0	152.0	142.0	6	0.0569023389632	0.000808594485383	DLR00012709-2009-07-02_23-07-28	0.0868079718382	13	103	949.5	1850.5	0.0841474933782	0.43470616442	135	135
98.0	99.0	83.0	144.0	160.0	152.0	7	0.0460866322127	0.000942135463291	DLR00012709-2009-07-02_23-07-28	0.12165474446	13	103	1081.5	1846.5	0.11978423638	0.525440886568	135	135
96.0	97.0	81.0	135.0	147.0	137.0	8	0.0580212051788	0.000760363781883	DLR00012709-2009-07-02_23-07-28	0.0784747550171	13	103	1226.5	1850.5	0.0772285763131	0.406201715595	135	135
95.0	97.0	81.0	144.0	160.0	152.0	9	0.0480046885822	0.000967476332928	DLR00012709-2009-07-02_23-07-28	0.126196513857	13	103	1367.5	1851.5	0.125573910004	0.532473759923	135	135
95.0	96.0	81.0	136.0	150.0	141.0	10	0.0598859822047	0.000830697288013	DLR00012709-2009-07-02_23-07-28	0.0964953760161	13	103	1494.5	1845.5	0.0951692040071	0.472321381001	135	135
94.0	96.0	80.0	143.0	160.0	153.0	11	0.055197399968	0.000999730785755	DLR00012709-2009-07-02_23-07-28	0.128685424449	13	103	1638.5	1850.5	0.12782417005	0.525867121317	135	135
94.0	95.0	80.0	133.0	146.0	137.0	12	0.0642548883798	0.000793876669409	DLR00012709-2009-07-02_23-07-28	0.0829112786864	13	103	1771.5	1850.5	0.0826388768142	0.42596835207	135	135
93.0	95.0	79.0	143.0	160.0	153.0	13	0.0531727849113	0.00101736876208	DLR00012709-2009-07-02_23-07-28	0.12718629876	13	103	1908.5	1850.5	0.126928157012	0.51910064468	135	135
93.0	94.0	79.0	134.0	147.0	137.0	14	0.0730992594171	0.00082891831581	DLR00012709-2009-07-02_23-07-28	0.0864573570127	13	103	2046.5	1845.5	0.0860997474699	0.427939687783	135	135
93.0	94.0	79.0	142.0	158.0	151.0	15	0.0639352123182	0.00102699326996	DLR00012709-2009-07-02_23-07-28	0.127470370795	13	103	2184.5	1843.5	0.126538302955	0.519367041398	135	135
92.0	93.0	78.0	136.0	150.0	140.0	16	0.0750705951303	0.000888279629676	DLR00012709-2009-07-02_23-07-28	0.0847780289146	13	103	2317.5	1841.5	0.0840492800324	0.394959774096	135	135
93.0	94.0	78.0	141.0	156.0	148.0	17	0.0600458202355	0.000999756317229	DLR00012709-2009-07-02_23-07-28	0.121581223875	13	103	2458.5	1850.5	0.12023962706	0.506579998934	135	135
93.0	94.0	78.0	138.0	153.0	144.0	18	0.0764558580638	0.000943281510716	DLR00012709-2009-07-02_23-07-28	0.11561751911	13	103	2582.5	1850.5	0.11362646243	0.503383238319	135	135
93.0	93.0	78.0	144.0	159.0	151.0	19	0.0580212051788	0.00104397587227	DLR00012709-2009-07-02_23-07-28	0.129525094583	13	103	2729.5	1850.5	0.127837368304	0.511002184453	135	135
93.0	93.0	77.0	136.0	149.0	139.0	20	0.0708082476424	0.000904583402031	DLR00012709-2009-07-02_23-07-28	0.104937092452	13	103	2866.5	1841.5	0.102594819004	0.470882838723	135	135
92.0	92.0	78.0	145.0	160.0	152.0	21	0.0611646864511	0.00111256750519	DLR00012709-2009-07-02_23-07-28	0.147177190689	13	103	2998.5	1850.5	0.143579171198	0.542010762427	135	135
91.0	91.0	76.0	134.0	146.0	136.0	22	0.05493100325	0.000907806673567	DLR00012709-2009-07-02_23-07-28	0.106918270543	13	103	3137.5	1846.5	0.104176552527	0.466727049923	135	135
90.0	89.0	76.0	141.0	155.0	148.0	23	0.0602056582663	0.00111843565016	DLR00012709-2009-07-02_23-07-28	0.156598742998	13	103	3274.5	1848.5	0.152340697749	0.563748734616	135	135
89.0	88.0	75.0	136.0	146.0	138.0	24	0.0670254142469	0.00100763454396	DLR00012709-2009-07-02_23-07-28	0.127665655335	13	103	3409.5	1856.5	0.125504238258	0.521551494486	135	135
95.0	95.0	81.0	142.0	154.0	147.0	1	0.0436890617508	0.000948085729219	DLR00012709-2009-07-02_23-07-28	0.11762117868	14	103	277.5	1985.5	0.115957223596	0.516489956844	135	135
97.0	96.0	82.0	136.0	145.0	136.0	2	0.0672918109649	0.00077846417397	DLR00012709-2009-07-02_23-07-28	0.0737649828873	14	103	409.5	1985.5	0.069441604842	0.370770952102	135	135
98.0	98.0	83.0	148.0	162.0	156.0	3	0.0441152964995	0.000999797693035	DLR00012709-2009-07-02_23-07-28	0.12688440933	14	103	540.5	1985.5	0.123263588896	0.508018541212	135	135
98.0	98.0	83.0	139.0	150.0	141.0	4	0.0590867920507	0.000796279711176	DLR00012709-2009-07-02_23-07-28	0.0801896860949	14	103	678.5	1980.5	0.0772998222332	0.395972081624	135	135
98.0	99.0	84.0	146.0	160.0	152.0	5	0.047631733177	0.000932270430534	DLR00012709-2009-07-02_23-07-28	0.117874819684	14	103	814.5	1985.5	0.115211502076	0.516383398157	135	135
98.0	99.0	83.0	136.0	147.0	135.0	6	0.0639884916618	0.000731239311095	DLR00012709-2009-07-02_23-07-28	0.0780462394432	14	103	952.5	1985.5	0.074946407862	0.418455964623	135	135
98.0	99.0	82.0	146.0	161.0	153.0	7	0.0461399115563	0.000958489387014	DLR00012709-2009-07-02_23-07-28	0.118284332479	14	103	1082.5	1989.5	0.116377983175	0.506899674996	135	135
96.0	97.0	81.0	137.0	149.0	139.0	8	0.0562097074964	0.000794604625566	DLR00012709-2009-07-02_23-07-28	0.077404748356	14	103	1226.5	1978.5	0.0762374033588	0.398263093399	135	135
95.0	96.0	81.0	144.0	160.0	152.0	9	0.0529596675369	0.000992566699457	DLR00012709-2009-07-02_23-07-28	0.119411558026	14	103	1362.5	1985.5	0.11847396471	0.493100325004	135	135
94.0	96.0	80.0	135.0	148.0	137.0	10	0.0694229847088	0.000809852549007	DLR00012709-2009-07-02_23-07-28	0.0880693272586	14	103	1498.5	1985.5	0.0866178177642	0.439980819436	135	135
94.0	95.0	80.0	141.0	157.0	150.0	11	0.0627097874154	0.000975993566979	DLR00012709-2009-07-02_23-07-28	0.119574411417	14	103	1633.5	1985.5	0.118350492767	0.508551334648	135	135
93.0	95.0	79.0	138.0	152.0	142.0	12	0.0688901912728	0.000893005532694	DLR00012709-2009-07-02_23-07-28	0.0907195099138	14	103	1771.5	1980.5	0.0894231952455	0.421279769833	135	135
93.0	94.0	78.0	143.0	158.0	150.0	13	0.0650540785338	0.00101170767869	DLR00012709-2009-07-02_23-07-28	0.115142706513	14	103	1906.5	1985.5	0.114340672561	0.474079599339	135	135
93.0	94.0	78.0	135.0	148.0	137.0	14	0.0939314827641	0.000860729852711	DLR00012709-2009-07-02_23-07-28	0.0911795589867	14	103	2039.5	1977.5	0.0896975222349	0.427353615003	135	135
92.0	93.0	77.0	139.0	154.0	145.0	15	0.0695828227396	0.000951920888412	DLR00012709-2009-07-02_23-07-28	0.108996534067	14	103	2184.5	1993.5	0.107773114055	0.464009803399	135	135
92.0	93.0	77.0	135.0	148.0	138.0	16	0.0813042783313	0.000885308263032	DLR00012709-2009-07-02_23-07-28	0.0875550602207	14	103	2317.5	1980.5	0.0860329288511	0.405349246097	135	135
92.0	93.0	77.0	143.0	158.0	150.0	17	0.0604720549843	0.0010465340749	DLR00012709-2009-07-02_23-07-28	0.130403236802	14	103	2466.5	1985.5	0.128890062996	0.511321860515	135	135
93.0	93.0	77.0	134.0	147.0	136.0	18	0.0862059779424	0.000858504044206	DLR00012709-2009-07-02_23-07-28	0.0939572954234	14	103	2591.5	1985.5	0.0922060480279	0.440353774841	135	135
92.0	93.0	77.0	139.0	152.0	143.0	19	0.0767755341254	0.00095780962564	DLR00012709-2009-07-02_23-07-28	0.104454892636	14	103	2725.5	1985.5	0.103045026933	0.457190047419	135	135
92.0	92.0	77.0	135.0	146.0	136.0	20	0.0811977196441	0.000878104941489	DLR00012709-2009-07-02_23-07-28	0.0841231289722	14	103	2866.5	1983.5	0.0820813501346	0.38510309553	135	135
92.0	92.0	77.0	141.0	155.0	147.0	21	0.0593531887687	0.00103965881243	DLR00012709-2009-07-02_23-07-28	0.130884592107	14	103	3004.5	1985.5	0.128006497031	0.510469391017	135	135
91.0	90.0	76.0	132.0	141.0	131.0	22	0.0949970696361	0.000852968780582	DLR00012709-2009-07-02_23-07-28	0.093819978406	14	103	3137.5	1985.5	0.0903053308273	0.439181629282	135	135
89.0	88.0	74.0	138.0	150.0	143.0	23	0.0611646864511	0.00106694421388	DLR00012709-2009-07-02_23-07-28	0.135318539639	14	103	3268.5	1985.5	0.132220680247	0.512121050669	135	135
89.0	88.0	75.0	132.0	142.0	133.0	24	0.063295860195	0.000944874850506	DLR00012709-2009-07-02_23-07-28	0.106507309162	14	103	3412.5	1985.5	0.105540401213	0.469763972508	135	135
95.0	94.0	82.0	139.0	148.0	140.0	1	0.0356438808674	0.00088827615227	DLR00012709-2009-07-02_23-07-28	0.113579377086	15	103	269.5	2127.5	0.112165919836	0.520645745644	135	135
97.0	96.0	82.0	137.0	145.0	135.0	2	0.0781075177154	0.000790086586939	DLR00012709-2009-07-02_23-07-28	0.0834644128031	15	103	409.5	2124.5	0.0793203637155	0.413181309606	135	135
98.0	98.0	84.0	146.0	158.0	151.0	3	0.0477915712078	0.000947064587977	DLR00012709-2009-07-02_23-07-28	0.124063624695	15	103	544.5	2122.5	0.120193160483	0.525227769194	135	135
100.0	99.0	84.0	137.0	146.0	136.0	4	0.0330864723747	0.000725846418676	DLR00012709-2009-07-02_23-07-28	0.0832821727018	15	103	675.5	2123.5	0.0794999311223	0.451595716341	135	135
99.0	99.0	83.0	145.0	158.0	149.0	5	0.0509883318238	0.000908834510803	DLR00012709-2009-07-02_23-07-28	0.114973109035	15	103	815.5	2129.5	0.112947024299	0.517182588311	135	135
98.0	98.0	83.0	139.0	149.0	139.0	6	0.0582343225531	0.000786511065454	DLR00012709-2009-07-02_23-07-28	0.0860053771033	15	103	952.5	2124.5	0.0838011817074	0.439448026	135	135
98.0	98.0	82.0	145.0	158.0	150.0	7	0.0577015291172	0.000923005875899	DLR00012709-2009-07-02_23-07-28	0.117643180554	15	103	1090.5	2122.5	0.115588383674	0.516916191593	135	135
97.0	97.0	81.0	139.0	151.0	141.0	8	0.0672385316213	0.000828385637368	DLR00012709-2009-07-02_23-07-28	0.0873143669314	15	103	1222.5	2122.5	0.085575173757	0.425861793383	135	135
96.0	96.0	80.0	144.0	159.0	151.0	9	0.0540252544089	0.000993548921464	DLR00012709-2009-07-02_23-07-28	0.12716042551	15	103	1366.5	2122.5	0.124550388587	0.514465341787	135	135
94.0	95.0	79.0	137.0	150.0	139.0	10	0.0694229847088	0.000874557571658	DLR00012709-2009-07-02_23-07-28	0.0997255549377	15	103	1497.5	2122.5	0.0971473514764	0.462517981778	135	135
94.0	94.0	79.0	142.0	156.0	147.0	11	0.0625499493846	0.000993439225859	DLR00012709-2009-07-02_23-07-28	0.12488317303	15	103	1630.5	2122.5	0.123121032748	0.51510469391	135	135
93.0	94.0	78.0	137.0	151.0	141.0	12	0.0727795833555	0.000901389863419	DLR00012709-2009-07-02_23-07-28	0.0999214838302	15	103	1771.5	2122.5	0.0993563763067	0.465608183707	135	135
93.0	93.0	78.0	141.0	156.0	147.0	13	0.0638819329746	0.00100015128893	DLR00012709-2009-07-02_23-07-28	0.122450823887	15	103	1901.5	2122.5	0.121380742301	0.506899674996	135	135
92.0	93.0	77.0	135.0	146.0	135.0	14	0.0942511588257	0.000859851873678	DLR00012709-2009-07-02_23-07-28	0.090925488884	15	103	2043.5	2122.5	0.0894299818797	0.434066812297	135	135
92.0	92.0	77.0	144.0	159.0	151.0	15	0.0614843625127	0.00108055482323	DLR00012709-2009-07-02_23-07-28	0.137904314106	15	103	2189.5	2122.5	0.13619171213	0.52650647344	135	135
92.0	92.0	77.0	135.0	145.0	135.0	16	0.0872182854707	0.000854572162945	DLR00012709-2009-07-02_23-07-28	0.0897499790497	15	103	2323.5	2122.5	0.0880722699493	0.421439607864	135	135
93.0	93.0	77.0	143.0	158.0	150.0	17	0.0552506793116	0.00105156223042	DLR00012709-2009-07-02_23-07-28	0.129304194172	15	103	2458.5	2122.5	0.12729753051	0.503116841601	135	135
93.0	93.0	77.0	135.0	146.0	135.0	18	0.0781075177154	0.000851474371109	DLR00012709-2009-07-02_23-07-28	0.088314707481	15	103	2591.5	2128.5	0.0865648414115	0.426021631414	135	135
93.0	93.0	77.0	143.0	156.0	148.0	19	0.0692098673344	0.00102064094583	DLR00012709-2009-07-02_23-07-28	0.126494765805	15	103	2730.5	2125.5	0.125195352043	0.512334168043	135	135
93.0	93.0	77.0	139.0	150.0	140.0	20	0.0662262240929	0.000928835880989	DLR00012709-2009-07-02_23-07-28	0.110079988917	15	103	2871.5	2124.5	0.108118689477	0.48489530609	135	135
93.0	92.0	77.0	144.0	158.0	150.0	21	0.0552506793116	0.00106759140942	DLR00012709-2009-07-02_23-07-28	0.1308270111	15	103	3001.5	2122.5	0.127750697323	0.503170120944	135	135
92.0	91.0	76.0	134.0	143.0	133.0	22	0.0816772337365	0.000871810021591	DLR00012709-2009-07-02_23-07-28	0.0985335673091	15	103	3137.5	2122.5	0.0950584775617	0.451062922905	135	135
90.0	89.0	76.0	136.0	147.0	139.0	23	0.0670254142469	0.00100105279063	DLR00012709-2009-07-02_23-07-28	0.134065269377	15	103	3264.5	2122.5	0.129988456496	0.533272950077	135	135
90.0	88.0	76.0	136.0	146.0	137.0	24	0.0528531088497	0.00101263450134	DLR00012709-2009-07-02_23-07-28	0.128503261846	15	103	3417.5	2131.5	0.127566971092	0.526879428845	135	135
98.0	98.0	87.0	144.0	152.0	145.0	1	0.00975011987852	0.000678989952394	DLR00012709-2009-07-02_23-07-28	0.0707274602892	16	103	271.5	2261.5	0.0751813516667	0.440140657467	135	135
101.0	102.0	91.0	141.0	149.0	141.0	2	0.0204592679418	0.000578577901358	DLR00012709-2009-07-02_23-07-28	0.0575052195936	16	103	409.5	2261.5	0.0598706616571	0.406521391656	135	135
103.0	104.0	92.0	149.0	159.0	153.0	3	0.0298897117588	0.000742804767442	DLR00012709-2009-07-02_23-07-28	0.0950362233478	16	103	553.5	2261.5	0.0971386809676	0.517715381746	135	135
104.0	104.0	92.0	143.0	150.0	141.0	4	0.0303692258511	0.000601846396925	DLR00012709-2009-07-02_23-07-28	0.0620541501425	16	103	678.5	2261.5	0.0634437827201	0.415046086632	135	135
102.0	103.0	90.0	150.0	161.0	153.0	5	0.0336192658106	0.000797136893989	DLR00012709-2009-07-02_23-07-28	0.0905779435137	16	103	815.5	2261.5	0.0925005203269	0.47082955938	135	135
101.0	102.0	88.0	139.0	146.0	136.0	6	0.0365496297086	0.00064065562821	DLR00012709-2009-07-02_23-07-28	0.0549546489022	16	103	952.5	2261.5	0.0559759547869	0.352336299217	135	135
102.0	103.0	90.0	150.0	162.0	154.0	7	0.0456071181203	0.000895644131234	DLR00012709-2009-07-02_23-07-28	0.114535121284	16	103	1089.5	2261.5	0.1149330772	0.528744205871	135	135
100.0	100.0	86.0	141.0	150.0	140.0	8	0.0532260642549	0.000740564238619	DLR00012709-2009-07-02_23-07-28	0.0768057389149	16	103	1226.5	2261.5	0.0779155900651	0.431988917897	135	135
99.0	100.0	86.0	145.0	156.0	148.0	9	0.0569023389632	0.000893559983113	DLR00012709-2009-07-02_23-07-28	0.106927299594	16	103	1357.5	2263.5	0.10881883893	0.509670200863	135	135
98.0	99.0	85.0	137.0	147.0	136.0	10	0.0736853321967	0.000774943097465	DLR00012709-2009-07-02_23-07-28	0.0825946112137	16	103	1497.5	2266.5	0.0850241655253	0.448292397038	135	135
97.0	99.0	85.0	146.0	159.0	151.0	11	0.0498694656082	0.000951271770604	DLR00012709-2009-07-02_23-07-28	0.118601154742	16	103	1637.5	2261.5	0.120241392226	0.523735947573	135	135
98.0	99.0	85.0	137.0	146.0	135.0	12	0.0617507592306	0.000710736407616	DLR00012709-2009-07-02_23-07-28	0.0696547757577	16	103	1766.5	2261.5	0.0722583411355	0.41190260536	135	135
98.0	100.0	86.0	145.0	158.0	150.0	13	0.0557834727476	0.000934060093288	DLR00012709-2009-07-02_23-07-28	0.108229400491	16	103	1904.5	2265.5	0.113601541766	0.50029303639	135	135
96.0	98.0	83.0	136.0	145.0	134.0	14	0.0512547285417	0.000750133418511	DLR00012709-2009-07-02_23-07-28	0.0756691213483	16	103	2046.5	2261.5	0.0790203778668	0.42596835207	135	135
97.0	98.0	84.0	143.0	155.0	146.0	15	0.0561031488092	0.000932500029149	DLR00012709-2009-07-02_23-07-28	0.108107878279	16	103	2184.5	2259.5	0.111392220076	0.491448665352	135	135
98.0	98.0	85.0	137.0	146.0	136.0	16	0.0489104374234	0.000771919320323	DLR00012709-2009-07-02_23-07-28	0.0808865873994	16	103	2317.5	2261.5	0.0847175871351	0.442911183334	135	135
103.0	104.0	91.0	146.0	158.0	149.0	17	0.0368160264266	0.000882037618538	DLR00012709-2009-07-02_23-07-28	0.108549991749	16	103	2463.5	2269.5	0.11178320802	0.515584208003	135	135
100.0	101.0	88.0	139.0	148.0	138.0	18	0.0312749746923	0.000740545063472	DLR00012709-2009-07-02_23-07-28	0.0698572966203	16	103	2591.5	2261.5	0.0747205651337	0.408918962118	135	135
100.0	101.0	89.0	146.0	158.0	150.0	19	0.0384676860781	0.00088518901692	DLR00012709-2009-07-02_23-07-28	0.106507600562	16	103	2734.5	2261.5	0.108937225487	0.49363311844	135	135
105.0	106.0	94.0	142.0	152.0	142.0	20	0.0428898715968	0.000738129149577	DLR00012709-2009-07-02_23-07-28	0.0833686357493	16	103	2866.5	2270.5	0.0872062752926	0.486280569023	135	135
107.0	108.0	96.0	147.0	158.0	150.0	21	0.0412382119452	0.000858284359716	DLR00012709-2009-07-02_23-07-28	0.100701391808	16	103	2995.5	2269.5	0.104834898405	0.506793116309	135	135
97.0	98.0	86.0	138.0	147.0	138.0	22	0.0339922212158	0.000766202779432	DLR00012709-2009-07-02_23-07-28	0.0846421782763	16	103	3137.5	2254.5	0.0883013238299	0.462890937184	135	135
104.0	105.0	95.0	143.0	153.0	146.0	23	0.0272790239224	0.00086949007149	DLR00012709-2009-07-02_23-07-28	0.101363471197	16	103	3269.5	2267.5	0.105633850051	0.506846395652	135	135
94.0	94.0	84.0	137.0	144.0	136.0	24	0.019766636475	0.000750739412998	DLR00012709-2009-07-02_23-07-28	0.0766707906705	16	103	3414.5	2251.5	0.0808489689412	0.438329159785	135	135
