90.0	92.0	83.0	112.0	119.0	115.0	1	0.00676647663701	0.000163250176336	DLR00012647-2009-07-05_09-32-25	0.00305845443633	1	95	267.5	207.5	0.00408836278376	0.0842346422292	135	135
92.0	95.0	85.0	138.0	158.0	155.0	2	0.0165165965155	0.00101639967009	DLR00012647-2009-07-05_09-32-25	0.158511700461	1	95	402.5	210.5	0.157671406852	0.699930736853	135	135
96.0	99.0	89.0	141.0	161.0	158.0	3	0.0234429111833	0.000985651826603	DLR00012647-2009-07-05_09-32-25	0.143590819868	1	95	545.5	210.5	0.142775670577	0.650061271245	135	135
96.0	99.0	88.0	142.0	163.0	160.0	4	0.0262667163941	0.000967421726945	DLR00012647-2009-07-05_09-32-25	0.13292677493	1	95	668.5	208.5	0.131970574465	0.613405082849	135	135
95.0	98.0	86.0	144.0	166.0	162.0	5	0.0296233150408	0.000996315862262	DLR00012647-2009-07-05_09-32-25	0.149283284025	1	95	816.5	213.5	0.148875405633	0.656827747882	135	135
96.0	96.0	81.0	119.0	124.0	115.0	6	0.0	0.000132607705036	DLR00012647-2009-07-05_09-32-25	-0.00123472196643	1	95	948.5	207.5	0.000640896619569	0.0187010496031	135	135
98.0	100.0	87.0	144.0	165.0	161.0	7	0.0312216953487	0.000958673082272	DLR00012647-2009-07-05_09-32-25	0.127685542715	1	95	1075.5	208.5	0.126626765741	0.590708082476	135	135
99.0	103.0	90.0	142.0	163.0	159.0	8	0.0304757845383	0.000909159078911	DLR00012647-2009-07-05_09-32-25	0.124665461783	1	95	1217.5	202.5	0.124229324658	0.610368160264	135	135
97.0	101.0	87.0	142.0	164.0	160.0	9	0.0318610474719	0.00094015963419	DLR00012647-2009-07-05_09-32-25	0.132243352972	1	95	1350.5	206.5	0.131862593429	0.623954392882	135	135
96.0	100.0	87.0	143.0	166.0	162.0	10	0.0320741648463	0.000963777795068	DLR00012647-2009-07-05_09-32-25	0.141029209138	1	95	1488.5	207.5	0.140497751252	0.655442484949	135	135
95.0	96.0	80.0	100.5	106.0	95.0	11	0.00207789440034	0.000190281863448	DLR00012647-2009-07-05_09-32-25	-0.00149796334315	1	95	1630.5	207.5	0.000201874339507	0.0036229953647	135	135
95.0	96.0	81.0	109.0	111.0	99.5	12	0.000159838030795	0.000172902746522	DLR00012647-2009-07-05_09-32-25	-0.00148422989738	1	95	1771.5	207.5	0.000169210421528	0.00309020192871	135	135
98.0	102.0	90.0	143.0	167.0	162.0	13	0.0312216953487	0.000955882001693	DLR00012647-2009-07-05_09-32-25	0.141911467765	1	95	1901.5	201.5	0.141636576276	0.643401353295	135	135
92.0	97.0	84.0	141.0	164.0	159.0	14	0.0314880920667	0.000911614053326	DLR00012647-2009-07-05_09-32-25	0.128941693766	1	95	2048.5	207.5	0.129090181599	0.624647024349	135	135
98.0	102.0	90.0	140.0	163.0	159.0	15	0.0297831530716	0.000923145289433	DLR00012647-2009-07-05_09-32-25	0.131326503387	1	95	2178.5	202.5	0.131420445429	0.613351803506	135	135
99.0	103.0	91.0	143.0	165.0	161.0	16	0.0284511694816	0.000939259598531	DLR00012647-2009-07-05_09-32-25	0.146295847487	1	95	2316.5	198.5	0.145925696954	0.679364910224	135	135
96.0	96.0	81.0	129.5	145.0	139.0	17	0.00889765038095	0.000776898382098	DLR00012647-2009-07-05_09-32-25	0.00553585941404	1	95	2454.5	207.5	0.00593312696009	0.0334594277798	135	135
96.0	96.0	81.0	105.0	110.0	102.0	18	0.0036762747083	0.000252624592992	DLR00012647-2009-07-05_09-32-25	0.00113686920943	1	95	2587.5	207.5	0.000737558252162	0.00836485694496	135	135
95.0	95.0	81.0	105.0	109.0	100.0	19	0.00495497895466	0.000203395821777	DLR00012647-2009-07-05_09-32-25	-8.57598028848e-05	1	95	2726.5	207.5	0.00092120614962	0.0113485001865	135	135
93.0	96.0	84.0	143.0	164.0	160.0	20	0.0280249347328	0.000960696797005	DLR00012647-2009-07-05_09-32-25	0.140848758378	1	95	2853.5	207.5	0.140326978564	0.657786776067	135	135
92.0	95.0	84.0	141.0	162.0	158.0	21	0.0260003196761	0.00100897063784	DLR00012647-2009-07-05_09-32-25	0.144661950898	1	95	2998.5	203.5	0.143925061132	0.62363471682	135	135
86.0	91.0	80.0	138.0	158.0	154.0	22	0.0236027492141	0.000989606747953	DLR00012647-2009-07-05_09-32-25	0.141140355003	1	95	3133.5	207.5	0.140796196915	0.629335606585	135	135
88.0	91.0	82.0	136.0	156.0	153.0	23	0.0174223453567	0.00106731485575	DLR00012647-2009-07-05_09-32-25	0.162371093297	1	95	3270.5	204.5	0.161891599222	0.671959081464	135	135
86.0	88.0	79.0	107.0	116.0	112.0	24	0.00634024188822	0.000161130216702	DLR00012647-2009-07-05_09-32-25	0.00510048453039	1	95	3411.5	207.5	0.00751358447538	0.084660876978	135	135
86.0	88.0	77.0	137.0	158.0	155.0	1	0.0234429111833	0.00115017389074	DLR00012647-2009-07-05_09-32-25	0.197546428138	2	95	266.5	343.5	0.196457230689	0.769193883531	135	135
86.0	89.0	77.0	138.0	161.0	159.0	2	0.0564228248708	0.00115753548232	DLR00012647-2009-07-05_09-32-25	0.191115209194	2	95	402.5	343.5	0.189958971713	0.801960679844	135	135
88.0	91.0	78.0	139.0	161.0	158.0	3	0.0545580478449	0.00109020765317	DLR00012647-2009-07-05_09-32-25	0.164424018007	2	95	541.5	343.5	0.16345779773	0.738345143588	135	135
89.0	92.0	79.0	142.0	165.0	162.0	4	0.0617507592306	0.00110339359124	DLR00012647-2009-07-05_09-32-25	0.17319683919	2	95	676.5	337.5	0.17260642099	0.748255101497	135	135
89.0	93.0	79.0	142.0	165.0	161.0	5	0.0605253343279	0.0010874439032	DLR00012647-2009-07-05_09-32-25	0.16761032608	2	95	813.5	343.5	0.167139462893	0.721135915606	135	135
90.0	93.0	78.0	143.0	167.0	163.0	6	0.0548244445628	0.00110552481432	DLR00012647-2009-07-05_09-32-25	0.166116408685	2	95	947.5	343.5	0.166130124018	0.669881187064	135	135
89.0	93.0	79.0	142.0	166.0	162.0	7	0.0558900314348	0.00108490873632	DLR00012647-2009-07-05_09-32-25	0.17094443524	2	95	1077.5	351.5	0.170751128989	0.715062070435	135	135
89.0	93.0	79.0	142.0	167.0	162.0	8	0.0622835526666	0.00109178923825	DLR00012647-2009-07-05_09-32-25	0.164658099242	2	95	1214.5	343.5	0.164511298765	0.686344504236	135	135
88.0	93.0	78.0	140.0	164.0	160.0	9	0.0632425808514	0.00106434803229	DLR00012647-2009-07-05_09-32-25	0.161630787694	2	95	1360.5	343.5	0.161726771378	0.694070009057	135	135
88.0	92.0	78.0	141.0	167.0	163.0	10	0.0587138366455	0.00112558139985	DLR00012647-2009-07-05_09-32-25	0.178330125652	2	95	1502.5	341.5	0.178382497196	0.72667696734	135	135
87.0	91.0	76.0	140.0	166.0	162.0	11	0.069795940114	0.00112221795742	DLR00012647-2009-07-05_09-32-25	0.193339161768	2	95	1634.5	342.5	0.193879451972	0.750332995897	135	135
87.0	92.0	77.0	142.0	168.0	164.0	12	0.0592999094251	0.00114338823246	DLR00012647-2009-07-05_09-32-25	0.18427737081	2	95	1761.5	350.5	0.185025390072	0.703979966967	135	135
87.0	92.0	77.0	138.0	164.0	160.0	13	0.0524268741009	0.00107384083816	DLR00012647-2009-07-05_09-32-25	0.167309083541	2	95	1903.5	343.5	0.167997131351	0.6858117108	135	135
87.0	92.0	77.0	140.0	166.0	162.0	14	0.0577015291172	0.00112331942363	DLR00012647-2009-07-05_09-32-25	0.173606272239	2	95	2041.5	341.5	0.174214900757	0.678991954819	135	135
87.0	91.0	77.0	138.0	163.0	158.0	15	0.0636688156002	0.0010627236179	DLR00012647-2009-07-05_09-32-25	0.165362155248	2	95	2178.5	343.5	0.16585582796	0.700143854228	135	135
87.0	92.0	78.0	140.0	166.0	161.0	16	0.0580744845224	0.00109954565822	DLR00012647-2009-07-05_09-32-25	0.17494675892	2	95	2317.5	343.5	0.175065186644	0.719377697267	135	135
89.0	92.0	77.0	142.0	167.0	163.0	17	0.0563162661836	0.00112416016019	DLR00012647-2009-07-05_09-32-25	0.203391248419	2	95	2445.5	335.5	0.203709084387	0.78501784858	135	135
88.0	92.0	77.0	143.0	168.0	164.0	18	0.0636688156002	0.00114964422749	DLR00012647-2009-07-05_09-32-25	0.187565798202	2	95	2590.5	337.5	0.187570170749	0.738504981619	135	135
88.0	91.0	77.0	142.0	166.0	162.0	19	0.0606851723587	0.0011261819634	DLR00012647-2009-07-05_09-32-25	0.196344396841	2	95	2720.5	342.5	0.196323158947	0.783632585647	135	135
87.0	90.0	77.0	141.0	165.0	161.0	20	0.0541850924397	0.00111673518273	DLR00012647-2009-07-05_09-32-25	0.166318917959	2	95	2861.5	343.5	0.166313434888	0.697053652299	135	135
86.0	89.0	75.0	139.0	161.0	157.0	21	0.0622835526666	0.00111043307192	DLR00012647-2009-07-05_09-32-25	0.187058268343	2	95	2990.5	343.5	0.186988094604	0.771484895306	135	135
83.0	86.0	73.0	137.0	159.0	156.0	22	0.0594597474559	0.0011690023484	DLR00012647-2009-07-05_09-32-25	0.182585016461	2	95	3133.5	333.5	0.182235185879	0.754595343385	135	135
81.0	83.0	72.0	137.0	160.0	156.0	23	0.0586072779583	0.00125790752961	DLR00012647-2009-07-05_09-32-25	0.215373802886	2	95	3263.5	343.5	0.215046733455	0.807661569609	135	135
80.0	83.0	72.0	134.0	157.0	154.0	24	0.0327135169695	0.00123627228033	DLR00012647-2009-07-05_09-32-25	0.225401979603	2	95	3403.5	343.5	0.225145966382	0.836645532527	135	135
85.0	88.0	77.0	137.0	160.0	157.0	1	0.0507219351058	0.00116789983326	DLR00012647-2009-07-05_09-32-25	0.195334435043	3	95	269.5	481.5	0.194508337881	0.773349672332	135	135
85.0	89.0	77.0	138.0	162.0	160.0	2	0.0623368320102	0.00114882845223	DLR00012647-2009-07-05_09-32-25	0.161329425219	3	95	403.5	481.5	0.160228403975	0.700090574884	135	135
87.0	90.0	78.0	137.0	159.0	155.0	3	0.0754968298791	0.00104918181537	DLR00012647-2009-07-05_09-32-25	0.145094443326	3	95	547.5	481.5	0.144496461661	0.669881187064	135	135
88.0	92.0	78.0	138.0	160.0	156.0	4	0.078427193777	0.00103322118122	DLR00012647-2009-07-05_09-32-25	0.129301121685	3	95	670.5	481.5	0.128838373462	0.60482710853	135	135
88.0	92.0	78.0	140.0	164.0	160.0	5	0.0647876818158	0.00106991902985	DLR00012647-2009-07-05_09-32-25	0.138503791457	3	95	813.5	481.5	0.138363583912	0.613351803506	135	135
88.0	92.0	78.0	140.0	164.0	159.0	6	0.0663860621237	0.00105822491612	DLR00012647-2009-07-05_09-32-25	0.141464234955	3	95	948.5	481.5	0.141844616284	0.611753423198	135	135
87.0	92.0	78.0	139.0	164.0	159.0	7	0.0698492194576	0.00105694678496	DLR00012647-2009-07-05_09-32-25	0.135803416879	3	95	1075.5	481.5	0.13641397318	0.595236826682	135	135
87.0	92.0	78.0	138.0	163.0	158.0	8	0.0782140764026	0.00103631067818	DLR00012647-2009-07-05_09-32-25	0.134698172319	3	95	1222.5	481.5	0.135476535312	0.592253183441	135	135
86.0	92.0	77.0	139.0	163.0	158.0	9	0.0905216047738	0.00104813021296	DLR00012647-2009-07-05_09-32-25	0.125248339245	3	95	1360.5	481.5	0.126285608094	0.551707602962	135	135
86.0	91.0	77.0	138.0	163.0	159.0	10	0.0708082476424	0.00106575808951	DLR00012647-2009-07-05_09-32-25	0.122828337561	3	95	1495.5	481.5	0.124579627628	0.524108902978	135	135
86.0	91.0	76.0	137.0	162.0	157.0	11	0.078160797059	0.00104637031147	DLR00012647-2009-07-05_09-32-25	0.129924203832	3	95	1634.5	478.5	0.131625970101	0.57003569716	135	135
85.0	91.0	76.0	139.0	165.0	160.0	12	0.064894240503	0.0010822522205	DLR00012647-2009-07-05_09-32-25	0.137694283361	3	95	1771.5	481.5	0.139860585293	0.568543875539	135	135
85.0	91.0	76.0	138.0	163.0	158.0	13	0.0790132665566	0.00106903725236	DLR00012647-2009-07-05_09-32-25	0.12835694046	3	95	1899.5	471.5	0.130195642186	0.552080558368	135	135
85.0	91.0	76.0	136.0	161.0	156.0	14	0.0717672758272	0.00103845179689	DLR00012647-2009-07-05_09-32-25	0.133041571382	3	95	2037.5	481.5	0.134619029071	0.580212051788	135	135
86.0	90.0	76.0	137.0	163.0	159.0	15	0.0626032287282	0.00108123593388	DLR00012647-2009-07-05_09-32-25	0.126189159853	3	95	2173.5	481.5	0.128274939709	0.526932708189	135	135
86.0	90.0	75.0	138.0	164.0	160.0	16	0.0641483296926	0.00108637805536	DLR00012647-2009-07-05_09-32-25	0.121563750295	3	95	2316.5	471.5	0.123853551267	0.519739996803	135	135
86.0	90.0	76.0	138.0	162.0	157.0	17	0.0744312430071	0.00106214834111	DLR00012647-2009-07-05_09-32-25	0.118911116361	3	95	2451.5	481.5	0.121313735494	0.51169481592	135	135
85.0	90.0	76.0	139.0	164.0	159.0	18	0.0654270339389	0.00109756943059	DLR00012647-2009-07-05_09-32-25	0.142389176453	3	95	2590.5	481.5	0.144074374083	0.567584847355	135	135
86.0	90.0	76.0	140.0	164.0	160.0	19	0.0724066279503	0.00111499358209	DLR00012647-2009-07-05_09-32-25	0.150125207212	3	95	2726.5	481.5	0.150980506094	0.616282167404	135	135
86.0	89.0	75.0	138.0	160.0	155.0	20	0.076562416751	0.00106172459638	DLR00012647-2009-07-05_09-32-25	0.137380490804	3	95	2861.5	481.5	0.138689670735	0.599232777452	135	135
85.0	89.0	75.0	137.0	158.0	153.0	21	0.0811444403005	0.00107194452637	DLR00012647-2009-07-05_09-32-25	0.126654594707	3	95	2992.5	481.5	0.127317494135	0.55330598327	135	135
83.0	87.0	73.0	135.0	156.0	152.0	22	0.0679311630881	0.00110161801869	DLR00012647-2009-07-05_09-32-25	0.137563233356	3	95	3133.5	481.5	0.137603993837	0.604613991156	135	135
80.0	84.0	72.0	132.0	155.0	151.0	23	0.0726197453247	0.00116387075591	DLR00012647-2009-07-05_09-32-25	0.173006312032	3	95	3273.5	481.5	0.17237194932	0.727369598807	135	135
79.0	82.0	72.0	134.0	157.0	154.0	24	0.0478448505514	0.00126519739713	DLR00012647-2009-07-05_09-32-25	0.225479721503	3	95	3407.5	476.5	0.225323935023	0.836272577122	135	135
85.0	88.0	77.0	137.0	161.0	158.0	1	0.0464063082743	0.00117581849852	DLR00012647-2009-07-05_09-32-25	0.20323233594	4	95	265.5	625.5	0.202813308488	0.783366188929	135	135
85.0	88.0	76.0	139.0	163.0	162.0	2	0.0572220150248	0.00116873251147	DLR00012647-2009-07-05_09-32-25	0.174508271116	4	95	405.5	614.5	0.17441696126	0.698279077202	135	135
86.0	90.0	77.0	139.0	162.0	159.0	3	0.0618573179178	0.00110090953745	DLR00012647-2009-07-05_09-32-25	0.167358007354	4	95	540.5	618.5	0.16727741413	0.703500452874	135	135
88.0	91.0	77.0	142.0	166.0	162.0	4	0.0578080878044	0.00111175770595	DLR00012647-2009-07-05_09-32-25	0.153202991191	4	95	670.5	618.5	0.153430927986	0.637434066812	135	135
88.0	92.0	78.0	139.0	162.0	158.0	5	0.0676647663701	0.0010497992623	DLR00012647-2009-07-05_09-32-25	0.125376716792	4	95	813.5	618.5	0.125784221131	0.551760882306	135	135
87.0	92.0	78.0	142.0	168.0	164.0	6	0.0548777239064	0.00112655173157	DLR00012647-2009-07-05_09-32-25	0.16060821907	4	95	944.5	618.5	0.160994947609	0.639192285151	135	135
87.0	92.0	78.0	140.0	165.0	161.0	7	0.0671319729341	0.00108193163188	DLR00012647-2009-07-05_09-32-25	0.150542663838	4	95	1079.5	623.5	0.151167345032	0.625126538441	135	135
86.0	92.0	77.0	140.0	166.0	162.0	8	0.062763066759	0.00109734365858	DLR00012647-2009-07-05_09-32-25	0.154993704424	4	95	1224.5	623.5	0.156346590943	0.615855932655	135	135
86.0	91.0	77.0	137.0	162.0	158.0	9	0.0806649262081	0.00104486679335	DLR00012647-2009-07-05_09-32-25	0.147612615284	4	95	1356.5	613.5	0.148693181218	0.630347914114	135	135
85.0	91.0	77.0	141.0	168.0	164.0	10	0.0612712451383	0.00113209508667	DLR00012647-2009-07-05_09-32-25	0.163495849378	4	95	1485.5	618.5	0.165018148226	0.627417550216	135	135
85.0	90.0	76.0	137.0	163.0	159.0	11	0.0693697053652	0.00106663666745	DLR00012647-2009-07-05_09-32-25	0.156426043985	4	95	1631.5	618.5	0.158205639331	0.646225158506	135	135
84.0	90.0	76.0	139.0	166.0	162.0	12	0.0618040385742	0.00111968626046	DLR00012647-2009-07-05_09-32-25	0.150430067588	4	95	1771.5	622.5	0.152788568768	0.587085087112	135	135
85.0	90.0	76.0	137.0	163.0	159.0	13	0.0793329426181	0.00107941830557	DLR00012647-2009-07-05_09-32-25	0.147993957457	4	95	1900.5	618.5	0.149950261242	0.612073099259	135	135
84.0	90.0	76.0	139.0	166.0	162.0	14	0.0618040385742	0.00112677686383	DLR00012647-2009-07-05_09-32-25	0.150446896346	4	95	2041.5	618.5	0.152824163671	0.588363791358	135	135
85.0	90.0	76.0	137.0	163.0	159.0	15	0.0697426607704	0.00108175945726	DLR00012647-2009-07-05_09-32-25	0.168169438281	4	95	2173.5	613.5	0.169767060753	0.674889445362	135	135
85.0	90.0	76.0	138.0	164.0	160.0	16	0.0634024188822	0.00110464003974	DLR00012647-2009-07-05_09-32-25	0.14722006403	4	95	2322.5	618.5	0.149490113926	0.590974479194	135	135
85.0	90.0	76.0	139.0	164.0	160.0	17	0.0655868719697	0.00109874698349	DLR00012647-2009-07-05_09-32-25	0.168072128339	4	95	2453.5	618.5	0.169374385917	0.671000053279	135	135
85.0	90.0	76.0	140.0	165.0	162.0	18	0.0681975598061	0.00112853941163	DLR00012647-2009-07-05_09-32-25	0.158778175439	4	95	2591.5	617.5	0.160364428044	0.631520059673	135	135
85.0	90.0	76.0	139.0	164.0	159.0	19	0.0642548883798	0.00110791512173	DLR00012647-2009-07-05_09-32-25	0.174397939467	4	95	2718.5	618.5	0.175328422539	0.701422558474	135	135
86.0	90.0	76.0	140.0	165.0	161.0	20	0.0611646864511	0.00112962467035	DLR00012647-2009-07-05_09-32-25	0.162324380723	4	95	2861.5	620.5	0.162856045832	0.649475198466	135	135
85.0	89.0	75.0	138.0	161.0	157.0	21	0.0621769939794	0.00110794904478	DLR00012647-2009-07-05_09-32-25	0.176166857836	4	95	2992.5	613.5	0.176432859072	0.707336565614	135	135
83.0	86.0	72.0	138.0	161.0	157.0	22	0.0598859822047	0.00116591597505	DLR00012647-2009-07-05_09-32-25	0.173640951713	4	95	3133.5	618.5	0.174211340835	0.705418509244	135	135
80.0	83.0	71.0	136.0	159.0	156.0	23	0.0656401513133	0.00124095408167	DLR00012647-2009-07-05_09-32-25	0.209045984129	4	95	3273.5	618.5	0.209220734959	0.799722947413	135	135
79.0	82.0	71.0	137.0	162.0	160.0	24	0.0501891416698	0.00136596233753	DLR00012647-2009-07-05_09-32-25	0.244535606988	4	95	3406.5	618.5	0.244835276758	0.798497522511	135	135
86.0	88.0	78.0	139.0	161.0	158.0	1	0.0541850924397	0.00117602591182	DLR00012647-2009-07-05_09-32-25	0.202938509689	5	95	266.5	755.5	0.202267554652	0.786882625606	135	135
85.0	88.0	76.0	139.0	162.0	160.0	2	0.0558367520912	0.00114857722445	DLR00012647-2009-07-05_09-32-25	0.163348025655	5	95	405.5	757.5	0.163192451826	0.687996163887	135	135
86.0	90.0	77.0	140.0	163.0	159.0	3	0.0630827428206	0.00110000087342	DLR00012647-2009-07-05_09-32-25	0.129696388897	5	95	533.5	757.5	0.130034334326	0.558314241569	135	135
88.0	91.0	78.0	139.0	160.0	155.0	4	0.0759763439714	0.001024315845	DLR00012647-2009-07-05_09-32-25	0.131467175282	5	95	671.5	752.5	0.131881706679	0.594490915872	135	135
88.0	92.0	77.0	141.0	163.0	158.0	5	0.0711812030476	0.00106124303138	DLR00012647-2009-07-05_09-32-25	0.120569345541	5	95	813.5	757.5	0.121347228757	0.533859022857	135	135
88.0	92.0	77.0	139.0	163.0	158.0	6	0.0696893814268	0.00105356823203	DLR00012647-2009-07-05_09-32-25	0.132370215938	5	95	948.5	757.5	0.133151284538	0.571847194843	135	135
87.0	92.0	77.0	141.0	165.0	161.0	7	0.0758165059406	0.00108581304075	DLR00012647-2009-07-05_09-32-25	0.137950234418	5	95	1085.5	757.5	0.139313715274	0.577121849859	135	135
86.0	91.0	77.0	138.0	163.0	159.0	8	0.0664393414673	0.00105545849868	DLR00012647-2009-07-05_09-32-25	0.136968965251	5	95	1224.5	747.5	0.138912148482	0.570834887314	135	135
86.0	91.0	76.0	137.0	161.0	156.0	9	0.0772550482178	0.00102208772232	DLR00012647-2009-07-05_09-32-25	0.107624050715	5	95	1360.5	757.5	0.110544339432	0.484042836592	135	135
85.0	90.0	77.0	139.0	163.0	159.0	10	0.0675582076829	0.00107386633964	DLR00012647-2009-07-05_09-32-25	0.135278131256	5	95	1495.5	757.5	0.137879527963	0.557781448133	135	135
85.0	90.0	76.0	140.0	165.0	161.0	11	0.077894400341	0.00111409534508	DLR00012647-2009-07-05_09-32-25	0.136701285679	5	95	1628.5	756.5	0.139599348318	0.547391976131	135	135
85.0	90.0	75.0	138.0	164.0	160.0	12	0.0749107570995	0.00110002666174	DLR00012647-2009-07-05_09-32-25	0.138714388362	5	95	1766.5	750.5	0.141298684546	0.553146145239	135	135
84.0	89.0	75.0	137.0	162.0	158.0	13	0.071127923704	0.00107615802024	DLR00012647-2009-07-05_09-32-25	0.132574535149	5	95	1903.5	757.5	0.135274505104	0.542383717833	135	135
84.0	89.0	75.0	134.0	158.0	154.0	14	0.0899355319942	0.0010168714041	DLR00012647-2009-07-05_09-32-25	0.117399843991	5	95	2041.5	757.5	0.120833763298	0.531461452395	135	135
84.0	89.0	75.0	136.0	162.0	157.0	15	0.0735787735095	0.0010754212241	DLR00012647-2009-07-05_09-32-25	0.12826855087	5	95	2178.5	757.5	0.131331503508	0.537109062816	135	135
85.0	90.0	76.0	137.0	162.0	158.0	16	0.0748574777559	0.0010821790445	DLR00012647-2009-07-05_09-32-25	0.135617572181	5	95	2313.5	757.5	0.138090906001	0.561724119559	135	135
85.0	90.0	75.0	140.0	165.0	161.0	17	0.0664393414673	0.00112592902733	DLR00012647-2009-07-05_09-32-25	0.158271316991	5	95	2453.5	763.5	0.160236392681	0.614630507752	135	135
85.0	90.0	75.0	140.0	165.0	161.0	18	0.0602056582663	0.0011220428494	DLR00012647-2009-07-05_09-32-25	0.155705420052	5	95	2590.5	754.5	0.157189936652	0.614310831691	135	135
85.0	90.0	76.0	140.0	165.0	160.0	19	0.0637220949438	0.00112028870978	DLR00012647-2009-07-05_09-32-25	0.151923379176	5	95	2721.5	749.5	0.153242598309	0.601044275135	135	135
86.0	89.0	75.0	140.0	163.0	159.0	20	0.0552506793116	0.00111994706929	DLR00012647-2009-07-05_09-32-25	0.150473641146	5	95	2853.5	757.5	0.151720700057	0.600724599073	135	135
85.0	88.0	74.0	135.0	157.0	152.0	21	0.0640417710054	0.00106214019044	DLR00012647-2009-07-05_09-32-25	0.122859641157	5	95	2998.5	757.5	0.12382194728	0.55389205605	135	135
83.0	86.0	72.0	136.0	158.0	154.0	22	0.0687836325856	0.00114262883485	DLR00012647-2009-07-05_09-32-25	0.14830597276	5	95	3124.5	757.5	0.149309275616	0.623048644041	135	135
81.0	84.0	71.0	133.0	156.0	152.0	23	0.0680377217753	0.00118411912984	DLR00012647-2009-07-05_09-32-25	0.175874186781	5	95	3265.5	757.5	0.176160271783	0.728115509617	135	135
80.0	83.0	71.0	139.0	164.0	161.0	24	0.0569023389632	0.0013829299359	DLR00012647-2009-07-05_09-32-25	0.245489151238	5	95	3408.5	759.5	0.245759010172	0.795460599925	135	135
87.0	87.0	74.0	93.0	97.0	88.5	1	0.00500825829826	0.000164375951007	DLR00012647-2009-07-05_09-32-25	0.000551948562705	6	95	267.5	893.5	0.00099330080982	0.013000159838	135	135
86.0	88.0	76.0	143.0	168.0	166.0	2	0.0597261441739	0.00123085476956	DLR00012647-2009-07-05_09-32-25	0.198766523684	6	95	403.5	891.5	0.198565920855	0.742021418296	135	135
86.0	90.0	77.0	140.0	163.0	160.0	3	0.0621237146358	0.00111395845045	DLR00012647-2009-07-05_09-32-25	0.159330484832	6	95	538.5	893.5	0.1597316525	0.682348553466	135	135
88.0	91.0	77.0	141.0	165.0	161.0	4	0.0563695455272	0.00110221347116	DLR00012647-2009-07-05_09-32-25	0.150574532647	6	95	676.5	888.5	0.150849494642	0.631573339016	135	135
88.0	92.0	77.0	142.0	166.0	162.0	5	0.0614843625127	0.00110997643568	DLR00012647-2009-07-05_09-32-25	0.163203222936	6	95	816.5	898.5	0.163503378962	0.654217060046	135	135
88.0	91.0	76.0	91.0	98.0	85.5	6	0.0	8.36260531577e-05	DLR00012647-2009-07-05_09-32-25	-0.00545078161933	6	95	948.5	893.5	9.35668922243e-05	0.00394267142629	135	135
87.0	92.0	77.0	141.0	166.0	162.0	7	0.0706484096116	0.00110647136052	DLR00012647-2009-07-05_09-32-25	0.161227172775	6	95	1086.5	891.5	0.162014603198	0.639991475305	135	135
85.0	91.0	76.0	140.0	166.0	162.0	8	0.0625499493846	0.00110362233382	DLR00012647-2009-07-05_09-32-25	0.157290685003	6	95	1224.5	895.5	0.159109875704	0.618999413927	135	135
85.0	90.0	77.0	139.0	163.0	159.0	9	0.0675582076829	0.00107156455859	DLR00012647-2009-07-05_09-32-25	0.155369431242	6	95	1360.5	883.5	0.157411219332	0.632905322606	135	135
85.0	90.0	76.0	139.0	166.0	162.0	10	0.0599392615483	0.00111980866085	DLR00012647-2009-07-05_09-32-25	0.147203866694	6	95	1499.5	893.5	0.149583356456	0.570408652565	135	135
86.0	89.0	74.0	95.0	102.0	87.0	11	5.32793435985e-05	0.000148611102281	DLR00012647-2009-07-05_09-32-25	-0.00839708229299	6	95	1643.5	891.5	1.3247680511e-05	0.000266396717992	135	135
86.0	89.0	74.0	93.0	99.0	86.0	12	0.0	0.000122316890104	DLR00012647-2009-07-05_09-32-25	-0.00810843162706	6	95	1771.5	893.5	4.53486109497e-05	0.00138526293356	135	135
84.0	89.0	76.0	139.0	164.0	161.0	13	0.0702754542064	0.00112706004927	DLR00012647-2009-07-05_09-32-25	0.172862641605	6	95	1902.5	889.5	0.17451897746	0.655655602323	135	135
83.0	89.0	75.0	138.0	165.0	161.0	14	0.0660131067185	0.00113389299041	DLR00012647-2009-07-05_09-32-25	0.159229027515	6	95	2041.5	887.5	0.16186264946	0.604773829186	135	135
83.0	89.0	76.0	138.0	164.0	160.0	15	0.0684106771805	0.00111959762724	DLR00012647-2009-07-05_09-32-25	0.17092563462	6	95	2178.5	893.5	0.173081931591	0.655815440354	135	135
85.0	90.0	75.0	140.0	166.0	162.0	16	0.0663327827801	0.00113929622462	DLR00012647-2009-07-05_09-32-25	0.164428528948	6	95	2316.5	893.5	0.166359618333	0.625659331877	135	135
87.0	90.0	74.0	118.0	124.0	114.0	17	0.00634024188822	0.000256427831269	DLR00012647-2009-07-05_09-32-25	-0.00795855956674	6	95	2460.5	893.5	0.0014137068671	0.0160370824231	135	135
87.0	89.0	73.0	113.0	116.0	107.0	18	0.000479514092386	0.000209839475871	DLR00012647-2009-07-05_09-32-25	-0.00772022048958	6	95	2590.5	893.5	0.000247219058734	0.00474186158027	135	135
86.0	88.0	72.0	86.0	94.0	83.0	19	0.0	7.56400350496e-05	DLR00012647-2009-07-05_09-32-25	-0.00952650109565	6	95	2726.5	894.5	4.54413693739e-05	0.00202461505674	135	135
85.0	89.0	74.0	141.0	165.0	161.0	20	0.062496670041	0.00116309595373	DLR00012647-2009-07-05_09-32-25	0.158578922749	6	95	2861.5	889.5	0.159554225065	0.615642815281	135	135
85.0	88.0	73.0	137.0	160.0	155.0	21	0.0652671959081	0.00111071596399	DLR00012647-2009-07-05_09-32-25	0.174826154247	6	95	2996.5	885.5	0.17538901546	0.719058021205	135	135
83.0	86.0	71.0	138.0	161.0	157.0	22	0.0559433107784	0.00118975070044	DLR00012647-2009-07-05_09-32-25	0.174634802664	6	95	3126.5	893.5	0.175936530585	0.690074058288	135	135
81.0	83.0	70.0	140.0	164.0	160.0	23	0.0612179657947	0.00130743720267	DLR00012647-2009-07-05_09-32-25	0.237728511394	6	95	3269.5	889.5	0.237852807725	0.798018008418	135	135
81.0	81.0	67.0	84.0	87.0	77.0	24	0.000479514092386	9.91284833633e-05	DLR00012647-2009-07-05_09-32-25	-0.00404953480427	6	95	3411.5	893.5	5.43315918487e-05	0.00186477702595	135	135
87.0	89.0	77.0	141.0	164.0	161.0	1	0.0433693856892	0.00120162816689	DLR00012647-2009-07-05_09-32-25	0.202988944266	7	95	272.5	1029.5	0.202110779763	0.78427193777	135	135
86.0	89.0	76.0	139.0	162.0	159.0	2	0.0567425009324	0.00113006273363	DLR00012647-2009-07-05_09-32-25	0.164429620487	7	95	410.5	1029.5	0.164508112677	0.710533326229	135	135
87.0	90.0	77.0	139.0	162.0	158.0	3	0.0651073578774	0.00108902009772	DLR00012647-2009-07-05_09-32-25	0.14778532947	7	95	548.5	1025.5	0.14802014236	0.635089775694	135	135
88.0	91.0	77.0	139.0	161.0	156.0	4	0.0574351323992	0.00104724692222	DLR00012647-2009-07-05_09-32-25	0.136286410322	7	95	676.5	1028.5	0.136872835245	0.606691885556	135	135
88.0	92.0	77.0	141.0	163.0	159.0	5	0.0651606372209	0.00107469603958	DLR00012647-2009-07-05_09-32-25	0.133642759873	7	95	822.5	1029.5	0.134094593096	0.564281528052	135	135
88.0	92.0	77.0	141.0	165.0	160.0	6	0.0692098673344	0.00109673008421	DLR00012647-2009-07-05_09-32-25	0.144102656906	7	95	952.5	1024.5	0.144618417474	0.594490915872	135	135
87.0	91.0	77.0	137.0	159.0	154.0	7	0.0689434706164	0.00101358927045	DLR00012647-2009-07-05_09-32-25	0.125499751058	7	95	1081.5	1029.5	0.126573414523	0.547605093505	135	135
86.0	90.0	76.0	139.0	164.0	159.0	8	0.0799722947413	0.00108673473181	DLR00012647-2009-07-05_09-32-25	0.133123206879	7	95	1219.5	1029.5	0.135180925832	0.556449464543	135	135
85.0	90.0	76.0	139.0	164.0	160.0	9	0.064627843785	0.00109467285874	DLR00012647-2009-07-05_09-32-25	0.122931230559	7	95	1360.5	1029.5	0.126107714161	0.503383238319	135	135
84.0	90.0	75.0	138.0	163.0	159.0	10	0.0750173157867	0.00108771424047	DLR00012647-2009-07-05_09-32-25	0.127609565557	7	95	1485.5	1027.5	0.130532941654	0.523895785604	135	135
85.0	89.0	76.0	140.0	165.0	161.0	11	0.0672385316213	0.00112833393645	DLR00012647-2009-07-05_09-32-25	0.134043797377	7	95	1635.5	1024.5	0.136429994874	0.518994085993	135	135
84.0	89.0	75.0	139.0	165.0	161.0	12	0.0637753742874	0.00113950996122	DLR00012647-2009-07-05_09-32-25	0.132612354957	7	95	1771.5	1029.5	0.135535815571	0.507325909745	135	135
83.0	88.0	75.0	136.0	160.0	156.0	13	0.0840215248548	0.00107165182852	DLR00012647-2009-07-05_09-32-25	0.104754642474	7	95	1895.5	1029.5	0.108739164759	0.448931749161	135	135
83.0	88.0	74.0	135.0	159.0	155.0	14	0.0822100271725	0.00105937163765	DLR00012647-2009-07-05_09-32-25	0.123787477076	7	95	2041.5	1032.5	0.127547733718	0.523735947573	135	135
84.0	88.0	75.0	137.0	162.0	158.0	15	0.0600990995791	0.00109111900914	DLR00012647-2009-07-05_09-32-25	0.117913722592	7	95	2178.5	1032.5	0.122181603669	0.483296925782	135	135
85.0	89.0	75.0	137.0	161.0	157.0	16	0.0556236347168	0.00106602484691	DLR00012647-2009-07-05_09-32-25	0.109062750559	7	95	2316.5	1029.5	0.112818734977	0.465608183707	135	135
85.0	90.0	75.0	137.0	162.0	158.0	17	0.0646811231286	0.00108844967937	DLR00012647-2009-07-05_09-32-25	0.149121999085	7	95	2462.5	1029.5	0.150443506897	0.599339336139	135	135
85.0	89.0	73.0	139.0	163.0	159.0	18	0.0620171559486	0.00113651936364	DLR00012647-2009-07-05_09-32-25	0.140119712016	7	95	2590.5	1029.5	0.142053658924	0.552933027865	135	135
85.0	88.0	73.0	137.0	160.0	155.0	19	0.0695828227396	0.00109699862351	DLR00012647-2009-07-05_09-32-25	0.131924094183	7	95	2728.5	1029.5	0.133438234214	0.544461612233	135	135
85.0	88.0	73.0	137.0	160.0	154.0	20	0.0717139964836	0.00110186355221	DLR00012647-2009-07-05_09-32-25	0.128946067171	7	95	2861.5	1029.5	0.130758783373	0.54664606532	135	135
84.0	87.0	72.0	137.0	160.0	156.0	21	0.0584474399275	0.00113657885695	DLR00012647-2009-07-05_09-32-25	0.142676108342	7	95	2993.5	1029.5	0.144145984133	0.585167030742	135	135
82.0	85.0	71.0	136.0	158.0	152.0	22	0.0602056582663	0.00114136985624	DLR00012647-2009-07-05_09-32-25	0.156976788496	7	95	3133.5	1022.5	0.158439344635	0.635675848474	135	135
81.0	83.0	69.0	139.0	163.0	159.0	23	0.0736853321967	0.00130940332898	DLR00012647-2009-07-05_09-32-25	0.214901506333	7	95	3273.5	1029.5	0.21490757947	0.763919228515	135	135
81.0	81.0	67.0	86.0	88.5	73.0	24	0.0	8.01335575113e-05	DLR00012647-2009-07-05_09-32-25	-0.00181355818347	7	95	3411.5	1022.5	2.73286584543e-05	0.00127870424636	135	135
89.0	91.0	79.0	139.0	162.0	158.0	1	0.0437423410944	0.00115611939391	DLR00012647-2009-07-05_09-32-25	0.203547046802	8	95	267.5	1165.5	0.202572469389	0.803772177527	135	135
86.0	89.0	77.0	140.0	165.0	161.0	2	0.0607384517023	0.0011667895007	DLR00012647-2009-07-05_09-32-25	0.18363901304	8	95	403.5	1158.5	0.183176940873	0.763492993766	135	135
87.0	90.0	76.0	138.0	161.0	157.0	3	0.0642016090362	0.00108174570129	DLR00012647-2009-07-05_09-32-25	0.146112814667	8	95	545.5	1168.5	0.14640973627	0.638659491715	135	135
88.0	91.0	77.0	142.0	166.0	162.0	4	0.0579146464916	0.00112333816976	DLR00012647-2009-07-05_09-32-25	0.155464370415	8	95	670.5	1165.5	0.155693765408	0.644626778198	135	135
88.0	91.0	77.0	138.0	160.0	155.0	5	0.0691033086472	0.00102781846292	DLR00012647-2009-07-05_09-32-25	0.133402516758	8	95	813.5	1165.5	0.133932017081	0.589695774948	135	135
87.0	91.0	77.0	141.0	166.0	163.0	6	0.0623368320102	0.00112938318667	DLR00012647-2009-07-05_09-32-25	0.162206094103	8	95	948.5	1161.5	0.162874797705	0.636794714689	135	135
86.0	91.0	77.0	138.0	162.0	157.0	7	0.0863125366295	0.001066233142	DLR00012647-2009-07-05_09-32-25	0.149314152794	8	95	1085.5	1167.5	0.150080268824	0.639085726464	135	135
85.0	90.0	76.0	140.0	166.0	162.0	8	0.0616442005434	0.00113024144196	DLR00012647-2009-07-05_09-32-25	0.164286282644	8	95	1224.5	1167.5	0.165737663955	0.626724918749	135	135
85.0	89.0	76.0	136.0	159.0	154.0	9	0.0832756140444	0.00103410885885	DLR00012647-2009-07-05_09-32-25	0.132729568266	8	95	1360.5	1166.5	0.134919859706	0.576908732484	135	135
84.0	89.0	75.0	139.0	165.0	161.0	10	0.0621237146358	0.00112869648631	DLR00012647-2009-07-05_09-32-25	0.147388578843	8	95	1489.5	1165.5	0.149999165753	0.568650434227	135	135
84.0	89.0	75.0	138.0	163.0	159.0	11	0.077628003623	0.00110685143489	DLR00012647-2009-07-05_09-32-25	0.166088561936	8	95	1629.5	1165.5	0.168085845404	0.647184186691	135	135
83.0	89.0	75.0	139.0	166.0	162.0	12	0.0688901912728	0.00115826401725	DLR00012647-2009-07-05_09-32-25	0.158148698919	8	95	1762.5	1158.5	0.160696682697	0.590867920507	135	135
83.0	88.0	75.0	137.0	163.0	159.0	13	0.0732590974479	0.00111968693795	DLR00012647-2009-07-05_09-32-25	0.161124208741	8	95	1903.5	1164.5	0.163750957837	0.626511801375	135	135
82.0	88.0	75.0	139.0	165.0	162.0	14	0.0604187756407	0.00115819215249	DLR00012647-2009-07-05_09-32-25	0.148123116409	8	95	2031.5	1161.5	0.15172423548	0.555650274389	135	135
83.0	88.0	74.0	136.0	161.0	158.0	15	0.0652139165645	0.00109648832878	DLR00012647-2009-07-05_09-32-25	0.155864939558	8	95	2181.5	1166.5	0.158874780007	0.614417390378	135	135
83.0	88.0	74.0	137.0	162.0	158.0	16	0.0678246044009	0.00112032783825	DLR00012647-2009-07-05_09-32-25	0.148653712995	8	95	2316.5	1155.5	0.15146258017	0.581703873408	135	135
83.0	88.0	74.0	138.0	163.0	159.0	17	0.0645212850978	0.00114002502533	DLR00012647-2009-07-05_09-32-25	0.181592189904	8	95	2443.5	1162.5	0.183211041519	0.69055357238	135	135
84.0	89.0	75.0	138.0	164.0	160.0	18	0.0612712451383	0.00115599165312	DLR00012647-2009-07-05_09-32-25	0.162973695265	8	95	2590.5	1163.5	0.164666574804	0.624806862379	135	135
84.0	88.0	73.0	138.0	162.0	157.0	19	0.0723533486067	0.00113450632682	DLR00012647-2009-07-05_09-32-25	0.172839056934	8	95	2726.5	1161.5	0.173897753198	0.682188715435	135	135
84.0	87.0	72.0	137.0	161.0	156.0	20	0.0631360221642	0.00112847826334	DLR00012647-2009-07-05_09-32-25	0.152273035209	8	95	2861.5	1161.5	0.153851611093	0.631999573765	135	135
84.0	87.0	72.0	137.0	160.0	155.0	21	0.0655868719697	0.00113572796178	DLR00012647-2009-07-05_09-32-25	0.178348645316	8	95	2991.5	1158.5	0.1794492958	0.711758751132	135	135
82.0	85.0	70.0	138.0	161.0	157.0	22	0.0565826629016	0.00121278699572	DLR00012647-2009-07-05_09-32-25	0.181666324919	8	95	3133.5	1156.5	0.182835959601	0.708082476424	135	135
80.0	83.0	69.0	139.0	164.0	160.0	23	0.0659598273749	0.00133063464573	DLR00012647-2009-07-05_09-32-25	0.257336187761	8	95	3274.5	1161.5	0.257503654003	0.835899621717	135	135
80.0	81.0	67.0	86.0	90.0	79.0	24	0.00618040385742	0.000166506567362	DLR00012647-2009-07-05_09-32-25	-0.0015347179295	8	95	3411.5	1165.5	0.00108008051937	0.0145452608024	135	135
88.0	90.0	77.0	139.0	160.0	157.0	1	0.0490169961106	0.00113205006708	DLR00012647-2009-07-05_09-32-25	0.191544427808	9	95	269.5	1302.5	0.190718298319	0.774148862486	135	135
86.0	89.0	76.0	139.0	162.0	158.0	2	0.0604187756407	0.00112000485441	DLR00012647-2009-07-05_09-32-25	0.164142111493	9	95	403.5	1301.5	0.163924259506	0.705045553839	135	135
87.0	90.0	75.0	139.0	161.0	157.0	3	0.0606851723587	0.0010888251509	DLR00012647-2009-07-05_09-32-25	0.143014226608	9	95	544.5	1300.5	0.14337304961	0.613724758911	135	135
88.0	91.0	76.0	140.0	162.0	158.0	4	0.0610581277639	0.00107879223011	DLR00012647-2009-07-05_09-32-25	0.145591031479	9	95	666.5	1301.5	0.145974230172	0.617187916245	135	135
87.0	91.0	76.0	139.0	162.0	157.0	5	0.0700090574884	0.00105528631745	DLR00012647-2009-07-05_09-32-25	0.133515845799	9	95	813.5	1301.5	0.134580624287	0.577334967233	135	135
87.0	91.0	76.0	136.0	158.0	152.0	6	0.0679311630881	0.00100381229777	DLR00012647-2009-07-05_09-32-25	0.115601486315	9	95	948.5	1301.5	0.116621071934	0.539346795247	135	135
86.0	91.0	76.0	140.0	165.0	160.0	7	0.0618040385742	0.00111855859855	DLR00012647-2009-07-05_09-32-25	0.144086401996	9	95	1083.5	1301.5	0.145244351413	0.573125899089	135	135
85.0	90.0	76.0	137.0	160.0	155.0	8	0.0783206350898	0.00104500523351	DLR00012647-2009-07-05_09-32-25	0.123535730652	9	95	1224.5	1301.5	0.125340057576	0.53508444776	135	135
85.0	90.0	75.0	137.0	162.0	157.0	9	0.063295860195	0.00106096031993	DLR00012647-2009-07-05_09-32-25	0.134933076502	9	95	1360.5	1306.5	0.137515096217	0.558527358943	135	135
85.0	90.0	76.0	138.0	162.0	158.0	10	0.0684106771805	0.0010092664592	DLR00012647-2009-07-05_09-32-25	0.123925291556	9	95	1495.5	1301.5	0.127547172288	0.539400074591	135	135
85.0	90.0	77.0	137.0	161.0	157.0	11	0.0615376418563	0.000972812625809	DLR00012647-2009-07-05_09-32-25	0.1039201552	9	95	1634.5	1301.5	0.108663875413	0.47631733177	135	135
84.0	90.0	77.0	136.0	161.0	156.0	12	0.0662262240929	0.000971878972837	DLR00012647-2009-07-05_09-32-25	0.111219175446	9	95	1764.5	1310.5	0.115771713507	0.505940646811	135	135
84.0	89.0	76.0	136.0	161.0	157.0	13	0.0641483296926	0.00102563661483	DLR00012647-2009-07-05_09-32-25	0.115565010399	9	95	1912.5	1301.5	0.120895241423	0.50636688156	135	135
84.0	89.0	76.0	138.0	163.0	160.0	14	0.0621769939794	0.00102178643185	DLR00012647-2009-07-05_09-32-25	0.116922481501	9	95	2036.5	1301.5	0.122761978112	0.510948905109	135	135
84.0	88.0	75.0	138.0	164.0	160.0	15	0.0601523789227	0.00103586516791	DLR00012647-2009-07-05_09-32-25	0.13367028223	9	95	2169.5	1301.5	0.13817695682	0.560924929405	135	135
84.0	88.0	75.0	138.0	163.0	159.0	16	0.0535457403165	0.000987589210753	DLR00012647-2009-07-05_09-32-25	0.116578356223	9	95	2307.5	1301.5	0.12083753473	0.517715381746	135	135
84.0	89.0	75.0	137.0	162.0	157.0	17	0.0632425808514	0.00105505244326	DLR00012647-2009-07-05_09-32-25	0.122684558706	9	95	2444.5	1301.5	0.126136571485	0.520112952208	135	135
85.0	90.0	76.0	137.0	162.0	157.0	18	0.0515211252597	0.00102646612884	DLR00012647-2009-07-05_09-32-25	0.128104770768	9	95	2587.5	1292.5	0.131387940692	0.54057222015	135	135
85.0	88.0	73.0	138.0	162.0	157.0	19	0.0682508391497	0.00112025778199	DLR00012647-2009-07-05_09-32-25	0.127770284997	9	95	2721.5	1301.5	0.129820443033	0.515797325377	135	135
84.0	87.0	72.0	136.0	158.0	152.0	20	0.0763492993766	0.00109500008285	DLR00012647-2009-07-05_09-32-25	0.126907679223	9	95	2861.5	1301.5	0.12934123263	0.548404283659	135	135
83.0	86.0	72.0	136.0	159.0	154.0	21	0.0638819329746	0.0011438409894	DLR00012647-2009-07-05_09-32-25	0.157443432375	9	95	2998.5	1301.5	0.158678827096	0.645852203101	135	135
82.0	84.0	70.0	134.0	156.0	151.0	22	0.063029463477	0.00113456482624	DLR00012647-2009-07-05_09-32-25	0.156119656219	9	95	3134.5	1302.5	0.157581266988	0.651979327615	135	135
79.0	82.0	69.0	134.0	158.0	154.0	23	0.0676647663701	0.00125541431789	DLR00012647-2009-07-05_09-32-25	0.189770282898	9	95	3273.5	1301.5	0.190442057781	0.739197613085	135	135
80.0	82.0	70.0	136.0	161.0	158.0	24	0.047631733177	0.00136449393742	DLR00012647-2009-07-05_09-32-25	0.238358346459	9	95	3414.5	1295.5	0.238764257204	0.780222707656	135	135
89.0	91.0	78.0	141.0	164.0	161.0	1	0.0397463903245	0.00119283770099	DLR00012647-2009-07-05_09-32-25	0.214966762208	10	95	263.5	1444.5	0.214010262049	0.799456550695	135	135
86.0	89.0	76.0	141.0	166.0	162.0	2	0.0562097074964	0.0011818197332	DLR00012647-2009-07-05_09-32-25	0.185131540091	10	95	403.5	1441.5	0.18467617936	0.763013479674	135	135
86.0	90.0	76.0	138.0	161.0	157.0	3	0.0657467100005	0.00109057218617	DLR00012647-2009-07-05_09-32-25	0.163520947131	10	95	537.5	1447.5	0.163678926833	0.697373328361	135	135
87.0	91.0	76.0	141.0	165.0	161.0	4	0.0547178858756	0.00111918461336	DLR00012647-2009-07-05_09-32-25	0.159368138562	10	95	676.5	1440.5	0.159633270386	0.654217060046	135	135
87.0	91.0	77.0	141.0	164.0	160.0	5	0.0625499493846	0.00109225542939	DLR00012647-2009-07-05_09-32-25	0.170449249329	10	95	809.5	1439.5	0.170620197258	0.695188875273	135	135
87.0	91.0	76.0	142.0	166.0	162.0	6	0.0587138366455	0.00113973651144	DLR00012647-2009-07-05_09-32-25	0.159819899352	10	95	948.5	1431.5	0.160318344784	0.633864350791	135	135
87.0	91.0	76.0	139.0	163.0	158.0	7	0.0721935105759	0.00109346723334	DLR00012647-2009-07-05_09-32-25	0.158071662825	10	95	1076.5	1436.5	0.158546131923	0.647130907347	135	135
86.0	90.0	75.0	142.0	168.0	164.0	8	0.0615909211999	0.00118434213193	DLR00012647-2009-07-05_09-32-25	0.169436982785	10	95	1224.5	1440.5	0.170205215816	0.621130587671	135	135
84.0	89.0	76.0	138.0	163.0	159.0	9	0.0758697852842	0.00112443686393	DLR00012647-2009-07-05_09-32-25	0.1677221544	10	95	1360.5	1437.5	0.169039173239	0.652512121051	135	135
84.0	90.0	77.0	138.0	165.0	162.0	10	0.0617507592306	0.00113111292922	DLR00012647-2009-07-05_09-32-25	0.161511382904	10	95	1487.5	1435.5	0.163466809022	0.617720709681	135	135
84.0	90.0	77.0	137.0	162.0	158.0	11	0.0637753742874	0.00106440424757	DLR00012647-2009-07-05_09-32-25	0.15603136174	10	95	1634.5	1435.5	0.158828223769	0.637274228782	135	135
83.0	88.0	75.0	137.0	163.0	160.0	12	0.0635089775694	0.00113833528032	DLR00012647-2009-07-05_09-32-25	0.143458215401	10	95	1771.5	1440.5	0.146776159118	0.556822419948	135	135
83.0	89.0	75.0	138.0	164.0	161.0	13	0.0663860621237	0.00115223177372	DLR00012647-2009-07-05_09-32-25	0.183620299918	10	95	1908.5	1435.5	0.185627238059	0.677713250573	135	135
84.0	87.0	72.0	89.0	94.0	81.0	14	0.0	8.34485761074e-05	DLR00012647-2009-07-05_09-32-25	-0.0105795710821	10	95	2041.5	1448.5	1.52194614911e-05	0.00069263146678	135	135
84.0	86.0	71.0	94.0	98.0	83.0	15	0.0	0.00013441366968	DLR00012647-2009-07-05_09-32-25	-0.0103010905394	10	95	2178.5	1440.5	1.34190300381e-05	0.000372955405189	135	135
83.0	87.0	73.0	138.0	165.0	161.0	16	0.0627097874154	0.00119315769672	DLR00012647-2009-07-05_09-32-25	0.157902943701	10	95	2316.5	1438.5	0.159770232529	0.587937556609	135	135
82.0	86.0	72.0	136.0	161.0	157.0	17	0.0772017688742	0.00114535006612	DLR00012647-2009-07-05_09-32-25	0.172604619673	10	95	2453.5	1440.5	0.174577176255	0.668336086099	135	135
83.0	87.0	73.0	137.0	162.5	158.0	18	0.0622835526666	0.00116875295769	DLR00012647-2009-07-05_09-32-25	0.153352196328	10	95	2590.5	1440.5	0.154948679895	0.591933507379	135	135
85.0	88.0	73.0	141.0	165.0	161.0	19	0.0693164260216	0.00119867262635	DLR00012647-2009-07-05_09-32-25	0.203116910499	10	95	2721.5	1436.5	0.203384710664	0.749640364431	135	135
85.0	86.0	70.0	85.0	93.0	80.0	20	0.0	8.35667875409e-05	DLR00012647-2009-07-05_09-32-25	-0.00711213164971	10	95	2861.5	1442.5	0.000230571371737	0.00990995790932	135	135
83.0	86.0	71.0	140.0	164.0	160.0	21	0.0649475198466	0.00122875839058	DLR00012647-2009-07-05_09-32-25	0.218965124524	10	95	2994.5	1435.5	0.219328264093	0.802706590655	135	135
82.0	85.0	71.0	136.0	159.0	154.0	22	0.0589802333635	0.00116121656898	DLR00012647-2009-07-05_09-32-25	0.172057566259	10	95	3133.5	1442.5	0.173048056699	0.719111300549	135	135
78.0	81.0	69.0	135.0	158.0	154.0	23	0.0589269540199	0.00125482128828	DLR00012647-2009-07-05_09-32-25	0.211457737336	10	95	3273.5	1434.5	0.212273938925	0.788587564601	135	135
77.0	80.0	69.0	135.0	160.0	157.0	24	0.0499227449518	0.001361827213	DLR00012647-2009-07-05_09-32-25	0.235017604086	10	95	3407.5	1440.5	0.235323091578	0.780542383718	135	135
89.0	89.0	74.0	103.0	106.0	97.5	1	0.00442218551867	0.000304928925649	DLR00012647-2009-07-05_09-32-25	0.00448782493676	11	95	267.5	1574.5	0.00160827527635	0.0141723053972	135	135
86.0	89.0	76.0	142.0	166.0	163.0	2	0.0582876018967	0.00120045651573	DLR00012647-2009-07-05_09-32-25	0.182090542902	11	95	406.5	1574.5	0.181311888889	0.708295593798	135	135
86.0	90.0	76.0	141.0	165.0	161.0	3	0.0585007192711	0.00115857070722	DLR00012647-2009-07-05_09-32-25	0.17686856943	11	95	541.5	1574.5	0.176813723689	0.712717779317	135	135
87.0	91.0	76.0	139.0	161.0	157.0	4	0.05759497043	0.00107284696024	DLR00012647-2009-07-05_09-32-25	0.131276851872	11	95	676.5	1574.5	0.131429578328	0.582289946188	135	135
87.0	91.0	76.0	141.0	164.0	160.0	5	0.0521071980393	0.00110120732941	DLR00012647-2009-07-05_09-32-25	0.148951184155	11	95	813.5	1574.5	0.149155910707	0.610581277639	135	135
88.0	90.0	74.0	89.0	96.0	84.0	6	0.0	8.16082005616e-05	DLR00012647-2009-07-05_09-32-25	-0.00464347017054	11	95	948.5	1571.5	0.000176279179024	0.00793862219617	135	135
88.0	90.0	74.0	96.0	100.0	85.0	7	0.0	0.000130231239723	DLR00012647-2009-07-05_09-32-25	-0.00330359686689	11	95	1082.5	1574.5	6.82508837885e-05	0.00197133571314	135	135
87.0	89.0	74.0	92.5	96.0	82.0	8	0.0	8.33491047196e-05	DLR00012647-2009-07-05_09-32-25	-0.00453329704986	11	95	1224.5	1574.5	0.000101056302274	0.00447546486227	135	135
86.0	88.0	73.0	95.0	98.0	83.0	9	0.0	0.000112974256845	DLR00012647-2009-07-05_09-32-25	-0.0066404413724	11	95	1355.5	1574.5	7.81632553587e-06	0.000266396717992	135	135
84.0	88.0	74.0	137.0	163.0	160.0	10	0.0615376418563	0.00114205393753	DLR00012647-2009-07-05_09-32-25	0.147964801834	11	95	1495.5	1574.5	0.149875238434	0.566412701796	135	135
83.0	88.0	74.0	132.0	156.0	151.0	11	0.0780542383718	0.00102744167713	DLR00012647-2009-07-05_09-32-25	0.119200348321	11	95	1625.5	1574.5	0.122353332593	0.516489956844	135	135
82.0	87.0	73.0	136.0	161.0	157.0	12	0.0731525387607	0.00111580588705	DLR00012647-2009-07-05_09-32-25	0.133595677232	11	95	1767.5	1572.5	0.138017992581	0.538814001811	135	135
82.0	87.0	73.0	136.0	161.0	157.0	13	0.0686237945549	0.00112838321866	DLR00012647-2009-07-05_09-32-25	0.140889728305	11	95	1912.5	1574.5	0.143822382558	0.551547764932	135	135
84.0	86.0	71.0	94.5	98.5	83.0	14	0.0	0.000142436254419	DLR00012647-2009-07-05_09-32-25	-0.00957780142524	11	95	2041.5	1574.5	1.73866373858e-05	0.000426234748788	135	135
83.0	86.0	71.0	86.0	93.0	83.0	15	0.0	8.91493456421e-05	DLR00012647-2009-07-05_09-32-25	-0.00926138080673	11	95	2178.5	1574.5	7.34772504028e-05	0.00309020192871	135	135
82.0	86.0	72.0	136.0	161.0	157.0	16	0.076562416751	0.00116423767873	DLR00012647-2009-07-05_09-32-25	0.14867483436	11	95	2316.5	1574.5	0.150922216069	0.573925089243	135	135
82.0	86.0	72.0	133.0	156.0	151.0	17	0.0712877617348	0.00108898505653	DLR00012647-2009-07-05_09-32-25	0.134954641808	11	95	2454.5	1574.5	0.136986893519	0.563748734616	135	135
83.0	87.0	73.0	136.0	160.0	156.0	18	0.0621237146358	0.00112191033981	DLR00012647-2009-07-05_09-32-25	0.154556707824	11	95	2589.5	1574.5	0.15617707279	0.612925568757	135	135
85.0	86.0	70.0	87.0	93.0	80.0	19	0.0	9.09153943518e-05	DLR00012647-2009-07-05_09-32-25	-0.00614995791892	11	95	2726.5	1574.5	9.77609100183e-05	0.00415578880068	135	135
85.0	86.0	70.0	87.0	93.0	81.0	20	0.000266396717992	9.37372108477e-05	DLR00012647-2009-07-05_09-32-25	-0.00610955805426	11	95	2859.5	1574.5	0.000170968024439	0.00660663860621	135	135
84.0	85.0	69.0	86.0	93.0	80.0	21	0.00378283339549	0.000104576753928	DLR00012647-2009-07-05_09-32-25	-0.00527392206534	11	95	2998.5	1574.5	0.000819360821141	0.0190207256647	135	135
82.0	84.0	71.0	133.0	155.0	150.0	22	0.0566892215888	0.00107449773022	DLR00012647-2009-07-05_09-32-25	0.143789429338	11	95	3135.5	1574.5	0.145275334791	0.641643134957	135	135
78.0	81.0	69.0	131.0	154.0	149.0	23	0.0638819329746	0.00121474330632	DLR00012647-2009-07-05_09-32-25	0.171932777863	11	95	3273.5	1574.5	0.172452809773	0.699131546699	135	135
77.0	79.0	68.0	131.0	154.0	151.0	24	0.0656401513133	0.00129995257209	DLR00012647-2009-07-05_09-32-25	0.205569814862	11	95	3408.5	1574.5	0.206178060028	0.741168948799	135	135
88.0	88.0	74.0	89.0	92.0	81.0	1	0.000745910810379	8.94002651944e-05	DLR00012647-2009-07-05_09-32-25	0.00289546213339	12	95	267.5	1715.5	0.000408694207309	0.0153444509564	135	135
86.0	89.0	75.0	143.0	168.0	166.0	2	0.0571687356812	0.00126042349421	DLR00012647-2009-07-05_09-32-25	0.207655999668	12	95	403.5	1710.5	0.207008941825	0.764984815387	135	135
86.0	90.0	76.0	136.0	157.0	152.0	3	0.071394320422	0.00104577576056	DLR00012647-2009-07-05_09-32-25	0.165565353278	12	95	538.5	1713.5	0.165163094832	0.74074271405	135	135
87.0	90.0	76.0	141.0	164.0	161.0	4	0.0575416910864	0.00113806811747	DLR00012647-2009-07-05_09-32-25	0.159775379129	12	95	667.5	1713.5	0.159850142511	0.67440993127	135	135
87.0	91.0	76.0	139.0	161.0	157.0	5	0.0680377217753	0.00107608074602	DLR00012647-2009-07-05_09-32-25	0.161324341369	12	95	808.5	1718.5	0.161143437603	0.695668389365	135	135
87.0	91.0	76.0	142.0	167.0	163.0	6	0.0577548084608	0.00115784302223	DLR00012647-2009-07-05_09-32-25	0.162128419151	12	95	948.5	1711.5	0.162164935971	0.647450583409	135	135
87.0	90.0	76.0	140.0	165.0	161.0	7	0.0668122968725	0.00114013940834	DLR00012647-2009-07-05_09-32-25	0.170879360527	12	95	1081.5	1705.5	0.170863592405	0.678139485322	135	135
85.0	89.0	75.0	140.0	166.0	162.0	8	0.0631893015078	0.00117900925057	DLR00012647-2009-07-05_09-32-25	0.167195644843	12	95	1224.5	1708.5	0.167567404093	0.633278278012	135	135
84.0	88.0	75.0	137.0	161.0	157.0	9	0.0723533486067	0.00111840003335	DLR00012647-2009-07-05_09-32-25	0.175491143958	12	95	1361.5	1715.5	0.176179772909	0.694283126432	135	135
83.0	87.0	74.0	138.0	164.0	161.0	10	0.0656401513133	0.00116593732157	DLR00012647-2009-07-05_09-32-25	0.153027073461	12	95	1504.5	1710.5	0.155067375749	0.579253023603	135	135
82.0	87.0	73.0	135.0	160.0	156.0	11	0.0726730246683	0.00111177393786	DLR00012647-2009-07-05_09-32-25	0.165289425036	12	95	1634.5	1707.5	0.16742135332	0.651073578774	135	135
81.0	86.0	73.0	135.0	161.0	157.0	12	0.0668122968725	0.00113746459317	DLR00012647-2009-07-05_09-32-25	0.150629141411	12	95	1768.5	1710.5	0.154020136816	0.58468751665	135	135
81.0	86.0	73.0	135.0	161.0	157.0	13	0.0753902711919	0.00113773163329	DLR00012647-2009-07-05_09-32-25	0.172424645966	12	95	1906.5	1704.5	0.174832814904	0.663061431083	135	135
81.0	86.0	72.0	137.0	163.0	160.0	14	0.0657999893441	0.00118939122298	DLR00012647-2009-07-05_09-32-25	0.160702481931	12	95	2041.5	1703.5	0.163147781935	0.599872129575	135	135
82.0	86.0	73.0	136.0	162.0	159.0	15	0.070062336832	0.00118494827277	DLR00012647-2009-07-05_09-32-25	0.194864918072	12	95	2175.5	1705.5	0.196170406179	0.720709680857	135	135
81.0	86.0	72.0	135.0	161.0	157.0	16	0.0599925408919	0.00116920927861	DLR00012647-2009-07-05_09-32-25	0.153065230724	12	95	2316.5	1710.5	0.155198593858	0.588310512014	135	135
81.0	85.0	71.0	134.0	158.0	154.0	17	0.0742714049763	0.00113415432063	DLR00012647-2009-07-05_09-32-25	0.169433134778	12	95	2448.5	1710.5	0.171116574466	0.672332036869	135	135
82.0	86.0	72.0	137.0	162.0	158.0	18	0.0602056582663	0.00118573300199	DLR00012647-2009-07-05_09-32-25	0.156159604433	12	95	2590.5	1710.5	0.15857440573	0.604773829186	135	135
83.0	87.0	72.0	137.0	161.0	157.0	19	0.0662262240929	0.00114675454698	DLR00012647-2009-07-05_09-32-25	0.183235190877	12	95	2724.5	1701.5	0.184702403914	0.704938995152	135	135
82.0	85.0	71.0	139.0	163.0	159.0	20	0.0636688156002	0.00121951003911	DLR00012647-2009-07-05_09-32-25	0.175565336861	12	95	2861.5	1710.5	0.17696574265	0.659385156375	135	135
82.0	84.0	71.0	135.0	158.0	153.0	21	0.0637220949438	0.00116337053291	DLR00012647-2009-07-05_09-32-25	0.179956170039	12	95	2998.5	1706.5	0.180725022981	0.728328626991	135	135
81.0	84.0	71.0	136.0	159.0	154.0	22	0.0551441206244	0.00118353033501	DLR00012647-2009-07-05_09-32-25	0.174234143729	12	95	3133.5	1710.5	0.17508512603	0.680537055783	135	135
78.0	81.0	69.0	134.0	158.0	154.0	23	0.0652139165645	0.00128190218768	DLR00012647-2009-07-05_09-32-25	0.20709534992	12	95	3264.5	1710.5	0.20754532591	0.7340827961	135	135
77.0	79.0	68.0	133.0	158.0	155.0	24	0.0584474399275	0.00138061493254	DLR00012647-2009-07-05_09-32-25	0.253635229641	12	95	3408.5	1705.5	0.254036183629	0.819116628483	135	135
88.0	89.0	78.0	141.0	164.0	161.0	1	0.0375086578933	0.00123740229248	DLR00012647-2009-07-05_09-32-25	0.221367291363	13	95	271.5	1853.5	0.220435976376	0.834674196814	135	135
85.0	88.0	75.0	140.0	165.0	162.0	2	0.0602589376099	0.00123066045009	DLR00012647-2009-07-05_09-32-25	0.191237478873	13	95	403.5	1849.5	0.190483293908	0.768234855347	135	135
85.0	89.0	75.0	140.0	163.0	160.0	3	0.0555703553732	0.00116296037401	DLR00012647-2009-07-05_09-32-25	0.160791598204	13	95	541.5	1850.5	0.160309590312	0.670627097874	135	135
87.0	90.0	76.0	138.0	160.0	156.0	4	0.061963876605	0.00108546155095	DLR00012647-2009-07-05_09-32-25	0.144375014244	13	95	679.5	1850.5	0.144369197406	0.634450423571	135	135
87.0	90.0	76.0	138.0	160.0	156.0	5	0.0603654962971	0.00106441245731	DLR00012647-2009-07-05_09-32-25	0.149233659813	13	95	808.5	1850.5	0.149018020653	0.663061431083	135	135
86.0	90.0	76.0	138.0	161.0	157.0	6	0.0618040385742	0.00108584886685	DLR00012647-2009-07-05_09-32-25	0.147391285932	13	95	948.5	1850.5	0.147234034562	0.639245564495	135	135
86.0	90.0	75.0	138.0	162.0	158.0	7	0.0583941605839	0.00110469392497	DLR00012647-2009-07-05_09-32-25	0.135191510744	13	95	1080.5	1850.5	0.135982184133	0.561777398902	135	135
84.0	89.0	75.0	138.0	163.0	159.0	8	0.0620171559486	0.00114064110401	DLR00012647-2009-07-05_09-32-25	0.156026009799	13	95	1224.5	1850.5	0.156637393949	0.62288880601	135	135
83.0	88.0	74.0	136.0	159.0	155.0	9	0.0680377217753	0.00109889541135	DLR00012647-2009-07-05_09-32-25	0.145106046453	13	95	1364.5	1850.5	0.146498781013	0.589855612979	135	135
83.0	87.0	73.0	135.0	160.0	156.0	10	0.0656934306569	0.00111612263414	DLR00012647-2009-07-05_09-32-25	0.130803111501	13	95	1495.5	1841.5	0.133406390512	0.537961532314	135	135
82.0	86.0	73.0	135.0	159.0	155.0	11	0.0633491395386	0.00111578588699	DLR00012647-2009-07-05_09-32-25	0.144544590303	13	95	1628.5	1850.5	0.146955966142	0.585060472055	135	135
81.0	86.0	72.0	132.0	155.0	151.0	12	0.0719803932016	0.00106318890751	DLR00012647-2009-07-05_09-32-25	0.123106074358	13	95	1771.5	1855.5	0.126875227713	0.531781128456	135	135
81.0	85.0	72.0	133.0	157.0	152.0	13	0.0707016889552	0.00109809377212	DLR00012647-2009-07-05_09-32-25	0.129158660868	13	95	1903.5	1850.5	0.132603251981	0.536469710693	135	135
81.0	85.0	72.0	133.0	158.0	154.0	14	0.0674516489957	0.00113190476373	DLR00012647-2009-07-05_09-32-25	0.13608076982	13	95	2044.5	1840.5	0.139296509703	0.544195215515	135	135
81.0	85.0	72.0	131.0	155.0	150.0	15	0.0724599072939	0.00108153008615	DLR00012647-2009-07-05_09-32-25	0.13589261281	13	95	2184.5	1850.5	0.138416986168	0.574884117428	135	135
81.0	85.0	71.0	131.0	154.0	149.0	16	0.0748041984123	0.00107859176056	DLR00012647-2009-07-05_09-32-25	0.129571901772	13	95	2316.5	1840.5	0.132511776008	0.550535457403	135	135
81.0	84.0	71.0	133.0	157.0	153.0	17	0.0646811231286	0.00113276785917	DLR00012647-2009-07-05_09-32-25	0.152146217045	13	95	2455.5	1850.5	0.154415572506	0.614364111034	135	135
81.0	85.0	71.0	133.0	156.0	151.0	18	0.083861686824	0.00110904278221	DLR00012647-2009-07-05_09-32-25	0.153454911645	13	95	2589.5	1850.5	0.15546479674	0.64095050349	135	135
82.0	86.0	72.0	132.0	155.0	150.0	19	0.0734189354787	0.00106834253644	DLR00012647-2009-07-05_09-32-25	0.132033585195	13	95	2722.5	1850.5	0.134354853918	0.573445575151	135	135
82.0	85.0	71.0	135.0	159.0	154.0	20	0.0677180457137	0.0011697502548	DLR00012647-2009-07-05_09-32-25	0.155955739461	13	95	2861.5	1840.5	0.157406903452	0.621077308328	135	135
81.0	84.0	70.0	131.0	153.0	148.0	21	0.0692098673344	0.00109782900452	DLR00012647-2009-07-05_09-32-25	0.134619138566	13	95	3007.5	1850.5	0.135543153633	0.597208162395	135	135
80.0	82.0	69.0	130.0	150.0	145.0	22	0.0634556982258	0.00111131087933	DLR00012647-2009-07-05_09-32-25	0.141752492105	13	95	3133.5	1850.5	0.143141053039	0.609995204859	135	135
77.0	79.0	68.0	129.0	151.0	147.0	23	0.0748574777559	0.00120983789776	DLR00012647-2009-07-05_09-32-25	0.177361236121	13	95	3273.5	1850.5	0.177280310629	0.735521338377	135	135
77.0	79.0	68.0	132.0	155.0	152.0	24	0.0669721349033	0.00135898526522	DLR00012647-2009-07-05_09-32-25	0.238342726131	13	95	3405.5	1842.5	0.238493192518	0.828014278864	135	135
87.0	88.0	77.0	136.0	158.0	155.0	1	0.0459800735255	0.00117562064729	DLR00012647-2009-07-05_09-32-25	0.20065978488	14	95	270.5	1992.5	0.19953046876	0.812829665939	135	135
85.0	87.0	74.0	139.0	164.0	161.0	2	0.0571687356812	0.00124312578437	DLR00012647-2009-07-05_09-32-25	0.187105115928	14	95	412.5	1986.5	0.186155049352	0.738611540306	135	135
86.0	89.0	75.0	134.0	154.0	149.0	3	0.07166071714	0.00103437387001	DLR00012647-2009-07-05_09-32-25	0.15087851778	14	95	541.5	1986.5	0.149823045242	0.689061750759	135	135
87.0	90.0	76.0	141.0	164.0	161.0	4	0.0537055783473	0.00115824970067	DLR00012647-2009-07-05_09-32-25	0.169287769603	14	95	676.5	1986.5	0.168620018167	0.709307901327	135	135
87.0	90.0	76.0	137.0	158.0	154.0	5	0.0758697852842	0.00105779366821	DLR00012647-2009-07-05_09-32-25	0.154347756558	14	95	814.5	1986.5	0.154231768864	0.689381426821	135	135
86.0	90.0	75.0	141.0	165.0	162.0	6	0.0612179657947	0.00116699011413	DLR00012647-2009-07-05_09-32-25	0.17345688531	14	95	948.5	1981.5	0.173329310115	0.694602802493	135	135
86.0	89.0	75.0	135.0	157.0	152.0	7	0.0912675155842	0.00104291710752	DLR00012647-2009-07-05_09-32-25	0.137646790662	14	95	1091.5	1986.5	0.137907383685	0.621503543076	135	135
85.0	89.0	74.0	139.0	164.0	160.0	8	0.0653737545953	0.00117299985153	DLR00012647-2009-07-05_09-32-25	0.164873929683	14	95	1215.5	1986.5	0.165101139424	0.641057062177	135	135
83.0	88.0	74.0	137.0	162.0	158.0	9	0.0749640364431	0.00115245567451	DLR00012647-2009-07-05_09-32-25	0.175914481316	14	95	1359.5	1986.5	0.176468613187	0.691672438596	135	135
82.0	87.0	73.0	136.0	162.0	158.0	10	0.0593531887687	0.00117236058159	DLR00012647-2009-07-05_09-32-25	0.15092226948	14	95	1495.5	1986.5	0.152229258588	0.577867760669	135	135
82.0	86.0	72.0	137.0	163.0	159.0	11	0.0742714049763	0.00118828692468	DLR00012647-2009-07-05_09-32-25	0.183982642923	14	95	1637.5	1986.5	0.185260953545	0.691938835314	135	135
81.0	86.0	72.0	136.0	162.0	158.0	12	0.0666524588417	0.00118166047705	DLR00012647-2009-07-05_09-32-25	0.156284603008	14	95	1771.5	1976.5	0.158587775385	0.593904843092	135	135
81.0	85.0	72.0	135.0	160.0	156.0	13	0.0766689754382	0.00116052724389	DLR00012647-2009-07-05_09-32-25	0.176691310612	14	95	1904.5	1982.5	0.178514719483	0.68048377644	135	135
81.0	85.0	72.0	135.0	161.0	157.0	14	0.0715008791092	0.00119217677254	DLR00012647-2009-07-05_09-32-25	0.168534291119	14	95	2033.5	1977.5	0.170549510342	0.633118439981	135	135
80.0	84.0	71.0	133.0	157.0	152.0	15	0.0785870318078	0.00111186180723	DLR00012647-2009-07-05_09-32-25	0.170142886431	14	95	2181.5	1979.5	0.171683547119	0.680110821035	135	135
80.0	85.0	71.0	133.0	157.0	153.0	16	0.0708082476424	0.00114715443128	DLR00012647-2009-07-05_09-32-25	0.148390578872	14	95	2316.5	1979.5	0.150412579116	0.592306462784	135	135
80.0	84.0	71.0	133.0	158.0	153.0	17	0.0810911609569	0.00115456392435	DLR00012647-2009-07-05_09-32-25	0.185710922131	14	95	2448.5	1977.5	0.187110929386	0.728701582397	135	135
81.0	85.0	71.0	135.0	161.0	157.0	18	0.064627843785	0.00120471309849	DLR00012647-2009-07-05_09-32-25	0.182566554262	14	95	2592.5	1986.5	0.183879148002	0.684426447866	135	135
81.0	85.0	71.0	135.0	159.0	154.0	19	0.0681975598061	0.00117201421534	DLR00012647-2009-07-05_09-32-25	0.18746676481	14	95	2732.5	1986.5	0.188420753504	0.725131866375	135	135
82.0	85.0	71.0	134.0	157.0	152.0	20	0.0657467100005	0.00115002447729	DLR00012647-2009-07-05_09-32-25	0.159606474031	14	95	2865.5	1981.5	0.160597686996	0.658692524908	135	135
81.0	84.0	70.0	135.0	157.0	153.0	21	0.0693697053652	0.00118067755728	DLR00012647-2009-07-05_09-32-25	0.193244124193	14	95	2995.5	1982.5	0.193747232325	0.757738824658	135	135
80.0	82.0	69.0	135.0	159.0	155.0	22	0.0660663860621	0.00128404844514	DLR00012647-2009-07-05_09-32-25	0.191751227554	14	95	3133.5	1986.5	0.19213704221	0.733603282008	135	135
77.0	79.0	67.0	134.0	157.0	154.0	23	0.0744845223507	0.00134355024519	DLR00012647-2009-07-05_09-32-25	0.240718955871	14	95	3273.5	1979.5	0.240738000466	0.826948691992	135	135
77.0	77.0	65.0	81.0	84.0	75.0	24	0.0123608077148	0.00012012184447	DLR00012647-2009-07-05_09-32-25	0.00608618957508	14	95	3411.5	1986.5	0.00937705275099	0.0872715648143	135	135
86.0	88.0	77.0	137.0	159.0	156.0	1	0.0371357024881	0.00120413290702	DLR00012647-2009-07-05_09-32-25	0.220745696548	15	95	272.5	2122.5	0.219919094454	0.850764558581	135	135
85.0	86.0	74.0	139.0	162.0	159.0	2	0.0548244445628	0.00122485784586	DLR00012647-2009-07-05_09-32-25	0.202286446483	15	95	403.5	2122.5	0.201465955169	0.821301081571	135	135
87.0	88.0	74.0	141.0	163.0	160.0	3	0.0612179657947	0.00119375363684	DLR00012647-2009-07-05_09-32-25	0.189974541012	15	95	547.5	2124.5	0.189441723461	0.762320848207	135	135
88.0	89.0	75.0	143.0	165.0	162.0	4	0.0639352123182	0.00118113888155	DLR00012647-2009-07-05_09-32-25	0.176490743643	15	95	670.5	2128.5	0.175891568512	0.729820448612	135	135
88.0	90.0	76.0	141.0	163.0	160.0	5	0.0586072779583	0.00115179158571	DLR00012647-2009-07-05_09-32-25	0.175418757046	15	95	810.5	2125.5	0.174681838571	0.716234215994	135	135
87.0	89.0	75.0	139.0	161.0	157.0	6	0.0679311630881	0.00113748847347	DLR00012647-2009-07-05_09-32-25	0.162017026132	15	95	948.5	2122.5	0.161324292281	0.679045234163	135	135
87.0	89.0	75.0	137.0	158.0	153.0	7	0.0790665459002	0.00107698855889	DLR00012647-2009-07-05_09-32-25	0.148761826319	15	95	1075.5	2122.5	0.148383541579	0.66908199691	135	135
86.0	88.0	74.0	138.0	160.0	155.0	8	0.0757099472534	0.00112018090857	DLR00012647-2009-07-05_09-32-25	0.141105449538	15	95	1221.5	2112.5	0.141473467502	0.591294155256	135	135
85.0	87.0	73.0	136.0	160.0	155.0	9	0.0764558580638	0.0011436014504	DLR00012647-2009-07-05_09-32-25	0.160286990755	15	95	1359.5	2122.5	0.160511622868	0.680910011189	135	135
83.0	86.0	72.0	140.0	165.0	161.0	10	0.0663860621237	0.00124672873187	DLR00012647-2009-07-05_09-32-25	0.189840183348	15	95	1496.5	2123.5	0.190675744507	0.683094464276	135	135
82.0	85.0	71.0	139.0	164.0	160.0	11	0.0675582076829	0.00125062288392	DLR00012647-2009-07-05_09-32-25	0.161712169635	15	95	1636.5	2123.5	0.163201770247	0.593638446374	135	135
82.0	85.0	71.0	139.0	164.0	160.0	12	0.0746443603815	0.00125349741131	DLR00012647-2009-07-05_09-32-25	0.171391826896	15	95	1771.5	2125.5	0.173032222186	0.620011721456	135	135
82.0	85.0	70.0	137.0	161.0	157.0	13	0.0798124567105	0.00121493195544	DLR00012647-2009-07-05_09-32-25	0.160181447327	15	95	1903.5	2122.5	0.162430497047	0.604134477063	135	135
82.0	84.0	70.0	134.0	157.0	152.0	14	0.0907347221482	0.00116017271785	DLR00012647-2009-07-05_09-32-25	0.168627333885	15	95	2047.5	2122.5	0.169657677592	0.68922158879	135	135
81.0	84.0	70.0	131.0	152.0	147.0	15	0.0775214449358	0.00109228343541	DLR00012647-2009-07-05_09-32-25	0.131894615174	15	95	2178.5	2122.5	0.133580141437	0.581597314721	135	135
81.0	84.0	70.0	132.0	154.0	149.0	16	0.0778411209974	0.001112841736	DLR00012647-2009-07-05_09-32-25	0.148109068659	15	95	2316.5	2122.5	0.149785262529	0.632638925888	135	135
81.0	84.0	70.0	133.0	156.0	151.0	17	0.0745910810379	0.00113802673869	DLR00012647-2009-07-05_09-32-25	0.153242591144	15	95	2453.5	2122.5	0.155071746818	0.649581757153	135	135
82.0	84.0	70.0	137.0	162.0	158.0	18	0.0654270339389	0.00123424094259	DLR00012647-2009-07-05_09-32-25	0.163742889977	15	95	2590.5	2122.5	0.166003787405	0.599765570888	135	135
82.0	84.0	71.0	138.0	162.0	158.0	19	0.0704885715808	0.00124720756309	DLR00012647-2009-07-05_09-32-25	0.189124580551	15	95	2734.5	2116.5	0.189778339828	0.70403324631	135	135
83.0	84.0	70.0	137.0	160.0	156.0	20	0.0638819329746	0.0012172710132	DLR00012647-2009-07-05_09-32-25	0.168096219929	15	95	2866.5	2122.5	0.168949657241	0.645319409665	135	135
82.0	83.0	69.0	137.0	158.0	154.0	21	0.0615376418563	0.00120908158779	DLR00012647-2009-07-05_09-32-25	0.168552377926	15	95	3006.5	2122.5	0.169902287055	0.655335926261	135	135
81.0	82.0	69.0	132.0	153.0	148.0	22	0.0717672758272	0.00117607726711	DLR00012647-2009-07-05_09-32-25	0.164108647517	15	95	3133.5	2122.5	0.16427853871	0.699344664074	135	135
79.0	80.0	69.0	130.0	151.0	146.0	23	0.0910011188662	0.00120878932653	DLR00012647-2009-07-05_09-32-25	0.205641539643	15	95	3268.5	2130.5	0.205290731421	0.840215248548	135	135
80.0	81.0	71.0	132.0	155.0	152.0	24	0.0510948905109	0.00132243235447	DLR00012647-2009-07-05_09-32-25	0.231986771588	15	95	3414.5	2122.5	0.231670180545	0.809632905323	135	135
106.0	108.0	100.0	138.0	157.0	154.0	1	0.0126272044328	0.000788397448181	DLR00012647-2009-07-05_09-32-25	0.109721392574	16	95	267.5	2300.5	0.11487050819	0.63162661836	135	135
108.0	112.0	103.0	146.0	166.0	164.0	2	0.0117214555917	0.000874430752776	DLR00012647-2009-07-05_09-32-25	0.109036099624	16	95	403.5	2300.5	0.11392233705	0.579892375726	135	135
104.0	107.0	98.0	157.0	173.0	171.0	3	0.00852469497576	0.000224382292623	DLR00012647-2009-07-05_09-32-25	-6.93970594754e-05	16	95	541.5	2300.5	0.00503441315189	0.0959028184773	135	135
107.0	109.0	100.0	161.0	178.0	177.0	4	0.00868453300655	0.000230923887765	DLR00012647-2009-07-05_09-32-25	0.00105301679707	16	95	676.5	2300.5	0.00498724089504	0.0937716447333	135	135
105.0	108.0	97.0	150.0	167.0	165.0	5	0.01406574671	0.000202924746763	DLR00012647-2009-07-05_09-32-25	0.00308308481847	16	95	813.5	2300.5	0.00638907535151	0.120677713251	135	135
110.0	113.0	103.0	146.0	166.0	163.0	6	0.0202461505674	0.000861032167925	DLR00012647-2009-07-05_09-32-25	0.106819270665	16	95	948.5	2300.5	0.109309380863	0.577921040013	135	135
108.0	113.0	103.0	143.0	163.0	159.0	7	0.0242953806809	0.000782989832262	DLR00012647-2009-07-05_09-32-25	0.101697060483	16	95	1080.5	2300.5	0.104827800255	0.590441685758	135	135
109.0	115.0	104.0	145.0	166.0	162.0	8	0.0247216154297	0.000856668030893	DLR00012647-2009-07-05_09-32-25	0.0953768789766	16	95	1224.5	2300.5	0.100151127364	0.528690926528	135	135
108.0	114.0	104.0	144.0	165.0	161.0	9	0.0252011295221	0.00086073856504	DLR00012647-2009-07-05_09-32-25	0.112119452629	16	95	1350.5	2300.5	0.116654859424	0.595183547339	135	135
100.0	103.0	92.0	153.0	171.0	168.0	10	0.0113485001865	0.000217892030689	DLR00012647-2009-07-05_09-32-25	-0.00462350395101	16	95	1495.5	2300.5	0.00467768797736	0.0864723746603	135	135
99.0	103.0	92.0	154.0	172.0	169.0	11	0.0127870424636	0.00023541190881	DLR00012647-2009-07-05_09-32-25	-0.00310765325609	16	95	1624.5	2300.5	0.00510446726031	0.0895092972455	135	135
101.0	104.0	92.0	156.0	175.0	172.0	12	0.0121476903405	0.000216622544307	DLR00012647-2009-07-05_09-32-25	-0.00228417990664	16	95	1771.5	2300.5	0.00504881262012	0.0947839522617	135	135
99.0	102.0	90.0	159.0	176.0	173.0	13	0.013799349992	0.000192124545786	DLR00012647-2009-07-05_09-32-25	-0.00191574679524	16	95	1903.5	2300.5	0.00676655717294	0.130907347221	135	135
106.0	113.0	101.0	142.0	165.0	161.0	14	0.0271191858916	0.000975990004028	DLR00012647-2009-07-05_09-32-25	0.108186055165	16	95	2041.5	2300.5	0.114373016999	0.550748574778	135	135
106.0	112.0	101.0	140.0	161.0	157.0	15	0.0241888219937	0.00089273985698	DLR00012647-2009-07-05_09-32-25	0.109672232812	16	95	2171.5	2300.5	0.115572188515	0.593958122436	135	135
106.0	112.0	101.0	141.0	162.0	158.0	16	0.0305290638819	0.000920246476772	DLR00012647-2009-07-05_09-32-25	0.096425279384	16	95	2323.5	2300.5	0.103101814919	0.515797325377	135	135
108.0	114.0	104.0	142.0	163.0	160.0	17	0.0222707656242	0.000948725493039	DLR00012647-2009-07-05_09-32-25	0.122080093521	16	95	2453.5	2300.5	0.127282216644	0.623687996164	135	135
100.0	101.0	89.0	156.0	177.0	175.0	18	0.0152911716128	0.000256715981344	DLR00012647-2009-07-05_09-32-25	-0.0020099049336	16	95	2590.5	2300.5	0.00577291882211	0.0944642762001	135	135
101.0	102.0	90.0	155.0	173.0	172.0	19	0.00756566679099	0.000248324664866	DLR00012647-2009-07-05_09-32-25	-0.00238426545192	16	95	2726.5	2300.5	0.00445751452728	0.0799722947413	135	135
101.0	102.0	91.0	153.0	172.0	170.0	20	0.0100697959401	0.000243506166193	DLR00012647-2009-07-05_09-32-25	-0.00130775614016	16	95	2861.5	2300.5	0.00495483079536	0.0865256540039	135	135
100.0	102.0	91.0	154.0	172.0	171.0	21	0.0158239650488	0.000216629618246	DLR00012647-2009-07-05_09-32-25	-0.00242473716021	16	95	2998.5	2300.5	0.00655721580573	0.116042410358	135	135
107.0	111.0	103.0	143.0	163.0	160.0	22	0.0219510895626	0.000974057433385	DLR00012647-2009-07-05_09-32-25	0.100076981082	16	95	3123.5	2300.5	0.10648846423	0.50636688156	135	135
104.0	109.0	101.0	140.0	160.0	158.0	23	0.0201928712238	0.00093347798335	DLR00012647-2009-07-05_09-32-25	0.109925723055	16	95	3279.5	2300.5	0.116594229841	0.564015131334	135	135
102.0	106.0	98.0	136.0	157.0	154.0	24	0.0167297138899	0.000886345282449	DLR00012647-2009-07-05_09-32-25	0.100899366874	16	95	3411.5	2300.5	0.107780589954	0.556609302573	135	135
