96.0	99.0	89.0	137.0	168.0	167.5	1	0.0166764345463	0.000162865930069	DLR00012647-2009-07-02_17-25-30	-0.00733565820235	1	95	267.5	207.5	0.00312893672198	0.0556236347168	135	135
99.0	100.0	88.0	118.0	124.0	113.0	2	0.0181149768235	0.000346925072367	DLR00012647-2009-07-02_17-25-30	0.0254857960434	1	95	402.5	210.5	0.0280181064535	0.310725131866	135	135
103.0	104.0	91.0	123.0	129.0	117.0	3	0.0301028291331	0.000377595289291	DLR00012647-2009-07-02_17-25-30	0.0282044487059	1	95	545.5	210.5	0.0303089660829	0.304065213917	135	135
105.0	106.0	92.0	126.0	133.0	121.0	4	0.0309020192871	0.000383990454265	DLR00012647-2009-07-02_17-25-30	0.027721870833	1	95	668.5	208.5	0.0301464954277	0.309020192871	135	135
105.0	107.0	92.0	128.0	135.0	122.0	5	0.0283446107944	0.000403740135337	DLR00012647-2009-07-02_17-25-30	0.0346523995303	1	95	816.5	213.5	0.0370533234456	0.355692897863	135	135
105.0	105.0	89.0	129.0	140.0	133.0	6	0.0	0.000174777706706	DLR00012647-2009-07-02_17-25-30	-0.00679759259567	1	95	948.5	207.5	0.000363172192886	0.00873781235015	135	135
106.0	108.0	92.0	124.0	131.0	117.0	7	0.0141723053972	0.000339074759835	DLR00012647-2009-07-02_17-25-30	0.0193722438757	1	95	1075.5	208.5	0.0215902181002	0.248388299856	135	135
107.0	109.0	93.0	125.0	132.0	117.0	8	0.0159838030795	0.000304537831102	DLR00012647-2009-07-02_17-25-30	0.0192501630728	1	95	1217.5	202.5	0.0212320521759	0.257658905642	135	135
106.0	109.0	92.0	128.0	136.0	121.0	9	0.0207256646598	0.000379364116271	DLR00012647-2009-07-02_17-25-30	0.0270906257069	1	95	1350.5	206.5	0.0288298961987	0.296552826469	135	135
105.0	107.0	91.0	126.0	135.0	121.0	10	0.0182215355107	0.000377036459351	DLR00012647-2009-07-02_17-25-30	0.0274581184243	1	95	1488.5	207.5	0.0289256623806	0.310938249241	135	135
103.0	105.0	87.0	113.0	115.0	99.0	11	0.0	0.000140855641262	DLR00012647-2009-07-02_17-25-30	-0.00617494493651	1	95	1630.5	207.5	1.01356251941e-05	0.000266396717992	135	135
104.0	106.0	88.0	111.0	115.5	98.0	12	0.0	7.71356369033e-05	DLR00012647-2009-07-02_17-25-30	-0.00573566640392	1	95	1771.5	207.5	1.63372295536e-05	0.000745910810379	135	135
107.0	110.0	94.0	128.0	137.0	124.0	13	0.0235494698705	0.000396564304951	DLR00012647-2009-07-02_17-25-30	0.0357348694726	1	95	1901.5	201.5	0.0372024374097	0.372156215035	135	135
104.0	107.0	90.0	128.0	136.0	123.0	14	0.0219510895626	0.000387114383244	DLR00012647-2009-07-02_17-25-30	0.0316009973913	1	95	2048.5	207.5	0.0326869909739	0.340135329533	135	135
107.0	110.0	94.0	126.0	134.0	120.0	15	0.020299429911	0.000369400215231	DLR00012647-2009-07-02_17-25-30	0.0330031628096	1	95	2178.5	202.5	0.0344047522673	0.350631360222	135	135
107.0	110.0	94.0	126.0	134.0	120.0	16	0.0183280941979	0.000347882861214	DLR00012647-2009-07-02_17-25-30	0.0311043498686	1	95	2316.5	198.5	0.0323090402898	0.355000266397	135	135
104.0	105.0	88.0	109.0	110.0	93.0	17	0.0	0.000107354612811	DLR00012647-2009-07-02_17-25-30	-0.0053933730921	1	95	2454.5	207.5	6.63418676207e-06	0.000266396717992	135	135
104.0	105.0	88.0	111.0	116.0	98.0	18	0.0	0.000129155028338	DLR00012647-2009-07-02_17-25-30	-0.00494255315732	1	95	2587.5	207.5	3.32734668037e-05	0.000905748841174	135	135
103.0	104.0	88.0	105.0	109.0	93.0	19	0.0	8.51294915424e-05	DLR00012647-2009-07-02_17-25-30	-0.00536479478643	1	95	2726.5	207.5	6.23221147509e-05	0.00245084980553	135	135
103.0	105.0	90.0	126.0	133.0	120.0	20	0.0207256646598	0.000380815101713	DLR00012647-2009-07-02_17-25-30	0.0310837198792	1	95	2853.5	207.5	0.0319779618922	0.326122862166	135	135
102.0	104.0	90.0	126.0	134.0	122.0	21	0.0244552187117	0.000450373325624	DLR00012647-2009-07-02_17-25-30	0.0458646388257	1	95	2998.5	203.5	0.0470591959921	0.408812403431	135	135
98.0	100.0	86.0	121.0	128.0	116.0	22	0.0232830731525	0.000400391930312	DLR00012647-2009-07-02_17-25-30	0.0361525411052	1	95	3133.5	207.5	0.0372131559601	0.355000266397	135	135
95.0	97.0	86.0	115.0	121.0	110.0	23	0.014864936864	0.000375598121039	DLR00012647-2009-07-02_17-25-30	0.0309360181477	1	95	3270.5	204.5	0.0326211223418	0.339336139379	135	135
92.0	95.0	85.0	115.0	127.0	124.0	24	0.00479514092386	0.000132861370987	DLR00012647-2009-07-02_17-25-30	-0.00780462232592	1	95	3411.5	207.5	0.00177723895562	0.0434759443764	135	135
94.0	95.0	83.0	115.0	120.0	109.0	1	0.0157706857052	0.000397977677435	DLR00012647-2009-07-02_17-25-30	0.0357632565948	2	95	266.5	343.5	0.0369171121894	0.368426660984	135	135
96.0	97.0	83.0	119.0	126.0	115.0	2	0.0501891416698	0.000454269167972	DLR00012647-2009-07-02_17-25-30	0.0496776526233	2	95	402.5	343.5	0.0492413029014	0.439394746657	135	135
99.0	100.0	85.0	121.0	129.0	117.0	3	0.0535457403165	0.000446952939014	DLR00012647-2009-07-02_17-25-30	0.0462057324477	2	95	541.5	343.5	0.0458774079471	0.398689328147	135	135
101.0	102.0	86.0	127.0	135.0	124.0	4	0.0563162661836	0.000506203519181	DLR00012647-2009-07-02_17-25-30	0.0589772327707	2	95	676.5	337.5	0.0584960550554	0.48164526613	135	135
101.0	103.0	86.0	126.0	134.0	121.0	5	0.0448612073099	0.000475778186315	DLR00012647-2009-07-02_17-25-30	0.0522572310934	2	95	813.5	343.5	0.0519635101026	0.451755554372	135	135
101.0	103.0	86.0	126.0	135.0	121.0	6	0.042996430284	0.00047012486946	DLR00012647-2009-07-02_17-25-30	0.0491922301431	2	95	947.5	343.5	0.0498119021766	0.43262827002	135	135
102.0	103.0	86.0	126.0	135.0	121.0	7	0.0510948905109	0.000471200631468	DLR00012647-2009-07-02_17-25-30	0.0535948103669	2	95	1077.5	351.5	0.0533632321458	0.458468751665	135	135
102.0	103.0	86.0	127.0	136.0	122.0	8	0.0532793435985	0.0004880094871	DLR00012647-2009-07-02_17-25-30	0.052460188285	2	95	1214.5	343.5	0.0523731318215	0.441525920401	135	135
101.0	103.0	85.0	123.0	133.0	118.0	9	0.036496350365	0.000437946456482	DLR00012647-2009-07-02_17-25-30	0.0457836999584	2	95	1360.5	343.5	0.0456026276095	0.420001065587	135	135
100.0	103.0	85.0	129.0	141.0	127.0	10	0.0482178059566	0.000572852621743	DLR00012647-2009-07-02_17-25-30	0.0669579986678	2	95	1502.5	341.5	0.0667169347747	0.492567531568	135	135
100.0	102.0	84.0	123.0	132.0	118.0	11	0.0550375619372	0.000459206834421	DLR00012647-2009-07-02_17-25-30	0.0549285690728	2	95	1634.5	342.5	0.0548603597166	0.489210932921	135	135
100.0	102.0	84.0	129.0	142.0	128.0	12	0.057861367148	0.000586767253605	DLR00012647-2009-07-02_17-25-30	0.0694239588047	2	95	1761.5	350.5	0.0696549600589	0.499973360328	135	135
100.0	103.0	85.0	123.0	134.0	119.0	13	0.0438488997816	0.000457203999268	DLR00012647-2009-07-02_17-25-30	0.0548179033525	2	95	1903.5	343.5	0.0546137034222	0.48164526613	135	135
100.0	102.0	84.0	132.0	145.0	132.0	14	0.0456071181203	0.000648931823183	DLR00012647-2009-07-02_17-25-30	0.0796071439961	2	95	2041.5	341.5	0.0796847704396	0.522403963983	135	135
100.0	102.0	85.0	123.0	133.0	118.0	15	0.0395865522937	0.000457071189254	DLR00012647-2009-07-02_17-25-30	0.0537698809385	2	95	2178.5	343.5	0.053362998966	0.468645106292	135	135
101.0	103.0	85.0	126.0	137.0	123.0	16	0.0433693856892	0.000518232578175	DLR00012647-2009-07-02_17-25-30	0.0626720390907	2	95	2317.5	343.5	0.0621223877149	0.495604454153	135	135
101.0	103.0	85.0	124.0	133.0	118.0	17	0.0539719750653	0.000453049077943	DLR00012647-2009-07-02_17-25-30	0.0600878041579	2	95	2445.5	335.5	0.0597300732781	0.513719430977	135	135
101.0	102.0	84.0	127.0	137.0	124.0	18	0.0482710853002	0.000527238952873	DLR00012647-2009-07-02_17-25-30	0.0612876692795	2	95	2590.5	337.5	0.0608655676229	0.476956683894	135	135
100.0	102.0	85.0	122.0	130.0	116.0	19	0.0498161862646	0.000431146019589	DLR00012647-2009-07-02_17-25-30	0.0556419776687	2	95	2720.5	342.5	0.0547990158076	0.503170120944	135	135
100.0	101.0	84.0	126.0	135.0	122.0	20	0.0484842026746	0.000512563618133	DLR00012647-2009-07-02_17-25-30	0.0606893365545	2	95	2861.5	343.5	0.0599938918601	0.486174010336	135	135
98.0	99.0	83.0	123.0	130.0	118.0	21	0.0701156161756	0.000484975697793	DLR00012647-2009-07-02_17-25-30	0.0676202419397	2	95	2990.5	343.5	0.0664678024404	0.552933027865	135	135
95.0	95.0	80.0	121.0	128.0	116.0	22	0.0608982897331	0.000519590914424	DLR00012647-2009-07-02_17-25-30	0.0687202210551	2	95	3133.5	333.5	0.0678829613672	0.548191166285	135	135
92.0	92.0	78.0	120.0	128.0	117.0	23	0.0548777239064	0.000586154219161	DLR00012647-2009-07-02_17-25-30	0.0777818577509	2	95	3263.5	343.5	0.0772414631516	0.555543715701	135	135
89.0	91.0	79.0	112.0	119.0	108.0	24	0.0196600777878	0.000460193377543	DLR00012647-2009-07-02_17-25-30	0.0546313301763	2	95	3403.5	343.5	0.0558306134495	0.498588097395	135	135
94.0	95.0	82.0	118.0	124.0	114.0	1	0.0377217752677	0.000457131605706	DLR00012647-2009-07-02_17-25-30	0.0414785664078	3	95	269.5	481.5	0.0429398509116	0.38052107198	135	135
96.0	97.0	83.0	121.0	129.0	118.0	2	0.0635089775694	0.000486969614257	DLR00012647-2009-07-02_17-25-30	0.0445588630142	3	95	403.5	481.5	0.0443970402854	0.368479940327	135	135
99.0	100.0	85.0	121.0	129.0	117.0	3	0.0603654962971	0.000444302863007	DLR00012647-2009-07-02_17-25-30	0.0361721433174	3	95	547.5	481.5	0.0356269043013	0.318344078001	135	135
100.0	101.0	86.0	122.0	130.0	116.0	4	0.0472587777719	0.000424249955455	DLR00012647-2009-07-02_17-25-30	0.0332263057502	3	95	670.5	481.5	0.0327857250354	0.308061164686	135	135
101.0	103.0	86.0	125.0	134.0	121.0	5	0.0521604773829	0.00047157249146	DLR00012647-2009-07-02_17-25-30	0.0443077363665	3	95	813.5	481.5	0.0437069842208	0.369332409825	135	135
101.0	103.0	86.0	124.0	132.0	119.0	6	0.0515744046033	0.000436078035399	DLR00012647-2009-07-02_17-25-30	0.0415446323002	3	95	948.5	481.5	0.0408431356251	0.373914433374	135	135
101.0	103.0	86.0	124.0	134.0	120.0	7	0.056795780276	0.000456619401705	DLR00012647-2009-07-02_17-25-30	0.0399890702051	3	95	1075.5	481.5	0.0393673333786	0.354201076243	135	135
101.0	103.0	86.0	122.0	132.0	117.0	8	0.0506153764186	0.000426090324266	DLR00012647-2009-07-02_17-25-30	0.0357826512714	3	95	1222.5	481.5	0.0353342576826	0.331557355213	135	135
100.0	103.0	85.0	122.0	131.0	117.0	9	0.0596195854867	0.000426635036161	DLR00012647-2009-07-02_17-25-30	0.0335596490849	3	95	1360.5	481.5	0.0335688754285	0.308221002717	135	135
99.0	102.0	85.0	121.0	131.0	117.0	10	0.0401193457297	0.000421450111304	DLR00012647-2009-07-02_17-25-30	0.035364768792	3	95	1495.5	481.5	0.0354643990129	0.316905535724	135	135
100.0	102.0	85.0	122.0	132.0	117.0	11	0.0452874420587	0.000441328516333	DLR00012647-2009-07-02_17-25-30	0.0360312009149	3	95	1634.5	478.5	0.0354199084711	0.314987479354	135	135
100.0	103.0	84.0	124.0	135.0	121.0	12	0.048963716767	0.000489479151251	DLR00012647-2009-07-02_17-25-30	0.0488317709931	3	95	1771.5	481.5	0.0485339488272	0.392082689541	135	135
100.0	103.0	84.0	124.0	135.0	121.0	13	0.0414513293196	0.000495567474389	DLR00012647-2009-07-02_17-25-30	0.0434164221707	3	95	1899.5	471.5	0.0427646327224	0.338270552507	135	135
99.0	102.0	84.0	120.0	129.0	115.0	14	0.0491235547978	0.0004094871788	DLR00012647-2009-07-02_17-25-30	0.0383993203828	3	95	2037.5	481.5	0.0377641302973	0.364111034152	135	135
99.0	102.0	84.0	122.0	133.0	119.0	15	0.0516276839469	0.000470397322199	DLR00012647-2009-07-02_17-25-30	0.0437278096772	3	95	2173.5	481.5	0.0435823376268	0.3603814801	135	135
100.0	102.0	84.0	122.0	133.0	119.0	16	0.0404390217913	0.00045841549599	DLR00012647-2009-07-02_17-25-30	0.0392524780431	3	95	2316.5	471.5	0.0392377432435	0.344770632426	135	135
99.0	101.0	84.0	122.0	131.0	117.0	17	0.0468325430231	0.000437748625866	DLR00012647-2009-07-02_17-25-30	0.032393126737	3	95	2451.5	481.5	0.0331285208683	0.288507645586	135	135
99.0	101.0	84.0	124.0	133.0	119.0	18	0.0645745644414	0.000482186965052	DLR00012647-2009-07-02_17-25-30	0.0417058816346	3	95	2590.5	481.5	0.0419401033475	0.352442857904	135	135
99.0	101.0	84.0	125.0	135.0	121.0	19	0.0658532686877	0.000515782036784	DLR00012647-2009-07-02_17-25-30	0.0539329156987	3	95	2726.5	481.5	0.0532451651705	0.432841387394	135	135
99.0	101.0	83.0	121.0	129.0	115.0	20	0.0600990995791	0.00043766346412	DLR00012647-2009-07-02_17-25-30	0.0435990816962	3	95	2861.5	481.5	0.0428189592653	0.384889978155	135	135
98.0	99.0	82.0	121.0	129.0	115.0	21	0.0489104374234	0.000460978260995	DLR00012647-2009-07-02_17-25-30	0.0388324565048	3	95	2992.5	481.5	0.0379717017678	0.339975491502	135	135
96.0	96.0	80.0	117.0	124.0	111.0	22	0.0526932708189	0.000440084221401	DLR00012647-2009-07-02_17-25-30	0.0432387851671	3	95	3133.5	481.5	0.0425057227239	0.386594917151	135	135
92.0	93.0	78.0	113.0	120.0	108.0	23	0.0669721349033	0.000442062761208	DLR00012647-2009-07-02_17-25-30	0.0482822939532	3	95	3273.5	481.5	0.0471852237676	0.413500985668	135	135
89.0	91.0	78.0	109.0	115.0	103.0	24	0.0307421812563	0.000412745452829	DLR00012647-2009-07-02_17-25-30	0.0449109687825	3	95	3407.5	476.5	0.0453678584366	0.434812723107	135	135
95.0	96.0	84.0	117.0	123.0	113.0	1	0.0465128669615	0.000435844213928	DLR00012647-2009-07-02_17-25-30	0.0469914261583	4	95	265.5	625.5	0.0478099686072	0.443017742021	135	135
97.0	98.0	83.0	123.0	132.0	122.0	2	0.0518408013213	0.000532614750201	DLR00012647-2009-07-02_17-25-30	0.0598923672209	4	95	405.5	614.5	0.0596222422531	0.44802600032	135	135
99.0	100.0	85.0	122.0	130.0	119.0	3	0.0657467100005	0.000465493570039	DLR00012647-2009-07-02_17-25-30	0.0556977795622	4	95	540.5	618.5	0.0550161330804	0.477276359955	135	135
100.0	101.0	85.0	127.0	137.0	125.0	4	0.0480579679258	0.000532749430603	DLR00012647-2009-07-02_17-25-30	0.0572731208027	4	95	670.5	618.5	0.0569917332187	0.443816932175	135	135
101.0	102.0	86.0	123.0	132.0	118.0	5	0.041398049976	0.00044146149735	DLR00012647-2009-07-02_17-25-30	0.0382082864001	4	95	813.5	618.5	0.0381059534716	0.343172252118	135	135
101.0	103.0	86.0	131.0	143.0	131.0	6	0.0522137567265	0.000604672789513	DLR00012647-2009-07-02_17-25-30	0.0706504414294	4	95	944.5	618.5	0.0701992633415	0.485374820182	135	135
101.0	103.0	86.0	126.0	136.0	123.0	7	0.0553572379988	0.000494992088599	DLR00012647-2009-07-02_17-25-30	0.0537990014072	4	95	1079.5	623.5	0.0530532554123	0.441206244339	135	135
100.0	103.0	86.0	126.0	138.0	125.0	8	0.0486440407054	0.00051791389708	DLR00012647-2009-07-02_17-25-30	0.0622183015637	4	95	1224.5	623.5	0.061687905979	0.475944376365	135	135
100.0	103.0	86.0	121.0	131.0	117.0	9	0.0490702754542	0.000418392995099	DLR00012647-2009-07-02_17-25-30	0.0444173829501	4	95	1356.5	613.5	0.0439056294072	0.414087058447	135	135
99.0	102.0	86.0	129.0	143.0	130.0	10	0.0502424210134	0.000599663197907	DLR00012647-2009-07-02_17-25-30	0.0706823333739	4	95	1485.5	618.5	0.0705166571513	0.486280569023	135	135
99.0	102.0	85.0	121.0	132.0	118.0	11	0.0456603974639	0.000445396616594	DLR00012647-2009-07-02_17-25-30	0.0518080102609	4	95	1631.5	618.5	0.0514992363808	0.452128509777	135	135
99.0	102.0	85.0	126.0	138.0	125.0	12	0.0425169161916	0.000548706208052	DLR00012647-2009-07-02_17-25-30	0.0615118177857	4	95	1771.5	622.5	0.0610335615343	0.45617773989	135	135
99.0	102.0	85.0	122.0	133.0	119.0	13	0.0458202354947	0.000466343893215	DLR00012647-2009-07-02_17-25-30	0.0517442056463	4	95	1900.5	618.5	0.050798661291	0.443976770206	135	135
99.0	102.0	84.0	129.0	143.0	131.0	14	0.0475784538334	0.000627707308324	DLR00012647-2009-07-02_17-25-30	0.0688214982082	4	95	2041.5	618.5	0.0683715248097	0.458415472321	135	135
99.0	102.0	85.0	123.0	134.0	120.0	15	0.0595663061431	0.00048576551889	DLR00012647-2009-07-02_17-25-30	0.0635618788046	4	95	2173.5	613.5	0.0628568374795	0.516117001439	135	135
99.0	101.0	84.0	124.0	136.0	123.0	16	0.0376152165805	0.000520556919415	DLR00012647-2009-07-02_17-25-30	0.0560501795555	4	95	2322.5	618.5	0.0559587641359	0.4506899675	135	135
99.0	102.0	84.0	124.0	135.0	122.0	17	0.0538654163781	0.000504905799427	DLR00012647-2009-07-02_17-25-30	0.0631423102516	4	95	2453.5	618.5	0.06246097725	0.504235707816	135	135
99.0	102.0	85.0	127.0	139.0	126.0	18	0.0537588576909	0.000568403876928	DLR00012647-2009-07-02_17-25-30	0.0680403055772	4	95	2591.5	617.5	0.0670179745129	0.495231498748	135	135
99.0	101.0	84.0	127.0	138.0	124.0	19	0.0600990995791	0.000562267408393	DLR00012647-2009-07-02_17-25-30	0.0735919593019	4	95	2718.5	618.5	0.0726626360045	0.552613351804	135	135
100.0	101.0	84.0	131.0	144.0	131.0	20	0.0571154563376	0.000654151523413	DLR00012647-2009-07-02_17-25-30	0.0797587976642	4	95	2861.5	620.5	0.0783562265229	0.524694975758	135	135
98.0	100.0	83.0	126.0	136.0	123.0	21	0.0642016090362	0.000559669871884	DLR00012647-2009-07-02_17-25-30	0.0762186360676	4	95	2992.5	613.5	0.0750912088295	0.558260962225	135	135
96.0	97.0	81.0	125.0	134.0	122.0	22	0.0604720549843	0.000592466627853	DLR00012647-2009-07-02_17-25-30	0.0777577729715	4	95	3133.5	618.5	0.0767414093083	0.549203473813	135	135
92.0	93.0	78.0	118.0	126.0	115.0	23	0.0792263839309	0.000549678654242	DLR00012647-2009-07-02_17-25-30	0.0788292061835	4	95	3273.5	618.5	0.0780584032643	0.593904843092	135	135
89.0	91.0	77.0	118.0	127.0	117.0	24	0.055197399968	0.000630987681334	DLR00012647-2009-07-02_17-25-30	0.0783179170841	4	95	3406.5	618.5	0.079686689623	0.529010602589	135	135
95.0	96.0	83.0	116.0	122.0	111.0	1	0.0350045287442	0.000413874890647	DLR00012647-2009-07-02_17-25-30	0.0358298534473	5	95	266.5	755.5	0.0367045526992	0.356545367361	135	135
97.0	98.0	83.0	122.0	130.0	119.0	2	0.0591933507379	0.000488188246145	DLR00012647-2009-07-02_17-25-30	0.0454282190633	5	95	405.5	757.5	0.0449022595552	0.377430870052	135	135
99.0	100.0	84.0	124.0	133.0	121.0	3	0.0447013692791	0.000498707727446	DLR00012647-2009-07-02_17-25-30	0.0407950569403	5	95	533.5	757.5	0.0410707866407	0.331290958495	135	135
100.0	101.0	85.0	122.0	130.0	116.0	4	0.0475784538334	0.00041778429827	DLR00012647-2009-07-02_17-25-30	0.0339049880214	5	95	671.5	752.5	0.0338818415227	0.319249826842	135	135
101.0	102.0	85.0	124.0	133.0	119.0	5	0.0385209654217	0.000455436766985	DLR00012647-2009-07-02_17-25-30	0.0348742224964	5	95	813.5	757.5	0.0346259803247	0.312643188236	135	135
101.0	103.0	85.0	121.0	130.0	115.0	6	0.0360701156162	0.000401883524614	DLR00012647-2009-07-02_17-25-30	0.0359908719858	5	95	948.5	757.5	0.0354581235878	0.345037029144	135	135
101.0	103.0	85.0	125.0	136.0	122.0	7	0.0531195055677	0.000499131625568	DLR00012647-2009-07-02_17-25-30	0.0453112812787	5	95	1085.5	757.5	0.0446072822379	0.376205445149	135	135
100.0	103.0	86.0	121.0	131.0	117.0	8	0.0557834727476	0.000417924449115	DLR00012647-2009-07-02_17-25-30	0.0446190661796	5	95	1224.5	747.5	0.0440906674178	0.412222281421	135	135
100.0	103.0	86.0	121.0	130.0	117.0	9	0.0276519793276	0.00041338065469	DLR00012647-2009-07-02_17-25-30	0.0300356354345	5	95	1360.5	757.5	0.0296305832276	0.27598699984	135	135
99.0	102.0	85.0	120.0	130.0	116.0	10	0.0383611273909	0.000413784252202	DLR00012647-2009-07-02_17-25-30	0.0388198842056	5	95	1495.5	757.5	0.0384994216121	0.363152005967	135	135
98.0	101.0	85.0	120.0	130.0	117.0	11	0.0470456603975	0.000435048334067	DLR00012647-2009-07-02_17-25-30	0.0355175257564	5	95	1628.5	756.5	0.0356030231194	0.321967073366	135	135
98.0	101.0	85.0	120.0	130.0	116.0	12	0.0409718152272	0.000435340458485	DLR00012647-2009-07-02_17-25-30	0.0387912492285	5	95	1766.5	750.5	0.0383688644634	0.330651606372	135	135
99.0	101.0	84.0	119.0	129.0	115.0	13	0.0431562683148	0.000419634655431	DLR00012647-2009-07-02_17-25-30	0.0410088303237	5	95	1903.5	757.5	0.0402266916218	0.366721721988	135	135
99.0	101.0	84.0	119.0	129.0	115.0	14	0.0353774841494	0.000417851827728	DLR00012647-2009-07-02_17-25-30	0.0331149404441	5	95	2041.5	757.5	0.0327916366377	0.306143108317	135	135
99.0	101.0	84.0	121.0	132.0	118.0	15	0.0470456603975	0.000466795557545	DLR00012647-2009-07-02_17-25-30	0.0435706941246	5	95	2178.5	757.5	0.0428209861024	0.370557834727	135	135
99.0	102.0	84.0	121.0	132.0	118.0	16	0.0443816932175	0.00046398797568	DLR00012647-2009-07-02_17-25-30	0.0449699927478	5	95	2313.5	757.5	0.0440618524513	0.384730140125	135	135
99.0	102.0	84.0	124.0	135.0	121.0	17	0.0505088177314	0.000506901590932	DLR00012647-2009-07-02_17-25-30	0.0568716840962	5	95	2453.5	763.5	0.0558933546478	0.438861953221	135	135
100.0	102.0	84.0	122.0	131.0	117.0	18	0.0458735148383	0.000457837641847	DLR00012647-2009-07-02_17-25-30	0.0529035529452	5	95	2590.5	754.5	0.0511272836345	0.453833448772	135	135
100.0	102.0	84.0	124.0	133.0	119.0	19	0.0631893015078	0.000488182839947	DLR00012647-2009-07-02_17-25-30	0.0576145494701	5	95	2721.5	749.5	0.0560882006162	0.457882678885	135	135
99.0	101.0	83.0	126.0	137.0	123.0	20	0.0426234748788	0.000554294137832	DLR00012647-2009-07-02_17-25-30	0.0635144175698	5	95	2853.5	757.5	0.0622464096222	0.464009803399	135	135
98.0	99.0	82.0	120.0	127.0	114.0	21	0.0436890617508	0.000445923235707	DLR00012647-2009-07-02_17-25-30	0.0432652333847	5	95	2998.5	757.5	0.0418128963363	0.377217752677	135	135
96.0	97.0	80.0	120.0	128.0	115.0	22	0.0483243646438	0.000503606308812	DLR00012647-2009-07-02_17-25-30	0.0526399211349	5	95	3124.5	757.5	0.0514429185635	0.418083009217	135	135
93.0	94.0	78.0	112.0	118.0	105.0	23	0.0574351323992	0.000402805919984	DLR00012647-2009-07-02_17-25-30	0.0448732906281	5	95	3265.5	757.5	0.0439127346192	0.420853535084	135	135
90.0	91.0	77.0	113.0	120.0	108.0	24	0.0577548084608	0.000505015468011	DLR00012647-2009-07-02_17-25-30	0.0530297618841	5	95	3408.5	759.5	0.0544003559001	0.441685758431	135	135
95.0	95.0	80.0	103.0	104.0	90.5	1	0.000426234748788	0.000126910953113	DLR00012647-2009-07-02_17-25-30	-0.00593958161618	6	95	267.5	893.5	3.95982852034e-05	0.000959028184773	135	135
97.0	98.0	83.0	129.0	140.0	129.0	2	0.0564761042144	0.000639103046625	DLR00012647-2009-07-02_17-25-30	0.0761955843105	6	95	403.5	891.5	0.0767389272776	0.527785177687	135	135
99.0	100.0	85.0	125.0	134.0	122.0	3	0.0530129468805	0.000519704083636	DLR00012647-2009-07-02_17-25-30	0.0557942066401	6	95	538.5	893.5	0.054949154509	0.445734988545	135	135
101.0	102.0	85.0	127.0	137.0	125.0	4	0.0501891416698	0.000536239790764	DLR00012647-2009-07-02_17-25-30	0.0582541154608	6	95	676.5	888.5	0.0575080948952	0.442218551867	135	135
101.0	103.0	85.0	126.0	136.0	122.0	5	0.0491235547978	0.000495581149068	DLR00012647-2009-07-02_17-25-30	0.0588913479915	6	95	816.5	898.5	0.0580966319351	0.480632958602	135	135
101.0	102.0	84.0	107.0	108.0	92.0	6	0.000213117374394	9.16294144773e-05	DLR00012647-2009-07-02_17-25-30	-0.00153602758569	6	95	948.5	893.5	9.81957384122e-05	0.0035697160211	135	135
101.0	103.0	85.0	125.0	135.0	121.0	7	0.0549842825936	0.000490657920066	DLR00012647-2009-07-02_17-25-30	0.0558347370589	6	95	1086.5	891.5	0.0550374896705	0.458415472321	135	135
100.0	102.0	85.0	126.0	138.0	125.0	8	0.0502424210134	0.000535949804454	DLR00012647-2009-07-02_17-25-30	0.0646207897036	6	95	1224.5	895.5	0.0642958153753	0.478022270766	135	135
99.0	102.0	85.0	121.0	132.0	118.0	9	0.0402791837605	0.00044428100293	DLR00012647-2009-07-02_17-25-30	0.0510386890895	6	95	1360.5	883.5	0.0504470826261	0.450210453407	135	135
99.0	102.0	85.0	122.0	132.0	119.0	10	0.0311684160051	0.000460245199955	DLR00012647-2009-07-02_17-25-30	0.0454866843658	6	95	1499.5	893.5	0.0451851769548	0.398263093399	135	135
98.0	101.0	84.0	104.0	108.0	92.5	11	0.000159838030795	0.000109543703836	DLR00012647-2009-07-02_17-25-30	-0.0016983542959	6	95	1643.5	891.5	4.80752316848e-05	0.00159838030795	135	135
98.0	100.0	84.0	102.5	107.5	92.0	12	0.0	0.000105126154905	DLR00012647-2009-07-02_17-25-30	-0.00179591421555	6	95	1771.5	893.5	3.25655287929e-05	0.00117214555917	135	135
98.0	101.0	85.0	121.0	132.0	119.0	13	0.055197399968	0.000474080448666	DLR00012647-2009-07-02_17-25-30	0.0562089532636	6	95	1902.5	889.5	0.0551185051305	0.45942777985	135	135
98.0	101.0	84.0	127.0	140.0	127.0	14	0.0509883318238	0.00059127953943	DLR00012647-2009-07-02_17-25-30	0.0680801598497	6	95	2041.5	887.5	0.0671031082484	0.468591826949	135	135
99.0	101.0	85.0	126.5	139.0	126.0	15	0.0683573978369	0.000575690113253	DLR00012647-2009-07-02_17-25-30	0.0733975356786	6	95	2178.5	893.5	0.0723073178162	0.521498215142	135	135
99.0	102.0	84.0	127.0	139.0	126.0	16	0.0468858223667	0.000580655402982	DLR00012647-2009-07-02_17-25-30	0.0679308976535	6	95	2316.5	893.5	0.0670109166581	0.472747615749	135	135
100.0	101.0	83.0	132.5	141.0	130.0	17	0.00777878416538	0.000260410898606	DLR00012647-2009-07-02_17-25-30	-0.00134083214021	6	95	2460.5	893.5	0.00132177147992	0.0149182162076	135	135
99.0	101.0	82.0	120.0	124.0	112.0	18	0.00069263146678	0.000147505097585	DLR00012647-2009-07-02_17-25-30	-0.00146872599139	6	95	2590.5	893.5	0.000229632526961	0.00511481698545	135	135
99.0	100.0	81.0	103.0	105.0	88.0	19	0.0	7.59543056333e-05	DLR00012647-2009-07-02_17-25-30	-0.00119870002565	6	95	2726.5	894.5	6.88913814119e-05	0.00293036389792	135	135
99.0	100.0	82.0	127.0	139.0	125.0	20	0.0423037988172	0.000596355421551	DLR00012647-2009-07-02_17-25-30	0.0695801958118	6	95	2861.5	889.5	0.0682216762875	0.481059193351	135	135
98.0	99.0	81.0	123.0	132.0	118.0	21	0.0565826629016	0.000526142450214	DLR00012647-2009-07-02_17-25-30	0.0720084001521	6	95	2996.5	885.5	0.0703925110959	0.545580478449	135	135
96.0	97.0	79.0	124.0	133.0	121.0	22	0.0468325430231	0.000591415289007	DLR00012647-2009-07-02_17-25-30	0.0763944290867	6	95	3126.5	893.5	0.0753936122595	0.535777079226	135	135
92.0	93.0	76.0	118.0	126.0	114.0	23	0.0630827428206	0.00053973179181	DLR00012647-2009-07-02_17-25-30	0.0731171053265	6	95	3269.5	889.5	0.0731036052469	0.552773189834	135	135
89.0	90.0	74.0	96.0	98.0	85.0	24	0.0	0.000129923571599	DLR00012647-2009-07-02_17-25-30	-0.00511995783693	6	95	3411.5	893.5	4.78486845601e-05	0.00122542490277	135	135
97.0	97.0	83.0	122.0	130.0	118.0	1	0.0430497096276	0.000512844597281	DLR00012647-2009-07-02_17-25-30	0.0496174161007	7	95	272.5	1029.5	0.0501049622559	0.414460013853	135	135
98.0	99.0	83.0	121.0	128.0	115.0	2	0.0588736746763	0.000454381161545	DLR00012647-2009-07-02_17-25-30	0.0479694249336	7	95	410.5	1029.5	0.0474025111014	0.41797645053	135	135
100.0	101.0	84.0	124.0	132.0	120.0	3	0.0604720549843	0.000489332274818	DLR00012647-2009-07-02_17-25-30	0.0502451728531	7	95	548.5	1025.5	0.0489595138248	0.408865682775	135	135
101.0	102.0	85.0	123.0	130.0	116.0	4	0.0504022590442	0.000432855981852	DLR00012647-2009-07-02_17-25-30	0.0471396606284	7	95	676.5	1028.5	0.0458831080841	0.41456657254	135	135
101.0	103.0	85.0	125.0	133.0	119.0	5	0.0564761042144	0.000466876274318	DLR00012647-2009-07-02_17-25-30	0.0453085242851	7	95	822.5	1029.5	0.0440736172678	0.376418562523	135	135
101.0	103.0	85.0	123.0	133.0	119.0	6	0.0472054984283	0.000458914245298	DLR00012647-2009-07-02_17-25-30	0.0485083887246	7	95	952.5	1024.5	0.0470806602149	0.407054185092	135	135
100.0	102.0	85.0	119.0	127.0	112.0	7	0.0396398316373	0.00037812406412	DLR00012647-2009-07-02_17-25-30	0.0348249781903	7	95	1081.5	1029.5	0.0338479795957	0.330385209654	135	135
99.0	102.0	85.0	125.0	135.0	122.0	8	0.048430923331	0.000504524773381	DLR00012647-2009-07-02_17-25-30	0.0469731693512	7	95	1219.5	1029.5	0.0466075938207	0.37103734882	135	135
99.0	102.0	85.0	123.0	134.0	120.0	9	0.0431562683148	0.000484618191251	DLR00012647-2009-07-02_17-25-30	0.0425662431067	7	95	1360.5	1029.5	0.0421610977026	0.35105759497	135	135
98.0	101.0	85.0	121.0	132.0	118.0	10	0.0392668762321	0.000458227732825	DLR00012647-2009-07-02_17-25-30	0.03824157585	7	95	1485.5	1027.5	0.0374843837735	0.319089988811	135	135
98.0	101.0	85.0	120.0	131.0	117.0	11	0.0360701156162	0.000450766758807	DLR00012647-2009-07-02_17-25-30	0.038019393317	7	95	1635.5	1024.5	0.0367243353596	0.315680110821	135	135
98.0	101.0	85.0	122.0	133.0	120.0	12	0.0434226650328	0.000491126748164	DLR00012647-2009-07-02_17-25-30	0.0400862267515	7	95	1771.5	1029.5	0.0389073717728	0.317971122596	135	135
98.0	100.0	84.0	118.0	127.0	113.0	13	0.0369225851138	0.000409896206791	DLR00012647-2009-07-02_17-25-30	0.027041991697	7	95	1895.5	1029.5	0.0258661574672	0.245724332676	135	135
98.0	100.0	84.0	118.0	127.0	113.0	14	0.0449677659971	0.00041203305998	DLR00012647-2009-07-02_17-25-30	0.0332351575603	7	95	2041.5	1032.5	0.0320966008359	0.303905375886	135	135
98.0	101.0	84.0	120.0	130.0	116.0	15	0.0344717353082	0.000449576071326	DLR00012647-2009-07-02_17-25-30	0.0399688534955	7	95	2178.5	1032.5	0.0389184086925	0.338483669881	135	135
99.0	101.0	84.0	120.0	130.0	116.0	16	0.0189141669775	0.000440576915307	DLR00012647-2009-07-02_17-25-30	0.0348620352127	7	95	2316.5	1029.5	0.033596337628	0.300655335926	135	135
99.0	101.0	84.0	118.0	126.0	112.0	17	0.0459800735255	0.000393046849679	DLR00012647-2009-07-02_17-25-30	0.0434767739829	7	95	2462.5	1029.5	0.0419211009248	0.397357344558	135	135
99.0	100.0	82.0	120.0	128.0	114.0	18	0.0405455804784	0.000440825441641	DLR00012647-2009-07-02_17-25-30	0.0432313873924	7	95	2590.5	1029.5	0.0415708049188	0.359795407321	135	135
98.0	100.0	82.0	117.0	125.0	109.0	19	0.0341520592466	0.000393310846688	DLR00012647-2009-07-02_17-25-30	0.0371821151888	7	95	2728.5	1029.5	0.0353497552435	0.331823751931	135	135
98.0	100.0	81.0	121.0	129.0	115.0	20	0.0470989397411	0.000469778088616	DLR00012647-2009-07-02_17-25-30	0.0442884318696	7	95	2861.5	1029.5	0.0425773217347	0.367307794768	135	135
98.0	99.0	80.0	124.0	134.0	120.0	21	0.0496030688902	0.000559055847417	DLR00012647-2009-07-02_17-25-30	0.0619933589065	7	95	2993.5	1029.5	0.0604932910286	0.444349725611	135	135
96.0	96.0	79.0	118.0	125.0	111.0	22	0.0622835526666	0.000465963506657	DLR00012647-2009-07-02_17-25-30	0.0527534855687	7	95	3133.5	1022.5	0.0519088781559	0.444935798391	135	135
92.0	93.0	76.0	113.0	120.0	106.0	23	0.0654803132825	0.000443068082346	DLR00012647-2009-07-02_17-25-30	0.0472302312554	7	95	3273.5	1029.5	0.0465256158441	0.410837018488	135	135
89.0	90.0	74.0				24	0.0		DLR00012647-2009-07-02_17-25-30	-0.00535333195888	7	95	3411.5	1022.5	0.0	0.0	135	135
97.0	98.0	83.0	119.0	126.0	113.0	1	0.0362832329906	0.000445785573315	DLR00012647-2009-07-02_17-25-30	0.0484015287127	8	95	267.5	1165.5	0.048870375166	0.436997176195	135	135
98.0	99.0	83.0	128.0	138.0	126.0	2	0.0619105972614	0.000594939573905	DLR00012647-2009-07-02_17-25-30	0.0739588451725	8	95	403.5	1158.5	0.0729345596537	0.520805583675	135	135
100.0	101.0	84.0	124.0	133.0	120.0	3	0.0445415312483	0.000493642673192	DLR00012647-2009-07-02_17-25-30	0.0508327428187	8	95	545.5	1168.5	0.0493436236818	0.411050135862	135	135
101.0	102.0	85.0	131.0	142.0	130.0	4	0.0459267941819	0.000617672490673	DLR00012647-2009-07-02_17-25-30	0.0698489459557	8	95	670.5	1165.5	0.0686355050614	0.475358303586	135	135
101.0	102.0	84.0	122.0	131.0	116.0	5	0.0491235547978	0.000432309159797	DLR00012647-2009-07-02_17-25-30	0.0457940351221	8	95	813.5	1165.5	0.0444603987466	0.388033459428	135	135
101.0	103.0	85.0	129.0	142.0	129.0	6	0.0472054984283	0.000600539295857	DLR00012647-2009-07-02_17-25-30	0.073243469233	8	95	948.5	1161.5	0.071836099013	0.503756193724	135	135
100.0	102.0	85.0	124.0	134.0	120.0	7	0.0532260642549	0.000482097638785	DLR00012647-2009-07-02_17-25-30	0.05231733429	8	95	1085.5	1167.5	0.0506813609917	0.424369971762	135	135
99.0	102.0	85.0	128.0	140.0	128.0	8	0.0538121370345	0.00058991683852	DLR00012647-2009-07-02_17-25-30	0.0718649454542	8	95	1224.5	1167.5	0.0706873207046	0.495497895466	135	135
99.0	102.0	85.0	119.0	128.0	115.0	9	0.0326602376259	0.000413090527644	DLR00012647-2009-07-02_17-25-30	0.0409731184172	8	95	1360.5	1166.5	0.0388527800458	0.36512334168	135	135
98.0	101.0	85.0	125.0	136.0	124.0	10	0.0445948105919	0.000544332253489	DLR00012647-2009-07-02_17-25-30	0.059414597337	8	95	1489.5	1165.5	0.0579096981072	0.428259363845	135	135
98.0	101.0	85.0	122.0	133.0	120.0	11	0.0639884916618	0.000500763526317	DLR00012647-2009-07-02_17-25-30	0.0610807093576	8	95	1629.5	1165.5	0.0594133680589	0.466727049923	135	135
97.0	101.0	85.0	128.0	142.0	131.0	12	0.0427833129096	0.000646573429153	DLR00012647-2009-07-02_17-25-30	0.0709838690513	8	95	1762.5	1158.5	0.0696164198536	0.44003409878	135	135
97.0	100.0	84.0	121.0	133.0	120.0	13	0.0544514891577	0.000510119234028	DLR00012647-2009-07-02_17-25-30	0.0557015990329	8	95	1903.5	1164.5	0.0543059705391	0.431829079866	135	135
97.0	100.0	84.0	126.0	139.0	127.0	14	0.0392668762321	0.000594678494106	DLR00012647-2009-07-02_17-25-30	0.0631385561124	8	95	2031.5	1161.5	0.0618687937593	0.423197826203	135	135
98.0	101.0	84.0	121.0	132.0	119.0	15	0.0386275241089	0.000485608738275	DLR00012647-2009-07-02_17-25-30	0.0577574209266	8	95	2181.5	1166.5	0.0565490865976	0.458681869039	135	135
98.0	100.0	84.0	122.0	133.0	120.0	16	0.0417710053812	0.000519324470928	DLR00012647-2009-07-02_17-25-30	0.0566615448746	8	95	2316.5	1155.5	0.0554712289124	0.429324950717	135	135
98.0	100.0	83.0	123.0	135.0	121.0	17	0.0473120571155	0.000544151083507	DLR00012647-2009-07-02_17-25-30	0.0748600288677	8	95	2443.5	1162.5	0.0735675422336	0.558687196974	135	135
99.0	101.0	83.0	126.0	137.0	124.0	18	0.0611646864511	0.000590432631951	DLR00012647-2009-07-02_17-25-30	0.0719394719273	8	95	2590.5	1163.5	0.0702152824011	0.492194576163	135	135
98.0	100.0	82.0	122.0	132.0	117.0	19	0.0545047685013	0.000506813082145	DLR00012647-2009-07-02_17-25-30	0.067467452031	8	95	2726.5	1161.5	0.0655998528278	0.535191006447	135	135
98.0	99.0	81.0	123.0	133.0	119.0	20	0.049762906921	0.000536344161346	DLR00012647-2009-07-02_17-25-30	0.0650664103162	8	95	2861.5	1161.5	0.0631182309236	0.492354414194	135	135
97.0	99.0	81.0	125.0	134.0	121.0	21	0.07032873355	0.000575678834501	DLR00012647-2009-07-02_17-25-30	0.0827314650302	8	95	2991.5	1158.5	0.0812115669749	0.584474399275	135	135
95.0	96.0	79.0	126.0	137.0	124.0	22	0.0548244445628	0.000662334526954	DLR00012647-2009-07-02_17-25-30	0.0882744411482	8	95	3133.5	1156.5	0.0870832236701	0.568543875539	135	135
91.0	92.0	76.0	119.0	127.0	115.0	23	0.0699024988012	0.000576263503898	DLR00012647-2009-07-02_17-25-30	0.0825326448644	8	95	3274.5	1161.5	0.0821846834368	0.586179338271	135	135
89.0	89.0	74.0	97.0	101.0	91.0	24	0.000905748841174	0.000168126223107	DLR00012647-2009-07-02_17-25-30	-0.00447643909727	8	95	3411.5	1165.5	0.00025250207126	0.00506153764186	135	135
97.0	98.0	83.0	117.0	123.0	110.0	1	0.0381480100165	0.000392110897939	DLR00012647-2009-07-02_17-25-30	0.0339203720516	9	95	269.5	1302.5	0.0344778753121	0.348660024508	135	135
98.0	99.0	83.0	123.0	132.0	119.0	2	0.0616442005434	0.000500756436052	DLR00012647-2009-07-02_17-25-30	0.0509295593793	9	95	403.5	1301.5	0.0503459416248	0.413447706324	135	135
99.0	101.0	83.0	122.0	131.0	117.0	3	0.05493100325	0.000469295043614	DLR00012647-2009-07-02_17-25-30	0.0497321528758	9	95	544.5	1300.5	0.0486805501517	0.419947786243	135	135
100.0	102.0	84.0	125.0	135.0	121.0	4	0.0628696254462	0.000501632663609	DLR00012647-2009-07-02_17-25-30	0.0566816941904	9	95	666.5	1301.5	0.0554991615005	0.451222760936	135	135
101.0	102.0	84.0	124.0	132.0	118.0	5	0.0509883318238	0.000460384486898	DLR00012647-2009-07-02_17-25-30	0.0446806547727	9	95	813.5	1301.5	0.0437378763798	0.378762853642	135	135
100.0	102.0	84.0	121.0	129.0	114.0	6	0.0317012094411	0.000405252091111	DLR00012647-2009-07-02_17-25-30	0.0342516029143	9	95	948.5	1301.5	0.0328801818327	0.318237519314	135	135
100.0	102.0	84.0	125.0	135.0	122.0	7	0.0448612073099	0.00051214493699	DLR00012647-2009-07-02_17-25-30	0.0549709919319	9	95	1083.5	1301.5	0.0537657304594	0.419521551494	135	135
99.0	102.0	84.0	119.0	128.0	114.0	8	0.0330864723747	0.000410457415002	DLR00012647-2009-07-02_17-25-30	0.0346117656937	9	95	1224.5	1301.5	0.0333383547847	0.318024401939	135	135
99.0	102.0	85.0	121.0	131.0	118.0	9	0.0402791837605	0.000447194770378	DLR00012647-2009-07-02_17-25-30	0.0439809918106	9	95	1360.5	1306.5	0.0432876242924	0.388885928925	135	135
99.0	102.0	86.0	124.0	135.0	123.0	10	0.0446480899355	0.000466530348518	DLR00012647-2009-07-02_17-25-30	0.0421558677453	9	95	1495.5	1301.5	0.0423349237619	0.35489370771	135	135
99.0	103.0	87.0	124.0	136.0	123.0	11	0.0301561084767	0.00045034152722	DLR00012647-2009-07-02_17-25-30	0.0364369206313	9	95	1634.5	1301.5	0.0368203848887	0.317331770473	135	135
98.0	103.0	87.0	121.0	132.5	120.0	12	0.028930683574	0.000417295113886	DLR00012647-2009-07-02_17-25-30	0.032801237235	9	95	1764.5	1310.5	0.0333785803921	0.317651446534	135	135
98.0	101.0	85.0	120.0	130.0	117.0	13	0.034365176621	0.000413769840402	DLR00012647-2009-07-02_17-25-30	0.0272361310109	9	95	1912.5	1301.5	0.0292511886612	0.282753476477	135	135
98.0	102.0	86.0	120.0	131.0	118.0	14	0.0179018594491	0.000399769040958	DLR00012647-2009-07-02_17-25-30	0.0282273698533	9	95	2036.5	1301.5	0.0300014958407	0.292077361607	135	135
98.0	101.0	85.0	121.0	132.0	119.0	15	0.0223773243114	0.000411837204862	DLR00012647-2009-07-02_17-25-30	0.0395619525162	9	95	2169.5	1301.5	0.0389818976226	0.373381639938	135	135
98.0	102.0	85.0	124.0	136.0	123.0	16	0.0295167563536	0.000434791521878	DLR00012647-2009-07-02_17-25-30	0.0399694602747	9	95	2307.5	1301.5	0.0392341849273	0.351856785124	135	135
99.0	102.0	85.0	124.0	135.0	122.0	17	0.0366561883958	0.000498621063531	DLR00012647-2009-07-02_17-25-30	0.0493754455755	9	95	2444.5	1301.5	0.0482476863744	0.375459534339	135	135
99.0	102.0	85.0	124.0	134.0	121.0	18	0.0345250146518	0.000468917679687	DLR00012647-2009-07-02_17-25-30	0.0520966022312	9	95	2587.5	1292.5	0.0508673263075	0.418296126592	135	135
98.0	100.0	82.0	124.0	133.0	119.0	19	0.0349512494006	0.000522724825138	DLR00012647-2009-07-02_17-25-30	0.0479871348659	9	95	2721.5	1301.5	0.0462872582041	0.358996217167	135	135
97.0	99.0	81.0	117.0	125.0	109.0	20	0.041398049976	0.000414396096857	DLR00012647-2009-07-02_17-25-30	0.0379660997525	9	95	2861.5	1301.5	0.0363480900041	0.342639458682	135	135
97.0	98.0	80.0	123.0	132.0	118.0	21	0.0581277638659	0.000555979160774	DLR00012647-2009-07-02_17-25-30	0.06708555346	9	95	2998.5	1301.5	0.0651908125781	0.484415791997	135	135
95.0	96.0	78.0	120.0	128.0	114.0	22	0.0569023389632	0.000523893954093	DLR00012647-2009-07-02_17-25-30	0.0614478204807	9	95	3134.5	1302.5	0.0598988532195	0.473813202621	135	135
92.0	93.0	76.0	115.0	123.0	111.0	23	0.063029463477	0.000522878500576	DLR00012647-2009-07-02_17-25-30	0.0645394976081	9	95	3273.5	1301.5	0.0633599830493	0.501838137354	135	135
89.0	90.0	75.0	108.0	115.0	103.0	24	0.0448612073099	0.000438346357141	DLR00012647-2009-07-02_17-25-30	0.0469702287671	9	95	3414.5	1295.5	0.0480971837264	0.427513453034	135	135
97.0	98.0	83.0	118.0	124.0	112.0	1	0.0290372422612	0.000424419843353	DLR00012647-2009-07-02_17-25-30	0.040903839248	10	95	263.5	1444.5	0.0417374823713	0.397410623901	135	135
98.0	99.0	83.0	127.0	137.0	125.0	2	0.0584474399275	0.000584314754699	DLR00012647-2009-07-02_17-25-30	0.0693274226213	10	95	403.5	1441.5	0.0686425124739	0.499174170174	135	135
99.0	100.0	83.0	123.0	131.0	118.0	3	0.063828653631	0.000479594492478	DLR00012647-2009-07-02_17-25-30	0.0601358760517	10	95	537.5	1447.5	0.0592524076433	0.498907773456	135	135
100.0	102.0	84.0	131.0	142.0	129.0	4	0.0531195055677	0.000615152475767	DLR00012647-2009-07-02_17-25-30	0.0745586274311	10	95	676.5	1440.5	0.0734919755358	0.50428898716	135	135
100.0	102.0	85.0	125.0	135.0	121.0	5	0.0724066279503	0.000498903597652	DLR00012647-2009-07-02_17-25-30	0.0677533824229	10	95	809.5	1439.5	0.0666899849511	0.537482018222	135	135
100.0	102.0	84.0	127.0	137.0	123.0	6	0.0379881719857	0.00053990538669	DLR00012647-2009-07-02_17-25-30	0.0609627899235	10	95	948.5	1431.5	0.0600005897468	0.458468751665	135	135
100.0	102.0	84.0	119.0	127.0	112.0	7	0.0387340827961	0.000388850734229	DLR00012647-2009-07-02_17-25-30	0.0426531975612	10	95	1076.5	1436.5	0.0408029313864	0.405189408066	135	135
99.0	101.0	84.0	126.0	139.0	126.0	8	0.0468325430231	0.000580365182796	DLR00012647-2009-07-02_17-25-30	0.0677268018486	10	95	1224.5	1440.5	0.0662766722682	0.463956524056	135	135
98.0	101.0	84.0	121.0	132.0	118.0	9	0.0580212051788	0.000484653873224	DLR00012647-2009-07-02_17-25-30	0.056411224056	10	95	1360.5	1437.5	0.0549404008092	0.444509563642	135	135
98.0	101.0	85.0	129.0	143.0	131.0	10	0.0487505993926	0.000639149728389	DLR00012647-2009-07-02_17-25-30	0.0752766078541	10	95	1487.5	1435.5	0.0744674538152	0.481005914007	135	135
98.0	102.0	86.0	124.0	136.0	123.0	11	0.0455005594331	0.00051441997924	DLR00012647-2009-07-02_17-25-30	0.0620499823295	10	95	1634.5	1435.5	0.0614975376898	0.486067451649	135	135
97.0	100.0	84.0	126.0	139.0	126.0	12	0.0450743246843	0.00059936495453	DLR00012647-2009-07-02_17-25-30	0.0595773543335	10	95	1771.5	1440.5	0.0587631782027	0.407214023123	135	135
97.0	100.0	84.0	121.0	133.0	120.0	13	0.0536522990037	0.000514527503244	DLR00012647-2009-07-02_17-25-30	0.0615272222472	10	95	1908.5	1435.5	0.0612045967789	0.479407533699	135	135
96.0	99.0	82.0	101.0	104.0	88.0	14	0.0	8.0442897296e-05	DLR00012647-2009-07-02_17-25-30	-0.000884614400798	10	95	2041.5	1448.5	5.13968311193e-05	0.00229101177473	135	135
96.0	98.0	82.0	101.0	104.0	88.0	15	0.0	8.22615746723e-05	DLR00012647-2009-07-02_17-25-30	-0.00054005487422	10	95	2178.5	1440.5	4.83419776218e-05	0.00197133571314	135	135
96.0	99.0	82.0	122.0	134.0	121.0	16	0.0397463903245	0.000559065866468	DLR00012647-2009-07-02_17-25-30	0.0574398445532	10	95	2316.5	1438.5	0.0556863928174	0.415205924663	135	135
97.0	98.0	82.0	121.0	132.0	118.0	17	0.0553572379988	0.000527024986227	DLR00012647-2009-07-02_17-25-30	0.0670780121878	10	95	2453.5	1440.5	0.0656724152462	0.512494006074	135	135
97.0	99.0	82.0	124.0	135.0	122.0	18	0.0460866322127	0.000583158607041	DLR00012647-2009-07-02_17-25-30	0.0665217241328	10	95	2590.5	1440.5	0.0647192037796	0.466140977143	135	135
97.0	99.0	81.0	125.0	137.0	123.0	19	0.0600458202355	0.000594438935107	DLR00012647-2009-07-02_17-25-30	0.0815970384915	10	95	2721.5	1436.5	0.0801894563924	0.574990676115	135	135
97.0	97.0	79.0	101.0	103.0	86.0	20	0.0	8.41716206447e-05	DLR00012647-2009-07-02_17-25-30	-0.000274782199242	10	95	2861.5	1442.5	8.33635276828e-05	0.00319676061591	135	135
96.0	97.0	80.0	125.0	136.0	123.0	21	0.0743246843199	0.000627960139631	DLR00012647-2009-07-02_17-25-30	0.096385094985	10	95	2994.5	1435.5	0.0949005229741	0.636421759284	135	135
95.0	96.0	79.0	124.0	134.0	122.0	22	0.041398049976	0.000607290704979	DLR00012647-2009-07-02_17-25-30	0.083624605993	10	95	3133.5	1442.5	0.0824546722239	0.583195695029	135	135
91.0	92.0	76.0	120.0	130.0	118.0	23	0.0522670360701	0.000631315049088	DLR00012647-2009-07-02_17-25-30	0.0925136875128	10	95	3273.5	1434.5	0.0916354280798	0.614683787096	135	135
88.0	89.0	75.0	115.0	125.0	114.0	24	0.0356438808674	0.000618792769533	DLR00012647-2009-07-02_17-25-30	0.076907685146	10	95	3407.5	1440.5	0.077690660088	0.516330118813	135	135
96.0	96.0	80.0	103.0	106.0	91.0	1	5.32793435985e-05	0.000121241387862	DLR00012647-2009-07-02_17-25-30	-0.00561612186001	11	95	267.5	1574.5	0.000110400722885	0.00287708455432	135	135
97.0	98.0	82.0	121.0	128.0	116.0	2	0.0530662262241	0.00046603070249	DLR00012647-2009-07-02_17-25-30	0.0467988792874	11	95	406.5	1574.5	0.046475875097	0.40316479301	135	135
99.0	100.0	84.0	129.0	139.0	128.0	3	0.0628163461026	0.00061315432397	DLR00012647-2009-07-02_17-25-30	0.0771898197168	11	95	541.5	1574.5	0.0760991701992	0.525014651819	135	135
100.0	101.0	84.0	126.0	135.0	123.0	4	0.0493366721722	0.000528707003605	DLR00012647-2009-07-02_17-25-30	0.0520212166846	11	95	676.5	1574.5	0.0506401214042	0.403591027759	135	135
100.0	102.0	84.0	124.0	133.0	120.0	5	0.0479514092386	0.00048284975971	DLR00012647-2009-07-02_17-25-30	0.0535389581592	11	95	813.5	1574.5	0.0523966452195	0.436197986041	135	135
99.0	101.0	82.0	105.0	107.0	89.0	6	0.0	8.4992533494e-05	DLR00012647-2009-07-02_17-25-30	-0.00192210800217	11	95	948.5	1571.5	2.11867704032e-05	0.000905748841174	135	135
99.0	100.0	82.0	105.5	107.5	90.5	7	0.0	9.29168038193e-05	DLR00012647-2009-07-02_17-25-30	-0.00135212612111	11	95	1082.5	1574.5	1.76813706492e-05	0.000639352123182	135	135
98.0	100.0	82.0	105.5	107.0	92.0	8	0.00069263146678	0.000115778998964	DLR00012647-2009-07-02_17-25-30	-0.000569616114736	11	95	1224.5	1574.5	9.40594976224e-05	0.00213117374394	135	135
98.0	99.0	82.0	104.0	107.0	90.0	9	0.0	0.000105452296333	DLR00012647-2009-07-02_17-25-30	-0.00100589601825	11	95	1355.5	1574.5	2.02607353746e-05	0.00069263146678	135	135
97.0	100.0	83.0	124.0	136.0	123.0	10	0.0514145665725	0.000557552363279	DLR00012647-2009-07-02_17-25-30	0.0579806036287	11	95	1495.5	1574.5	0.0567338343287	0.413394426981	135	135
97.0	100.0	83.0	117.0	126.0	113.0	11	0.0474718951463	0.000422084816849	DLR00012647-2009-07-02_17-25-30	0.0379847725516	11	95	1625.5	1574.5	0.036576969992	0.322553146145	135	135
97.0	99.0	83.0	121.0	133.0	120.0	12	0.0512547285417	0.000522929584147	DLR00012647-2009-07-02_17-25-30	0.0489377405039	11	95	1767.5	1572.5	0.048190166592	0.372156215035	135	135
96.0	99.0	82.0	117.0	126.0	113.0	13	0.0384676860781	0.000430393730137	DLR00012647-2009-07-02_17-25-30	0.0398726516831	11	95	1912.5	1574.5	0.0387920220651	0.342053385902	135	135
96.0	98.0	81.0	100.0	104.0	88.0	14	0.0	9.27592974927e-05	DLR00012647-2009-07-02_17-25-30	-0.000283516467678	11	95	2041.5	1574.5	0.000241614064388	0.00948372316053	135	135
96.0	98.0	81.0	102.0	104.0	89.5	15	0.0	9.8512145999e-05	DLR00012647-2009-07-02_17-25-30	-0.000512172554209	11	95	2178.5	1574.5	2.42925532512e-05	0.000745910810379	135	135
96.0	98.0	81.0	116.0	125.0	112.0	16	0.0480579679258	0.000440731633438	DLR00012647-2009-07-02_17-25-30	0.0431276938676	11	95	2316.5	1574.5	0.0412603117931	0.364217592839	135	135
96.0	98.0	81.0	116.0	125.0	111.0	17	0.0407054185092	0.000437636633647	DLR00012647-2009-07-02_17-25-30	0.0447112782138	11	95	2454.5	1574.5	0.0428694201306	0.375725931057	135	135
97.0	99.0	82.0	120.0	129.0	115.0	18	0.050295700357	0.000483228766121	DLR00012647-2009-07-02_17-25-30	0.0577615254743	11	95	2589.5	1574.5	0.0559342365697	0.459694176568	135	135
96.0	97.0	79.0	102.0	104.0	87.0	19	0.0	9.63879989548e-05	DLR00012647-2009-07-02_17-25-30	-0.000300513314103	11	95	2726.5	1574.5	8.26015791903e-05	0.00319676061591	135	135
96.0	97.0	79.0	104.0	106.0	91.0	20	0.0	0.000106091557387	DLR00012647-2009-07-02_17-25-30	-0.00108561776791	11	95	2859.5	1574.5	0.000123567020098	0.00452874420587	135	135
95.0	96.0	78.0	99.0	101.0	83.0	21	0.0	7.70055865798e-05	DLR00012647-2009-07-02_17-25-30	-0.000474041464483	11	95	2998.5	1574.5	2.57226536098e-05	0.00127870424636	135	135
95.0	96.0	79.0	117.0	125.0	112.0	22	0.0296233150408	0.000445120862118	DLR00012647-2009-07-02_17-25-30	0.0503258421902	11	95	3135.5	1574.5	0.0488872814355	0.441525920401	135	135
90.0	91.0	76.0	114.0	121.0	109.0	23	0.0729927007299	0.000516566379748	DLR00012647-2009-07-02_17-25-30	0.063029040486	11	95	3273.5	1574.5	0.061773330384	0.48015344451	135	135
87.0	88.0	74.0	106.0	113.0	100.0	24	0.0374020992061	0.000430451420031	DLR00012647-2009-07-02_17-25-30	0.041227129527	11	95	3408.5	1574.5	0.0416823574082	0.387607224679	135	135
95.0	95.0	80.0	106.0	105.5	92.0	1	0.0	0.000129399380323	DLR00012647-2009-07-02_17-25-30	-0.00576334810848	12	95	267.5	1715.5	3.99772467042e-05	0.00117214555917	135	135
96.0	97.0	81.0	127.0	137.0	126.0	2	0.0651606372209	0.000626128259938	DLR00012647-2009-07-02_17-25-30	0.074846971829	12	95	403.5	1710.5	0.0751241080817	0.524215461666	135	135
98.0	99.0	84.0	119.0	127.0	114.0	3	0.0667590175289	0.000428566988602	DLR00012647-2009-07-02_17-25-30	0.0516223138095	12	95	538.5	1713.5	0.0500566253139	0.461026160158	135	135
99.0	100.0	84.0	130.0	141.0	129.0	4	0.0534924609729	0.000622331895253	DLR00012647-2009-07-02_17-25-30	0.0758011645691	12	95	667.5	1713.5	0.0748036161374	0.512067771325	135	135
100.0	101.0	84.0	124.0	133.0	119.0	5	0.0721935105759	0.000483373918389	DLR00012647-2009-07-02_17-25-30	0.0584156144679	12	95	808.5	1718.5	0.056775973122	0.478555064202	135	135
100.0	101.0	84.0	127.0	139.0	126.0	6	0.047898129895	0.000577153472406	DLR00012647-2009-07-02_17-25-30	0.066616838231	12	95	948.5	1711.5	0.065599698905	0.479673930417	135	135
99.0	101.0	83.0	123.0	132.0	119.0	7	0.0590867920507	0.00048950968794	DLR00012647-2009-07-02_17-25-30	0.0560087716878	12	95	1081.5	1705.5	0.0546258474336	0.45218178912	135	135
98.0	100.0	83.0	125.0	136.0	123.0	8	0.049496510203	0.000562342623084	DLR00012647-2009-07-02_17-25-30	0.0631342464277	12	95	1224.5	1708.5	0.0619636025122	0.460919601471	135	135
97.0	100.0	83.0	120.0	130.0	117.0	9	0.0561031488092	0.000479284435392	DLR00012647-2009-07-02_17-25-30	0.058190466428	12	95	1361.5	1715.5	0.0564232445889	0.47956737173	135	135
97.0	99.0	83.0	127.0	141.0	130.0	10	0.0486440407054	0.000656650094636	DLR00012647-2009-07-02_17-25-30	0.0727920783894	12	95	1504.5	1710.5	0.0714290377166	0.451382598966	135	135
96.0	99.0	83.0	122.0	133.0	121.0	11	0.0644680057542	0.00054348917416	DLR00012647-2009-07-02_17-25-30	0.0706870030899	12	95	1634.5	1707.5	0.0692286169228	0.499067611487	135	135
96.0	98.0	82.0	123.0	135.0	122.0	12	0.0534391816293	0.000569223507578	DLR00012647-2009-07-02_17-25-30	0.0619923401752	12	95	1768.5	1710.5	0.0613405478943	0.445788267889	135	135
95.0	98.0	82.0	119.0	130.0	117.0	13	0.0539186957217	0.000511252324383	DLR00012647-2009-07-02_17-25-30	0.0615253253412	12	95	1906.5	1704.5	0.0605557793427	0.48015344451	135	135
95.0	98.0	81.0	120.0	131.0	119.0	14	0.0458202354947	0.000533196285179	DLR00012647-2009-07-02_17-25-30	0.0559423743584	12	95	2041.5	1703.5	0.0547964288643	0.414087058447	135	135
95.0	98.0	81.0	120.0	131.0	119.0	15	0.0584474399275	0.000536482314211	DLR00012647-2009-07-02_17-25-30	0.0723877982413	12	95	2175.5	1705.5	0.0708961101402	0.539186957217	135	135
95.0	97.0	81.0	122.0	134.0	121.0	16	0.0401193457297	0.000578529640302	DLR00012647-2009-07-02_17-25-30	0.0646996437059	12	95	2316.5	1710.5	0.0631394496483	0.450743246843	135	135
95.0	97.0	81.0	119.0	129.0	115.0	17	0.07032873355	0.000508718508769	DLR00012647-2009-07-02_17-25-30	0.0685733051624	12	95	2448.5	1710.5	0.0669394632657	0.529117161277	135	135
96.0	98.0	81.0	128.0	140.0	128.0	18	0.0400660663861	0.000684291408231	DLR00012647-2009-07-02_17-25-30	0.0805154849004	12	95	2590.5	1710.5	0.0789220451412	0.494698705312	135	135
97.0	98.0	81.0	121.0	131.0	118.0	19	0.0537055783473	0.000527347497138	DLR00012647-2009-07-02_17-25-30	0.0709923250285	12	95	2724.5	1701.5	0.0697479215937	0.537641856252	135	135
95.0	97.0	80.0	125.0	136.0	123.0	20	0.049762906921	0.000630162351502	DLR00012647-2009-07-02_17-25-30	0.0759624673815	12	95	2861.5	1710.5	0.0745452787054	0.502530768821	135	135
95.0	96.0	79.0	118.0	126.0	113.0	21	0.0529063881933	0.000501724337385	DLR00012647-2009-07-02_17-25-30	0.0660409660992	12	95	2998.5	1706.5	0.0645608623408	0.526932708189	135	135
94.0	94.0	79.0	123.0	132.0	121.0	22	0.0499760242954	0.000609850602036	DLR00012647-2009-07-02_17-25-30	0.0823852133878	12	95	3133.5	1710.5	0.0812968171502	0.552773189834	135	135
90.0	91.0	76.0	119.0	128.0	117.0	23	0.0724066279503	0.000636925299112	DLR00012647-2009-07-02_17-25-30	0.0875153339564	12	95	3264.5	1710.5	0.0863300843149	0.584634237306	135	135
87.0	87.0	74.0	113.0	121.0	110.0	24	0.0512014491981	0.000593569536358	DLR00012647-2009-07-02_17-25-30	0.0815180586095	12	95	3408.5	1705.5	0.0821851381544	0.565933187703	135	135
95.0	96.0	82.0	120.0	127.0	116.0	1	0.0415578880068	0.000507361932321	DLR00012647-2009-07-02_17-25-30	0.0573977113752	13	95	271.5	1853.5	0.0577990676158	0.470989397411	135	135
96.0	96.0	81.0	126.0	135.0	125.0	2	0.0675582076829	0.000617316051152	DLR00012647-2009-07-02_17-25-30	0.0742278583408	13	95	403.5	1849.5	0.0737703701116	0.514731738505	135	135
97.0	98.0	82.0	126.0	136.0	124.0	3	0.0565826629016	0.000587969948258	DLR00012647-2009-07-02_17-25-30	0.0689262682909	13	95	541.5	1850.5	0.0680962618607	0.488571580798	135	135
99.0	100.0	83.0	124.0	133.0	120.0	4	0.0548244445628	0.000508107344546	DLR00012647-2009-07-02_17-25-30	0.0562194992283	13	95	679.5	1850.5	0.0551752918341	0.447812882945	135	135
99.0	101.0	84.0	123.0	131.0	118.0	5	0.0675049283393	0.000471785522789	DLR00012647-2009-07-02_17-25-30	0.0567130964034	13	95	808.5	1850.5	0.0555647791637	0.476104214396	135	135
99.0	101.0	84.0	125.0	134.0	121.0	6	0.0598327028611	0.00052369879858	DLR00012647-2009-07-02_17-25-30	0.058330146684	13	95	948.5	1850.5	0.056703802116	0.444136608237	135	135
98.0	100.0	83.0	122.0	132.0	119.0	7	0.0518408013213	0.000496147634653	DLR00012647-2009-07-02_17-25-30	0.0490445880074	13	95	1080.5	1850.5	0.0482230357617	0.399009004209	135	135
98.0	100.0	83.0	125.0	137.0	124.0	8	0.0634024188822	0.000579490736231	DLR00012647-2009-07-02_17-25-30	0.0671314604006	13	95	1224.5	1850.5	0.0656454065765	0.476637007832	135	135
97.0	99.0	83.0	119.0	129.0	116.0	9	0.0600990995791	0.000474468155999	DLR00012647-2009-07-02_17-25-30	0.0570319252645	13	95	1364.5	1850.5	0.0552805949518	0.450317012094	135	135
97.0	99.0	83.0	121.0	132.0	120.0	10	0.0460333528691	0.000526693111353	DLR00012647-2009-07-02_17-25-30	0.0525607235086	13	95	1495.5	1841.5	0.051097507499	0.400980339922	135	135
96.0	98.0	82.0	119.0	129.0	117.0	11	0.0499227449518	0.000490303201164	DLR00012647-2009-07-02_17-25-30	0.0551697648042	13	95	1628.5	1850.5	0.0537976447417	0.44344397677	135	135
95.0	98.0	81.0	115.0	124.0	111.0	12	0.0464595876179	0.000418996863018	DLR00012647-2009-07-02_17-25-30	0.0377309848253	13	95	1771.5	1855.5	0.0372258859874	0.339282860035	135	135
95.0	97.0	81.0	117.0	127.0	114.0	13	0.0527998295061	0.000474185387052	DLR00012647-2009-07-02_17-25-30	0.0426944755478	13	95	1903.5	1850.5	0.042025133042	0.356651926048	135	135
94.0	97.0	81.0	117.0	127.0	115.0	14	0.050828493793	0.000483623434123	DLR00012647-2009-07-02_17-25-30	0.0482741595998	13	95	2044.5	1840.5	0.0474092952064	0.392082689541	135	135
94.0	97.0	80.0	114.0	123.0	110.0	15	0.0534924609729	0.00042041535273	DLR00012647-2009-07-02_17-25-30	0.0435038865433	13	95	2184.5	1850.5	0.0423884297536	0.385422771591	135	135
94.0	96.0	80.0	115.0	124.0	111.0	16	0.057062176994	0.000445623787552	DLR00012647-2009-07-02_17-25-30	0.0446195700856	13	95	2316.5	1840.5	0.0434227580608	0.374820182215	135	135
94.0	96.0	80.0	120.0	131.0	118.0	17	0.0531195055677	0.000558482956725	DLR00012647-2009-07-02_17-25-30	0.0656497803598	13	95	2455.5	1850.5	0.064263143157	0.47690340455	135	135
95.0	97.0	80.0	119.0	128.0	115.0	18	0.0677713250573	0.00051748674299	DLR00012647-2009-07-02_17-25-30	0.0619855085925	13	95	2589.5	1850.5	0.0603213454856	0.471415632159	135	135
96.0	98.0	81.0	116.0	124.0	111.0	19	0.0539719750653	0.000434707188686	DLR00012647-2009-07-02_17-25-30	0.0473117246249	13	95	2722.5	1850.5	0.0454940896048	0.406254994938	135	135
95.0	96.0	79.0	121.0	131.0	118.0	20	0.0608450103895	0.000568245687609	DLR00012647-2009-07-02_17-25-30	0.0650547695342	13	95	2861.5	1840.5	0.063878818893	0.464968831584	135	135
94.0	95.0	78.0	116.0	124.0	111.0	21	0.0421439607864	0.000481409522401	DLR00012647-2009-07-02_17-25-30	0.0517227532984	13	95	3007.5	1850.5	0.0501922716151	0.408759124088	135	135
92.0	92.0	77.0	114.0	120.0	107.0	22	0.0516809632905	0.000461080212938	DLR00012647-2009-07-02_17-25-30	0.0491506887174	13	95	3133.5	1850.5	0.0477776455479	0.402312323512	135	135
89.0	89.0	74.0	109.0	115.0	104.0	23	0.069795940114	0.000455202789319	DLR00012647-2009-07-02_17-25-30	0.0567771083531	13	95	3273.5	1850.5	0.0552544265646	0.462038467686	135	135
86.0	87.0	73.0	104.0	110.0	98.0	24	0.0409185358836	0.000421712463009	DLR00012647-2009-07-02_17-25-30	0.049870101193	13	95	3405.5	1842.5	0.0500283942298	0.439234908626	135	135
95.0	95.0	82.0	114.0	119.0	107.0	1	0.0371889818317	0.000396721194504	DLR00012647-2009-07-02_17-25-30	0.0411772526709	14	95	270.5	1992.5	0.040926314163	0.403857424477	135	135
95.0	96.0	81.0	125.0	134.0	123.0	2	0.0749107570995	0.000615281511204	DLR00012647-2009-07-02_17-25-30	0.0750306858716	14	95	412.5	1986.5	0.0743378536713	0.515157973254	135	135
97.0	98.0	82.0	117.0	122.0	110.0	3	0.0672918109649	0.000397643887607	DLR00012647-2009-07-02_17-25-30	0.0415164369153	14	95	541.5	1986.5	0.0402907457873	0.37918908839	135	135
98.0	99.0	83.0	129.0	139.0	128.0	4	0.0612712451383	0.000625643095125	DLR00012647-2009-07-02_17-25-30	0.0752892838547	14	95	676.5	1986.5	0.0743759787541	0.50444882519	135	135
99.0	100.0	84.0	122.0	129.0	116.0	5	0.0676114870265	0.000456715964761	DLR00012647-2009-07-02_17-25-30	0.0505907421095	14	95	814.5	1986.5	0.049312033673	0.421919121956	135	135
98.0	100.0	83.0	131.0	143.0	131.0	6	0.064627843785	0.000669185197349	DLR00012647-2009-07-02_17-25-30	0.0825316239757	14	95	948.5	1981.5	0.0815970979754	0.534072140231	135	135
98.0	100.0	83.0	120.0	129.0	115.0	7	0.0574884117428	0.000448492720702	DLR00012647-2009-07-02_17-25-30	0.0437407364834	14	95	1091.5	1986.5	0.042576413228	0.371943097661	135	135
98.0	99.0	83.0	128.0	140.0	127.0	8	0.0615376418563	0.000638447943251	DLR00012647-2009-07-02_17-25-30	0.0798411191767	14	95	1215.5	1986.5	0.078685770129	0.518194895839	135	135
97.0	99.0	83.0	124.0	135.0	123.0	9	0.0890830624967	0.000582463916752	DLR00012647-2009-07-02_17-25-30	0.0762426249883	14	95	1359.5	1986.5	0.0744951124177	0.538227929032	135	135
96.0	98.0	82.0	123.0	134.0	122.0	10	0.050562097075	0.000575613685836	DLR00012647-2009-07-02_17-25-30	0.064193792261	14	95	1495.5	1986.5	0.0626926559663	0.448239117694	135	135
95.0	97.0	81.0	123.0	135.0	122.0	11	0.090628163461	0.000588951648212	DLR00012647-2009-07-02_17-25-30	0.0739561775427	14	95	1637.5	1986.5	0.0728922006449	0.513133358197	135	135
94.0	97.0	81.0	121.0	132.0	119.0	12	0.0580744845224	0.000551862263094	DLR00012647-2009-07-02_17-25-30	0.0593827267478	14	95	1771.5	1976.5	0.0587448669644	0.435238957856	135	135
94.0	97.0	80.0	118.0	128.0	116.0	13	0.071927113858	0.000508959486324	DLR00012647-2009-07-02_17-25-30	0.0638865708091	14	95	1904.5	1982.5	0.0631149999278	0.502690606852	135	135
94.0	97.0	80.0	123.0	135.0	122.0	14	0.0769886514998	0.000623067593984	DLR00012647-2009-07-02_17-25-30	0.0748780077113	14	95	2033.5	1977.5	0.073864379532	0.496456923651	135	135
94.0	96.0	80.0	119.0	129.0	116.0	15	0.0768820928126	0.000512487414163	DLR00012647-2009-07-02_17-25-30	0.065157841269	14	95	2181.5	1979.5	0.0640245016419	0.497149555117	135	135
94.0	96.0	80.0	120.0	130.0	118.0	16	0.061963876605	0.000563579844711	DLR00012647-2009-07-02_17-25-30	0.0661912186675	14	95	2316.5	1979.5	0.0648134143567	0.447759603602	135	135
94.0	96.0	80.0	120.0	131.0	118.0	17	0.0805583675209	0.000575227432878	DLR00012647-2009-07-02_17-25-30	0.0791971569809	14	95	2448.5	1977.5	0.0779896560006	0.570834887314	135	135
94.0	96.0	79.0	127.0	140.0	128.0	18	0.0540785337525	0.000713827375725	DLR00012647-2009-07-02_17-25-30	0.0956752481303	14	95	2592.5	1986.5	0.0947301403693	0.55730193404	135	135
95.0	96.0	79.0	120.0	129.0	116.0	19	0.0852469497576	0.000543965138728	DLR00012647-2009-07-02_17-25-30	0.0746122124905	14	95	2732.5	1986.5	0.0733310563701	0.540412382119	135	135
94.0	95.0	79.0	117.0	125.0	112.0	20	0.064361447067	0.000481113146342	DLR00012647-2009-07-02_17-25-30	0.0564286647283	14	95	2865.5	1981.5	0.0550644327472	0.458415472321	135	135
93.0	94.0	79.0	118.0	126.0	113.0	21	0.0681442804625	0.000516073659667	DLR00012647-2009-07-02_17-25-30	0.0737194033318	14	95	2995.5	1982.5	0.0724129503009	0.568277478821	135	135
92.0	92.0	77.0	123.0	133.0	122.0	22	0.0585007192711	0.000700481581142	DLR00012647-2009-07-02_17-25-30	0.0944322314498	14	95	3133.5	1986.5	0.093183649348	0.593585167031	135	135
88.0	88.0	73.0	114.0	121.0	110.0	23	0.0782673557462	0.000575574033748	DLR00012647-2009-07-02_17-25-30	0.0859188083425	14	95	3273.5	1979.5	0.0854184597496	0.617614150994	135	135
85.0	86.0	72.0	89.5	91.0	79.0	24	0.00181149768235	8.9704904685e-05	DLR00012647-2009-07-02_17-25-30	-0.00420252043886	14	95	3411.5	1986.5	0.000371668202616	0.0116148969045	135	135
94.0	94.0	81.0	124.0	131.0	121.0	1	0.0387340827961	0.000616907231906	DLR00012647-2009-07-02_17-25-30	0.0819584312514	15	95	272.5	2122.5	0.0824566324228	0.576802173797	135	135
95.0	95.0	80.0	126.0	134.0	124.0	2	0.069529543396	0.000632355425107	DLR00012647-2009-07-02_17-25-30	0.086035819502	15	95	403.5	2122.5	0.085228096299	0.577015291172	135	135
97.0	97.0	81.0	121.0	128.0	116.0	3	0.0658532686877	0.000494128227294	DLR00012647-2009-07-02_17-25-30	0.0592681951908	15	95	547.5	2124.5	0.0591663058084	0.477702594704	135	135
98.0	98.0	82.0	123.0	130.0	117.0	4	0.0571154563376	0.000479398866532	DLR00012647-2009-07-02_17-25-30	0.0489468737559	15	95	670.5	2128.5	0.0489889722802	0.420746976397	135	135
98.0	99.0	82.0	122.0	128.0	115.0	5	0.076296020033	0.000456033961959	DLR00012647-2009-07-02_17-25-30	0.0485505633397	15	95	810.5	2125.5	0.0482092936476	0.417017422345	135	135
98.0	99.0	82.0	124.0	132.0	119.0	6	0.0754435505355	0.000530394563251	DLR00012647-2009-07-02_17-25-30	0.0565007214752	15	95	948.5	2122.5	0.0555901091912	0.433480739517	135	135
98.0	99.0	83.0	120.0	128.0	114.0	7	0.0725664659811	0.000454535465526	DLR00012647-2009-07-02_17-25-30	0.0501678673557	15	95	1075.5	2122.5	0.0488275913137	0.419574830838	135	135
97.0	99.0	82.0	122.0	131.0	117.0	8	0.064361447067	0.00051083708099	DLR00012647-2009-07-02_17-25-30	0.0519654020099	15	95	1221.5	2112.5	0.0509409756371	0.400820501891	135	135
97.0	98.0	81.0	120.0	128.0	115.0	9	0.0748041984123	0.00049755663536	DLR00012647-2009-07-02_17-25-30	0.0599827388926	15	95	1359.5	2122.5	0.058167164035	0.472268101657	135	135
95.0	96.0	80.0	122.0	132.0	119.0	10	0.0793329426181	0.000570755583228	DLR00012647-2009-07-02_17-25-30	0.0678427593478	15	95	1496.5	2123.5	0.0671798222773	0.486600245085	135	135
94.0	96.0	79.0	115.0	123.0	109.0	11	0.0584474399275	0.000436403004752	DLR00012647-2009-07-02_17-25-30	0.0355129069643	15	95	1636.5	2123.5	0.0352937323608	0.321860514678	135	135
94.0	96.0	79.0	117.0	125.0	111.0	12	0.0625499493846	0.000463295827219	DLR00012647-2009-07-02_17-25-30	0.0410055825	15	95	1771.5	2125.5	0.041327489838	0.353242048058	135	135
94.0	95.0	79.0	115.0	123.0	109.0	13	0.069795940114	0.000445660230593	DLR00012647-2009-07-02_17-25-30	0.0367184508833	15	95	1903.5	2122.5	0.0368980505339	0.322659704832	135	135
94.0	95.0	79.0	116.0	124.0	110.0	14	0.0799722947413	0.000464872163047	DLR00012647-2009-07-02_17-25-30	0.0532894017053	15	95	2047.5	2122.5	0.0518215458273	0.430497096276	135	135
94.0	95.0	79.0	113.0	121.0	107.0	15	0.0525334327881	0.000425765829541	DLR00012647-2009-07-02_17-25-30	0.0457378902267	15	95	2178.5	2122.5	0.044195926574	0.393894187224	135	135
94.0	95.0	79.0	114.0	121.0	108.0	16	0.0665459001545	0.000438195588834	DLR00012647-2009-07-02_17-25-30	0.0549467931147	15	95	2316.5	2122.5	0.0535002139656	0.461718791624	135	135
94.0	95.0	79.0	115.0	122.0	108.0	17	0.0629229047898	0.000436931614898	DLR00012647-2009-07-02_17-25-30	0.0521213754913	15	95	2453.5	2122.5	0.0508665097252	0.449890777346	135	135
94.0	95.0	78.0	121.0	130.0	116.5	18	0.0584474399275	0.000562895887373	DLR00012647-2009-07-02_17-25-30	0.0552023424354	15	95	2590.5	2122.5	0.0552652785728	0.40598859822	135	135
94.0	95.0	79.0	115.0	121.0	108.0	19	0.0734189354787	0.000437178027403	DLR00012647-2009-07-02_17-25-30	0.0504318826662	15	95	2734.5	2116.5	0.0497297618678	0.438808673877	135	135
94.0	94.0	78.0	114.0	119.0	105.0	20	0.041398049976	0.00039575766733	DLR00012647-2009-07-02_17-25-30	0.0342581694702	15	95	2866.5	2122.5	0.0335617789178	0.324631040546	135	135
94.0	93.0	78.0	113.0	118.0	104.0	21	0.049762906921	0.000393926972794	DLR00012647-2009-07-02_17-25-30	0.0421771756612	15	95	3006.5	2122.5	0.0419549903666	0.398209814055	135	135
92.0	92.0	77.0	112.0	117.0	104.0	22	0.0634556982258	0.000421577216206	DLR00012647-2009-07-02_17-25-30	0.0492706106546	15	95	3133.5	2122.5	0.0481987772143	0.439128349939	135	135
90.0	90.0	75.0	106.0	110.0	98.0	23	0.0911076775534	0.000375837325423	DLR00012647-2009-07-02_17-25-30	0.0562993130361	15	95	3268.5	2130.5	0.0546327413645	0.517129308967	135	135
88.0	88.0	76.0	107.0	112.0	101.0	24	0.0339922212158	0.000438490095886	DLR00012647-2009-07-02_17-25-30	0.0490278639962	15	95	3414.5	2122.5	0.0495326024225	0.446374340668	135	135
111.0	114.0	106.0	125.0	131.0	122.0	1	0.0249347328041	0.000273450750388	DLR00012647-2009-07-02_17-25-30	0.0179036185338	16	95	267.5	2300.5	0.0283111010973	0.369279130481	135	135
115.0	119.0	110.0	138.0	147.0	139.0	2	0.0233896318397	0.000428256983605	DLR00012647-2009-07-02_17-25-30	0.0370013855434	16	95	403.5	2300.5	0.0467588431207	0.413287868293	135	135
110.0	115.0	106.0	171.5	191.0	189.0	3	0.0175289040439	0.00022601600321	DLR00012647-2009-07-02_17-25-30	-0.00900423788433	16	95	541.5	2300.5	0.00493004601672	0.0876977995631	135	135
113.0	117.0	107.0	174.0	193.0	191.0	4	0.0212584580958	0.000224076482526	DLR00012647-2009-07-02_17-25-30	-0.00872345681141	16	95	676.5	2300.5	0.00472824319904	0.0856731845064	135	135
112.0	116.0	106.0	162.0	181.0	179.0	5	0.0258937609889	0.000200951810902	DLR00012647-2009-07-02_17-25-30	-0.00649432869881	16	95	813.5	2300.5	0.00515662847246	0.099525813842	135	135
117.0	121.0	110.0	138.0	147.0	137.0	6	0.0381480100165	0.000389418962294	DLR00012647-2009-07-02_17-25-30	0.0360427646711	16	95	948.5	2300.5	0.0423008227788	0.396824551122	135	135
117.0	122.0	110.0	135.0	144.0	133.0	7	0.0410250945708	0.000326858673756	DLR00012647-2009-07-02_17-25-30	0.0317805156238	16	95	1080.5	2300.5	0.0374208528525	0.406148436251	135	135
118.0	123.0	112.0	140.0	151.0	141.0	8	0.0354840428366	0.000447461438346	DLR00012647-2009-07-02_17-25-30	0.0405721775714	16	95	1224.5	2300.5	0.0479186349439	0.426181469444	135	135
117.0	122.0	111.0	132.0	141.0	129.0	9	0.0331397517183	0.0003409628359	DLR00012647-2009-07-02_17-25-30	0.0320337168815	16	95	1350.5	2300.5	0.0393948562875	0.426607704193	135	135
108.0	114.0	102.0	165.0	188.0	185.0	10	0.0192338430391	0.000220330033361	DLR00012647-2009-07-02_17-25-30	-0.00743230353933	16	95	1495.5	2300.5	0.00482817949041	0.0844477596036	135	135
107.0	112.0	101.0	166.0	188.0	185.0	11	0.0195535191006	0.000229425296629	DLR00012647-2009-07-02_17-25-30	-0.00715104951996	16	95	1624.5	2300.5	0.00507556650591	0.0847141563216	135	135
108.0	113.0	100.0	169.0	191.0	188.0	12	0.021365016783	0.00022853847636	DLR00012647-2009-07-02_17-25-30	-0.00635798493335	16	95	1771.5	2300.5	0.00540284899541	0.0965421706005	135	135
107.0	112.0	98.0	170.0	190.0	187.0	13	0.0202461505674	0.000178466429808	DLR00012647-2009-07-02_17-25-30	-0.00597890466202	16	95	1903.5	2300.5	0.00607397288026	0.123981032554	135	135
114.0	120.0	107.0	133.0	144.0	133.0	14	0.0354840428366	0.000442981660885	DLR00012647-2009-07-02_17-25-30	0.0391664799244	16	95	2041.5	2300.5	0.0477961110902	0.418189567905	135	135
115.0	121.0	110.0	131.0	141.0	129.0	15	0.0395332729501	0.000411269504831	DLR00012647-2009-07-02_17-25-30	0.0418937768048	16	95	2171.5	2300.5	0.049544745985	0.465981139112	135	135
115.0	120.0	109.0	134.0	143.0	132.0	16	0.0361766743034	0.000447829404809	DLR00012647-2009-07-02_17-25-30	0.0399057635812	16	95	2323.5	2300.5	0.0482706724177	0.413341147637	135	135
117.0	123.0	110.0	131.0	141.0	130.0	17	0.0370291438009	0.000405370708041	DLR00012647-2009-07-02_17-25-30	0.0422230982891	16	95	2453.5	2300.5	0.049714428114	0.47290745378	135	135
108.0	111.0	98.0	169.0	192.0	189.0	18	0.0169961106079	0.000246467910032	DLR00012647-2009-07-02_17-25-30	-0.00582994940376	16	95	2590.5	2300.5	0.00559275788265	0.0987799030316	135	135
108.0	111.0	98.0	168.0	189.0	187.0	19	0.0149714955512	0.000246418687476	DLR00012647-2009-07-02_17-25-30	-0.00604295633484	16	95	2726.5	2300.5	0.00493761092705	0.0862059779424	135	135
108.0	111.0	99.0	166.0	186.0	184.0	20	0.0185944909159	0.000234431001648	DLR00012647-2009-07-02_17-25-30	-0.00565109631564	16	95	2861.5	2300.5	0.00537635365754	0.09712824338	135	135
109.0	112.0	100.0	167.0	189.0	187.0	21	0.0285577281688	0.000208282549485	DLR00012647-2009-07-02_17-25-30	-0.00680205717007	16	95	2998.5	2300.5	0.00588674345085	0.106505407853	135	135
113.0	117.0	108.0	131.0	140.0	130.0	22	0.0320208855027	0.000413319478298	DLR00012647-2009-07-02_17-25-30	0.0279259808486	16	95	3123.5	2300.5	0.0376626462456	0.35238957856	135	135
113.0	118.0	109.0	131.0	140.0	131.0	23	0.0258404816453	0.000469343062148	DLR00012647-2009-07-02_17-25-30	0.0399808414959	16	95	3279.5	2300.5	0.0499705257106	0.425595396665	135	135
109.0	113.0	105.0	122.0	130.0	121.0	24	0.0222707656242	0.000323988066146	DLR00012647-2009-07-02_17-25-30	0.0204948950176	16	95	3411.5	2300.5	0.0315128927334	0.363684799403	135	135
