DLR00012647-2009-07-02_08-57-51	1	1	141	119	46	1130	95.2339536497	8526	5	110	115	110	80	91	91	42	68	68
DLR00012647-2009-07-02_08-57-51	1	2	200	106	664	10170	95.2339536497	15126	7	97	107	106	83	95	95	88	68	68
DLR00012647-2009-07-02_08-57-51	1	3	266	101	702	11674	95.2339536497	15702	7	102	113	111	87	99	100	180	68	68
DLR00012647-2009-07-02_08-57-51	1	4	333	105	602	10090	95.2339536497	14455	5	100	112	111	87	100	101	166	68	68
DLR00012647-2009-07-02_08-57-51	1	5	412	116	614	11657	95.2339536497	14684	0	103	116	114	83	98	100	194	68	68
DLR00012647-2009-07-02_08-57-51	1	6	475	116	4	37	95.2339536497	7420	1	92	106	106	81	98	99	0	68	68
DLR00012647-2009-07-02_08-57-51	1	7	551	118	286	4936	95.2339536497	9172	2	99	114	113	82	99	100	73	68	68
DLR00012647-2009-07-02_08-57-51	1	8	610	105	516	7280	95.2339536497	12432	2	100	114	112	86	102	102	73	68	68
DLR00012647-2009-07-02_08-57-51	1	9	679	99	596	9218	95.2339536497	13942	9	100	115	112	89	104	104	126	68	68
DLR00012647-2009-07-02_08-57-51	1	10	750	105	610	9184	95.2339536497	13409	3	101	115	112	85	101	101	109	68	68
DLR00012647-2009-07-02_08-57-51	1	11	838	111	5	66	95.2339536497	7137	3	92	106	106	82	98	99	4	68	68
DLR00012647-2009-07-02_08-57-51	1	12	884	107	0	0	95.2339536497	7287	0				84	100	100	0	68	68
DLR00012647-2009-07-02_08-57-51	1	13	953	105	733	11571	95.2339536497	15637	2	101	116	113	86	102	101	132	68	68
DLR00012647-2009-07-02_08-57-51	1	14	1022	105	736	11035	95.2339536497	15554	6	101	115	112	85	101	100	112	68	68
DLR00012647-2009-07-02_08-57-51	1	15	1097	117	522	9499	95.2339536497	12756	6	99	114	112	82	98	99	127	68	68
DLR00012647-2009-07-02_08-57-51	1	16	1159	102	715	10725	95.2339536497	15091	4	102	115	113	87	102	102	118	68	68
DLR00012647-2009-07-02_08-57-51	1	17	1229	114	146	2051	95.2339536497	11057	2	93	108	107	81	98	99	45	68	68
DLR00012647-2009-07-02_08-57-51	1	18	1280	111	31	316	95.2339536497	8408	5	91	106	105	82	98	99	5	68	68
DLR00012647-2009-07-02_08-57-51	1	19	1364	107	7	64	95.2339536497	7690	0	89	105	104	83	98	99	0	68	68
DLR00012647-2009-07-02_08-57-51	1	20	1429	95	693	11205	95.2339536497	14957	2	100	112	111	88	102	102	143	68	68
DLR00012647-2009-07-02_08-57-51	1	21	1496	101	900	16636	95.2339536497	19830	4	98	111	109	85	98	98	183	68	68
DLR00012647-2009-07-02_08-57-51	1	22	1564	97	735	13133	95.2339536497	17083	6	96	108	106	84	95	95	133	68	68
DLR00012647-2009-07-02_08-57-51	1	23	1643	104	670	11113	95.2339536497	15384	2	92	103	101	79	90	90	64	68	68
DLR00012647-2009-07-02_08-57-51	1	24	1691	105	122	2754	95.2339536497	9623	6	108	113	106	79	89	89	30	68	68
DLR00012647-2009-07-02_08-57-51	2	1	130	178	549	9919	95.2339536497	13909	0	91	103	102	76	89	90	72	68	68
DLR00012647-2009-07-02_08-57-51	2	2	200	176	709	14509	95.2339536497	16504	0	94	107	106	77	91	92	279	68	68
DLR00012647-2009-07-02_08-57-51	2	3	267	177	543	11885	95.2339536497	14370	0	99	112	111	78	93	95	321	68	68
DLR00012647-2009-07-02_08-57-51	2	4	335	175	775	16372	95.2339536497	17874	2	99	113	112	80	95	97	353	68	68
DLR00012647-2009-07-02_08-57-51	2	5	399	175	670	13600	95.2339536497	15734	0	99	113	112	80	96	97	284	68	68
DLR00012647-2009-07-02_08-57-51	2	6	472	175	661	13136	95.2339536497	15418	0	98	113	112	80	96	97	295	68	68
DLR00012647-2009-07-02_08-57-51	2	7	539	176	634	13395	95.2339536497	15604	0	99	115	113	80	97	97	316	68	68
DLR00012647-2009-07-02_08-57-51	2	8	606	174	644	13246	95.2339536497	15199	0	98	114	112	79	97	97	293	68	68
DLR00012647-2009-07-02_08-57-51	2	9	674	171	569	11074	95.2339536497	13909	0	97	113	110	79	96	96	213	68	68
DLR00012647-2009-07-02_08-57-51	2	10	745	172	793	17370	95.2339536497	18573	0	99	115	112	79	96	96	338	68	68
DLR00012647-2009-07-02_08-57-51	2	11	813	173	623	12234	95.2339536497	14122	0	96	112	110	78	96	96	238	68	68
DLR00012647-2009-07-02_08-57-51	2	12	880	174	866	19280	95.2339536497	20342	0	99	115	111	78	96	96	374	68	68
DLR00012647-2009-07-02_08-57-51	2	13	950	169	650	12773	95.2339536497	14749	0	96	113	110	79	96	96	258	68	68
DLR00012647-2009-07-02_08-57-51	2	14	1019	172	974	22046	95.2339536497	23107	0	99	115	111	79	96	96	306	68	68
DLR00012647-2009-07-02_08-57-51	2	15	1085	171	603	12205	95.2339536497	14635	0	96	113	110	78	95	96	235	68	68
DLR00012647-2009-07-02_08-57-51	2	16	1155	170	778	15927	95.2339536497	17401	0	97	113	110	79	96	96	262	68	68
DLR00012647-2009-07-02_08-57-51	2	17	1222	169	687	14692	95.2339536497	16164	0	98	114	112	79	96	96	296	68	68
DLR00012647-2009-07-02_08-57-51	2	18	1290	167	683	15621	95.2339536497	17764	0	99	115	112	78	95	96	306	68	68
DLR00012647-2009-07-02_08-57-51	2	19	1357	169	634	12960	95.2339536497	15010	0	97	112	111	78	95	96	280	68	68
DLR00012647-2009-07-02_08-57-51	2	20	1425	168	771	16768	95.2339536497	18508	0	98	112	111	78	94	96	307	68	68
DLR00012647-2009-07-02_08-57-51	2	21	1492	168	788	17724	95.2339536497	19264	0	97	111	110	77	93	94	395	68	68
DLR00012647-2009-07-02_08-57-51	2	22	1562	169	903	20512	95.2339536497	21619	0	93	107	106	74	89	91	384	68	68
DLR00012647-2009-07-02_08-57-51	2	23	1631	170	963	23969	95.2339536497	24756	0	93	105	104	73	86	88	432	68	68
DLR00012647-2009-07-02_08-57-51	2	24	1701	169	771	15290	95.2339536497	18698	2	88	100	99	73	85	86	84	68	68
DLR00012647-2009-07-02_08-57-51	3	1	133	243	613	12560	95.2339536497	15757	0	93	105	104	76	89	90	163	68	68
DLR00012647-2009-07-02_08-57-51	3	2	198	243	565	12891	95.2339536497	15361	0	97	110	108	77	91	92	367	68	68
DLR00012647-2009-07-02_08-57-51	3	3	269	240	442	9450	95.2339536497	12620	1	98	111	110	78	93	94	271	68	68
DLR00012647-2009-07-02_08-57-51	3	4	335	240	393	8150	95.2339536497	12041	0	98	112	111	79	95	96	204	68	68
DLR00012647-2009-07-02_08-57-51	3	5	405	246	497	11106	95.2339536497	14188	0	101	115	113	80	96	97	321	68	68
DLR00012647-2009-07-02_08-57-51	3	6	472	245	496	10172	95.2339536497	13359	0	99	114	111	79	96	96	280	68	68
DLR00012647-2009-07-02_08-57-51	3	7	541	244	460	9567	95.2339536497	12586	0	99	114	112	79	96	96	286	68	68
DLR00012647-2009-07-02_08-57-51	3	8	609	242	402	8125	95.2339536497	11633	0	98	114	111	79	96	96	229	68	68
DLR00012647-2009-07-02_08-57-51	3	9	677	241	377	8285	95.2339536497	11960	0	99	115	111	78	96	95	273	68	68
DLR00012647-2009-07-02_08-57-51	3	10	744	238	369	7822	95.2339536497	11400	0	98	114	110	78	95	95	197	68	68
DLR00012647-2009-07-02_08-57-51	3	11	816	242	442	8721	95.2339536497	12010	2	96	112	109	78	95	95	193	68	68
DLR00012647-2009-07-02_08-57-51	3	12	881	237	504	11569	95.2339536497	14433	0	100	116	112	78	96	95	268	68	68
DLR00012647-2009-07-02_08-57-51	3	13	949	237	478	10984	95.2339536497	14608	0	100	116	111	78	96	95	211	68	68
DLR00012647-2009-07-02_08-57-51	3	14	1017	239	415	8471	95.2339536497	12017	0	96	112	109	77	95	95	228	68	68
DLR00012647-2009-07-02_08-57-51	3	15	1087	238	458	10539	95.2339536497	13708	1	99	115	111	77	95	95	279	68	68
DLR00012647-2009-07-02_08-57-51	3	16	1156	238	430	9003	95.2339536497	12619	0	97	113	110	78	95	95	220	68	68
DLR00012647-2009-07-02_08-57-51	3	17	1224	240	371	8504	95.2339536497	12231	0	98	114	111	77	94	94	224	68	68
DLR00012647-2009-07-02_08-57-51	3	18	1295	239	504	10878	95.2339536497	13787	0	97	112	109	77	93	94	309	68	68
DLR00012647-2009-07-02_08-57-51	3	19	1364	240	608	13566	95.2339536497	15443	0	97	113	110	77	94	95	382	68	68
DLR00012647-2009-07-02_08-57-51	3	20	1426	239	516	11114	95.2339536497	14078	0	96	111	110	76	93	94	291	68	68
DLR00012647-2009-07-02_08-57-51	3	21	1500	237	451	9660	95.2339536497	13067	0	95	109	109	75	91	93	242	68	68
DLR00012647-2009-07-02_08-57-51	3	22	1565	238	476	10969	95.2339536497	13837	0	94	108	107	74	89	91	313	68	68
DLR00012647-2009-07-02_08-57-51	3	23	1633	240	594	14003	95.2339536497	16774	0	91	104	103	72	86	88	311	68	68
DLR00012647-2009-07-02_08-57-51	3	24	1702	237	541	11787	95.2339536497	15531	2	88	100	99	71	84	85	163	68	68
DLR00012647-2009-07-02_08-57-51	4	1	133	313	637	13171	95.2339536497	16001	0	95	106	105	77	90	91	244	68	68
DLR00012647-2009-07-02_08-57-51	4	2	199	311	761	17753	95.2339536497	19554	0	99	111	109	78	92	93	320	68	68
DLR00012647-2009-07-02_08-57-51	4	3	267	310	652	14169	95.2339536497	15856	0	99	112	111	79	94	95	384	68	68
DLR00012647-2009-07-02_08-57-51	4	4	336	310	746	16556	95.2339536497	18632	0	100	114	112	79	95	96	325	68	68
DLR00012647-2009-07-02_08-57-51	4	5	400	314	477	9648	95.2339536497	13203	0	98	113	111	79	96	97	216	68	68
DLR00012647-2009-07-02_08-57-51	4	6	468	312	853	19633	95.2339536497	20843	0	101	116	113	80	97	97	398	68	68
DLR00012647-2009-07-02_08-57-51	4	7	538	311	623	13063	95.2339536497	15052	0	99	115	111	79	97	97	300	68	68
DLR00012647-2009-07-02_08-57-51	4	8	607	311	693	15387	95.2339536497	17435	0	101	116	112	80	97	96	311	68	68
DLR00012647-2009-07-02_08-57-51	4	9	674	306	513	10033	95.2339536497	12519	0	97	113	110	79	96	95	217	68	68
DLR00012647-2009-07-02_08-57-51	4	10	745	311	772	18365	95.2339536497	19800	0	102	116	112	80	96	96	363	68	68
DLR00012647-2009-07-02_08-57-51	4	11	814	303	571	11693	95.2339536497	14119	0	97	113	109	79	95	95	231	68	68
DLR00012647-2009-07-02_08-57-51	4	12	881	308	675	14492	95.2339536497	16384	0	98	114	110	79	96	95	251	68	68
DLR00012647-2009-07-02_08-57-51	4	13	948	311	629	12544	95.2339536497	14946	1	97	112	109	79	96	95	196	68	68
DLR00012647-2009-07-02_08-57-51	4	14	1019	309	770	17995	95.2339536497	19719	0	100	115	111	78	95	95	307	68	68
DLR00012647-2009-07-02_08-57-51	4	15	1085	305	730	15628	95.2339536497	17039	2	98	113	110	78	95	95	344	68	68
DLR00012647-2009-07-02_08-57-51	4	16	1156	305	637	13175	95.2339536497	15347	0	97	112	109	78	95	95	204	68	68
DLR00012647-2009-07-02_08-57-51	4	17	1225	307	734	15427	95.2339536497	16919	0	97	112	109	78	95	95	290	68	68
DLR00012647-2009-07-02_08-57-51	4	18	1293	308	771	17448	95.2339536497	18762	0	98	114	110	78	95	95	341	68	68
DLR00012647-2009-07-02_08-57-51	4	19	1361	307	854	18658	95.2339536497	19499	0	97	112	110	77	94	95	345	68	68
DLR00012647-2009-07-02_08-57-51	4	20	1430	307	979	23107	95.2339536497	24102	1	98	113	110	77	94	95	376	68	68
DLR00012647-2009-07-02_08-57-51	4	21	1495	303	903	21118	95.2339536497	21956	0	97	112	110	77	93	94	432	68	68
DLR00012647-2009-07-02_08-57-51	4	22	1562	302	864	21825	95.2339536497	23015	0	97	111	109	75	91	93	425	68	68
DLR00012647-2009-07-02_08-57-51	4	23	1631	305	951	23383	95.2339536497	23843	0	93	106	104	72	87	89	501	68	68
DLR00012647-2009-07-02_08-57-51	4	24	1698	306	1009	25203	95.2339536497	26864	0	91	103	101	71	85	86	307	68	68
DLR00012647-2009-07-02_08-57-51	5	1	131	382	502	10005	95.2339536497	13765	0	93	105	105	77	90	92	156	68	68
DLR00012647-2009-07-02_08-57-51	5	2	201	380	585	12879	95.2339536497	15503	0	98	110	109	77	92	93	320	68	68
DLR00012647-2009-07-02_08-57-51	5	3	270	378	486	11071	95.2339536497	14211	0	99	113	111	78	93	95	275	68	68
DLR00012647-2009-07-02_08-57-51	5	4	335	379	395	8184	95.2339536497	12072	0	98	112	111	79	95	96	200	68	68
DLR00012647-2009-07-02_08-57-51	5	5	408	379	441	8656	95.2339536497	12372	2	97	113	111	79	95	97	179	68	68
DLR00012647-2009-07-02_08-57-51	5	6	473	378	422	8064	95.2339536497	11491	0	97	112	111	79	96	97	184	68	68
DLR00012647-2009-07-02_08-57-51	5	7	544	377	546	11192	95.2339536497	13878	0	98	114	111	79	96	96	284	68	68
DLR00012647-2009-07-02_08-57-51	5	8	609	378	469	9721	95.2339536497	12835	0	98	114	111	79	96	96	263	68	68
DLR00012647-2009-07-02_08-57-51	5	9	680	379	322	6587	95.2339536497	11212	0	99	113	110	79	96	95	115	68	68
DLR00012647-2009-07-02_08-57-51	5	10	746	374	426	8421	95.2339536497	11936	1	97	112	109	79	95	95	181	68	68
DLR00012647-2009-07-02_08-57-51	5	11	815	374	436	8473	95.2339536497	11848	0	96	111	108	78	94	94	184	68	68
DLR00012647-2009-07-02_08-57-51	5	12	885	374	404	8561	95.2339536497	11973	0	98	113	109	78	94	94	180	68	68
DLR00012647-2009-07-02_08-57-51	5	13	952	375	450	9117	95.2339536497	12326	1	96	112	109	78	95	94	186	68	68
DLR00012647-2009-07-02_08-57-51	5	14	1017	376	396	7715	95.2339536497	11291	0	96	111	108	77	94	94	141	68	68
DLR00012647-2009-07-02_08-57-51	5	15	1087	379	476	9629	95.2339536497	12574	1	96	111	108	77	94	94	215	68	68
DLR00012647-2009-07-02_08-57-51	5	16	1157	379	489	9896	95.2339536497	12930	1	96	112	109	78	94	94	218	68	68
DLR00012647-2009-07-02_08-57-51	5	17	1228	379	573	12987	95.2339536497	15232	0	99	114	111	78	95	95	304	68	68
DLR00012647-2009-07-02_08-57-51	5	18	1298	378	654	13084	95.2339536497	15529	0	96	111	109	77	95	95	268	68	68
DLR00012647-2009-07-02_08-57-51	5	19	1365	379	588	13712	95.2339536497	15930	0	99	114	112	77	94	95	350	68	68
DLR00012647-2009-07-02_08-57-51	5	20	1429	374	731	16384	95.2339536497	18547	0	97	112	110	77	94	95	297	68	68
DLR00012647-2009-07-02_08-57-51	5	21	1501	375	472	10155	95.2339536497	13585	0	94	109	108	75	92	94	192	68	68
DLR00012647-2009-07-02_08-57-51	5	22	1565	378	626	15016	95.2339536497	17467	3	95	109	107	73	90	92	308	68	68
DLR00012647-2009-07-02_08-57-51	5	23	1634	376	506	11179	95.2339536497	14471	0	90	104	103	71	86	89	207	68	68
DLR00012647-2009-07-02_08-57-51	5	24	1698	377	645	15488	95.2339536497	18730	0	89	102	101	70	85	86	260	68	68
DLR00012647-2009-07-02_08-57-51	6	1	129	446	4	52	95.2339536497	7263	0	87	100	101	75	89	91	0	68	68
DLR00012647-2009-07-02_08-57-51	6	2	203	446	974	23684	95.2339536497	24745	0	100	113	111	78	93	94	390	68	68
DLR00012647-2009-07-02_08-57-51	6	3	266	452	696	14986	95.2339536497	16964	0	98	112	110	79	94	96	331	68	68
DLR00012647-2009-07-02_08-57-51	6	4	334	448	713	15713	95.2339536497	18064	0	100	114	112	79	96	97	293	68	68
DLR00012647-2009-07-02_08-57-51	6	5	405	451	632	13742	95.2339536497	15895	0	100	115	113	80	97	98	333	68	68
DLR00012647-2009-07-02_08-57-51	6	6	472	432	30	449	95.2339536497	7759	5	93	108	108	78	95	96	0	68	68
DLR00012647-2009-07-02_08-57-51	6	7	539	448	606	12878	95.2339536497	15340	0	99	114	111	79	96	96	288	68	68
DLR00012647-2009-07-02_08-57-51	6	8	610	447	640	14948	95.2339536497	17143	0	101	116	112	80	96	96	308	68	68
DLR00012647-2009-07-02_08-57-51	6	9	672	443	548	10687	95.2339536497	13233	2	97	113	109	79	96	95	179	68	68
DLR00012647-2009-07-02_08-57-51	6	10	746	446	484	9217	95.2339536497	12079	0	97	112	108	79	95	95	108	68	68
DLR00012647-2009-07-02_08-57-51	6	11	815	442	7	82	95.2339536497	6709	2	88	103	102	77	93	93	0	68	68
DLR00012647-2009-07-02_08-57-51	6	12	875	447	13	181	95.2339536497	5802	0	92	104	99	77	93	93	3	68	68
DLR00012647-2009-07-02_08-57-51	6	13	952	445	571	11965	95.2339536497	14039	2	97	112	109	78	94	94	262	68	68
DLR00012647-2009-07-02_08-57-51	6	14	1021	444	708	15518	95.2339536497	17259	0	98	113	109	78	95	94	259	68	68
DLR00012647-2009-07-02_08-57-51	6	15	1083	445	824	18375	95.2339536497	19054	0	98	113	110	78	95	94	396	68	68
DLR00012647-2009-07-02_08-57-51	6	16	1155	443	718	15884	95.2339536497	17656	0	98	113	110	78	95	94	291	68	68
DLR00012647-2009-07-02_08-57-51	6	17	1257	441	90	4200	95.2339536497	10688	2	125	135	131	76	93	94	98	68	68
DLR00012647-2009-07-02_08-57-51	6	18	1299	444	2	23	95.2339536497	7239	0	86	102	103	75	93	94	0	68	68
DLR00012647-2009-07-02_08-57-51	6	19	1364	446	3	35	95.2339536497	6756	0	83	103	103	74	92	94	0	68	68
DLR00012647-2009-07-02_08-57-51	6	20	1428	443	718	17337	95.2339536497	19416	0	98	113	111	76	94	95	316	68	68
DLR00012647-2009-07-02_08-57-51	6	21	1494	442	765	17241	95.2339536497	18915	0	95	111	109	75	92	94	288	68	68
DLR00012647-2009-07-02_08-57-51	6	22	1565	442	854	20786	95.2339536497	22183	0	95	109	108	74	90	93	347	68	68
DLR00012647-2009-07-02_08-57-51	6	23	1631	443	840	20254	95.2339536497	21462	2	92	106	104	72	88	89	363	68	68
DLR00012647-2009-07-02_08-57-51	6	24	1707	446	6	74	95.2339536497	8584	0	81	95	94	69	83	85	0	68	68
DLR00012647-2009-07-02_08-57-51	7	1	135	519	620	13536	95.2339536497	16588	1	96	109	108	77	91	93	243	68	68
DLR00012647-2009-07-02_08-57-51	7	2	202	521	567	12155	95.2339536497	14811	0	97	111	110	77	93	95	295	68	68
DLR00012647-2009-07-02_08-57-51	7	3	273	516	557	12237	95.2339536497	14675	0	99	113	112	78	94	96	322	68	68
DLR00012647-2009-07-02_08-57-51	7	4	339	514	549	11586	95.2339536497	14502	0	99	114	112	79	96	97	296	68	68
DLR00012647-2009-07-02_08-57-51	7	5	404	519	499	10835	95.2339536497	13567	0	100	115	113	79	96	97	285	68	68
DLR00012647-2009-07-02_08-57-51	7	6	471	514	501	11169	95.2339536497	14035	0	100	116	113	79	96	97	276	68	68
DLR00012647-2009-07-02_08-57-51	7	7	541	515	378	7572	95.2339536497	11610	0	97	113	110	78	96	96	171	68	68
DLR00012647-2009-07-02_08-57-51	7	8	612	516	492	10974	95.2339536497	13780	3	100	115	111	79	95	95	270	68	68
DLR00012647-2009-07-02_08-57-51	7	9	678	514	468	9741	95.2339536497	12758	0	98	113	110	78	95	95	237	68	68
DLR00012647-2009-07-02_08-57-51	7	10	744	516	383	7837	95.2339536497	11416	1	98	113	109	79	95	94	142	68	68
DLR00012647-2009-07-02_08-57-51	7	11	817	515	376	7864	95.2339536497	11407	0	97	112	109	78	94	94	176	68	68
DLR00012647-2009-07-02_08-57-51	7	12	883	512	423	8856	95.2339536497	11951	0	97	112	108	78	94	93	214	68	68
DLR00012647-2009-07-02_08-57-51	7	13	949	511	301	5721	95.2339536497	9916	1	95	110	107	77	93	93	141	68	68
DLR00012647-2009-07-02_08-57-51	7	14	1017	513	345	6706	95.2339536497	10842	1	95	110	107	77	93	93	161	68	68
DLR00012647-2009-07-02_08-57-51	7	15	1089	512	382	8011	95.2339536497	11847	0	97	112	108	78	94	94	170	68	68
DLR00012647-2009-07-02_08-57-51	7	16	1148	506	399	8010	95.2339536497	12138	2	96	111	108	78	94	94	92	68	68
DLR00012647-2009-07-02_08-57-51	7	17	1224	514	461	9233	95.2339536497	12871	0	95	111	108	77	94	94	163	68	68
DLR00012647-2009-07-02_08-57-51	7	18	1291	511	446	9366	95.2339536497	13047	0	95	111	108	76	93	93	182	68	68
DLR00012647-2009-07-02_08-57-51	7	19	1364	518	367	7601	95.2339536497	11937	0	94	110	108	75	93	94	132	68	68
DLR00012647-2009-07-02_08-57-51	7	20	1429	512	485	10092	95.2339536497	13613	0	93	110	108	75	92	94	180	68	68
DLR00012647-2009-07-02_08-57-51	7	21	1497	513	691	15818	95.2339536497	17815	1	95	110	109	74	92	94	301	68	68
DLR00012647-2009-07-02_08-57-51	7	22	1565	510	596	13295	95.2339536497	15676	1	92	107	106	72	89	92	306	68	68
DLR00012647-2009-07-02_08-57-51	7	23	1634	512	504	12053	95.2339536497	15286	0	90	105	104	70	86	88	298	68	68
DLR00012647-2009-07-02_08-57-51	7	24	1705	512	0	0	95.2339536497	7908	0				68	83	84	0	68	68
DLR00012647-2009-07-02_08-57-51	8	1	137	586	593	12409	95.2339536497	15571	0	95	109	108	77	92	94	215	68	68
DLR00012647-2009-07-02_08-57-51	8	2	199	585	879	21677	95.2339536497	22935	0	100	114	112	78	93	95	433	68	68
DLR00012647-2009-07-02_08-57-51	8	3	265	584	581	12242	95.2339536497	14746	0	98	113	111	78	95	96	252	68	68
DLR00012647-2009-07-02_08-57-51	8	4	335	589	834	19153	95.2339536497	20759	0	101	116	114	79	96	97	328	68	68
DLR00012647-2009-07-02_08-57-51	8	5	408	581	469	10298	95.2339536497	13603	0	100	116	113	79	96	97	249	68	68
DLR00012647-2009-07-02_08-57-51	8	6	475	585	824	18210	95.2339536497	19885	0	100	115	112	80	97	97	325	68	68
DLR00012647-2009-07-02_08-57-51	8	7	537	588	594	12234	95.2339536497	14635	0	98	113	110	79	96	96	241	68	68
DLR00012647-2009-07-02_08-57-51	8	8	609	582	734	16724	95.2339536497	17901	0	100	115	111	79	96	96	368	68	68
DLR00012647-2009-07-02_08-57-51	8	9	676	580	426	8298	95.2339536497	11999	0	97	112	109	79	95	95	155	68	68
DLR00012647-2009-07-02_08-57-51	8	10	747	584	588	13054	95.2339536497	15490	1	100	114	110	79	95	94	241	68	68
DLR00012647-2009-07-02_08-57-51	8	11	817	584	625	13416	95.2339536497	15265	1	99	113	109	79	94	94	312	68	68
DLR00012647-2009-07-02_08-57-51	8	12	883	585	767	17589	95.2339536497	18952	0	100	114	109	79	94	93	328	68	68
DLR00012647-2009-07-02_08-57-51	8	13	950	583	565	11741	95.2339536497	14003	0	97	111	108	78	94	93	300	68	68
DLR00012647-2009-07-02_08-57-51	8	14	1019	582	662	14762	95.2339536497	17254	0	98	112	108	78	94	93	224	68	68
DLR00012647-2009-07-02_08-57-51	8	15	1089	584	617	12671	95.2339536497	15326	0	96	111	107	78	94	93	203	68	68
DLR00012647-2009-07-02_08-57-51	8	16	1155	579	604	12607	95.2339536497	15127	0	96	110	107	77	93	93	193	68	68
DLR00012647-2009-07-02_08-57-51	8	17	1223	581	820	17421	95.2339536497	18973	0	96	111	108	77	94	94	257	68	68
DLR00012647-2009-07-02_08-57-51	8	18	1296	579	786	17868	95.2339536497	19688	0	96	112	109	76	93	94	322	68	68
DLR00012647-2009-07-02_08-57-51	8	19	1360	581	678	14467	95.2339536497	16677	0	95	111	109	76	93	94	290	68	68
DLR00012647-2009-07-02_08-57-51	8	20	1430	577	747	15975	95.2339536497	17923	0	94	110	108	75	93	94	243	68	68
DLR00012647-2009-07-02_08-57-51	8	21	1496	579	910	21796	95.2339536497	22876	0	96	111	109	75	92	94	400	68	68
DLR00012647-2009-07-02_08-57-51	8	22	1562	579	979	25095	95.2339536497	26254	0	95	110	108	73	90	92	349	68	68
DLR00012647-2009-07-02_08-57-51	8	23	1634	581	857	21427	95.2339536497	22424	0	91	106	104	71	87	89	367	68	68
DLR00012647-2009-07-02_08-57-51	8	24	1719	568	39	578	95.2339536497	8627	0	82	94	91	69	83	84	8	68	68
DLR00012647-2009-07-02_08-57-51	9	1	133	655	446	8447	95.2339536497	12355	0	93	107	106	76	92	93	153	68	68
DLR00012647-2009-07-02_08-57-51	9	2	202	652	617	13755	95.2339536497	16177	0	97	112	110	77	93	94	347	68	68
DLR00012647-2009-07-02_08-57-51	9	3	271	653	566	12350	95.2339536497	14813	0	98	113	111	78	94	96	298	68	68
DLR00012647-2009-07-02_08-57-51	9	4	339	651	606	13225	95.2339536497	15459	0	100	114	112	79	96	97	331	68	68
DLR00012647-2009-07-02_08-57-51	9	5	406	653	507	10842	95.2339536497	13807	1	99	114	112	79	96	97	304	68	68
DLR00012647-2009-07-02_08-57-51	9	6	475	650	397	7374	95.2339536497	11291	0	96	112	110	78	96	96	136	68	68
DLR00012647-2009-07-02_08-57-51	9	7	543	652	554	12487	95.2339536497	15064	0	100	115	112	78	96	96	290	68	68
DLR00012647-2009-07-02_08-57-51	9	8	610	648	376	7259	95.2339536497	11202	0	96	111	109	78	95	95	144	68	68
DLR00012647-2009-07-02_08-57-51	9	9	680	652	474	9484	95.2339536497	12350	1	97	112	109	79	95	95	201	68	68
DLR00012647-2009-07-02_08-57-51	9	10	750	651	504	11420	95.2339536497	14798	1	101	115	110	80	96	95	241	68	68
DLR00012647-2009-07-02_08-57-51	9	11	820	653	416	9478	95.2339536497	13531	2	103	117	111	82	97	96	198	68	68
DLR00012647-2009-07-02_08-57-51	9	12	886	651	415	8821	95.2339536497	12836	1	98	113	108	80	96	95	116	68	68
DLR00012647-2009-07-02_08-57-51	9	13	951	653	358	6915	95.2339536497	11449	0	95	110	107	79	94	94	121	68	68
DLR00012647-2009-07-02_08-57-51	9	14	1022	650	347	7390	95.2339536497	12302	0	98	112	108	80	95	94	92	68	68
DLR00012647-2009-07-02_08-57-51	9	15	1088	649	527	11579	95.2339536497	15671	0	98	112	108	80	96	94	94	68	68
DLR00012647-2009-07-02_08-57-51	9	16	1158	645	417	11095	95.2339536497	15170	0	103	117	111	80	96	95	186	68	68
DLR00012647-2009-07-02_08-57-51	9	17	1227	651	537	12752	95.2339536497	16791	0	99	114	110	79	95	94	183	68	68
DLR00012647-2009-07-02_08-57-51	9	18	1292	648	593	14308	95.2339536497	17985	1	100	114	110	79	95	95	218	68	68
DLR00012647-2009-07-02_08-57-51	9	19	1363	651	515	11383	95.2339536497	15002	2	95	111	109	75	93	93	188	68	68
DLR00012647-2009-07-02_08-57-51	9	20	1432	644	401	8210	95.2339536497	12612	0	92	108	107	74	91	93	144	68	68
DLR00012647-2009-07-02_08-57-51	9	21	1497	647	725	16996	95.2339536497	19126	0	94	110	108	74	91	93	306	68	68
DLR00012647-2009-07-02_08-57-51	9	22	1568	647	678	16120	95.2339536497	18194	0	92	107	106	72	89	91	300	68	68
DLR00012647-2009-07-02_08-57-51	9	23	1636	653	673	16700	95.2339536497	18941	0	91	105	103	70	86	88	335	68	68
DLR00012647-2009-07-02_08-57-51	9	24	1701	650	500	11697	95.2339536497	15921	0	87	101	99	69	84	85	241	68	68
DLR00012647-2009-07-02_08-57-51	10	1	135	721	564	10996	95.2339536497	14503	1	94	107	107	77	92	93	150	68	68
DLR00012647-2009-07-02_08-57-51	10	2	199	720	803	19879	95.2339536497	21037	1	100	114	111	77	93	95	480	68	68
DLR00012647-2009-07-02_08-57-51	10	3	270	720	690	15168	95.2339536497	16836	0	98	113	111	78	94	96	397	68	68
DLR00012647-2009-07-02_08-57-51	10	4	336	724	892	21160	95.2339536497	22361	0	101	116	113	79	96	97	410	68	68
DLR00012647-2009-07-02_08-57-51	10	5	405	720	839	18341	95.2339536497	19385	0	100	115	112	79	96	97	425	68	68
DLR00012647-2009-07-02_08-57-51	10	6	473	722	655	14540	95.2339536497	17037	0	100	115	112	79	96	97	286	68	68
DLR00012647-2009-07-02_08-57-51	10	7	538	718	435	8430	95.2339536497	11893	1	96	112	110	78	95	96	160	68	68
DLR00012647-2009-07-02_08-57-51	10	8	613	719	702	16704	95.2339536497	18834	0	100	115	111	78	95	95	316	68	68
DLR00012647-2009-07-02_08-57-51	10	9	680	721	550	12121	95.2339536497	14584	0	99	113	110	78	95	94	264	68	68
DLR00012647-2009-07-02_08-57-51	10	10	746	720	783	18559	95.2339536497	20499	0	101	115	110	80	95	95	307	68	68
DLR00012647-2009-07-02_08-57-51	10	11	815	719	664	14319	95.2339536497	16535	0	99	113	109	80	96	95	290	68	68
DLR00012647-2009-07-02_08-57-51	10	12	884	719	667	13880	95.2339536497	16288	0	97	111	107	78	94	93	178	68	68
DLR00012647-2009-07-02_08-57-51	10	13	952	719	676	13842	95.2339536497	15535	0	96	111	107	78	94	93	274	68	68
DLR00012647-2009-07-02_08-57-51	10	14	1024	739	10	86	95.2339536497	6933	0	85	99	97	75	91	91	0	68	68
DLR00012647-2009-07-02_08-57-51	10	15	1090	717	3	37	95.2339536497	6607	0	89	102	103	75	91	91	0	68	68
DLR00012647-2009-07-02_08-57-51	10	16	1159	718	607	12986	95.2339536497	15703	0	95	109	106	76	92	92	191	68	68
DLR00012647-2009-07-02_08-57-51	10	17	1224	715	702	15121	95.2339536497	17201	1	94	109	107	76	92	92	278	68	68
DLR00012647-2009-07-02_08-57-51	10	18	1293	717	644	14785	95.2339536497	17510	0	95	111	108	75	92	93	241	68	68
DLR00012647-2009-07-02_08-57-51	10	19	1362	716	878	20635	95.2339536497	21958	0	96	111	109	76	93	93	348	68	68
DLR00012647-2009-07-02_08-57-51	10	20	1434	719	4	39	95.2339536497	7226	0	84	99	100	72	90	92	0	68	68
DLR00012647-2009-07-02_08-57-51	10	21	1500	718	1064	25882	95.2339536497	26290	0	95	110	108	74	91	93	419	68	68
DLR00012647-2009-07-02_08-57-51	10	22	1564	715	1001	25032	95.2339536497	26680	0	95	109	107	73	90	91	275	68	68
DLR00012647-2009-07-02_08-57-51	10	23	1632	716	997	26347	95.2339536497	27578	0	93	106	104	71	87	88	358	68	68
DLR00012647-2009-07-02_08-57-51	10	24	1702	717	855	21817	95.2339536497	24536	0	90	102	100	70	84	85	213	68	68
DLR00012647-2009-07-02_08-57-51	11	1	129	785	6	102	95.2339536497	7567	0	92	103	103	75	90	92	4	68	68
DLR00012647-2009-07-02_08-57-51	11	2	204	789	581	12801	95.2339536497	15404	0	97	111	109	77	92	94	291	68	68
DLR00012647-2009-07-02_08-57-51	11	3	269	791	905	22160	95.2339536497	23052	0	101	115	112	78	94	95	461	68	68
DLR00012647-2009-07-02_08-57-51	11	4	336	791	583	13130	95.2339536497	15644	1	100	114	112	79	95	96	297	68	68
DLR00012647-2009-07-02_08-57-51	11	5	408	791	616	13051	95.2339536497	15446	0	99	113	111	79	95	96	280	68	68
DLR00012647-2009-07-02_08-57-51	11	6	472	785	0	0	95.2339536497	6676	0				76	94	95	0	68	68
DLR00012647-2009-07-02_08-57-51	11	7	541	785	1	10	95.2339536497	6632	0	85	103	103	76	93	95	0	68	68
DLR00012647-2009-07-02_08-57-51	11	8	590	788	2	16	95.2339536497	7039	0	83	100	99	76	93	94	0	68	68
DLR00012647-2009-07-02_08-57-51	11	9	664	768	85	2063	95.2339536497	7972	4	101	115	112	76	93	93	88	68	68
DLR00012647-2009-07-02_08-57-51	11	10	748	786	563	13013	95.2339536497	15276	0	99	113	109	78	94	93	309	68	68
DLR00012647-2009-07-02_08-57-51	11	11	820	787	384	8032	95.2339536497	12006	0	96	111	107	77	93	92	199	68	68
DLR00012647-2009-07-02_08-57-51	11	12	883	787	476	10717	95.2339536497	14004	0	97	112	108	77	93	92	242	68	68
DLR00012647-2009-07-02_08-57-51	11	13	956	789	389	8266	95.2339536497	11949	0	95	110	107	76	92	92	164	68	68
DLR00012647-2009-07-02_08-57-51	11	14	1013	780	4	41	95.2339536497	6648	0	84	100	99	74	91	91	0	68	68
DLR00012647-2009-07-02_08-57-51	11	15	1092	778	2	22	95.2339536497	6754	0	85	100	100	74	90	90	0	68	68
DLR00012647-2009-07-02_08-57-51	11	16	1158	785	428	9064	95.2339536497	12745	0	94	108	105	75	91	91	201	68	68
DLR00012647-2009-07-02_08-57-51	11	17	1225	791	460	9465	95.2339536497	12993	0	92	107	105	74	90	91	168	68	68
DLR00012647-2009-07-02_08-57-51	11	18	1294	786	605	13492	95.2339536497	16055	0	94	109	107	75	91	92	285	68	68
DLR00012647-2009-07-02_08-57-51	11	19	1358	786	6	54	95.2339536497	6931	1	81	96	97	72	89	91	0	68	68
DLR00012647-2009-07-02_08-57-51	11	20	1428	786	9	76	95.2339536497	6863	0	85	99	98	72	89	91	0	68	68
DLR00012647-2009-07-02_08-57-51	11	21	1502	786	1	9	95.2339536497	6775	0	80	94	94	71	88	91	0	68	68
DLR00012647-2009-07-02_08-57-51	11	22	1569	783	637	14171	95.2339536497	17614	0	92	106	105	73	89	91	170	68	68
DLR00012647-2009-07-02_08-57-51	11	23	1633	787	668	16733	95.2339536497	19553	2	90	104	102	70	85	86	343	68	68
DLR00012647-2009-07-02_08-57-51	11	24	1701	781	490	10727	95.2339536497	15669	0	85	97	96	68	82	83	106	68	68
DLR00012647-2009-07-02_08-57-51	12	1	113	834	3	34	95.2339536497	8079	0	85	99	101	78	91	93	0	68	68
DLR00012647-2009-07-02_08-57-51	12	2	202	858	982	23549	95.2339536497	24332	0	98	111	109	77	92	93	468	68	68
DLR00012647-2009-07-02_08-57-51	12	3	267	858	551	11948	95.2339536497	14322	0	97	112	110	77	93	95	351	68	68
DLR00012647-2009-07-02_08-57-51	12	4	340	858	849	21147	95.2339536497	22257	1	102	116	114	79	95	96	476	68	68
DLR00012647-2009-07-02_08-57-51	12	5	406	859	634	13651	95.2339536497	14924	0	99	113	112	78	95	96	398	68	68
DLR00012647-2009-07-02_08-57-51	12	6	475	858	758	17224	95.2339536497	18760	0	100	115	112	79	95	96	341	68	68
DLR00012647-2009-07-02_08-57-51	12	7	540	856	621	13171	95.2339536497	15346	1	97	112	110	77	95	95	330	68	68
DLR00012647-2009-07-02_08-57-51	12	8	612	855	626	14129	95.2339536497	16205	0	98	113	110	78	94	94	283	68	68
DLR00012647-2009-07-02_08-57-51	12	9	678	858	585	12197	95.2339536497	14366	0	96	111	108	77	94	94	279	68	68
DLR00012647-2009-07-02_08-57-51	12	10	746	859	734	18015	95.2339536497	19510	0	100	114	110	78	94	93	358	68	68
DLR00012647-2009-07-02_08-57-51	12	11	814	854	699	16624	95.2339536497	18273	0	98	113	109	77	93	93	353	68	68
DLR00012647-2009-07-02_08-57-51	12	12	882	854	683	15135	95.2339536497	17201	0	96	110	106	76	92	92	278	68	68
DLR00012647-2009-07-02_08-57-51	12	13	952	856	626	13359	95.2339536497	15460	0	94	109	106	76	92	91	235	68	68
DLR00012647-2009-07-02_08-57-51	12	14	1023	857	608	13233	95.2339536497	15953	0	94	109	105	75	91	91	187	68	68
DLR00012647-2009-07-02_08-57-51	12	15	1089	856	723	15994	95.2339536497	17831	0	95	109	106	76	92	91	247	68	68
DLR00012647-2009-07-02_08-57-51	12	16	1153	859	670	15344	95.2339536497	17743	0	95	109	106	75	91	91	232	68	68
DLR00012647-2009-07-02_08-57-51	12	17	1222	854	678	15544	95.2339536497	17697	0	94	109	106	74	91	91	326	68	68
DLR00012647-2009-07-02_08-57-51	12	18	1294	849	782	19918	95.2339536497	22156	1	98	112	109	76	92	93	294	68	68
DLR00012647-2009-07-02_08-57-51	12	19	1360	855	738	16506	95.2339536497	18679	1	94	109	107	75	92	93	276	68	68
DLR00012647-2009-07-02_08-57-51	12	20	1432	852	776	19268	95.2339536497	20918	1	95	110	108	74	91	92	290	68	68
DLR00012647-2009-07-02_08-57-51	12	21	1500	855	718	16037	95.2339536497	17927	0	91	106	105	73	89	91	315	68	68
DLR00012647-2009-07-02_08-57-51	12	22	1566	852	960	24276	95.2339536497	26206	0	94	108	106	73	88	90	311	68	68
DLR00012647-2009-07-02_08-57-51	12	23	1631	851	1109	27775	95.2339536497	29041	0	91	103	102	71	85	87	394	68	68
DLR00012647-2009-07-02_08-57-51	12	24	1699	850	827	21255	95.2339536497	23934	0	88	100	99	69	82	83	248	68	68
DLR00012647-2009-07-02_08-57-51	13	1	136	925	783	17196	95.2339536497	19699	0	95	107	107	76	90	92	257	68	68
DLR00012647-2009-07-02_08-57-51	13	2	202	927	909	22651	95.2339536497	23237	0	99	111	109	76	91	93	489	68	68
DLR00012647-2009-07-02_08-57-51	13	3	272	926	780	19487	95.2339536497	20780	0	100	114	111	77	93	94	455	68	68
DLR00012647-2009-07-02_08-57-51	13	4	340	928	660	14616	95.2339536497	16654	0	98	113	111	78	94	95	340	68	68
DLR00012647-2009-07-02_08-57-51	13	5	410	925	599	13286	95.2339536497	15128	0	99	114	112	78	95	96	405	68	68
DLR00012647-2009-07-02_08-57-51	13	6	473	929	644	14319	95.2339536497	16353	1	99	114	111	78	95	95	327	68	68
DLR00012647-2009-07-02_08-57-51	13	7	543	927	533	11171	95.2339536497	13831	0	97	111	109	77	94	94	255	68	68
DLR00012647-2009-07-02_08-57-51	13	8	614	925	709	16380	95.2339536497	18087	0	98	113	110	77	94	94	366	68	68
DLR00012647-2009-07-02_08-57-51	13	9	681	925	578	13065	95.2339536497	15630	0	98	112	109	77	93	93	261	68	68
DLR00012647-2009-07-02_08-57-51	13	10	747	925	557	11991	95.2339536497	14451	0	96	111	108	77	93	93	265	68	68
DLR00012647-2009-07-02_08-57-51	13	11	816	925	542	12003	95.2339536497	14699	0	96	110	107	76	92	92	267	68	68
DLR00012647-2009-07-02_08-57-51	13	12	886	920	402	8460	95.2339536497	12232	0	94	108	106	75	91	91	187	68	68
DLR00012647-2009-07-02_08-57-51	13	13	954	925	485	10128	95.2339536497	13461	0	93	107	105	74	90	90	185	68	68
DLR00012647-2009-07-02_08-57-51	13	14	1020	923	525	11291	95.2339536497	14390	0	93	108	105	75	90	90	216	68	68
DLR00012647-2009-07-02_08-57-51	13	15	1091	923	442	9544	95.2339536497	13047	0	93	107	104	74	90	90	191	68	68
DLR00012647-2009-07-02_08-57-51	13	16	1160	921	462	10084	95.2339536497	13509	0	92	107	104	74	89	89	196	68	68
DLR00012647-2009-07-02_08-57-51	13	17	1226	925	711	16305	95.2339536497	18596	0	93	108	105	74	89	90	263	68	68
DLR00012647-2009-07-02_08-57-51	13	18	1294	921	628	14550	95.2339536497	17272	2	94	108	106	74	90	91	313	68	68
DLR00012647-2009-07-02_08-57-51	13	19	1363	924	509	11132	95.2339536497	14624	1	93	108	106	74	90	91	229	68	68
DLR00012647-2009-07-02_08-57-51	13	20	1431	923	683	16690	95.2339536497	18927	0	94	109	106	73	89	90	346	68	68
DLR00012647-2009-07-02_08-57-51	13	21	1502	922	541	12722	95.2339536497	15827	0	92	106	105	72	88	89	220	68	68
DLR00012647-2009-07-02_08-57-51	13	22	1569	920	568	13013	95.2339536497	16216	0	89	103	102	70	85	88	203	68	68
DLR00012647-2009-07-02_08-57-51	13	23	1635	925	551	14686	95.2339536497	18244	0	90	102	101	69	83	85	297	68	68
DLR00012647-2009-07-02_08-57-51	13	24	1699	922	548	13129	95.2339536497	18201	2	85	97	96	67	80	82	171	68	68
DLR00012647-2009-07-02_08-57-51	14	1	134	999	517	10673	95.2339536497	14305	0	92	105	105	76	89	91	213	68	68
DLR00012647-2009-07-02_08-57-51	14	2	203	992	850	22308	95.2339536497	23142	0	99	112	110	76	90	92	517	68	68
DLR00012647-2009-07-02_08-57-51	14	3	271	994	482	10471	95.2339536497	13655	0	96	109	109	76	91	93	305	68	68
DLR00012647-2009-07-02_08-57-51	14	4	338	995	857	21912	95.2339536497	22937	0	102	115	113	78	94	95	479	68	68
DLR00012647-2009-07-02_08-57-51	14	5	403	995	618	13399	95.2339536497	15975	0	97	112	110	77	94	95	337	68	68
DLR00012647-2009-07-02_08-57-51	14	6	474	992	932	23485	95.2339536497	24007	0	101	115	113	78	94	95	535	68	68
DLR00012647-2009-07-02_08-57-51	14	7	542	991	522	10935	95.2339536497	14167	0	96	111	109	76	93	94	266	68	68
DLR00012647-2009-07-02_08-57-51	14	8	610	992	793	21337	95.2339536497	22105	0	102	116	113	77	94	94	509	68	68
DLR00012647-2009-07-02_08-57-51	14	9	679	995	797	18733	95.2339536497	19549	0	98	112	109	77	93	93	487	68	68
DLR00012647-2009-07-02_08-57-51	14	10	747	994	647	15142	95.2339536497	17593	0	97	111	108	76	92	92	270	68	68
DLR00012647-2009-07-02_08-57-51	14	11	816	989	775	19281	95.2339536497	20363	0	98	112	108	76	92	92	479	68	68
DLR00012647-2009-07-02_08-57-51	14	12	885	991	651	14775	95.2339536497	17079	0	94	109	106	75	91	91	270	68	68
DLR00012647-2009-07-02_08-57-51	14	13	952	992	674	15079	95.2339536497	17040	0	94	108	105	75	90	90	323	68	68
DLR00012647-2009-07-02_08-57-51	14	14	1021	992	806	19302	95.2339536497	20311	0	95	109	106	74	90	90	401	68	68
DLR00012647-2009-07-02_08-57-51	14	15	1091	991	717	16813	95.2339536497	18405	0	94	108	105	74	90	90	349	68	68
DLR00012647-2009-07-02_08-57-51	14	16	1160	994	663	17357	95.2339536497	19432	0	96	110	107	73	89	89	327	68	68
DLR00012647-2009-07-02_08-57-51	14	17	1225	992	799	18927	95.2339536497	19971	0	93	108	105	73	89	90	450	68	68
DLR00012647-2009-07-02_08-57-51	14	18	1292	990	1036	26727	95.2339536497	27207	0	95	110	107	74	90	90	430	68	68
DLR00012647-2009-07-02_08-57-51	14	19	1360	987	786	19396	95.2339536497	20889	0	94	109	107	73	90	90	430	68	68
DLR00012647-2009-07-02_08-57-51	14	20	1430	988	597	13955	95.2339536497	16546	2	93	107	105	73	88	90	317	68	68
DLR00012647-2009-07-02_08-57-51	14	21	1495	990	864	20217	95.2339536497	21493	0	92	106	105	73	88	90	332	68	68
DLR00012647-2009-07-02_08-57-51	14	22	1568	988	1080	29476	95.2339536497	30297	0	93	106	104	71	86	88	400	68	68
DLR00012647-2009-07-02_08-57-51	14	23	1635	989	992	25153	95.2339536497	26557	2	88	101	100	69	83	85	350	68	68
DLR00012647-2009-07-02_08-57-51	14	24	1705	990	13	280	95.2339536497	9729	0	84	94	93	66	79	81	12	68	68
DLR00012647-2009-07-02_08-57-51	15	1	138	1064	1092	25487	95.2339536497	26762	0	95	107	106	76	89	91	279	68	68
DLR00012647-2009-07-02_08-57-51	15	2	204	1064	1070	28370	95.2339536497	28859	0	99	111	110	76	90	92	509	68	68
DLR00012647-2009-07-02_08-57-51	15	3	272	1062	721	17085	95.2339536497	18590	0	98	111	110	76	91	94	424	68	68
DLR00012647-2009-07-02_08-57-51	15	4	341	1062	619	13367	95.2339536497	15413	0	97	111	110	77	93	95	298	68	68
DLR00012647-2009-07-02_08-57-51	15	5	408	1063	594	12683	95.2339536497	14638	0	96	111	110	77	93	95	362	68	68
DLR00012647-2009-07-02_08-57-51	15	6	478	1062	662	14693	95.2339536497	16380	0	97	111	110	76	92	94	389	68	68
DLR00012647-2009-07-02_08-57-51	15	7	542	1062	519	11919	95.2339536497	14741	0	97	112	110	76	93	94	347	68	68
DLR00012647-2009-07-02_08-57-51	15	8	613	1060	587	13376	95.2339536497	16007	0	96	111	110	76	92	94	297	68	68
DLR00012647-2009-07-02_08-57-51	15	9	683	1059	657	14343	95.2339536497	16477	0	95	110	108	75	92	93	325	68	68
DLR00012647-2009-07-02_08-57-51	15	10	748	1062	721	16757	95.2339536497	18291	0	95	110	107	75	91	92	375	68	68
DLR00012647-2009-07-02_08-57-51	15	11	821	1064	390	8079	95.2339536497	12055	0	91	106	105	73	89	90	189	68	68
DLR00012647-2009-07-02_08-57-51	15	12	887	1062	482	10272	95.2339536497	13623	0	91	106	105	73	89	90	211	68	68
DLR00012647-2009-07-02_08-57-51	15	13	955	1061	395	8518	95.2339536497	11934	2	91	106	105	72	89	89	238	68	68
DLR00012647-2009-07-02_08-57-51	15	14	1022	1059	562	12825	95.2339536497	15233	2	92	107	105	73	88	89	326	68	68
DLR00012647-2009-07-02_08-57-51	15	15	1090	1062	454	10082	95.2339536497	13641	0	91	106	104	72	88	89	195	68	68
DLR00012647-2009-07-02_08-57-51	15	16	1159	1058	524	12140	95.2339536497	14974	0	92	107	105	72	88	90	276	68	68
DLR00012647-2009-07-02_08-57-51	15	17	1225	1060	522	11848	95.2339536497	14866	5	91	106	105	72	89	90	248	68	68
DLR00012647-2009-07-02_08-57-51	15	18	1298	1056	607	14308	95.2339536497	16665	0	92	107	105	72	88	90	293	68	68
DLR00012647-2009-07-02_08-57-51	15	19	1363	1059	555	12635	95.2339536497	15577	0	92	106	105	72	88	90	294	68	68
DLR00012647-2009-07-02_08-57-51	15	20	1432	1059	374	7809	95.2339536497	11974	0	89	104	104	72	88	90	146	68	68
DLR00012647-2009-07-02_08-57-51	15	21	1499	1058	443	10138	95.2339536497	13810	0	91	105	105	72	87	90	214	68	68
DLR00012647-2009-07-02_08-57-51	15	22	1569	1054	542	12868	95.2339536497	15516	0	90	103	103	70	85	87	317	68	68
DLR00012647-2009-07-02_08-57-51	15	23	1634	1057	523	13005	95.2339536497	16348	0	88	101	100	69	82	85	350	68	68
DLR00012647-2009-07-02_08-57-51	15	24	1700	1054	524	12138	95.2339536497	16752	0	86	97	97	68	81	83	131	68	68
DLR00012647-2009-07-02_08-57-51	16	1	130	1128	856	13660	95.2339536497	17825	5	102	110	109	85	95	96	41	68	68
DLR00012647-2009-07-02_08-57-51	16	2	199	1125	1147	22751	95.2339536497	26056	6	106	115	114	83	95	97	216	68	68
DLR00012647-2009-07-02_08-57-51	16	3	266	1124	0	0	95.2339536497	7277	0				84	97	99	0	68	68
DLR00012647-2009-07-02_08-57-51	16	4	333	1125	603	6103	95.2339536497	14561	7	97	107	106	85	98	101	0	68	68
DLR00012647-2009-07-02_08-57-51	16	5	403	1123	8	194	95.2339536497	7142	3	104	116	115	84	98	100	9	68	68
DLR00012647-2009-07-02_08-57-51	16	6	467	1125	1129	21142	95.2339536497	24248	9	105	116	114	84	99	100	268	68	68
DLR00012647-2009-07-02_08-57-51	16	7	544	1127	1169	19431	95.2339536497	22156	16	104	116	114	85	100	100	264	68	68
DLR00012647-2009-07-02_08-57-51	16	8	610	1125	1146	21867	95.2339536497	24834	9	106	118	115	84	99	99	315	68	68
DLR00012647-2009-07-02_08-57-51	16	9	679	1126	1096	18246	95.2339536497	21127	9	102	114	112	84	99	99	201	68	68
DLR00012647-2009-07-02_08-57-51	16	10	746	1124	4	32	95.2339536497	7305	0	106	116	114	81	95	96	0	68	68
DLR00012647-2009-07-02_08-57-51	16	11	815	1124	1	8	95.2339536497	7525	0	106	118	117	80	95	95	0	68	68
DLR00012647-2009-07-02_08-57-51	16	12	882	1125	46	823	95.2339536497	7865	0	109	119	117	81	96	96	0	68	68
DLR00012647-2009-07-02_08-57-51	16	13	953	1122	22	188	95.2339536497	7357	0	105	116	113	79	94	95	0	68	68
DLR00012647-2009-07-02_08-57-51	16	14	1019	1125	1007	20480	95.2339536497	23157	3	100	113	110	81	96	96	249	68	68
DLR00012647-2009-07-02_08-57-51	16	15	1093	1127	954	18232	95.2339536497	20064	7	100	113	111	82	97	97	310	68	68
DLR00012647-2009-07-02_08-57-51	16	16	1159	1125	962	20205	95.2339536497	22732	5	101	114	112	81	95	96	284	68	68
DLR00012647-2009-07-02_08-57-51	16	17	1227	1124	1050	20384	95.2339536497	22437	7	100	113	111	80	95	96	309	68	68
DLR00012647-2009-07-02_08-57-51	16	18	1298	1118	425	5062	95.2339536497	12621	4	93	105	104	76	91	93	17	68	68
DLR00012647-2009-07-02_08-57-51	16	19	1374	1119	10	86	95.2339536497	7847	0	95	107	106	77	92	94	0	68	68
DLR00012647-2009-07-02_08-57-51	16	20	1430	1121	3	24	95.2339536497	7351	0	99	110	108	78	93	95	2	68	68
DLR00012647-2009-07-02_08-57-51	16	21	1498	1121	14	115	95.2339536497	7311	0	107	116	113	79	92	95	1	68	68
DLR00012647-2009-07-02_08-57-51	16	22	1561	1118	1036	19881	95.2339536497	23419	5	96	107	106	77	90	92	184	68	68
DLR00012647-2009-07-02_08-57-51	16	23	1639	1125	1398	28023	95.2339536497	30545	8	97	107	106	81	93	94	261	68	68
DLR00012647-2009-07-02_08-57-51	16	24	1713	1121	1069	17740	95.2339536497	22656	9	94	104	103	77	89	89	77	68	68
