DLR00012709-2009-07-04_09-30-05	1	1	138	107	2887	183336	95.2339536497	180891	27	154	159	141	90	100	97	61	68	68
DLR00012709-2009-07-04_09-30-05	1	2	201	110	2853	185284	95.2339536497	182995	9	156	160	143	90	101	97	61	68	68
DLR00012709-2009-07-04_09-30-05	1	3	275	110	2640	171486	95.2339536497	169149	2	162	166	148	93	105	101	98	68	68
DLR00012709-2009-07-04_09-30-05	1	4	335	106	2645	166332	95.2339536497	164189	6	162	167	148	96	108	104	109	68	68
DLR00012709-2009-07-04_09-30-05	1	5	411	107	2898	189585	95.2339536497	187211	2	165	169	150	95	108	104	146	68	68
DLR00012709-2009-07-04_09-30-05	1	6	473	107	2613	161201	95.2339536497	158908	4	160	166	148	95	108	104	138	68	68
DLR00012709-2009-07-04_09-30-05	1	7	543	107	2817	183460	95.2339536497	181122	4	164	169	149	95	109	104	159	68	68
DLR00012709-2009-07-04_09-30-05	1	8	610	105	2838	176485	95.2339536497	174150	9	162	168	148	96	110	105	153	68	68
DLR00012709-2009-07-04_09-30-05	1	9	680	105	2806	178994	95.2339536497	176856	2	163	169	148	96	109	104	158	68	68
DLR00012709-2009-07-04_09-30-05	1	10	748	102	2756	162658	95.2339536497	160387	8	158	165	146	96	110	105	138	68	68
DLR00012709-2009-07-04_09-30-05	1	11	816	104	2920	187527	95.2339536497	184932	11	163	169	148	97	110	104	174	68	68
DLR00012709-2009-07-04_09-30-05	1	12	883	104	2611	162967	95.2339536497	160909	7	161	167	147	96	110	104	155	68	68
DLR00012709-2009-07-04_09-30-05	1	13	955	107	2931	175755	95.2339536497	173691	11	164	170	148	94	108	102	120	68	68
DLR00012709-2009-07-04_09-30-05	1	14	1024	95	2542	140367	95.2339536497	139049	12	157	164	145	100	114	108	104	68	68
DLR00012709-2009-07-04_09-30-05	1	15	1092	105	2701	179102	95.2339536497	177064	5	164	170	149	95	108	103	167	68	68
DLR00012709-2009-07-04_09-30-05	1	16	1157	104	2565	161477	95.2339536497	159397	3	161	168	148	96	109	104	151	68	68
DLR00012709-2009-07-04_09-30-05	1	17	1227	104	2742	179582	95.2339536497	177372	4	164	170	150	96	109	104	154	68	68
DLR00012709-2009-07-04_09-30-05	1	18	1294	104	2637	161812	95.2339536497	159631	5	160	166	147	96	109	104	143	68	68
DLR00012709-2009-07-04_09-30-05	1	19	1365	104	2775	179400	95.2339536497	177372	8	163	169	149	95	108	103	137	68	68
DLR00012709-2009-07-04_09-30-05	1	20	1437	105	2526	157789	95.2339536497	156412	3	159	165	146	93	105	101	128	68	68
DLR00012709-2009-07-04_09-30-05	1	21	1504	104	2806	188750	95.2339536497	186701	6	161	166	147	94	105	100	117	68	68
DLR00012709-2009-07-04_09-30-05	1	22	1564	100	2558	157732	95.2339536497	155789	8	152	158	141	94	104	100	99	68	68
DLR00012709-2009-07-04_09-30-05	1	23	1641	103	2853	194726	95.2339536497	192458	5	155	160	142	90	100	95	73	68	68
DLR00012709-2009-07-04_09-30-05	1	24	1700	105	2687	159587	95.2339536497	158089	34	149	154	138	88	98	94	30	68	68
DLR00012709-2009-07-04_09-30-05	2	1	131	175	3049	214462	95.2339536497	211714	11	156	160	142	85	96	93	120	68	68
DLR00012709-2009-07-04_09-30-05	2	2	200	176	2438	161699	95.2339536497	158751	7	155	160	141	88	99	95	161	68	68
DLR00012709-2009-07-04_09-30-05	2	3	268	174	2820	204224	95.2339536497	201294	4	166	170	148	90	102	97	227	68	68
DLR00012709-2009-07-04_09-30-05	2	4	336	174	2291	147808	95.2339536497	144080	5	158	163	144	90	103	98	233	68	68
DLR00012709-2009-07-04_09-30-05	2	5	404	174	2618	183502	95.2339536497	181102	9	164	169	148	90	103	98	221	68	68
DLR00012709-2009-07-04_09-30-05	2	6	473	174	2513	167423	95.2339536497	164521	5	160	166	145	90	104	99	213	68	68
DLR00012709-2009-07-04_09-30-05	2	7	543	175	2594	182607	95.2339536497	179736	6	164	169	147	89	104	98	239	68	68
DLR00012709-2009-07-04_09-30-05	2	8	610	177	2463	167788	95.2339536497	165123	3	159	166	145	88	103	97	229	68	68
DLR00012709-2009-07-04_09-30-05	2	9	681	173	2709	203439	95.2339536497	200707	3	166	171	148	87	102	96	251	68	68
DLR00012709-2009-07-04_09-30-05	2	10	747	172	2417	168172	95.2339536497	165398	5	159	165	143	87	102	96	215	68	68
DLR00012709-2009-07-04_09-30-05	2	11	816	173	2697	195682	95.2339536497	193088	3	164	169	146	86	101	96	224	68	68
DLR00012709-2009-07-04_09-30-05	2	12	881	172	2568	171461	95.2339536497	167613	5	157	164	142	87	102	96	232	68	68
DLR00012709-2009-07-04_09-30-05	2	13	951	171	2653	195672	95.2339536497	192922	8	162	168	145	86	101	95	262	68	68
DLR00012709-2009-07-04_09-30-05	2	14	1020	170	2347	167765	95.2339536497	164467	6	159	165	143	85	100	95	267	68	68
DLR00012709-2009-07-04_09-30-05	2	15	1091	176	2696	204568	95.2339536497	202090	1	164	170	146	86	101	95	255	68	68
DLR00012709-2009-07-04_09-30-05	2	16	1157	172	2298	157608	95.2339536497	154653	5	157	164	143	86	101	96	218	68	68
DLR00012709-2009-07-04_09-30-05	2	17	1225	173	2639	192731	95.2339536497	190209	3	162	168	146	86	101	96	245	68	68
DLR00012709-2009-07-04_09-30-05	2	18	1293	172	2332	160119	95.2339536497	157015	12	157	164	144	87	102	97	252	68	68
DLR00012709-2009-07-04_09-30-05	2	19	1360	173	2574	183551	95.2339536497	181154	5	161	166	146	87	101	97	221	68	68
DLR00012709-2009-07-04_09-30-05	2	20	1429	169	2355	163401	95.2339536497	159697	8	157	163	144	86	101	96	263	68	68
DLR00012709-2009-07-04_09-30-05	2	21	1497	173	2665	202792	95.2339536497	200698	2	163	168	147	86	100	95	235	68	68
DLR00012709-2009-07-04_09-30-05	2	22	1564	175	2547	186339	95.2339536497	183066	2	155	160	142	84	97	93	229	68	68
DLR00012709-2009-07-04_09-30-05	2	23	1632	172	2703	213357	95.2339536497	210847	4	158	163	143	83	94	90	227	68	68
DLR00012709-2009-07-04_09-30-05	2	24	1702	169	2926	218910	95.2339536497	216055	8	154	159	141	84	95	91	140	68	68
DLR00012709-2009-07-04_09-30-05	3	1	134	243	3028	225156	95.2339536497	222508	7	161	165	145	86	97	93	176	68	68
DLR00012709-2009-07-04_09-30-05	3	2	202	241	2509	185211	95.2339536497	182229	8	163	166	145	88	99	94	212	68	68
DLR00012709-2009-07-04_09-30-05	3	3	270	245	2607	192730	95.2339536497	190178	4	165	169	147	88	101	95	220	68	68
DLR00012709-2009-07-04_09-30-05	3	4	336	245	2480	171866	95.2339536497	168594	8	162	167	146	89	103	97	249	68	68
DLR00012709-2009-07-04_09-30-05	3	5	408	246	2795	201443	95.2339536497	198300	8	166	171	148	89	103	97	253	68	68
DLR00012709-2009-07-04_09-30-05	3	6	472	241	2555	181606	95.2339536497	178613	7	164	169	147	89	103	97	251	68	68
DLR00012709-2009-07-04_09-30-05	3	7	543	242	2595	189589	95.2339536497	186956	5	166	171	147	87	102	96	252	68	68
DLR00012709-2009-07-04_09-30-05	3	8	612	246	2432	177387	95.2339536497	174680	1	164	170	146	87	102	95	264	68	68
DLR00012709-2009-07-04_09-30-05	3	9	683	240	2658	203443	95.2339536497	200530	0	168	173	148	86	101	94	265	68	68
DLR00012709-2009-07-04_09-30-05	3	10	747	245	2452	178290	95.2339536497	174269	1	162	167	144	86	101	94	314	68	68
DLR00012709-2009-07-04_09-30-05	3	11	817	241	2606	192219	95.2339536497	189383	8	162	168	144	85	100	94	255	68	68
DLR00012709-2009-07-04_09-30-05	3	12	886	239	2419	172270	95.2339536497	169511	6	160	166	142	85	101	94	239	68	68
DLR00012709-2009-07-04_09-30-05	3	13	952	246	2638	199590	95.2339536497	196281	2	164	169	145	85	100	93	259	68	68
DLR00012709-2009-07-04_09-30-05	3	14	1018	236	2554	184488	95.2339536497	181380	2	160	166	142	85	100	94	275	68	68
DLR00012709-2009-07-04_09-30-05	3	15	1091	242	2687	212704	95.2339536497	209670	6	167	172	147	85	100	93	278	68	68
DLR00012709-2009-07-04_09-30-05	3	16	1159	240	2373	178439	95.2339536497	175453	6	163	168	145	85	100	94	267	68	68
DLR00012709-2009-07-04_09-30-05	3	17	1229	240	2657	208975	95.2339536497	206099	4	167	172	148	86	100	94	273	68	68
DLR00012709-2009-07-04_09-30-05	3	18	1295	238	2198	155079	95.2339536497	152460	9	158	164	143	85	100	95	257	68	68
DLR00012709-2009-07-04_09-30-05	3	19	1364	240	2708	213967	95.2339536497	210920	5	167	172	149	85	100	95	288	68	68
DLR00012709-2009-07-04_09-30-05	3	20	1432	239	2340	168084	95.2339536497	164509	1	158	164	144	85	100	95	279	68	68
DLR00012709-2009-07-04_09-30-05	3	21	1499	238	2672	212268	95.2339536497	209782	2	165	170	148	84	98	94	271	68	68
DLR00012709-2009-07-04_09-30-05	3	22	1566	244	2510	189347	95.2339536497	185987	4	157	162	142	84	97	92	261	68	68
DLR00012709-2009-07-04_09-30-05	3	23	1636	243	2819	232887	95.2339536497	229323	7	162	166	145	83	95	90	246	68	68
DLR00012709-2009-07-04_09-30-05	3	24	1702	240	3020	247280	95.2339536497	243883	3	161	165	145	83	94	90	204	68	68
DLR00012709-2009-07-04_09-30-05	4	1	131	311	3116	244756	95.2339536497	241801	12	164	167	147	86	97	93	206	68	68
DLR00012709-2009-07-04_09-30-05	4	2	201	312	2197	150644	95.2339536497	148029	6	156	160	141	87	99	94	218	68	68
DLR00012709-2009-07-04_09-30-05	4	3	268	313	2618	196826	95.2339536497	194352	4	166	170	148	88	101	95	205	68	68
DLR00012709-2009-07-04_09-30-05	4	4	336	312	2198	140621	95.2339536497	136653	7	156	161	142	89	103	97	244	68	68
DLR00012709-2009-07-04_09-30-05	4	5	410	312	2640	193961	95.2339536497	191336	5	166	170	147	88	102	96	238	68	68
DLR00012709-2009-07-04_09-30-05	4	6	472	310	2186	145936	95.2339536497	142404	1	158	164	143	88	102	96	298	68	68
DLR00012709-2009-07-04_09-30-05	4	7	542	309	2597	193717	95.2339536497	191132	6	166	171	147	87	102	95	253	68	68
DLR00012709-2009-07-04_09-30-05	4	8	606	314	2138	145213	95.2339536497	142085	1	158	164	142	87	101	95	266	68	68
DLR00012709-2009-07-04_09-30-05	4	9	679	316	2604	194869	95.2339536497	192023	1	165	170	146	86	101	94	266	68	68
DLR00012709-2009-07-04_09-30-05	4	10	746	310	2285	163529	95.2339536497	159703	2	160	165	142	86	100	94	290	68	68
DLR00012709-2009-07-04_09-30-05	4	11	815	308	2509	185321	95.2339536497	182782	3	162	167	143	85	100	93	256	68	68
DLR00012709-2009-07-04_09-30-05	4	12	889	308	2333	164767	95.2339536497	161763	2	159	164	141	85	99	93	261	68	68
DLR00012709-2009-07-04_09-30-05	4	13	953	308	2589	196528	95.2339536497	193337	3	163	168	144	85	99	93	287	68	68
DLR00012709-2009-07-04_09-30-05	4	14	1018	311	2282	159333	95.2339536497	155966	3	157	162	140	84	99	93	267	68	68
DLR00012709-2009-07-04_09-30-05	4	15	1093	311	2510	192336	95.2339536497	189844	0	164	169	144	84	99	93	257	68	68
DLR00012709-2009-07-04_09-30-05	4	16	1157	308	2250	159585	95.2339536497	155646	2	157	163	141	85	99	94	281	68	68
DLR00012709-2009-07-04_09-30-05	4	17	1227	308	2393	182771	95.2339536497	180486	2	163	168	145	84	99	93	247	68	68
DLR00012709-2009-07-04_09-30-05	4	18	1293	308	2235	162163	95.2339536497	158178	3	159	165	144	85	100	95	295	68	68
DLR00012709-2009-07-04_09-30-05	4	19	1362	307	2734	213483	95.2339536497	210596	4	165	170	147	85	99	94	275	68	68
DLR00012709-2009-07-04_09-30-05	4	20	1427	311	2270	160681	95.2339536497	157043	0	156	163	142	85	99	95	264	68	68
DLR00012709-2009-07-04_09-30-05	4	21	1504	305	2622	199653	95.2339536497	196412	3	161	166	145	85	98	94	248	68	68
DLR00012709-2009-07-04_09-30-05	4	22	1564	311	2365	174573	95.2339536497	171519	5	154	160	141	83	96	93	246	68	68
DLR00012709-2009-07-04_09-30-05	4	23	1638	307	2834	234631	95.2339536497	230665	6	162	166	145	83	95	90	259	68	68
DLR00012709-2009-07-04_09-30-05	4	24	1702	308	3007	241007	95.2339536497	237397	8	160	165	145	84	95	90	217	68	68
DLR00012709-2009-07-04_09-30-05	5	1	134	381	3112	237206	95.2339536497	234364	4	162	165	145	86	97	94	194	68	68
DLR00012709-2009-07-04_09-30-05	5	2	203	381	2495	183787	95.2339536497	180979	4	162	166	145	87	99	94	210	68	68
DLR00012709-2009-07-04_09-30-05	5	3	269	380	2753	210622	95.2339536497	207718	6	167	171	149	88	101	95	233	68	68
DLR00012709-2009-07-04_09-30-05	5	4	337	378	2419	170679	95.2339536497	168171	7	162	167	146	88	102	96	211	68	68
DLR00012709-2009-07-04_09-30-05	5	5	408	379	2598	189661	95.2339536497	186988	5	166	171	148	88	102	96	237	68	68
DLR00012709-2009-07-04_09-30-05	5	6	473	382	2223	153777	95.2339536497	151165	0	160	166	144	87	102	96	231	68	68
DLR00012709-2009-07-04_09-30-05	5	7	539	382	2712	203039	95.2339536497	200221	2	166	171	147	87	101	95	253	68	68
DLR00012709-2009-07-04_09-30-05	5	8	609	381	2342	169489	95.2339536497	165622	2	162	168	145	87	101	94	314	68	68
DLR00012709-2009-07-04_09-30-05	5	9	683	379	2651	203743	95.2339536497	200999	4	167	171	146	85	100	93	266	68	68
DLR00012709-2009-07-04_09-30-05	5	10	749	378	2452	176355	95.2339536497	173260	2	160	165	142	85	100	93	256	68	68
DLR00012709-2009-07-04_09-30-05	5	11	819	377	2657	200095	95.2339536497	196781	6	164	168	144	84	99	92	291	68	68
DLR00012709-2009-07-04_09-30-05	5	12	885	383	2418	175694	95.2339536497	172399	0	160	165	142	84	98	92	262	68	68
DLR00012709-2009-07-04_09-30-05	5	13	955	377	2721	219715	95.2339536497	216567	2	168	172	147	84	98	92	292	68	68
DLR00012709-2009-07-04_09-30-05	5	14	1022	376	2258	161502	95.2339536497	158016	3	158	163	141	84	99	93	274	68	68
DLR00012709-2009-07-04_09-30-05	5	15	1091	379	2641	205895	95.2339536497	203042	2	165	169	145	84	98	92	266	68	68
DLR00012709-2009-07-04_09-30-05	5	16	1157	379	2398	176782	95.2339536497	172703	4	160	165	143	84	99	93	296	68	68
DLR00012709-2009-07-04_09-30-05	5	17	1229	378	2605	203251	95.2339536497	200115	4	164	169	145	84	99	93	276	68	68
DLR00012709-2009-07-04_09-30-05	5	18	1295	377	2238	160750	95.2339536497	156926	2	157	163	142	84	99	94	297	68	68
DLR00012709-2009-07-04_09-30-05	5	19	1365	377	2606	202600	95.2339536497	200034	4	164	169	147	84	99	94	253	68	68
DLR00012709-2009-07-04_09-30-05	5	20	1432	377	2429	176568	95.2339536497	172755	5	158	164	144	85	100	95	275	68	68
DLR00012709-2009-07-04_09-30-05	5	21	1497	379	2373	175190	95.2339536497	172074	3	157	164	144	84	98	94	252	68	68
DLR00012709-2009-07-04_09-30-05	5	22	1566	376	2288	169537	95.2339536497	166431	0	154	160	141	82	96	92	248	68	68
DLR00012709-2009-07-04_09-30-05	5	23	1637	376	2695	224627	95.2339536497	221816	7	160	165	144	82	95	90	233	68	68
DLR00012709-2009-07-04_09-30-05	5	24	1704	375	2839	231398	95.2339536497	228108	2	161	166	146	83	95	91	229	68	68
DLR00012709-2009-07-04_09-30-05	6	1	134	449	3058	233763	95.2339536497	230598	4	163	167	147	85	97	94	197	68	68
DLR00012709-2009-07-04_09-30-05	6	2	203	447	2583	185944	95.2339536497	182779	5	159	163	143	87	99	95	215	68	68
DLR00012709-2009-07-04_09-30-05	6	3	269	446	2745	212625	95.2339536497	209740	4	168	172	149	88	101	95	222	68	68
DLR00012709-2009-07-04_09-30-05	6	4	341	452	2169	146077	95.2339536497	141703	0	158	163	144	89	103	97	264	68	68
DLR00012709-2009-07-04_09-30-05	6	5	406	446	2645	198300	95.2339536497	195781	5	167	172	149	88	102	96	244	68	68
DLR00012709-2009-07-04_09-30-05	6	6	475	447	2032	136257	95.2339536497	133821	2	157	163	142	86	102	96	208	68	68
DLR00012709-2009-07-04_09-30-05	6	7	543	446	2449	180833	95.2339536497	178233	3	164	169	146	86	100	94	244	68	68
DLR00012709-2009-07-04_09-30-05	6	8	606	443	2225	154381	95.2339536497	149841	1	158	164	142	87	101	94	312	68	68
DLR00012709-2009-07-04_09-30-05	6	9	679	446	2507	186691	95.2339536497	184180	4	164	168	144	85	100	93	235	68	68
DLR00012709-2009-07-04_09-30-05	6	10	746	446	2063	139132	95.2339536497	136140	1	155	161	139	85	99	93	236	68	68
DLR00012709-2009-07-04_09-30-05	6	11	819	446	2700	207379	95.2339536497	204351	7	164	169	144	84	98	92	267	68	68
DLR00012709-2009-07-04_09-30-05	6	12	888	450	2167	151128	95.2339536497	147845	2	156	162	139	84	98	92	279	68	68
DLR00012709-2009-07-04_09-30-05	6	13	952	444	2605	199014	95.2339536497	196199	4	162	167	143	83	98	92	266	68	68
DLR00012709-2009-07-04_09-30-05	6	14	1019	441	2194	154019	95.2339536497	149807	2	155	161	139	84	99	93	308	68	68
DLR00012709-2009-07-04_09-30-05	6	15	1090	446	2622	205310	95.2339536497	202451	2	164	169	144	84	98	92	265	68	68
DLR00012709-2009-07-04_09-30-05	6	16	1159	444	2287	166598	95.2339536497	162986	5	158	164	141	84	99	93	277	68	68
DLR00012709-2009-07-04_09-30-05	6	17	1228	445	2555	196341	95.2339536497	193472	4	162	167	144	83	98	92	278	68	68
DLR00012709-2009-07-04_09-30-05	6	18	1295	447	2292	163539	95.2339536497	160019	4	156	162	141	84	99	94	262	68	68
DLR00012709-2009-07-04_09-30-05	6	19	1363	444	2618	202072	95.2339536497	199023	4	163	168	146	84	99	94	258	68	68
DLR00012709-2009-07-04_09-30-05	6	20	1431	445	2389	171772	95.2339536497	168684	4	157	163	143	84	99	95	241	68	68
DLR00012709-2009-07-04_09-30-05	6	21	1499	444	2574	201544	95.2339536497	198543	2	161	167	146	83	98	94	271	68	68
DLR00012709-2009-07-04_09-30-05	6	22	1568	442	2439	184749	95.2339536497	180736	5	156	162	143	84	97	93	265	68	68
DLR00012709-2009-07-04_09-30-05	6	23	1636	442	2732	225548	95.2339536497	222142	9	160	165	144	81	95	90	256	68	68
DLR00012709-2009-07-04_09-30-05	6	24	1704	444	2847	239375	95.2339536497	236376	5	161	166	145	81	94	91	222	68	68
DLR00012709-2009-07-04_09-30-05	7	1	136	517	3164	240585	95.2339536497	237139	3	164	168	147	87	98	95	190	68	68
DLR00012709-2009-07-04_09-30-05	7	2	207	517	2504	179412	95.2339536497	176059	0	160	164	144	88	100	95	223	68	68
DLR00012709-2009-07-04_09-30-05	7	3	272	520	2658	205218	95.2339536497	202376	0	167	172	149	87	101	95	242	68	68
DLR00012709-2009-07-04_09-30-05	7	4	338	518	2204	151432	95.2339536497	148738	5	159	165	144	88	102	97	211	68	68
DLR00012709-2009-07-04_09-30-05	7	5	408	515	2595	195433	95.2339536497	193100	1	166	171	148	86	101	96	217	68	68
DLR00012709-2009-07-04_09-30-05	7	6	475	511	2238	159798	95.2339536497	157497	0	161	167	145	87	101	96	237	68	68
DLR00012709-2009-07-04_09-30-05	7	7	544	517	2866	221363	95.2339536497	218226	5	167	172	148	86	101	94	282	68	68
DLR00012709-2009-07-04_09-30-05	7	8	613	515	2411	168815	95.2339536497	165308	4	158	164	142	86	100	94	260	68	68
DLR00012709-2009-07-04_09-30-05	7	9	681	517	2518	191402	95.2339536497	188705	2	165	170	145	85	99	93	260	68	68
DLR00012709-2009-07-04_09-30-05	7	10	747	515	2334	168762	95.2339536497	166170	2	159	165	141	84	99	92	247	68	68
DLR00012709-2009-07-04_09-30-05	7	11	820	515	2756	220051	95.2339536497	216734	0	167	171	146	84	98	92	283	68	68
DLR00012709-2009-07-04_09-30-05	7	12	887	514	2152	153112	95.2339536497	149434	0	157	162	140	84	98	91	305	68	68
DLR00012709-2009-07-04_09-30-05	7	13	955	514	2673	211808	95.2339536497	208775	4	165	170	145	83	97	91	284	68	68
DLR00012709-2009-07-04_09-30-05	7	14	1023	514	2258	157734	95.2339536497	152829	3	155	161	139	84	98	92	330	68	68
DLR00012709-2009-07-04_09-30-05	7	15	1092	516	2739	216281	95.2339536497	212738	5	165	169	145	84	98	91	297	68	68
DLR00012709-2009-07-04_09-30-05	7	16	1161	517	2337	167860	95.2339536497	163511	1	157	163	141	84	99	93	313	68	68
DLR00012709-2009-07-04_09-30-05	7	17	1229	514	2669	211065	95.2339536497	208108	2	164	169	146	83	98	92	270	68	68
DLR00012709-2009-07-04_09-30-05	7	18	1300	511	2249	161366	95.2339536497	157878	0	156	163	141	84	98	93	255	68	68
DLR00012709-2009-07-04_09-30-05	7	19	1363	513	2637	206692	95.2339536497	203875	3	163	169	146	83	98	93	259	68	68
DLR00012709-2009-07-04_09-30-05	7	20	1435	514	2279	158857	95.2339536497	154971	1	153	160	141	83	98	94	270	68	68
DLR00012709-2009-07-04_09-30-05	7	21	1500	514	2555	201162	95.2339536497	198290	5	161	167	146	83	98	94	244	68	68
DLR00012709-2009-07-04_09-30-05	7	22	1567	512	2506	189228	95.2339536497	186162	4	156	162	142	82	97	93	221	68	68
DLR00012709-2009-07-04_09-30-05	7	23	1637	515	2697	219714	95.2339536497	215900	10	160	165	145	83	96	91	256	68	68
DLR00012709-2009-07-04_09-30-05	7	24	1704	512	3055	260074	95.2339536497	257123	10	162	167	146	81	94	91	250	68	68
DLR00012709-2009-07-04_09-30-05	8	1	133	586	3267	243773	95.2339536497	241168	9	163	167	147	87	99	95	192	68	68
DLR00012709-2009-07-04_09-30-05	8	2	202	584	2462	170536	95.2339536497	166699	3	158	163	143	89	101	96	234	68	68
DLR00012709-2009-07-04_09-30-05	8	3	273	586	2642	200486	95.2339536497	197824	1	166	171	149	88	101	96	219	68	68
DLR00012709-2009-07-04_09-30-05	8	4	336	586	2107	140810	95.2339536497	137102	2	157	163	143	88	102	97	268	68	68
DLR00012709-2009-07-04_09-30-05	8	5	408	585	2617	195676	95.2339536497	192893	6	165	170	148	87	102	96	243	68	68
DLR00012709-2009-07-04_09-30-05	8	6	475	585	2142	144585	95.2339536497	140314	7	157	163	143	87	102	96	292	68	68
DLR00012709-2009-07-04_09-30-05	8	7	543	582	2705	200916	95.2339536497	197914	0	164	169	145	86	100	94	244	68	68
DLR00012709-2009-07-04_09-30-05	8	8	611	584	2356	162840	95.2339536497	159639	4	157	163	141	86	100	94	231	68	68
DLR00012709-2009-07-04_09-30-05	8	9	679	584	2578	194613	95.2339536497	191982	3	164	168	144	85	99	93	259	68	68
DLR00012709-2009-07-04_09-30-05	8	10	747	583	2275	159468	95.2339536497	155384	4	157	162	140	85	99	93	277	68	68
DLR00012709-2009-07-04_09-30-05	8	11	819	582	2499	189399	95.2339536497	186820	5	162	167	143	84	98	91	269	68	68
DLR00012709-2009-07-04_09-30-05	8	12	886	581	2268	156366	95.2339536497	151803	7	154	160	138	84	98	92	298	68	68
DLR00012709-2009-07-04_09-30-05	8	13	952	579	2481	186629	95.2339536497	183888	1	161	166	142	83	97	91	243	68	68
DLR00012709-2009-07-04_09-30-05	8	14	1024	578	2295	159534	95.2339536497	155543	0	154	160	138	83	97	91	293	68	68
DLR00012709-2009-07-04_09-30-05	8	15	1092	583	2668	203548	95.2339536497	200435	5	161	166	142	83	97	91	262	68	68
DLR00012709-2009-07-04_09-30-05	8	16	1162	587	2279	162184	95.2339536497	158391	1	155	161	139	84	98	92	283	68	68
DLR00012709-2009-07-04_09-30-05	8	17	1227	583	2657	205142	95.2339536497	201857	5	162	167	144	84	98	92	275	68	68
DLR00012709-2009-07-04_09-30-05	8	18	1294	583	2300	167559	95.2339536497	164421	1	157	163	142	84	98	93	264	68	68
DLR00012709-2009-07-04_09-30-05	8	19	1361	582	2598	197141	95.2339536497	194487	0	160	166	143	83	98	93	245	68	68
DLR00012709-2009-07-04_09-30-05	8	20	1435	582	2201	157555	95.2339536497	154445	1	155	162	141	83	98	94	249	68	68
DLR00012709-2009-07-04_09-30-05	8	21	1497	583	2517	196047	95.2339536497	193572	0	160	166	145	82	97	93	227	68	68
DLR00012709-2009-07-04_09-30-05	8	22	1564	582	2411	185192	95.2339536497	182643	1	157	163	142	82	96	92	220	68	68
DLR00012709-2009-07-04_09-30-05	8	23	1636	580	2676	217092	95.2339536497	214029	5	160	165	144	82	95	90	224	68	68
DLR00012709-2009-07-04_09-30-05	8	24	1705	579	2958	247078	95.2339536497	243601	4	160	165	145	82	95	91	227	68	68
DLR00012709-2009-07-04_09-30-05	9	1	136	655	2996	225035	95.2339536497	221826	6	163	167	147	86	99	95	174	68	68
DLR00012709-2009-07-04_09-30-05	9	2	202	653	2540	189066	95.2339536497	186303	5	163	167	146	87	101	95	194	68	68
DLR00012709-2009-07-04_09-30-05	9	3	271	653	2662	195548	95.2339536497	192788	4	164	168	147	87	101	96	210	68	68
DLR00012709-2009-07-04_09-30-05	9	4	338	651	2587	182041	95.2339536497	179362	7	161	166	145	87	102	96	212	68	68
DLR00012709-2009-07-04_09-30-05	9	5	408	654	2626	193922	95.2339536497	191096	4	165	170	148	87	102	96	230	68	68
DLR00012709-2009-07-04_09-30-05	9	6	474	654	2396	166087	95.2339536497	162657	6	159	165	143	87	102	96	229	68	68
DLR00012709-2009-07-04_09-30-05	9	7	544	653	2465	184465	95.2339536497	182066	3	164	169	146	85	100	94	245	68	68
DLR00012709-2009-07-04_09-30-05	9	8	611	650	2507	179952	95.2339536497	177791	1	160	165	142	85	100	93	230	68	68
DLR00012709-2009-07-04_09-30-05	9	9	680	652	2604	196856	95.2339536497	194196	0	163	168	144	85	99	92	229	68	68
DLR00012709-2009-07-04_09-30-05	9	10	748	651	2396	173209	95.2339536497	170411	3	158	164	140	84	98	92	240	68	68
DLR00012709-2009-07-04_09-30-05	9	11	818	653	2803	219786	95.2339536497	216462	3	165	169	145	84	98	91	302	68	68
DLR00012709-2009-07-04_09-30-05	9	12	882	652	2229	155253	95.2339536497	151727	1	155	160	138	84	98	91	267	68	68
DLR00012709-2009-07-04_09-30-05	9	13	955	653	2742	219157	95.2339536497	215747	7	164	168	144	83	97	90	291	68	68
DLR00012709-2009-07-04_09-30-05	9	14	1023	652	2362	175512	95.2339536497	171855	2	158	163	140	82	97	90	292	68	68
DLR00012709-2009-07-04_09-30-05	9	15	1091	652	2732	218654	95.2339536497	215400	3	164	168	144	83	97	90	287	68	68
DLR00012709-2009-07-04_09-30-05	9	16	1159	651	2214	159119	95.2339536497	156424	4	154	160	138	82	96	91	232	68	68
DLR00012709-2009-07-04_09-30-05	9	17	1231	651	2527	197121	95.2339536497	194617	6	161	166	142	82	97	91	241	68	68
DLR00012709-2009-07-04_09-30-05	9	18	1295	653	2289	167869	95.2339536497	163239	0	157	163	141	83	98	93	280	68	68
DLR00012709-2009-07-04_09-30-05	9	19	1365	649	2612	207595	95.2339536497	204786	3	163	169	146	83	98	93	251	68	68
DLR00012709-2009-07-04_09-30-05	9	20	1431	647	2342	172787	95.2339536497	169836	5	156	163	142	82	98	93	248	68	68
DLR00012709-2009-07-04_09-30-05	9	21	1496	645	2490	195855	95.2339536497	193354	0	161	166	145	82	97	93	266	68	68
DLR00012709-2009-07-04_09-30-05	9	22	1572	650	2206	162175	95.2339536497	158292	4	153	159	140	82	96	92	281	68	68
DLR00012709-2009-07-04_09-30-05	9	23	1634	651	2786	228621	95.2339536497	225796	1	161	166	145	82	95	90	234	68	68
DLR00012709-2009-07-04_09-30-05	9	24	1705	648	2913	241188	95.2339536497	238189	5	161	166	145	82	95	91	223	68	68
DLR00012709-2009-07-04_09-30-05	10	1	134	721	3175	240445	95.2339536497	237733	16	163	168	147	86	99	96	150	68	68
DLR00012709-2009-07-04_09-30-05	10	2	202	720	2034	140758	95.2339536497	138001	2	156	162	143	87	100	95	198	68	68
DLR00012709-2009-07-04_09-30-05	10	3	273	720	2597	196396	95.2339536497	193983	1	166	170	148	86	101	95	219	68	68
DLR00012709-2009-07-04_09-30-05	10	4	340	720	2055	140123	95.2339536497	137521	1	158	164	144	87	102	96	234	68	68
DLR00012709-2009-07-04_09-30-05	10	5	407	720	2549	192856	95.2339536497	190456	1	167	172	149	87	102	96	238	68	68
DLR00012709-2009-07-04_09-30-05	10	6	476	720	2342	163491	95.2339536497	160300	5	159	165	143	86	101	95	231	68	68
DLR00012709-2009-07-04_09-30-05	10	7	544	721	2607	197416	95.2339536497	194865	4	165	169	146	85	100	94	246	68	68
DLR00012709-2009-07-04_09-30-05	10	8	618	721	2202	150310	95.2339536497	147610	1	155	161	139	85	99	93	228	68	68
DLR00012709-2009-07-04_09-30-05	10	9	681	720	2556	193704	95.2339536497	190844	4	162	167	144	84	98	92	256	68	68
DLR00012709-2009-07-04_09-30-05	10	10	747	720	2386	167178	95.2339536497	164497	6	155	161	138	84	98	91	228	68	68
DLR00012709-2009-07-04_09-30-05	10	11	819	723	2548	190770	95.2339536497	188049	2	161	166	142	83	97	91	262	68	68
DLR00012709-2009-07-04_09-30-05	10	12	884	718	2308	168234	95.2339536497	165014	5	157	163	140	83	98	91	283	68	68
DLR00012709-2009-07-04_09-30-05	10	13	954	720	2559	199203	95.2339536497	195993	3	161	166	142	83	97	90	274	68	68
DLR00012709-2009-07-04_09-30-05	10	14	1019	722	2327	166218	95.2339536497	162904	0	155	160	138	83	97	91	261	68	68
DLR00012709-2009-07-04_09-30-05	10	15	1090	719	2653	209075	95.2339536497	205797	1	162	167	142	82	96	90	270	68	68
DLR00012709-2009-07-04_09-30-05	10	16	1155	715	2239	166717	95.2339536497	162919	0	156	162	140	82	97	91	265	68	68
DLR00012709-2009-07-04_09-30-05	10	17	1228	719	2695	217215	95.2339536497	214211	1	163	168	144	82	96	91	291	68	68
DLR00012709-2009-07-04_09-30-05	10	18	1295	719	2116	152781	95.2339536497	148590	3	154	161	140	83	98	93	274	68	68
DLR00012709-2009-07-04_09-30-05	10	19	1364	715	2547	197648	95.2339536497	194494	3	160	166	144	82	97	92	276	68	68
DLR00012709-2009-07-04_09-30-05	10	20	1433	715	2113	146464	95.2339536497	143097	3	151	159	139	82	97	93	263	68	68
DLR00012709-2009-07-04_09-30-05	10	21	1501	716	2563	203682	95.2339536497	201045	5	161	166	145	82	97	93	245	68	68
DLR00012709-2009-07-04_09-30-05	10	22	1568	719	2455	191934	95.2339536497	188767	3	157	163	143	82	96	92	265	68	68
DLR00012709-2009-07-04_09-30-05	10	23	1633	719	2778	227831	95.2339536497	224939	4	161	166	144	82	95	90	244	68	68
DLR00012709-2009-07-04_09-30-05	10	24	1701	715	2901	237645	95.2339536497	233860	2	160	165	145	82	95	90	232	68	68
DLR00012709-2009-07-04_09-30-05	11	1	137	790	3087	227724	95.2339536497	225306	26	163	167	147	86	99	95	135	68	68
DLR00012709-2009-07-04_09-30-05	11	2	205	786	2563	187871	95.2339536497	184638	3	162	167	146	88	102	96	215	68	68
DLR00012709-2009-07-04_09-30-05	11	3	269	788	2777	216379	95.2339536497	213996	1	168	173	150	88	101	96	236	68	68
DLR00012709-2009-07-04_09-30-05	11	4	336	790	2370	164001	95.2339536497	160891	0	160	166	145	88	102	96	208	68	68
DLR00012709-2009-07-04_09-30-05	11	5	413	792	2762	205937	95.2339536497	202855	0	166	171	148	88	102	96	253	68	68
DLR00012709-2009-07-04_09-30-05	11	6	477	789	2374	163139	95.2339536497	160264	2	158	164	143	86	101	95	226	68	68
DLR00012709-2009-07-04_09-30-05	11	7	544	791	2621	197551	95.2339536497	194733	2	164	169	146	86	100	94	252	68	68
DLR00012709-2009-07-04_09-30-05	11	8	613	788	2380	166240	95.2339536497	162918	7	157	162	141	85	99	93	242	68	68
DLR00012709-2009-07-04_09-30-05	11	9	681	791	2748	215414	95.2339536497	212393	3	165	169	145	84	99	92	263	68	68
DLR00012709-2009-07-04_09-30-05	11	10	750	789	2224	160318	95.2339536497	157815	1	157	163	140	83	98	91	237	68	68
DLR00012709-2009-07-04_09-30-05	11	11	818	788	2577	194075	95.2339536497	191231	3	160	165	142	83	97	91	260	68	68
DLR00012709-2009-07-04_09-30-05	11	12	884	785	2302	170775	95.2339536497	168035	1	158	163	140	82	97	91	255	68	68
DLR00012709-2009-07-04_09-30-05	11	13	955	789	2716	220345	95.2339536497	217172	4	164	169	144	82	97	90	284	68	68
DLR00012709-2009-07-04_09-30-05	11	14	1022	788	2294	164815	95.2339536497	161437	4	154	160	137	83	97	91	252	68	68
DLR00012709-2009-07-04_09-30-05	11	15	1090	794	2586	206352	95.2339536497	203069	0	161	166	142	82	96	90	266	68	68
DLR00012709-2009-07-04_09-30-05	11	16	1160	787	2230	163230	95.2339536497	159577	5	154	160	138	82	96	91	262	68	68
DLR00012709-2009-07-04_09-30-05	11	17	1230	789	2577	201154	95.2339536497	198144	5	160	165	142	82	96	91	256	68	68
DLR00012709-2009-07-04_09-30-05	11	18	1296	788	2361	177803	95.2339536497	174512	4	157	163	141	82	97	92	258	68	68
DLR00012709-2009-07-04_09-30-05	11	19	1364	784	2618	208361	95.2339536497	205340	1	161	166	144	82	97	92	284	68	68
DLR00012709-2009-07-04_09-30-05	11	20	1432	783	2161	157839	95.2339536497	154418	5	154	161	141	82	97	93	251	68	68
DLR00012709-2009-07-04_09-30-05	11	21	1497	783	2496	197013	95.2339536497	194287	1	160	165	144	83	97	92	262	68	68
DLR00012709-2009-07-04_09-30-05	11	22	1569	784	2405	176389	95.2339536497	172572	8	152	158	139	83	96	92	254	68	68
DLR00012709-2009-07-04_09-30-05	11	23	1637	787	2735	229693	95.2339536497	226482	2	161	166	144	81	94	89	235	68	68
DLR00012709-2009-07-04_09-30-05	11	24	1704	784	2975	249658	95.2339536497	246189	7	160	164	144	81	94	90	237	68	68
DLR00012709-2009-07-04_09-30-05	12	1	135	857	3168	235546	95.2339536497	232745	8	163	167	147	87	100	96	135	68	68
DLR00012709-2009-07-04_09-30-05	12	2	204	856	2413	166890	95.2339536497	163464	5	158	163	143	88	101	96	224	68	68
DLR00012709-2009-07-04_09-30-05	12	3	277	862	2606	196190	95.2339536497	193917	1	165	170	148	87	101	95	213	68	68
DLR00012709-2009-07-04_09-30-05	12	4	340	859	2187	146498	95.2339536497	141787	6	158	164	144	89	103	97	283	68	68
DLR00012709-2009-07-04_09-30-05	12	5	411	859	2611	193702	95.2339536497	191074	0	165	170	148	88	102	96	234	68	68
DLR00012709-2009-07-04_09-30-05	12	6	476	856	2261	152160	95.2339536497	149932	4	156	162	141	86	101	96	199	68	68
DLR00012709-2009-07-04_09-30-05	12	7	547	859	2614	195359	95.2339536497	192913	1	163	168	145	85	100	94	227	68	68
DLR00012709-2009-07-04_09-30-05	12	8	613	856	2189	155646	95.2339536497	152209	3	157	163	141	85	99	93	263	68	68
DLR00012709-2009-07-04_09-30-05	12	9	682	857	2530	195173	95.2339536497	192540	6	163	168	144	84	98	92	227	68	68
DLR00012709-2009-07-04_09-30-05	12	10	753	860	2092	142248	95.2339536497	138018	1	152	158	137	84	98	92	244	68	68
DLR00012709-2009-07-04_09-30-05	12	11	816	856	2568	204180	95.2339536497	201546	3	163	168	144	83	97	91	265	68	68
DLR00012709-2009-07-04_09-30-05	12	12	885	857	1998	147426	95.2339536497	144853	0	156	162	139	82	97	91	238	68	68
DLR00012709-2009-07-04_09-30-05	12	13	954	856	2513	194355	95.2339536497	191334	3	159	164	141	82	96	90	265	68	68
DLR00012709-2009-07-04_09-30-05	12	14	1022	853	2318	172458	95.2339536497	169312	4	155	161	139	82	96	90	263	68	68
DLR00012709-2009-07-04_09-30-05	12	15	1092	855	2576	206773	95.2339536497	203450	1	161	166	142	82	96	90	276	68	68
DLR00012709-2009-07-04_09-30-05	12	16	1158	855	2229	163945	95.2339536497	160959	4	154	160	138	81	96	90	257	68	68
DLR00012709-2009-07-04_09-30-05	12	17	1227	855	2685	217655	95.2339536497	213966	0	162	167	144	82	96	90	301	68	68
DLR00012709-2009-07-04_09-30-05	12	18	1294	855	2379	176679	95.2339536497	173825	2	155	161	139	81	96	91	247	68	68
DLR00012709-2009-07-04_09-30-05	12	19	1363	851	2436	197635	95.2339536497	194989	1	162	167	144	81	96	91	272	68	68
DLR00012709-2009-07-04_09-30-05	12	20	1430	846	2073	156385	95.2339536497	153375	0	155	161	141	81	96	92	250	68	68
DLR00012709-2009-07-04_09-30-05	12	21	1499	855	2617	212235	95.2339536497	209755	3	161	166	145	82	96	92	255	68	68
DLR00012709-2009-07-04_09-30-05	12	22	1569	852	2233	166986	95.2339536497	163364	9	153	159	140	82	96	91	262	68	68
DLR00012709-2009-07-04_09-30-05	12	23	1640	853	2625	214986	95.2339536497	211782	2	158	163	142	81	93	89	220	68	68
DLR00012709-2009-07-04_09-30-05	12	24	1705	855	2955	247261	95.2339536497	244266	6	159	164	144	81	93	90	216	68	68
DLR00012709-2009-07-04_09-30-05	13	1	137	927	3121	232802	95.2339536497	230347	6	163	167	147	87	99	95	128	68	68
DLR00012709-2009-07-04_09-30-05	13	2	205	927	2462	177355	95.2339536497	174598	5	160	165	145	88	100	95	180	68	68
DLR00012709-2009-07-04_09-30-05	13	3	272	927	2516	190913	95.2339536497	188758	4	166	170	148	88	101	95	203	68	68
DLR00012709-2009-07-04_09-30-05	13	4	340	927	2195	150041	95.2339536497	147834	6	159	164	144	87	101	96	221	68	68
DLR00012709-2009-07-04_09-30-05	13	5	410	927	2545	187033	95.2339536497	184349	7	164	169	147	87	101	96	252	68	68
DLR00012709-2009-07-04_09-30-05	13	6	478	927	2302	158147	95.2339536497	154898	2	158	164	143	87	101	96	237	68	68
DLR00012709-2009-07-04_09-30-05	13	7	546	925	2656	200398	95.2339536497	197712	3	164	169	146	86	100	94	240	68	68
DLR00012709-2009-07-04_09-30-05	13	8	614	925	2183	152108	95.2339536497	149110	4	155	161	140	85	99	93	220	68	68
DLR00012709-2009-07-04_09-30-05	13	9	683	926	2667	209134	95.2339536497	206315	3	164	169	145	84	98	92	242	68	68
DLR00012709-2009-07-04_09-30-05	13	10	749	925	2431	176752	95.2339536497	173388	0	157	162	140	84	98	92	262	68	68
DLR00012709-2009-07-04_09-30-05	13	11	820	924	2624	209621	95.2339536497	206436	3	164	168	144	83	97	91	278	68	68
DLR00012709-2009-07-04_09-30-05	13	12	887	925	2221	160160	95.2339536497	156924	3	154	160	138	83	97	91	270	68	68
DLR00012709-2009-07-04_09-30-05	13	13	956	924	2576	209524	95.2339536497	206620	4	163	167	143	82	96	90	269	68	68
DLR00012709-2009-07-04_09-30-05	13	14	1023	923	2207	163345	95.2339536497	159616	4	155	160	139	82	96	90	276	68	68
DLR00012709-2009-07-04_09-30-05	13	15	1092	923	2573	209022	95.2339536497	205836	4	161	166	142	81	95	90	287	68	68
DLR00012709-2009-07-04_09-30-05	13	16	1161	923	2037	153716	95.2339536497	150187	3	154	160	139	81	95	90	298	68	68
DLR00012709-2009-07-04_09-30-05	13	17	1230	922	2487	197950	95.2339536497	194796	2	160	165	142	82	96	90	268	68	68
DLR00012709-2009-07-04_09-30-05	13	18	1296	922	2456	187070	95.2339536497	183044	1	158	163	142	82	97	91	304	68	68
DLR00012709-2009-07-04_09-30-05	13	19	1365	924	2501	203537	95.2339536497	200948	4	162	167	144	81	96	91	263	68	68
DLR00012709-2009-07-04_09-30-05	13	20	1433	922	2315	175420	95.2339536497	172525	4	155	161	140	82	96	91	273	68	68
DLR00012709-2009-07-04_09-30-05	13	21	1502	924	2632	218674	95.2339536497	215695	8	162	167	145	82	96	91	265	68	68
DLR00012709-2009-07-04_09-30-05	13	22	1567	918	2350	180578	95.2339536497	178490	1	153	159	139	80	94	90	218	68	68
DLR00012709-2009-07-04_09-30-05	13	23	1637	923	2868	243789	95.2339536497	240745	7	160	164	143	82	94	89	259	68	68
DLR00012709-2009-07-04_09-30-05	13	24	1706	922	3030	252193	95.2339536497	248949	7	160	164	144	81	93	89	219	68	68
DLR00012709-2009-07-04_09-30-05	14	1	138	998	3069	226936	95.2339536497	223929	4	163	167	146	88	99	95	151	68	68
DLR00012709-2009-07-04_09-30-05	14	2	205	990	2261	156741	95.2339536497	153158	2	158	162	144	88	100	95	236	68	68
DLR00012709-2009-07-04_09-30-05	14	3	274	993	2611	198722	95.2339536497	196491	4	167	171	149	88	101	96	223	68	68
DLR00012709-2009-07-04_09-30-05	14	4	343	993	2178	147969	95.2339536497	144560	5	159	164	145	88	102	97	272	68	68
DLR00012709-2009-07-04_09-30-05	14	5	409	995	2639	192178	95.2339536497	189744	6	165	169	147	88	102	96	230	68	68
DLR00012709-2009-07-04_09-30-05	14	6	477	994	2308	151355	95.2339536497	146936	2	155	162	142	88	102	97	247	68	68
DLR00012709-2009-07-04_09-30-05	14	7	546	993	2582	194606	95.2339536497	192077	4	164	169	146	86	100	95	231	68	68
DLR00012709-2009-07-04_09-30-05	14	8	620	989	2149	150838	95.2339536497	147410	0	156	162	141	85	99	94	278	68	68
DLR00012709-2009-07-04_09-30-05	14	9	683	993	2489	197228	95.2339536497	194627	2	164	169	145	83	98	92	243	68	68
DLR00012709-2009-07-04_09-30-05	14	10	752	991	2282	165405	95.2339536497	161609	3	155	161	140	84	98	92	281	68	68
DLR00012709-2009-07-04_09-30-05	14	11	819	991	2539	199655	95.2339536497	196752	3	161	166	143	83	97	91	283	68	68
DLR00012709-2009-07-04_09-30-05	14	12	886	992	2166	163594	95.2339536497	159260	4	157	163	141	83	97	91	306	68	68
DLR00012709-2009-07-04_09-30-05	14	13	956	991	2395	193520	95.2339536497	190493	4	161	166	143	82	96	90	287	68	68
DLR00012709-2009-07-04_09-30-05	14	14	1023	991	2221	167523	95.2339536497	162659	3	155	161	139	82	96	91	346	68	68
DLR00012709-2009-07-04_09-30-05	14	15	1094	991	2328	189488	95.2339536497	185732	0	160	165	142	81	95	90	326	68	68
DLR00012709-2009-07-04_09-30-05	14	16	1160	991	2099	159406	95.2339536497	155149	4	154	160	139	81	95	90	328	68	68
DLR00012709-2009-07-04_09-30-05	14	17	1228	990	2510	206494	95.2339536497	203551	0	162	167	144	81	95	90	274	68	68
DLR00012709-2009-07-04_09-30-05	14	18	1296	989	2218	165405	95.2339536497	160567	5	154	160	140	82	96	92	349	68	68
DLR00012709-2009-07-04_09-30-05	14	19	1365	989	2261	177206	95.2339536497	173330	2	157	163	142	82	96	91	291	68	68
DLR00012709-2009-07-04_09-30-05	14	20	1433	986	1959	146543	95.2339536497	142573	0	153	159	140	81	95	91	306	68	68
DLR00012709-2009-07-04_09-30-05	14	21	1499	990	2507	203163	95.2339536497	200541	1	160	164	143	81	95	90	253	68	68
DLR00012709-2009-07-04_09-30-05	14	22	1570	988	2262	168101	95.2339536497	163945	8	150	156	137	82	94	90	286	68	68
DLR00012709-2009-07-04_09-30-05	14	23	1634	990	2645	219759	95.2339536497	216915	5	158	162	141	80	92	88	245	68	68
DLR00012709-2009-07-04_09-30-05	14	24	1705	987	2830	231276	95.2339536497	227641	15	157	161	142	81	93	89	219	68	68
DLR00012709-2009-07-04_09-30-05	15	1	136	1065	3087	222071	95.2339536497	219733	8	160	164	145	87	98	95	103	68	68
DLR00012709-2009-07-04_09-30-05	15	2	205	1063	2497	173114	95.2339536497	168947	9	157	162	144	88	100	97	256	68	68
DLR00012709-2009-07-04_09-30-05	15	3	273	1063	2722	193822	95.2339536497	190959	4	164	168	148	89	101	97	212	68	68
DLR00012709-2009-07-04_09-30-05	15	4	336	1058	2495	160577	95.2339536497	157356	2	155	161	143	89	103	98	192	68	68
DLR00012709-2009-07-04_09-30-05	15	5	410	1062	2650	189636	95.2339536497	186699	5	163	168	147	87	101	98	249	68	68
DLR00012709-2009-07-04_09-30-05	15	6	478	1061	2340	159628	95.2339536497	156444	2	158	163	144	87	101	97	227	68	68
DLR00012709-2009-07-04_09-30-05	15	7	547	1063	2614	194494	95.2339536497	191785	2	163	168	147	87	101	96	260	68	68
DLR00012709-2009-07-04_09-30-05	15	8	614	1062	2253	159924	95.2339536497	155820	4	157	164	144	85	100	96	284	68	68
DLR00012709-2009-07-04_09-30-05	15	9	684	1061	2576	200728	95.2339536497	198149	3	163	168	146	84	98	94	262	68	68
DLR00012709-2009-07-04_09-30-05	15	10	751	1062	2372	174180	95.2339536497	170454	2	156	162	141	83	97	93	306	68	68
DLR00012709-2009-07-04_09-30-05	15	11	819	1062	2559	204815	95.2339536497	202030	7	160	166	144	82	96	92	275	68	68
DLR00012709-2009-07-04_09-30-05	15	12	888	1061	2382	182846	95.2339536497	179567	3	156	162	141	81	96	92	285	68	68
DLR00012709-2009-07-04_09-30-05	15	13	957	1062	2530	205754	95.2339536497	202727	6	160	165	143	82	96	91	272	68	68
DLR00012709-2009-07-04_09-30-05	15	14	1021	1057	2305	172090	95.2339536497	168038	0	152	159	139	81	95	91	312	68	68
DLR00012709-2009-07-04_09-30-05	15	15	1094	1062	2615	221712	95.2339536497	218464	4	161	166	144	82	95	91	284	68	68
DLR00012709-2009-07-04_09-30-05	15	16	1162	1059	2198	165805	95.2339536497	161773	5	153	159	140	81	95	91	300	68	68
DLR00012709-2009-07-04_09-30-05	15	17	1230	1060	2496	206140	95.2339536497	203639	1	161	166	144	81	95	91	259	68	68
DLR00012709-2009-07-04_09-30-05	15	18	1297	1059	2213	160195	95.2339536497	156347	4	151	158	139	82	96	93	285	68	68
DLR00012709-2009-07-04_09-30-05	15	19	1360	1058	2553	204154	95.2339536497	201101	1	159	165	144	82	96	92	292	68	68
DLR00012709-2009-07-04_09-30-05	15	20	1433	1059	2441	187018	95.2339536497	184541	3	155	161	142	82	96	92	242	68	68
DLR00012709-2009-07-04_09-30-05	15	21	1501	1057	2494	204092	95.2339536497	201577	1	160	165	145	82	95	92	276	68	68
DLR00012709-2009-07-04_09-30-05	15	22	1568	1055	2343	175048	95.2339536497	171855	5	151	157	139	81	94	91	273	68	68
DLR00012709-2009-07-04_09-30-05	15	23	1638	1057	2723	216581	95.2339536497	214560	20	155	160	141	81	92	89	199	68	68
DLR00012709-2009-07-04_09-30-05	15	24	1707	1058	2946	242084	95.2339536497	238843	11	158	162	143	82	93	90	192	68	68
DLR00012709-2009-07-04_09-30-05	16	1	133	1137	3176	195243	95.2339536497	192595	36	161	164	148	97	106	104	235	68	68
DLR00012709-2009-07-04_09-30-05	16	2	211	1128	2603	143256	95.2339536497	141840	29	158	162	146	94	105	101	81	68	68
DLR00012709-2009-07-04_09-30-05	16	3	277	1130	2827	169447	95.2339536497	166662	22	164	168	150	97	108	104	150	68	68
DLR00012709-2009-07-04_09-30-05	16	4	338	1130	2501	138357	95.2339536497	135905	13	158	163	148	97	108	105	145	68	68
DLR00012709-2009-07-04_09-30-05	16	5	416	1128	2512	162068	95.2339536497	160521	10	163	168	150	92	105	102	181	68	68
DLR00012709-2009-07-04_09-30-05	16	6	479	1132	2130	125926	95.2339536497	121995	5	154	161	145	94	107	103	179	68	68
DLR00012709-2009-07-04_09-30-05	16	7	547	1130	2754	193195	95.2339536497	190538	3	164	169	150	93	106	102	208	68	68
DLR00012709-2009-07-04_09-30-05	16	8	615	1127	2406	155549	95.2339536497	152240	3	156	162	145	88	102	99	235	68	68
DLR00012709-2009-07-04_09-30-05	16	9	684	1129	2677	191584	95.2339536497	188521	11	159	165	146	88	102	98	242	68	68
DLR00012709-2009-07-04_09-30-05	16	10	754	1127	2472	166460	95.2339536497	162283	3	153	160	142	86	100	96	283	68	68
DLR00012709-2009-07-04_09-30-05	16	11	819	1130	2733	204508	95.2339536497	201536	7	161	166	146	88	101	97	231	68	68
DLR00012709-2009-07-04_09-30-05	16	12	882	1126	2363	155246	95.2339536497	152037	5	152	159	142	86	100	96	215	68	68
DLR00012709-2009-07-04_09-30-05	16	13	957	1129	2648	197823	95.2339536497	194692	8	160	165	145	87	101	97	245	68	68
DLR00012709-2009-07-04_09-30-05	16	14	1022	1125	2400	163616	95.2339536497	160158	5	151	158	140	84	98	95	225	68	68
DLR00012709-2009-07-04_09-30-05	16	15	1094	1129	2618	193647	95.2339536497	189902	12	157	163	144	87	101	97	285	68	68
DLR00012709-2009-07-04_09-30-05	16	16	1159	1129	2441	164431	95.2339536497	160853	4	152	159	142	88	102	99	233	68	68
DLR00012709-2009-07-04_09-30-05	16	17	1230	1128	2676	192271	95.2339536497	189671	3	160	165	146	89	102	99	200	68	68
DLR00012709-2009-07-04_09-30-05	16	18	1298	1127	2244	143549	95.2339536497	141421	6	152	159	142	90	103	100	146	68	68
DLR00012709-2009-07-04_09-30-05	16	19	1365	1126	2601	177809	95.2339536497	175579	6	159	164	146	90	103	99	203	68	68
DLR00012709-2009-07-04_09-30-05	16	20	1432	1126	2504	159070	95.2339536497	155856	14	154	160	143	91	104	100	172	68	68
DLR00012709-2009-07-04_09-30-05	16	21	1502	1122	2561	183311	95.2339536497	181206	6	160	165	148	88	101	98	171	68	68
DLR00012709-2009-07-04_09-30-05	16	22	1568	1126	2513	167190	95.2339536497	165278	7	153	158	143	90	102	99	130	68	68
DLR00012709-2009-07-04_09-30-05	16	23	1634	1125	2839	196709	95.2339536497	194497	16	156	161	143	91	101	98	127	68	68
DLR00012709-2009-07-04_09-30-05	16	24	1706	1125	2838	190964	95.2339536497	188792	11	156	160	143	90	100	98	73	68	68
