DLR00012647-2009-07-01_08-47-30	1	1	154	132	52	347	90.8677835218	7589	3	85	95	94	77	89	90	358	68	68
DLR00012647-2009-07-01_08-47-30	1	2	216	125	32	201	90.8677835218	7726	0	81	95	96	77	91	93	241	68	68
DLR00012647-2009-07-01_08-47-30	1	3	282	124	36	209	90.8677835218	7719	0	85	99	99	80	94	96	259	68	68
DLR00012647-2009-07-01_08-47-30	1	4	332	124	24	163	90.8677835218	6622	0	87	100	101	80	96	98	222	68	68
DLR00012647-2009-07-01_08-47-30	1	5	424	131	42	513	90.8677835218	6440	0	94	107	106	79	96	98	309	68	68
DLR00012647-2009-07-01_08-47-30	1	6	485	124	12	72	90.8677835218	6267	0	86	101	102	80	97	99	185	68	68
DLR00012647-2009-07-01_08-47-30	1	7	554	124	36	219	90.8677835218	6819	1	88	104	104	80	97	99	271	68	68
DLR00012647-2009-07-01_08-47-30	1	8	634	150	14	115	90.8677835218	5934	0	86	102	101	78	96	97	193	68	68
DLR00012647-2009-07-01_08-47-30	1	9	673	131	14	115	90.8677835218	6309	0	87	102	101	79	97	98	218	68	68
DLR00012647-2009-07-01_08-47-30	1	10	732	129	9	64	90.8677835218	6115	0	86	103	103	78	96	97	207	68	68
DLR00012647-2009-07-01_08-47-30	1	11	832	123	24	142	90.8677835218	6822	5	84	101	101	79	96	97	194	68	68
DLR00012647-2009-07-01_08-47-30	1	12	881	128	14	78	90.8677835218	6174	0	85	101	101	78	96	97	211	68	68
DLR00012647-2009-07-01_08-47-30	1	13	961	131	41	399	90.8677835218	6157	0	88	104	103	78	96	97	306	68	68
DLR00012647-2009-07-01_08-47-30	1	14	1007	130	11	74	90.8677835218	6449	0	84	101	101	78	96	96	249	68	68
DLR00012647-2009-07-01_08-47-30	1	15	1081	131	31	228	90.8677835218	6646	0	84	101	101	78	96	97	268	68	68
DLR00012647-2009-07-01_08-47-30	1	16	1152	138	52	442	90.8677835218	6375	2	85	101	101	77	95	97	316	68	68
DLR00012647-2009-07-01_08-47-30	1	17	1247	126	23	160	90.8677835218	6289	5	85	102	102	78	96	98	255	68	68
DLR00012647-2009-07-01_08-47-30	1	18	1304	122	14	126	90.8677835218	7063	0	88	104	104	79	96	98	242	68	68
DLR00012647-2009-07-01_08-47-30	1	19	1362	121	20	140	90.8677835218	7213	0	86	101	102	79	95	97	226	68	68
DLR00012647-2009-07-01_08-47-30	1	20	1431	121	78	495	90.8677835218	7935	0	87	100	100	79	95	97	313	68	68
DLR00012647-2009-07-01_08-47-30	1	21	1501	142	86	456	90.8677835218	8486	3	78	94	96	75	91	93	287	68	68
DLR00012647-2009-07-01_08-47-30	1	22	1567	122	78	469	90.8677835218	8392	0	81	94	94	75	89	91	281	68	68
DLR00012647-2009-07-01_08-47-30	1	23	1636	121	59	361	90.8677835218	8259	1	79	91	92	74	87	88	270	68	68
DLR00012647-2009-07-01_08-47-30	1	24	1689	145	111	624	90.8677835218	8212	5	74	86	87	72	85	86	240	68	68
DLR00012647-2009-07-01_08-47-30	2	1	110	188	98	517	90.8677835218	8093	4	82	93	92	77	89	90	503	68	68
DLR00012647-2009-07-01_08-47-30	2	2	196	173	63	389	90.8677835218	7496	5	78	93	94	75	89	91	240	68	68
DLR00012647-2009-07-01_08-47-30	2	3	264	175	32	166	90.8677835218	7464	0	80	94	97	76	92	94	238	68	68
DLR00012647-2009-07-01_08-47-30	2	4	328	175	40	242	90.8677835218	6716	1	82	97	98	78	93	96	248	68	68
DLR00012647-2009-07-01_08-47-30	2	5	408	186	14	84	90.8677835218	5804	0	83	99	100	77	94	96	251	68	68
DLR00012647-2009-07-01_08-47-30	2	6	464	181	8	43	90.8677835218	4949	0	82	98	100	78	95	96	191	68	68
DLR00012647-2009-07-01_08-47-30	2	7	536	177	28	182	90.8677835218	5514	0	84	100	100	78	95	96	224	68	68
DLR00012647-2009-07-01_08-47-30	2	8	593	179	26	162	90.8677835218	5720	1	82	100	100	77	95	96	215	68	68
DLR00012647-2009-07-01_08-47-30	2	9	668	166	13	109	90.8677835218	5780	0	86	101	101	77	95	96	187	68	68
DLR00012647-2009-07-01_08-47-30	2	10	756	179	29	182	90.8677835218	6610	1	81	98	98	76	94	95	214	68	68
DLR00012647-2009-07-01_08-47-30	2	11	809	167	21	114	90.8677835218	7845	0	80	97	97	76	94	94	190	68	68
DLR00012647-2009-07-01_08-47-30	2	12	871	179	33	210	90.8677835218	6547	0	80	98	98	76	94	94	160	68	68
DLR00012647-2009-07-01_08-47-30	2	13	950	176	9	51	90.8677835218	5716	0	80	99	98	76	95	95	133	68	68
DLR00012647-2009-07-01_08-47-30	2	14	1024	177	29	186	90.8677835218	7976	5	81	98	98	76	94	94	214	68	68
DLR00012647-2009-07-01_08-47-30	2	15	1079	180	26	161	90.8677835218	7678	2	81	98	98	76	94	94	197	68	68
DLR00012647-2009-07-01_08-47-30	2	16	1161	181	104	787	90.8677835218	8210	0	82	99	99	76	94	95	377	68	68
DLR00012647-2009-07-01_08-47-30	2	17	1230	179	32	197	90.8677835218	6789	2	80	98	98	76	94	95	208	68	68
DLR00012647-2009-07-01_08-47-30	2	18	1287	178	30	177	90.8677835218	7565	0	80	97	98	76	94	95	236	68	68
DLR00012647-2009-07-01_08-47-30	2	19	1368	176	24	128	90.8677835218	7910	1	80	96	97	76	93	95	266	68	68
DLR00012647-2009-07-01_08-47-30	2	20	1433	180	62	380	90.8677835218	8002	0	80	97	97	75	93	95	311	68	68
DLR00012647-2009-07-01_08-47-30	2	21	1494	167	93	485	90.8677835218	8476	1	77	93	95	74	91	93	227	68	68
DLR00012647-2009-07-01_08-47-30	2	22	1562	171	94	520	90.8677835218	7612	1	75	90	93	72	88	91	307	68	68
DLR00012647-2009-07-01_08-47-30	2	23	1633	173	110	598	90.8677835218	8165	0	72	87	89	70	85	87	303	68	68
DLR00012647-2009-07-01_08-47-30	2	24	1708	167	169	930	90.8677835218	9139	0	74	86	87	72	84	85	257	68	68
DLR00012647-2009-07-01_08-47-30	3	1	113	245	96	500	90.8677835218	9277	3	81	92	92	77	89	90	443	68	68
DLR00012647-2009-07-01_08-47-30	3	2	202	244	52	324	90.8677835218	7209	2	80	94	95	76	90	92	250	68	68
DLR00012647-2009-07-01_08-47-30	3	3	258	249	41	285	90.8677835218	7782	1	81	96	97	76	92	93	254	68	68
DLR00012647-2009-07-01_08-47-30	3	4	336	245	37	224	90.8677835218	6994	2	81	97	98	77	94	95	250	68	68
DLR00012647-2009-07-01_08-47-30	3	5	415	252	18	125	90.8677835218	5768	0	84	100	100	77	94	96	251	68	68
DLR00012647-2009-07-01_08-47-30	3	6	471	237	24	145	90.8677835218	4959	0	83	99	99	78	95	96	248	68	68
DLR00012647-2009-07-01_08-47-30	3	7	526	230	22	122	90.8677835218	4800	1	82	99	99	78	95	96	224	68	68
DLR00012647-2009-07-01_08-47-30	3	8	618	239	11	62	90.8677835218	5999	1	82	99	99	77	95	95	187	68	68
DLR00012647-2009-07-01_08-47-30	3	9	666	230	15	96	90.8677835218	5537	0	83	100	99	77	95	95	175	68	68
DLR00012647-2009-07-01_08-47-30	3	10	737	230	50	315	90.8677835218	6231	0	81	98	97	77	94	94	199	68	68
DLR00012647-2009-07-01_08-47-30	3	11	804	241	36	246	90.8677835218	8773	0	81	98	98	76	94	94	238	68	68
DLR00012647-2009-07-01_08-47-30	3	12	881	250	55	302	90.8677835218	7023	0	79	97	97	76	94	94	176	68	68
DLR00012647-2009-07-01_08-47-30	3	13	960	242	136	772	90.8677835218	7537	4	80	98	96	76	94	94	278	68	68
DLR00012647-2009-07-01_08-47-30	3	14	1025	235	38	255	90.8677835218	8171	2	81	98	98	75	94	94	208	68	68
DLR00012647-2009-07-01_08-47-30	3	15	1090	243	23	135	90.8677835218	7676	0	80	98	97	76	94	94	182	68	68
DLR00012647-2009-07-01_08-47-30	3	16	1156	249	29	188	90.8677835218	8369	0	81	98	98	76	94	94	192	68	68
DLR00012647-2009-07-01_08-47-30	3	17	1222	229	37	266	90.8677835218	8211	2	82	99	98	76	94	94	212	68	68
DLR00012647-2009-07-01_08-47-30	3	18	1292	250	36	203	90.8677835218	7839	0	80	97	97	76	93	94	260	68	68
DLR00012647-2009-07-01_08-47-30	3	19	1363	231	33	184	90.8677835218	7953	3	79	96	97	75	93	95	283	68	68
DLR00012647-2009-07-01_08-47-30	3	20	1428	234	33	193	90.8677835218	7388	1	79	96	97	75	92	94	250	68	68
DLR00012647-2009-07-01_08-47-30	3	21	1506	237	28	163	90.8677835218	7066	0	78	94	95	74	90	93	191	68	68
DLR00012647-2009-07-01_08-47-30	3	22	1568	241	88	496	90.8677835218	8132	4	76	91	93	72	88	91	281	68	68
DLR00012647-2009-07-01_08-47-30	3	23	1634	242	122	653	90.8677835218	7674	1	73	88	90	70	85	88	250	68	68
DLR00012647-2009-07-01_08-47-30	3	24	1692	240	143	785	90.8677835218	7782	5	72	85	87	69	83	85	238	68	68
DLR00012647-2009-07-01_08-47-30	4	1	109	314	90	484	90.8677835218	8401	1	84	94	94	79	90	91	591	68	68
DLR00012647-2009-07-01_08-47-30	4	2	191	313	53	283	90.8677835218	7364	1	79	93	95	75	90	92	290	68	68
DLR00012647-2009-07-01_08-47-30	4	3	267	303	38	210	90.8677835218	7828	0	80	95	97	76	92	94	264	68	68
DLR00012647-2009-07-01_08-47-30	4	4	329	310	72	596	90.8677835218	7509	0	84	99	99	77	94	95	299	68	68
DLR00012647-2009-07-01_08-47-30	4	5	404	318	20	198	90.8677835218	5711	0	87	103	103	77	94	96	214	68	68
DLR00012647-2009-07-01_08-47-30	4	6	478	307	27	215	90.8677835218	5986	0	85	101	100	77	95	96	248	68	68
DLR00012647-2009-07-01_08-47-30	4	7	534	295	33	227	90.8677835218	5306	0	83	100	100	77	95	95	250	68	68
DLR00012647-2009-07-01_08-47-30	4	8	614	317	30	188	90.8677835218	5230	1	82	100	99	77	95	95	272	68	68
DLR00012647-2009-07-01_08-47-30	4	9	679	317	14	96	90.8677835218	5050	0	84	100	99	77	94	94	191	68	68
DLR00012647-2009-07-01_08-47-30	4	10	748	318	54	289	90.8677835218	6203	1	80	97	96	77	94	94	205	68	68
DLR00012647-2009-07-01_08-47-30	4	11	812	305	42	229	90.8677835218	8581	1	80	97	96	76	94	94	161	68	68
DLR00012647-2009-07-01_08-47-30	4	12	898	311	144	844	90.8677835218	7643	3	80	97	97	76	94	94	360	68	68
DLR00012647-2009-07-01_08-47-30	4	13	950	303	345	2514	90.8677835218	8037	5	82	99	97	76	94	94	601	68	68
DLR00012647-2009-07-01_08-47-30	4	14	1023	312	20	113	90.8677835218	7777	0	80	97	97	76	93	94	213	68	68
DLR00012647-2009-07-01_08-47-30	4	15	1088	297	38	325	90.8677835218	7812	0	83	100	99	76	93	94	201	68	68
DLR00012647-2009-07-01_08-47-30	4	16	1164	303	18	105	90.8677835218	7446	3	81	97	97	76	93	94	189	68	68
DLR00012647-2009-07-01_08-47-30	4	17	1229	318	40	236	90.8677835218	7849	2	80	97	97	76	93	94	242	68	68
DLR00012647-2009-07-01_08-47-30	4	18	1285	304	65	386	90.8677835218	8063	1	80	97	97	76	93	94	327	68	68
DLR00012647-2009-07-01_08-47-30	4	19	1369	301	14	82	90.8677835218	7260	0	79	97	98	75	93	94	255	68	68
DLR00012647-2009-07-01_08-47-30	4	20	1435	310	56	302	90.8677835218	7830	2	79	96	97	75	92	94	319	68	68
DLR00012647-2009-07-01_08-47-30	4	21	1496	310	118	703	90.8677835218	7986	1	78	95	96	74	91	94	327	68	68
DLR00012647-2009-07-01_08-47-30	4	22	1565	297	183	1015	90.8677835218	9321	4	75	91	93	72	89	92	353	68	68
DLR00012647-2009-07-01_08-47-30	4	23	1629	302	139	796	90.8677835218	7657	1	73	88	90	70	85	88	315	68	68
DLR00012647-2009-07-01_08-47-30	4	24	1710	304	239	1292	90.8677835218	9188	0	73	86	86	70	83	84	303	68	68
DLR00012647-2009-07-01_08-47-30	5	1	146	378	30	167	90.8677835218	6955	1	79	92	94	75	89	91	275	68	68
DLR00012647-2009-07-01_08-47-30	5	2	192	383	76	417	90.8677835218	7634	1	79	94	95	76	90	93	325	68	68
DLR00012647-2009-07-01_08-47-30	5	3	267	379	21	109	90.8677835218	7507	1	80	95	97	76	92	95	199	68	68
DLR00012647-2009-07-01_08-47-30	5	4	332	381	27	164	90.8677835218	6860	2	82	97	98	77	94	96	223	68	68
DLR00012647-2009-07-01_08-47-30	5	5	417	381	10	68	90.8677835218	5867	0	83	100	100	77	94	96	200	68	68
DLR00012647-2009-07-01_08-47-30	5	6	476	380	13	72	90.8677835218	5820	0	82	99	99	77	95	96	185	68	68
DLR00012647-2009-07-01_08-47-30	5	7	544	356	16	111	90.8677835218	5583	0	83	100	99	77	95	95	256	68	68
DLR00012647-2009-07-01_08-47-30	5	8	615	378	21	121	90.8677835218	5194	0	82	98	98	77	94	95	236	68	68
DLR00012647-2009-07-01_08-47-30	5	9	702	370	52	294	90.8677835218	6508	1	81	98	97	77	95	94	188	68	68
DLR00012647-2009-07-01_08-47-30	5	10	751	377	48	265	90.8677835218	6699	0	80	97	96	77	94	94	171	68	68
DLR00012647-2009-07-01_08-47-30	5	11	803	367	26	137	90.8677835218	8488	1	80	97	96	76	94	93	173	68	68
DLR00012647-2009-07-01_08-47-30	5	12	888	364	30	172	90.8677835218	7815	0	80	97	96	76	93	93	198	68	68
DLR00012647-2009-07-01_08-47-30	5	13	995	392	121	1348	90.8677835218	8562	4	86	102	100	76	93	93	344	68	68
DLR00012647-2009-07-01_08-47-30	5	14	1008	392	115	1321	90.8677835218	8390	1	87	102	100	76	93	93	332	68	68
DLR00012647-2009-07-01_08-47-30	5	15	1096	387	32	204	90.8677835218	7909	2	81	97	97	75	93	93	202	68	68
DLR00012647-2009-07-01_08-47-30	5	16	1160	380	28	165	90.8677835218	7409	3	80	97	96	75	93	93	206	68	68
DLR00012647-2009-07-01_08-47-30	5	17	1226	374	30	190	90.8677835218	7396	0	80	97	97	75	93	94	236	68	68
DLR00012647-2009-07-01_08-47-30	5	18	1319	360	157	1878	90.8677835218	8877	1	89	103	100	75	93	94	489	68	68
DLR00012647-2009-07-01_08-47-30	5	19	1366	378	83	566	90.8677835218	7856	0	80	98	99	75	93	95	342	68	68
DLR00012647-2009-07-01_08-47-30	5	20	1428	372	27	166	90.8677835218	7365	2	79	96	98	74	92	94	228	68	68
DLR00012647-2009-07-01_08-47-30	5	21	1505	374	60	309	90.8677835218	7909	2	76	93	95	73	90	93	262	68	68
DLR00012647-2009-07-01_08-47-30	5	22	1568	375	80	452	90.8677835218	8017	2	75	91	94	71	88	91	291	68	68
DLR00012647-2009-07-01_08-47-30	5	23	1630	378	92	499	90.8677835218	8227	0	72	88	90	69	85	88	259	68	68
DLR00012647-2009-07-01_08-47-30	5	24	1728	382	152	803	90.8677835218	9574	5	75	88	88	72	85	86	380	68	68
DLR00012647-2009-07-01_08-47-30	6	1	132	443	50	269	90.8677835218	7973	0	79	92	93	75	89	91	160	68	68
DLR00012647-2009-07-01_08-47-30	6	2	202	446	67	354	90.8677835218	7755	0	79	94	95	76	91	93	280	68	68
DLR00012647-2009-07-01_08-47-30	6	3	266	447	33	206	90.8677835218	7842	0	81	97	99	76	92	95	285	68	68
DLR00012647-2009-07-01_08-47-30	6	4	320	452	62	345	90.8677835218	7022	1	81	97	98	77	94	96	273	68	68
DLR00012647-2009-07-01_08-47-30	6	5	400	455	15	81	90.8677835218	5992	0	82	98	99	77	94	96	251	68	68
DLR00012647-2009-07-01_08-47-30	6	6	472	445	19	137	90.8677835218	5334	1	84	100	100	77	94	96	222	68	68
DLR00012647-2009-07-01_08-47-30	6	7	537	454	11	56	90.8677835218	5207	1	81	98	98	77	94	95	199	68	68
DLR00012647-2009-07-01_08-47-30	6	8	617	447	45	261	90.8677835218	6604	3	81	97	97	77	94	94	236	68	68
DLR00012647-2009-07-01_08-47-30	6	9	671	437	33	201	90.8677835218	7482	4	81	98	97	77	94	94	156	68	68
DLR00012647-2009-07-01_08-47-30	6	10	738	452	64	490	90.8677835218	8928	4	83	99	98	77	93	93	212	68	68
DLR00012647-2009-07-01_08-47-30	6	11	810	456	21	125	90.8677835218	7434	2	81	97	96	76	93	93	170	68	68
DLR00012647-2009-07-01_08-47-30	6	12	864	432	11	103	90.8677835218	7171	0	85	100	98	76	93	92	150	68	68
DLR00012647-2009-07-01_08-47-30	6	13	951	434	8	41	90.8677835218	7317	0	81	95	95	75	92	93	140	68	68
DLR00012647-2009-07-01_08-47-30	6	14	1018	446	31	208	90.8677835218	7258	4	81	97	96	75	92	93	209	68	68
DLR00012647-2009-07-01_08-47-30	6	15	1085	448	26	169	90.8677835218	7510	0	81	97	97	75	92	93	223	68	68
DLR00012647-2009-07-01_08-47-30	6	16	1158	450	29	166	90.8677835218	7738	2	80	97	96	76	93	93	224	68	68
DLR00012647-2009-07-01_08-47-30	6	17	1239	440	187	4824	90.8677835218	12609	0	102	116	113	76	93	94	365	68	68
DLR00012647-2009-07-01_08-47-30	6	18	1299	444	78	422	90.8677835218	8531	0	78	96	97	75	93	94	278	68	68
DLR00012647-2009-07-01_08-47-30	6	19	1372	435	13	87	90.8677835218	7120	1	79	96	98	74	92	94	182	68	68
DLR00012647-2009-07-01_08-47-30	6	20	1437	449	77	477	90.8677835218	7583	1	78	95	96	73	91	94	333	68	68
DLR00012647-2009-07-01_08-47-30	6	21	1504	430	57	355	90.8677835218	7749	0	77	94	96	72	90	93	295	68	68
DLR00012647-2009-07-01_08-47-30	6	22	1567	442	86	455	90.8677835218	7476	1	74	91	94	71	88	91	318	68	68
DLR00012647-2009-07-01_08-47-30	6	23	1630	437	147	856	90.8677835218	7687	2	73	88	91	69	86	88	324	68	68
DLR00012647-2009-07-01_08-47-30	6	24	1729	452	109	613	90.8677835218	9250	2	76	89	88	72	85	86	344	68	68
DLR00012647-2009-07-01_08-47-30	7	1	118	501	177	954	90.8677835218	8349	4	81	93	94	77	91	92	476	68	68
DLR00012647-2009-07-01_08-47-30	7	2	198	516	33	217	90.8677835218	7110	1	80	95	97	75	91	94	260	68	68
DLR00012647-2009-07-01_08-47-30	7	3	253	521	34	298	90.8677835218	7522	4	84	99	99	76	92	95	267	68	68
DLR00012647-2009-07-01_08-47-30	7	4	345	516	45	273	90.8677835218	6403	0	81	98	99	77	94	96	311	68	68
DLR00012647-2009-07-01_08-47-30	7	5	391	524	27	175	90.8677835218	5763	2	82	99	100	77	94	96	260	68	68
DLR00012647-2009-07-01_08-47-30	7	6	457	503	6	34	90.8677835218	5008	0	82	99	99	77	94	96	195	68	68
DLR00012647-2009-07-01_08-47-30	7	7	541	517	44	285	90.8677835218	6666	1	81	98	98	76	94	95	196	68	68
DLR00012647-2009-07-01_08-47-30	7	8	596	514	38	235	90.8677835218	8094	1	81	98	97	76	94	94	212	68	68
DLR00012647-2009-07-01_08-47-30	7	9	666	521	32	194	90.8677835218	8210	0	81	97	97	76	93	93	198	68	68
DLR00012647-2009-07-01_08-47-30	7	10	746	514	38	229	90.8677835218	8112	0	81	97	96	76	93	93	174	68	68
DLR00012647-2009-07-01_08-47-30	7	11	812	505	12	75	90.8677835218	7351	2	81	98	96	76	93	92	149	68	68
DLR00012647-2009-07-01_08-47-30	7	12	891	518	23	142	90.8677835218	6878	2	81	96	96	76	92	92	227	68	68
DLR00012647-2009-07-01_08-47-30	7	13	933	507	24	169	90.8677835218	6576	2	82	97	97	76	92	92	191	68	68
DLR00012647-2009-07-01_08-47-30	7	14	1017	520	26	214	90.8677835218	5997	3	83	98	98	75	92	92	204	68	68
DLR00012647-2009-07-01_08-47-30	7	15	1095	517	27	151	90.8677835218	7578	1	80	96	95	76	92	93	208	68	68
DLR00012647-2009-07-01_08-47-30	7	16	1156	500	68	362	90.8677835218	8545	2	79	96	96	76	93	93	231	68	68
DLR00012647-2009-07-01_08-47-30	7	17	1225	502	85	449	90.8677835218	9115	0	78	96	96	75	93	93	185	68	68
DLR00012647-2009-07-01_08-47-30	7	18	1292	507	14	82	90.8677835218	7104	0	78	95	95	74	91	93	199	68	68
DLR00012647-2009-07-01_08-47-30	7	19	1365	529	31	175	90.8677835218	6266	0	77	95	96	73	91	93	186	68	68
DLR00012647-2009-07-01_08-47-30	7	20	1434	501	53	353	90.8677835218	7170	2	78	96	97	73	91	93	306	68	68
DLR00012647-2009-07-01_08-47-30	7	21	1500	511	57	355	90.8677835218	6610	1	77	94	96	72	90	93	304	68	68
DLR00012647-2009-07-01_08-47-30	7	22	1564	510	63	361	90.8677835218	7105	1	74	91	94	71	88	91	285	68	68
DLR00012647-2009-07-01_08-47-30	7	23	1629	511	108	632	90.8677835218	7373	3	72	88	90	69	85	88	277	68	68
DLR00012647-2009-07-01_08-47-30	7	24	1721	529	109	675	90.8677835218	8302	3	74	87	87	70	84	85	252	68	68
DLR00012647-2009-07-01_08-47-30	8	1	137	579	37	200	90.8677835218	7210	0	79	94	95	75	90	93	272	68	68
DLR00012647-2009-07-01_08-47-30	8	2	196	586	47	255	90.8677835218	7152	0	79	95	96	75	91	94	263	68	68
DLR00012647-2009-07-01_08-47-30	8	3	255	584	30	173	90.8677835218	7633	3	80	96	97	76	93	95	279	68	68
DLR00012647-2009-07-01_08-47-30	8	4	334	586	65	394	90.8677835218	6361	2	81	98	99	76	94	96	351	68	68
DLR00012647-2009-07-01_08-47-30	8	5	407	590	15	81	90.8677835218	4758	1	80	98	98	76	94	96	225	68	68
DLR00012647-2009-07-01_08-47-30	8	6	472	587	42	263	90.8677835218	6115	1	81	98	98	76	94	95	257	68	68
DLR00012647-2009-07-01_08-47-30	8	7	546	581	47	292	90.8677835218	8305	0	81	98	98	76	94	94	227	68	68
DLR00012647-2009-07-01_08-47-30	8	8	605	583	29	164	90.8677835218	8082	1	80	97	97	76	93	94	231	68	68
DLR00012647-2009-07-01_08-47-30	8	9	674	578	26	156	90.8677835218	7605	0	80	97	97	76	93	93	171	68	68
DLR00012647-2009-07-01_08-47-30	8	10	750	580	27	201	90.8677835218	7360	1	82	98	98	76	93	93	239	68	68
DLR00012647-2009-07-01_08-47-30	8	11	826	576	45	250	90.8677835218	7386	4	81	96	95	76	92	92	267	68	68
DLR00012647-2009-07-01_08-47-30	8	12	882	585	35	219	90.8677835218	7208	0	81	96	96	76	92	92	225	68	68
DLR00012647-2009-07-01_08-47-30	8	13	952	594	19	104	90.8677835218	7040	0	79	95	95	75	92	92	217	68	68
DLR00012647-2009-07-01_08-47-30	8	14	1016	584	30	177	90.8677835218	6884	2	80	95	94	75	92	92	217	68	68
DLR00012647-2009-07-01_08-47-30	8	15	1087	575	44	259	90.8677835218	7319	4	80	96	95	75	92	92	226	68	68
DLR00012647-2009-07-01_08-47-30	8	16	1157	579	42	273	90.8677835218	7011	2	80	96	96	75	91	92	281	68	68
DLR00012647-2009-07-01_08-47-30	8	17	1228	579	49	284	90.8677835218	7080	5	79	95	95	74	91	92	254	68	68
DLR00012647-2009-07-01_08-47-30	8	18	1290	570	32	174	90.8677835218	6789	2	77	94	95	73	91	92	235	68	68
DLR00012647-2009-07-01_08-47-30	8	19	1370	588	102	663	90.8677835218	7093	0	78	96	96	73	91	93	336	68	68
DLR00012647-2009-07-01_08-47-30	8	20	1418	578	66	437	90.8677835218	7428	3	78	96	96	72	91	93	255	68	68
DLR00012647-2009-07-01_08-47-30	8	21	1503	585	130	808	90.8677835218	7478	5	76	93	95	72	90	92	419	68	68
DLR00012647-2009-07-01_08-47-30	8	22	1564	580	107	574	90.8677835218	7465	5	74	90	93	70	88	91	329	68	68
DLR00012647-2009-07-01_08-47-30	8	23	1633	580	139	742	90.8677835218	7676	1	71	87	89	68	85	87	304	68	68
DLR00012647-2009-07-01_08-47-30	8	24	1727	592	152	880	90.8677835218	9104	4	74	87	87	71	84	85	387	68	68
DLR00012647-2009-07-01_08-47-30	9	1	137	653	27	184	90.8677835218	7408	0	81	95	96	74	90	93	244	68	68
DLR00012647-2009-07-01_08-47-30	9	2	197	656	74	444	90.8677835218	7778	2	79	95	96	75	91	93	379	68	68
DLR00012647-2009-07-01_08-47-30	9	3	281	634	26	188	90.8677835218	7559	2	82	98	99	75	93	95	261	68	68
DLR00012647-2009-07-01_08-47-30	9	4	337	652	27	146	90.8677835218	7693	0	80	97	98	76	94	96	203	68	68
DLR00012647-2009-07-01_08-47-30	9	5	404	653	64	426	90.8677835218	6261	5	82	98	98	76	94	96	239	68	68
DLR00012647-2009-07-01_08-47-30	9	6	476	646	43	246	90.8677835218	8175	2	80	97	98	76	94	95	242	68	68
DLR00012647-2009-07-01_08-47-30	9	7	538	660	28	173	90.8677835218	7592	1	81	98	98	76	93	94	246	68	68
DLR00012647-2009-07-01_08-47-30	9	8	631	640	99	614	90.8677835218	7785	2	81	97	97	76	93	93	319	68	68
DLR00012647-2009-07-01_08-47-30	9	9	702	658	407	2614	90.8677835218	9902	4	82	97	97	77	94	93	563	68	68
DLR00012647-2009-07-01_08-47-30	9	10	767	650	827	5999	90.8677835218	11538	0	84	99	97	78	94	94	920	68	68
DLR00012647-2009-07-01_08-47-30	9	11	839	674	1874	16296	90.8677835218	20339	2	85	100	98	79	95	94	1245	68	68
DLR00012647-2009-07-01_08-47-30	9	12	907	662	1281	12041	90.8677835218	16696	0	85	100	97	77	94	93	1265	68	68
DLR00012647-2009-07-01_08-47-30	9	13	933	657	951	9078	90.8677835218	14624	8	85	100	97	77	93	93	1144	68	68
DLR00012647-2009-07-01_08-47-30	9	14	1032	653	1570	13287	90.8677835218	17657	16	83	98	96	77	93	93	978	68	68
DLR00012647-2009-07-01_08-47-30	9	15	1099	641	993	9018	90.8677835218	14685	8	83	99	96	77	93	93	763	68	68
DLR00012647-2009-07-01_08-47-30	9	16	1159	652	1631	14703	90.8677835218	19420	1	83	98	96	76	93	93	726	68	68
DLR00012647-2009-07-01_08-47-30	9	17	1224	637	1159	9546	90.8677835218	14913	10	82	97	96	76	92	93	1136	68	68
DLR00012647-2009-07-01_08-47-30	9	18	1270	639	1505	12270	90.8677835218	17161	9	82	97	96	75	92	93	1405	68	68
DLR00012647-2009-07-01_08-47-30	9	19	1340	626	764	5052	90.8677835218	12166	0	79	96	95	74	92	93	752	68	68
DLR00012647-2009-07-01_08-47-30	9	20	1438	655	68	514	90.8677835218	7303	0	78	95	96	72	90	92	275	68	68
DLR00012647-2009-07-01_08-47-30	9	21	1504	651	58	309	90.8677835218	6915	0	74	92	94	71	89	92	239	68	68
DLR00012647-2009-07-01_08-47-30	9	22	1563	651	155	875	90.8677835218	8315	2	73	90	92	70	87	90	319	68	68
DLR00012647-2009-07-01_08-47-30	9	23	1645	654	170	933	90.8677835218	8532	3	70	86	88	68	84	86	292	68	68
DLR00012647-2009-07-01_08-47-30	9	24	1731	674	216	1187	90.8677835218	9905	0	74	87	87	72	85	85	419	68	68
DLR00012647-2009-07-01_08-47-30	10	1	133	723	75	423	90.8677835218	8435	0	81	94	95	75	90	92	259	68	68
DLR00012647-2009-07-01_08-47-30	10	2	199	715	74	419	90.8677835218	8295	0	79	94	96	75	91	93	371	68	68
DLR00012647-2009-07-01_08-47-30	10	3	260	725	31	181	90.8677835218	7431	0	80	96	96	75	92	94	263	68	68
DLR00012647-2009-07-01_08-47-30	10	4	340	723	77	410	90.8677835218	8541	0	80	97	97	76	94	95	298	68	68
DLR00012647-2009-07-01_08-47-30	10	5	402	715	84	550	90.8677835218	6908	1	81	98	99	76	94	96	272	68	68
DLR00012647-2009-07-01_08-47-30	10	6	471	715	57	438	90.8677835218	7581	1	82	99	99	76	94	95	240	68	68
DLR00012647-2009-07-01_08-47-30	10	7	552	716	19	108	90.8677835218	7648	2	80	97	97	75	93	94	219	68	68
DLR00012647-2009-07-01_08-47-30	10	8	610	719	32	180	90.8677835218	7913	2	80	96	96	76	93	93	254	68	68
DLR00012647-2009-07-01_08-47-30	10	9	675	721	28	148	90.8677835218	7313	1	79	96	95	76	92	93	246	68	68
DLR00012647-2009-07-01_08-47-30	10	10	760	715	258	1469	90.8677835218	9505	0	81	97	96	77	93	93	438	68	68
DLR00012647-2009-07-01_08-47-30	10	11	831	737	447	2662	90.8677835218	9497	3	80	96	95	76	92	92	523	68	68
DLR00012647-2009-07-01_08-47-30	10	12	896	725	31	182	90.8677835218	7064	2	79	95	95	75	92	91	230	68	68
DLR00012647-2009-07-01_08-47-30	10	13	926	742	18	91	90.8677835218	7308	1	78	94	94	75	91	91	192	68	68
DLR00012647-2009-07-01_08-47-30	10	14	1033	720	28	158	90.8677835218	7156	3	78	95	94	74	91	91	169	68	68
DLR00012647-2009-07-01_08-47-30	10	15	1090	714	39	262	90.8677835218	7189	0	80	95	94	74	90	90	247	68	68
DLR00012647-2009-07-01_08-47-30	10	16	1154	713	48	375	90.8677835218	7540	0	80	96	95	73	90	90	272	68	68
DLR00012647-2009-07-01_08-47-30	10	17	1238	707	54	421	90.8677835218	7161	1	80	95	95	73	90	91	337	68	68
DLR00012647-2009-07-01_08-47-30	10	18	1296	710	68	382	90.8677835218	7801	0	77	94	94	73	90	91	298	68	68
DLR00012647-2009-07-01_08-47-30	10	19	1356	710	249	1512	90.8677835218	8810	2	77	94	94	73	90	92	514	68	68
DLR00012647-2009-07-01_08-47-30	10	20	1429	708	40	273	90.8677835218	6846	3	77	94	95	71	89	92	185	68	68
DLR00012647-2009-07-01_08-47-30	10	21	1500	720	69	378	90.8677835218	6671	0	74	91	94	71	88	91	333	68	68
DLR00012647-2009-07-01_08-47-30	10	22	1564	712	414	2312	90.8677835218	8918	2	74	90	92	70	87	90	378	68	68
DLR00012647-2009-07-01_08-47-30	10	23	1637	717	266	1453	90.8677835218	9280	5	71	87	88	68	84	86	284	68	68
DLR00012647-2009-07-01_08-47-30	10	24	1692	704	159	950	90.8677835218	8279	2	71	85	86	67	82	84	254	68	68
DLR00012647-2009-07-01_08-47-30	11	1	151	768	26	138	90.8677835218	6718	0	78	93	95	74	90	92	201	68	68
DLR00012647-2009-07-01_08-47-30	11	2	208	780	41	211	90.8677835218	7323	1	78	94	95	75	91	93	264	68	68
DLR00012647-2009-07-01_08-47-30	11	3	268	795	57	305	90.8677835218	8000	1	79	95	97	75	92	94	334	68	68
DLR00012647-2009-07-01_08-47-30	11	4	332	784	37	232	90.8677835218	8138	3	81	97	98	76	93	95	263	68	68
DLR00012647-2009-07-01_08-47-30	11	5	407	791	86	649	90.8677835218	8023	1	83	99	99	76	94	95	358	68	68
DLR00012647-2009-07-01_08-47-30	11	6	485	784	25	139	90.8677835218	8391	4	80	97	97	76	94	95	232	68	68
DLR00012647-2009-07-01_08-47-30	11	7	533	762	38	250	90.8677835218	8084	2	81	98	98	76	93	94	234	68	68
DLR00012647-2009-07-01_08-47-30	11	8	596	786	28	176	90.8677835218	7168	2	80	96	96	75	92	93	183	68	68
DLR00012647-2009-07-01_08-47-30	11	9	669	792	8	54	90.8677835218	7152	0	80	97	96	75	92	92	138	68	68
DLR00012647-2009-07-01_08-47-30	11	10	750	775	36	302	90.8677835218	7202	2	82	98	97	75	92	92	274	68	68
DLR00012647-2009-07-01_08-47-30	11	11	816	790	52	325	90.8677835218	7103	0	81	95	95	75	91	91	272	68	68
DLR00012647-2009-07-01_08-47-30	11	12	895	798	89	561	90.8677835218	7623	2	79	95	94	74	91	91	310	68	68
DLR00012647-2009-07-01_08-47-30	11	13	953	778	21	117	90.8677835218	7311	1	78	94	94	74	91	91	193	68	68
DLR00012647-2009-07-01_08-47-30	11	14	1026	791	22	170	90.8677835218	6945	0	80	96	95	73	90	90	183	68	68
DLR00012647-2009-07-01_08-47-30	11	15	1098	788	12	86	90.8677835218	7472	0	79	95	94	73	90	90	122	68	68
DLR00012647-2009-07-01_08-47-30	11	16	1160	793	39	223	90.8677835218	7392	0	76	93	92	72	89	90	215	68	68
DLR00012647-2009-07-01_08-47-30	11	17	1226	782	31	194	90.8677835218	6914	2	77	93	93	72	89	90	246	68	68
DLR00012647-2009-07-01_08-47-30	11	18	1298	766	172	937	90.8677835218	8240	0	76	93	93	72	90	91	251	68	68
DLR00012647-2009-07-01_08-47-30	11	19	1368	789	48	317	90.8677835218	6388	0	77	94	94	71	89	91	272	68	68
DLR00012647-2009-07-01_08-47-30	11	20	1433	766	156	1528	90.8677835218	7708	0	80	97	96	71	89	91	431	68	68
DLR00012647-2009-07-01_08-47-30	11	21	1497	791	14	73	90.8677835218	6862	1	74	91	92	70	88	91	180	68	68
DLR00012647-2009-07-01_08-47-30	11	22	1571	774	990	6495	90.8677835218	12607	8	75	90	92	71	87	90	594	68	68
DLR00012647-2009-07-01_08-47-30	11	23	1659	767	69	365	90.8677835218	7673	0	70	85	87	67	82	84	169	68	68
DLR00012647-2009-07-01_08-47-30	11	24	1696	789	38	198	90.8677835218	7396	3	69	83	84	66	81	82	138	68	68
DLR00012647-2009-07-01_08-47-30	12	1	141	866	33	194	90.8677835218	7386	1	78	93	94	74	89	91	233	68	68
DLR00012647-2009-07-01_08-47-30	12	2	196	858	80	436	90.8677835218	7696	3	78	93	94	74	90	92	332	68	68
DLR00012647-2009-07-01_08-47-30	12	3	267	844	55	297	90.8677835218	7730	2	80	95	96	75	92	94	325	68	68
DLR00012647-2009-07-01_08-47-30	12	4	336	851	40	239	90.8677835218	7582	1	80	96	98	76	93	95	260	68	68
DLR00012647-2009-07-01_08-47-30	12	5	408	850	22	136	90.8677835218	7908	0	81	97	98	76	93	95	230	68	68
DLR00012647-2009-07-01_08-47-30	12	6	480	863	28	170	90.8677835218	7524	1	80	97	98	76	93	94	230	68	68
DLR00012647-2009-07-01_08-47-30	12	7	536	857	16	81	90.8677835218	7258	0	79	96	97	75	93	94	215	68	68
DLR00012647-2009-07-01_08-47-30	12	8	606	855	15	89	90.8677835218	7102	0	79	96	96	75	92	93	201	68	68
DLR00012647-2009-07-01_08-47-30	12	9	661	849	16	81	90.8677835218	7410	3	78	95	95	74	92	92	239	68	68
DLR00012647-2009-07-01_08-47-30	12	10	745	861	43	239	90.8677835218	6877	0	79	95	94	74	91	91	305	68	68
DLR00012647-2009-07-01_08-47-30	12	11	811	860	25	135	90.8677835218	7270	0	78	94	93	74	91	91	230	68	68
DLR00012647-2009-07-01_08-47-30	12	12	892	848	49	301	90.8677835218	7552	5	78	94	94	74	90	90	249	68	68
DLR00012647-2009-07-01_08-47-30	12	13	942	850	22	122	90.8677835218	6626	0	78	93	93	73	90	90	155	68	68
DLR00012647-2009-07-01_08-47-30	12	14	1012	840	32	225	90.8677835218	7091	0	79	94	94	73	90	90	254	68	68
DLR00012647-2009-07-01_08-47-30	12	15	1082	858	35	215	90.8677835218	6708	0	78	93	93	72	89	90	304	68	68
DLR00012647-2009-07-01_08-47-30	12	16	1153	846	56	349	90.8677835218	6800	0	77	93	93	72	89	90	290	68	68
DLR00012647-2009-07-01_08-47-30	12	17	1214	850	21	127	90.8677835218	7493	2	76	92	93	72	89	90	239	68	68
DLR00012647-2009-07-01_08-47-30	12	18	1270	848	91	580	90.8677835218	7456	5	77	93	93	72	89	90	343	68	68
DLR00012647-2009-07-01_08-47-30	12	19	1380	839	74	478	90.8677835218	6738	1	77	93	94	71	89	91	295	68	68
DLR00012647-2009-07-01_08-47-30	12	20	1428	859	185	1128	90.8677835218	8400	3	76	92	93	71	88	90	385	68	68
DLR00012647-2009-07-01_08-47-30	12	21	1497	856	103	658	90.8677835218	7789	0	75	91	93	70	87	90	360	68	68
DLR00012647-2009-07-01_08-47-30	12	22	1549	871	281	2087	90.8677835218	9008	6	76	90	91	70	86	88	553	68	68
DLR00012647-2009-07-01_08-47-30	12	23	1660	836	131	706	90.8677835218	7714	5	69	84	86	66	81	83	261	68	68
DLR00012647-2009-07-01_08-47-30	12	24	1694	859	117	674	90.8677835218	8634	5	69	82	84	66	80	82	245	68	68
DLR00012647-2009-07-01_08-47-30	13	1	145	907	49	275	90.8677835218	7153	0	77	92	94	73	88	91	254	68	68
DLR00012647-2009-07-01_08-47-30	13	2	197	929	70	377	90.8677835218	7094	0	77	92	94	74	89	91	301	68	68
DLR00012647-2009-07-01_08-47-30	13	3	269	925	64	406	90.8677835218	7693	1	79	95	96	75	91	93	330	68	68
DLR00012647-2009-07-01_08-47-30	13	4	334	923	23	121	90.8677835218	7744	1	79	95	96	75	92	94	321	68	68
DLR00012647-2009-07-01_08-47-30	13	5	409	919	44	257	90.8677835218	7431	0	80	97	97	76	93	94	299	68	68
DLR00012647-2009-07-01_08-47-30	13	6	467	919	29	188	90.8677835218	7374	0	81	97	98	75	93	94	259	68	68
DLR00012647-2009-07-01_08-47-30	13	7	528	923	47	468	90.8677835218	7888	2	88	99	96	75	93	94	283	68	68
DLR00012647-2009-07-01_08-47-30	13	8	607	930	23	122	90.8677835218	7541	1	79	95	95	74	92	92	217	68	68
DLR00012647-2009-07-01_08-47-30	13	9	689	920	83	609	90.8677835218	7344	5	80	96	95	74	91	91	299	68	68
DLR00012647-2009-07-01_08-47-30	13	10	740	926	25	138	90.8677835218	7499	2	78	94	94	74	91	91	236	68	68
DLR00012647-2009-07-01_08-47-30	13	11	815	925	24	141	90.8677835218	7122	0	78	94	94	73	90	90	174	68	68
DLR00012647-2009-07-01_08-47-30	13	12	876	923	35	387	90.8677835218	7384	0	83	98	97	73	90	90	179	68	68
DLR00012647-2009-07-01_08-47-30	13	13	947	926	19	113	90.8677835218	7219	1	77	93	93	73	89	89	213	68	68
DLR00012647-2009-07-01_08-47-30	13	14	1018	916	24	139	90.8677835218	6138	0	77	93	92	72	89	89	186	68	68
DLR00012647-2009-07-01_08-47-30	13	15	1077	915	14	137	90.8677835218	7297	0	82	96	95	72	89	89	190	68	68
DLR00012647-2009-07-01_08-47-30	13	16	1162	925	29	192	90.8677835218	6746	0	77	93	93	71	88	89	216	68	68
DLR00012647-2009-07-01_08-47-30	13	17	1224	929	21	112	90.8677835218	6350	0	75	91	91	71	88	89	220	68	68
DLR00012647-2009-07-01_08-47-30	13	18	1283	930	25	135	90.8677835218	6811	0	75	92	92	71	88	90	191	68	68
DLR00012647-2009-07-01_08-47-30	13	19	1382	939	119	686	90.8677835218	7550	0	75	91	92	71	88	90	305	68	68
DLR00012647-2009-07-01_08-47-30	13	20	1425	928	38	214	90.8677835218	7116	0	75	91	92	71	87	89	265	68	68
DLR00012647-2009-07-01_08-47-30	13	21	1506	920	93	543	90.8677835218	7394	3	74	89	91	70	86	88	261	68	68
DLR00012647-2009-07-01_08-47-30	13	22	1564	927	115	665	90.8677835218	7699	2	72	87	89	69	84	87	246	68	68
DLR00012647-2009-07-01_08-47-30	13	23	1645	940	239	1403	90.8677835218	9458	4	70	84	86	66	81	83	328	68	68
DLR00012647-2009-07-01_08-47-30	13	24	1687	926	90	486	90.8677835218	9106	3	68	81	83	65	79	81	201	68	68
DLR00012647-2009-07-01_08-47-30	14	1	152	992	53	286	90.8677835218	6676	0	76	90	93	73	87	90	240	68	68
DLR00012647-2009-07-01_08-47-30	14	2	201	992	77	410	90.8677835218	7469	2	76	91	93	73	88	91	314	68	68
DLR00012647-2009-07-01_08-47-30	14	3	264	977	70	459	90.8677835218	7184	2	79	94	95	74	90	92	328	68	68
DLR00012647-2009-07-01_08-47-30	14	4	327	982	51	278	90.8677835218	7216	3	79	95	96	75	91	94	345	68	68
DLR00012647-2009-07-01_08-47-30	14	5	413	978	32	212	90.8677835218	7487	0	81	97	98	76	92	94	235	68	68
DLR00012647-2009-07-01_08-47-30	14	6	471	990	34	199	90.8677835218	7437	4	80	96	96	75	92	94	286	68	68
DLR00012647-2009-07-01_08-47-30	14	7	528	986	37	290	90.8677835218	7244	2	82	98	98	75	92	93	285	68	68
DLR00012647-2009-07-01_08-47-30	14	8	607	996	29	164	90.8677835218	7432	2	77	95	96	74	91	92	268	68	68
DLR00012647-2009-07-01_08-47-30	14	9	680	990	29	160	90.8677835218	7561	1	77	94	94	74	90	91	192	68	68
DLR00012647-2009-07-01_08-47-30	14	10	749	999	35	183	90.8677835218	7481	0	76	93	92	73	90	90	171	68	68
DLR00012647-2009-07-01_08-47-30	14	11	818	989	103	622	90.8677835218	7518	0	77	93	93	73	90	90	351	68	68
DLR00012647-2009-07-01_08-47-30	14	12	890	995	40	267	90.8677835218	7268	0	78	93	93	72	89	89	226	68	68
DLR00012647-2009-07-01_08-47-30	14	13	949	986	46	295	90.8677835218	6902	1	77	93	92	72	89	89	198	68	68
DLR00012647-2009-07-01_08-47-30	14	14	1013	988	40	208	90.8677835218	7230	3	75	91	91	72	88	89	224	68	68
DLR00012647-2009-07-01_08-47-30	14	15	1098	1001	149	2055	90.8677835218	8466	0	85	98	95	71	88	88	358	68	68
DLR00012647-2009-07-01_08-47-30	14	16	1165	991	47	262	90.8677835218	6926	0	75	91	91	71	87	88	239	68	68
DLR00012647-2009-07-01_08-47-30	14	17	1227	988	28	174	90.8677835218	7493	1	75	92	92	71	88	89	267	68	68
DLR00012647-2009-07-01_08-47-30	14	18	1297	987	26	133	90.8677835218	6861	2	74	90	92	71	88	89	203	68	68
DLR00012647-2009-07-01_08-47-30	14	19	1362	990	56	319	90.8677835218	7217	1	75	91	92	71	88	89	294	68	68
DLR00012647-2009-07-01_08-47-30	14	20	1440	985	39	319	90.8677835218	6993	1	77	92	93	71	87	89	292	68	68
DLR00012647-2009-07-01_08-47-30	14	21	1494	988	82	529	90.8677835218	7721	4	75	90	91	70	86	88	310	68	68
DLR00012647-2009-07-01_08-47-30	14	22	1574	993	139	773	90.8677835218	7773	0	72	86	89	68	83	86	319	68	68
DLR00012647-2009-07-01_08-47-30	14	23	1635	989	140	805	90.8677835218	8798	5	69	83	85	66	81	83	258	68	68
DLR00012647-2009-07-01_08-47-30	14	24	1680	1000	56	360	90.8677835218	8082	1	69	82	84	65	79	81	219	68	68
DLR00012647-2009-07-01_08-47-30	15	1	132	1060	136	753	90.8677835218	8707	0	78	90	92	74	87	90	317	68	68
DLR00012647-2009-07-01_08-47-30	15	2	205	1061	81	445	90.8677835218	7435	1	76	91	94	73	88	91	277	68	68
DLR00012647-2009-07-01_08-47-30	15	3	262	1058	54	356	90.8677835218	7003	1	78	93	96	74	89	93	295	68	68
DLR00012647-2009-07-01_08-47-30	15	4	336	1066	33	194	90.8677835218	7045	0	79	95	98	75	91	94	275	68	68
DLR00012647-2009-07-01_08-47-30	15	5	401	1052	59	432	90.8677835218	6942	1	81	97	98	75	92	94	346	68	68
DLR00012647-2009-07-01_08-47-30	15	6	472	1057	19	103	90.8677835218	6976	0	78	94	96	74	91	93	234	68	68
DLR00012647-2009-07-01_08-47-30	15	7	536	1060	15	87	90.8677835218	6826	0	79	95	96	74	91	93	200	68	68
DLR00012647-2009-07-01_08-47-30	15	8	614	1052	24	126	90.8677835218	7106	1	77	94	95	73	90	93	204	68	68
DLR00012647-2009-07-01_08-47-30	15	9	675	1051	12	69	90.8677835218	7377	2	77	93	95	73	90	92	220	68	68
DLR00012647-2009-07-01_08-47-30	15	10	745	1062	20	109	90.8677835218	6511	2	76	92	93	72	89	90	228	68	68
DLR00012647-2009-07-01_08-47-30	15	11	815	1049	27	243	90.8677835218	6747	0	80	95	95	72	88	89	207	68	68
DLR00012647-2009-07-01_08-47-30	15	12	889	1053	40	224	90.8677835218	7198	5	75	92	92	71	88	89	226	68	68
DLR00012647-2009-07-01_08-47-30	15	13	946	1069	34	194	90.8677835218	7215	0	76	92	92	71	88	89	262	68	68
DLR00012647-2009-07-01_08-47-30	15	14	1005	1064	24	194	90.8677835218	6749	3	78	93	94	70	87	88	226	68	68
DLR00012647-2009-07-01_08-47-30	15	15	1083	1059	82	578	90.8677835218	6761	1	76	91	92	70	87	88	332	68	68
DLR00012647-2009-07-01_08-47-30	15	16	1150	1052	30	188	90.8677835218	6904	0	74	91	92	70	87	88	258	68	68
DLR00012647-2009-07-01_08-47-30	15	17	1220	1037	50	473	90.8677835218	7167	0	79	94	95	70	87	89	253	68	68
DLR00012647-2009-07-01_08-47-30	15	18	1307	1068	46	438	90.8677835218	7291	2	79	95	94	70	87	89	274	68	68
DLR00012647-2009-07-01_08-47-30	15	19	1362	1058	72	423	90.8677835218	7087	0	75	90	91	70	87	89	316	68	68
DLR00012647-2009-07-01_08-47-30	15	20	1423	1044	130	752	90.8677835218	7812	1	75	90	91	71	87	89	392	68	68
DLR00012647-2009-07-01_08-47-30	15	21	1505	1053	29	151	90.8677835218	7637	2	73	88	90	70	86	89	168	68	68
DLR00012647-2009-07-01_08-47-30	15	22	1568	1054	52	265	90.8677835218	7489	2	71	86	89	69	84	87	113	68	68
DLR00012647-2009-07-01_08-47-30	15	23	1631	1061	82	440	90.8677835218	7178	1	70	84	86	67	81	84	197	68	68
DLR00012647-2009-07-01_08-47-30	15	24	1713	1057	101	527	90.8677835218	9484	0	70	82	83	68	81	82	184	68	68
DLR00012647-2009-07-01_08-47-30	16	1	151	1101	49	322	90.8677835218	7784	0	80	92	94	75	88	91	377	68	68
DLR00012647-2009-07-01_08-47-30	16	2	205	1092	55	312	90.8677835218	7807	4	77	91	94	74	88	92	245	68	68
DLR00012647-2009-07-01_08-47-30	16	3	256	1094	30	213	90.8677835218	7347	1	79	94	97	75	90	93	259	68	68
DLR00012647-2009-07-01_08-47-30	16	4	333	1100	30	171	90.8677835218	7590	0	80	95	98	77	92	96	329	68	68
DLR00012647-2009-07-01_08-47-30	16	5	372	1091	36	273	90.8677835218	7311	2	81	97	99	76	92	95	314	68	68
DLR00012647-2009-07-01_08-47-30	16	6	455	1091	35	205	90.8677835218	7207	2	79	95	98	75	91	94	318	68	68
DLR00012647-2009-07-01_08-47-30	16	7	541	1105	11	56	90.8677835218	7375	0	80	96	97	77	93	95	345	68	68
DLR00012647-2009-07-01_08-47-30	16	8	628	1101	40	254	90.8677835218	7809	0	83	98	99	75	92	94	378	68	68
DLR00012647-2009-07-01_08-47-30	16	9	696	1105	18	108	90.8677835218	7520	0	81	96	97	75	91	93	307	68	68
DLR00012647-2009-07-01_08-47-30	16	10	719	1103	20	113	90.8677835218	7467	0	78	94	94	74	90	93	295	68	68
DLR00012647-2009-07-01_08-47-30	16	11	809	1106	24	129	90.8677835218	7249	0	81	96	96	74	90	91	309	68	68
DLR00012647-2009-07-01_08-47-30	16	12	880	1100	27	155	90.8677835218	7805	1	77	93	94	73	90	91	282	68	68
DLR00012647-2009-07-01_08-47-30	16	13	971	1099	53	514	90.8677835218	7684	0	83	96	94	72	89	90	360	68	68
DLR00012647-2009-07-01_08-47-30	16	14	1025	1107	23	285	90.8677835218	7811	0	90	99	94	73	89	91	302	68	68
DLR00012647-2009-07-01_08-47-30	16	15	1099	1103	35	202	90.8677835218	7523	0	77	92	93	72	88	90	347	68	68
DLR00012647-2009-07-01_08-47-30	16	16	1145	1106	16	92	90.8677835218	7272	1	76	92	93	73	89	91	316	68	68
DLR00012647-2009-07-01_08-47-30	16	17	1245	1106	17	93	90.8677835218	7572	0	78	93	96	73	89	92	297	68	68
DLR00012647-2009-07-01_08-47-30	16	18	1276	1107	13	71	90.8677835218	7378	0	77	93	95	73	90	92	332	68	68
DLR00012647-2009-07-01_08-47-30	16	19	1371	1107	8	42	90.8677835218	7218	0	80	95	95	73	89	91	319	68	68
DLR00012647-2009-07-01_08-47-30	16	20	1429	1091	26	144	90.8677835218	6918	0	75	90	92	71	87	90	244	68	68
DLR00012647-2009-07-01_08-47-30	16	21	1479	1092	18	94	90.8677835218	7514	4	74	89	92	71	87	90	184	68	68
DLR00012647-2009-07-01_08-47-30	16	22	1594	1098	40	207	90.8677835218	7923	3	73	87	89	71	85	88	292	68	68
DLR00012647-2009-07-01_08-47-30	16	23	1620	1094	70	369	90.8677835218	8244	4	72	85	88	70	84	87	288	68	68
DLR00012647-2009-07-01_08-47-30	16	24	1698	1090	72	379	90.8677835218	9039	1	71	83	85	69	82	84	156	68	68
