DLR00012647-2009-07-03_09-18-15	1	1	138	116	16	1048	116.536982697	8021	9	160	161	136	84	95	93	13	68	68
DLR00012647-2009-07-03_09-18-15	1	2	198	108	2131	133571	116.536982697	133113	0	149	155	143	89	100	97	102	68	68
DLR00012647-2009-07-03_09-18-15	1	3	266	109	2081	128654	116.536982697	128051	0	153	159	146	92	103	100	156	68	68
DLR00012647-2009-07-03_09-18-15	1	4	334	109	1975	123517	116.536982697	123457	0	155	161	148	92	105	102	145	68	68
DLR00012647-2009-07-03_09-18-15	1	5	406	109	2229	146196	116.536982697	145131	0	158	165	150	92	105	103	189	68	68
DLR00012647-2009-07-03_09-18-15	1	6	472	107	0	0	116.536982697	6183	0				87	102	102	0	68	68
DLR00012647-2009-07-03_09-18-15	1	7	539	107	1863	113493	116.536982697	112728	0	155	163	149	93	107	104	179	68	68
DLR00012647-2009-07-03_09-18-15	1	8	606	105	1940	112676	116.536982697	111734	0	153	161	147	94	108	105	180	68	68
DLR00012647-2009-07-03_09-18-15	1	9	677	107	2050	124381	116.536982697	122947	0	155	163	148	93	107	104	184	68	68
DLR00012647-2009-07-03_09-18-15	1	10	744	104	2100	130074	116.536982697	128956	0	157	164	149	94	108	104	201	68	68
DLR00012647-2009-07-03_09-18-15	1	11	815	106	0	0	116.536982697	8667	0				87	103	101	0	68	68
DLR00012647-2009-07-03_09-18-15	1	12	884	107	3	118	116.536982697	6964	0	120	136	129	87	103	101	0	68	68
DLR00012647-2009-07-03_09-18-15	1	13	953	103	2241	140761	116.536982697	140420	0	159	166	149	95	109	104	168	68	68
DLR00012647-2009-07-03_09-18-15	1	14	1018	101	2148	128617	116.536982697	128490	0	155	163	147	95	109	104	176	68	68
DLR00012647-2009-07-03_09-18-15	1	15	1089	105	2173	131471	116.536982697	131109	0	154	162	146	93	107	103	158	68	68
DLR00012647-2009-07-03_09-18-15	1	16	1155	101	2275	137150	116.536982697	137023	0	157	164	149	96	110	105	163	68	68
DLR00012647-2009-07-03_09-18-15	1	17	1221	101	0	0	116.536982697	6081	0				89	105	103	0	68	68
DLR00012647-2009-07-03_09-18-15	1	18	1293	105	0	0	116.536982697	6505	0				87	103	102	0	68	68
DLR00012647-2009-07-03_09-18-15	1	19	1362	105	0	0	116.536982697	7489	0				87	102	101	0	68	68
DLR00012647-2009-07-03_09-18-15	1	20	1428	101	2081	132324	116.536982697	132705	0	156	163	149	94	106	103	160	68	68
DLR00012647-2009-07-03_09-18-15	1	21	1498	104	2206	144642	116.536982697	144084	0	155	161	147	91	103	99	171	68	68
DLR00012647-2009-07-03_09-18-15	1	22	1565	101	2073	133771	116.536982697	134107	0	151	157	144	89	100	97	131	68	68
DLR00012647-2009-07-03_09-18-15	1	23	1635	105	2172	143157	116.536982697	142525	0	145	152	140	86	97	93	128	68	68
DLR00012647-2009-07-03_09-18-15	1	24	1695	104	41	1299	116.536982697	8322	1	119	123	112	83	93	91	10	68	68
DLR00012647-2009-07-03_09-18-15	2	1	130	177	2386	161855	116.536982697	160280	0	147	153	140	83	94	92	152	68	68
DLR00012647-2009-07-03_09-18-15	2	2	199	176	2475	173862	116.536982697	171852	0	153	158	143	84	96	93	247	68	68
DLR00012647-2009-07-03_09-18-15	2	3	267	176	2244	149981	116.536982697	147806	0	155	160	144	86	99	96	243	68	68
DLR00012647-2009-07-03_09-18-15	2	4	334	174	2460	170430	116.536982697	168425	0	159	165	148	87	100	97	290	68	68
DLR00012647-2009-07-03_09-18-15	2	5	401	176	2435	164225	116.536982697	161578	0	157	164	147	87	101	98	290	68	68
DLR00012647-2009-07-03_09-18-15	2	6	471	174	2440	167332	116.536982697	165064	0	158	165	148	86	101	98	253	68	68
DLR00012647-2009-07-03_09-18-15	2	7	538	176	2569	173752	116.536982697	171322	0	158	165	147	86	101	98	267	68	68
DLR00012647-2009-07-03_09-18-15	2	8	607	173	2432	168060	116.536982697	164998	0	159	166	148	86	102	98	318	68	68
DLR00012647-2009-07-03_09-18-15	2	9	675	172	2418	158783	116.536982697	155177	0	155	163	145	87	102	98	290	68	68
DLR00012647-2009-07-03_09-18-15	2	10	744	172	2601	185790	116.536982697	183018	0	160	167	147	85	100	96	302	68	68
DLR00012647-2009-07-03_09-18-15	2	11	812	171	2736	188411	116.536982697	185064	0	156	164	145	85	100	96	311	68	68
DLR00012647-2009-07-03_09-18-15	2	12	880	173	2623	192996	116.536982697	190567	0	162	168	148	84	100	96	289	68	68
DLR00012647-2009-07-03_09-18-15	2	13	952	171	2607	173761	116.536982697	171632	0	155	162	143	85	100	96	243	68	68
DLR00012647-2009-07-03_09-18-15	2	14	1018	172	2623	190416	116.536982697	187778	0	161	167	147	84	99	96	295	68	68
DLR00012647-2009-07-03_09-18-15	2	15	1084	170	2539	168130	116.536982697	164599	0	153	161	143	85	101	96	289	68	68
DLR00012647-2009-07-03_09-18-15	2	16	1153	170	2610	181289	116.536982697	179219	0	157	165	146	85	100	97	257	68	68
DLR00012647-2009-07-03_09-18-15	2	17	1222	168	2855	199885	116.536982697	196294	0	158	165	147	86	101	98	321	68	68
DLR00012647-2009-07-03_09-18-15	2	18	1290	168	2495	182822	116.536982697	180298	0	161	168	149	85	100	97	291	68	68
DLR00012647-2009-07-03_09-18-15	2	19	1359	168	2734	189353	116.536982697	186212	0	156	163	146	86	100	97	300	68	68
DLR00012647-2009-07-03_09-18-15	2	20	1426	168	2398	166337	116.536982697	164702	0	157	164	147	85	99	96	263	68	68
DLR00012647-2009-07-03_09-18-15	2	21	1496	170	2724	182126	116.536982697	178745	0	153	160	144	86	99	96	265	68	68
DLR00012647-2009-07-03_09-18-15	2	22	1562	168	2485	179946	116.536982697	178241	0	152	159	143	83	96	93	233	68	68
DLR00012647-2009-07-03_09-18-15	2	23	1630	169	2681	203556	116.536982697	201207	0	152	158	141	81	93	90	237	68	68
DLR00012647-2009-07-03_09-18-15	2	24	1700	168	2567	191667	116.536982697	189893	0	147	153	139	79	90	88	160	68	68
DLR00012647-2009-07-03_09-18-15	3	1	133	243	2382	169526	116.536982697	167544	0	150	155	141	83	94	92	231	68	68
DLR00012647-2009-07-03_09-18-15	3	2	198	242	2103	149587	116.536982697	147211	3	155	159	143	84	96	93	274	68	68
DLR00012647-2009-07-03_09-18-15	3	3	269	241	1972	131116	116.536982697	127453	0	153	159	143	86	99	96	334	68	68
DLR00012647-2009-07-03_09-18-15	3	4	335	241	1827	120308	116.536982697	117243	0	154	161	145	86	100	97	342	68	68
DLR00012647-2009-07-03_09-18-15	3	5	406	244	2029	137759	116.536982697	135314	0	157	164	146	86	101	97	295	68	68
DLR00012647-2009-07-03_09-18-15	3	6	471	244	2124	139591	116.536982697	136727	0	155	162	144	87	102	98	307	68	68
DLR00012647-2009-07-03_09-18-15	3	7	541	243	2016	134752	116.536982697	131833	0	156	163	145	86	101	97	304	68	68
DLR00012647-2009-07-03_09-18-15	3	8	609	242	2047	133364	116.536982697	129370	0	153	161	143	86	101	97	362	68	68
DLR00012647-2009-07-03_09-18-15	3	9	678	242	1863	123986	116.536982697	119674	0	154	162	144	85	100	96	414	68	68
DLR00012647-2009-07-03_09-18-15	3	10	744	239	1853	126412	116.536982697	123898	0	154	162	143	84	99	95	336	68	68
DLR00012647-2009-07-03_09-18-15	3	11	815	242	1924	128607	116.536982697	124366	0	153	161	142	85	100	95	341	68	68
DLR00012647-2009-07-03_09-18-15	3	12	882	239	2138	149035	116.536982697	146546	0	156	163	143	83	99	95	296	68	68
DLR00012647-2009-07-03_09-18-15	3	13	950	239	1926	133270	116.536982697	130227	0	156	163	144	84	100	95	323	68	68
DLR00012647-2009-07-03_09-18-15	3	14	1018	240	2092	135854	116.536982697	132580	0	150	159	140	84	100	95	296	68	68
DLR00012647-2009-07-03_09-18-15	3	15	1088	238	1963	135718	116.536982697	133780	0	155	162	143	83	99	95	272	68	68
DLR00012647-2009-07-03_09-18-15	3	16	1156	238	1868	129083	116.536982697	127344	0	155	162	143	83	99	95	265	68	68
DLR00012647-2009-07-03_09-18-15	3	17	1224	241	1752	119411	116.536982697	116306	0	153	161	143	84	99	95	329	68	68
DLR00012647-2009-07-03_09-18-15	3	18	1293	238	2114	144839	116.536982697	142018	0	154	161	143	84	99	95	329	68	68
DLR00012647-2009-07-03_09-18-15	3	19	1363	240	2222	154375	116.536982697	151465	0	155	163	145	84	99	96	334	68	68
DLR00012647-2009-07-03_09-18-15	3	20	1426	238	2042	135444	116.536982697	131536	0	151	159	143	85	99	96	339	68	68
DLR00012647-2009-07-03_09-18-15	3	21	1499	238	1811	120666	116.536982697	117451	0	150	157	142	84	98	95	302	68	68
DLR00012647-2009-07-03_09-18-15	3	22	1564	238	1905	130661	116.536982697	128495	0	148	155	140	82	95	93	241	68	68
DLR00012647-2009-07-03_09-18-15	3	23	1634	239	2128	152850	116.536982697	150175	0	147	153	138	80	93	90	249	68	68
DLR00012647-2009-07-03_09-18-15	3	24	1702	237	2416	178613	116.536982697	175324	0	145	151	136	80	91	88	245	68	68
DLR00012647-2009-07-03_09-18-15	4	1	132	313	2530	182890	116.536982697	180781	0	153	157	142	84	95	93	234	68	68
DLR00012647-2009-07-03_09-18-15	4	2	199	311	2346	173444	116.536982697	171294	0	158	162	144	84	96	93	250	68	68
DLR00012647-2009-07-03_09-18-15	4	3	266	312	2453	167090	116.536982697	164563	0	155	160	143	86	99	96	260	68	68
DLR00012647-2009-07-03_09-18-15	4	4	335	312	2285	163046	116.536982697	160947	0	159	165	147	86	99	96	269	68	68
DLR00012647-2009-07-03_09-18-15	4	5	401	314	1928	127301	116.536982697	125241	0	155	161	144	86	100	97	264	68	68
DLR00012647-2009-07-03_09-18-15	4	6	469	312	2461	178554	116.536982697	176768	0	162	168	148	85	100	96	252	68	68
DLR00012647-2009-07-03_09-18-15	4	7	538	310	2371	160215	116.536982697	157254	0	156	163	144	85	100	96	298	68	68
DLR00012647-2009-07-03_09-18-15	4	8	606	309	2454	171637	116.536982697	168867	0	159	165	145	85	100	95	292	68	68
DLR00012647-2009-07-03_09-18-15	4	9	675	308	2284	150097	116.536982697	145844	0	154	161	142	87	101	96	344	68	68
DLR00012647-2009-07-03_09-18-15	4	10	744	310	2541	186250	116.536982697	183528	0	161	167	146	84	99	94	279	68	68
DLR00012647-2009-07-03_09-18-15	4	11	813	305	2516	169912	116.536982697	166370	0	154	161	141	85	99	95	266	68	68
DLR00012647-2009-07-03_09-18-15	4	12	881	308	2373	170850	116.536982697	168632	0	159	165	144	83	98	94	284	68	68
DLR00012647-2009-07-03_09-18-15	4	13	949	310	2334	159385	116.536982697	155467	0	154	161	141	84	99	95	314	68	68
DLR00012647-2009-07-03_09-18-15	4	14	1019	309	2366	173044	116.536982697	170773	0	160	166	145	83	98	94	277	68	68
DLR00012647-2009-07-03_09-18-15	4	15	1085	307	2685	185112	116.536982697	181440	0	155	162	142	85	100	95	312	68	68
DLR00012647-2009-07-03_09-18-15	4	16	1156	307	2325	164065	116.536982697	161749	0	156	163	143	83	98	94	271	68	68
DLR00012647-2009-07-03_09-18-15	4	17	1225	307	2652	184649	116.536982697	181163	0	156	162	143	84	99	94	306	68	68
DLR00012647-2009-07-03_09-18-15	4	18	1292	308	2431	175048	116.536982697	172055	0	158	165	145	84	99	94	316	68	68
DLR00012647-2009-07-03_09-18-15	4	19	1360	308	2744	189469	116.536982697	186181	0	155	162	143	85	99	95	276	68	68
DLR00012647-2009-07-03_09-18-15	4	20	1428	306	2479	178870	116.536982697	176721	0	158	165	146	84	99	95	252	68	68
DLR00012647-2009-07-03_09-18-15	4	21	1495	304	2702	189628	116.536982697	186719	0	154	161	144	84	98	95	253	68	68
DLR00012647-2009-07-03_09-18-15	4	22	1563	304	2431	181824	116.536982697	179764	0	155	161	144	83	96	93	233	68	68
DLR00012647-2009-07-03_09-18-15	4	23	1631	305	2679	204134	116.536982697	201052	0	151	157	141	81	93	90	274	68	68
DLR00012647-2009-07-03_09-18-15	4	24	1699	306	2647	226360	116.536982697	224003	0	154	159	142	78	90	87	261	68	68
DLR00012647-2009-07-03_09-18-15	5	1	133	381	2337	166167	116.536982697	163515	0	151	156	142	84	95	93	279	68	68
DLR00012647-2009-07-03_09-18-15	5	2	200	380	2153	153931	116.536982697	151682	0	155	160	144	85	97	94	255	68	68
DLR00012647-2009-07-03_09-18-15	5	3	270	379	1860	131239	116.536982697	129562	0	156	161	145	84	97	95	276	68	68
DLR00012647-2009-07-03_09-18-15	5	4	336	379	1968	128337	116.536982697	124842	0	152	159	144	86	100	97	329	68	68
DLR00012647-2009-07-03_09-18-15	5	5	407	380	1827	122284	116.536982697	119924	0	155	162	145	85	100	97	311	68	68
DLR00012647-2009-07-03_09-18-15	5	6	472	378	2060	134984	116.536982697	132362	0	153	161	143	85	100	97	288	68	68
DLR00012647-2009-07-03_09-18-15	5	7	542	378	2128	145192	116.536982697	141859	0	156	163	145	85	100	96	339	68	68
DLR00012647-2009-07-03_09-18-15	5	8	609	377	2226	148350	116.536982697	145726	0	154	161	142	85	100	95	285	68	68
DLR00012647-2009-07-03_09-18-15	5	9	680	378	1710	112847	116.536982697	109831	0	153	160	142	84	99	95	307	68	68
DLR00012647-2009-07-03_09-18-15	5	10	746	376	2162	146226	116.536982697	143162	0	154	161	142	84	99	94	296	68	68
DLR00012647-2009-07-03_09-18-15	5	11	816	377	2079	146382	116.536982697	142714	0	155	162	143	83	98	94	383	68	68
DLR00012647-2009-07-03_09-18-15	5	12	883	375	2087	147369	116.536982697	144219	0	156	162	143	83	98	94	330	68	68
DLR00012647-2009-07-03_09-18-15	5	13	954	377	2100	142985	116.536982697	139776	0	153	160	141	83	98	94	325	68	68
DLR00012647-2009-07-03_09-18-15	5	14	1018	375	1902	123733	116.536982697	118918	0	150	157	139	84	98	94	363	68	68
DLR00012647-2009-07-03_09-18-15	5	15	1089	379	2068	139855	116.536982697	136601	0	153	160	141	83	98	94	323	68	68
DLR00012647-2009-07-03_09-18-15	5	16	1157	378	2148	146044	116.536982697	143013	0	153	161	141	83	98	94	303	68	68
DLR00012647-2009-07-03_09-18-15	5	17	1226	380	2389	173315	116.536982697	170442	0	158	165	145	84	98	95	325	68	68
DLR00012647-2009-07-03_09-18-15	5	18	1294	377	2379	167503	116.536982697	164894	0	156	163	144	83	98	95	259	68	68
DLR00012647-2009-07-03_09-18-15	5	19	1361	376	2311	167123	116.536982697	164557	0	156	164	146	83	98	95	307	68	68
DLR00012647-2009-07-03_09-18-15	5	20	1429	375	2334	165167	116.536982697	163388	0	155	162	144	83	98	95	224	68	68
DLR00012647-2009-07-03_09-18-15	5	21	1500	375	1786	121604	116.536982697	119947	0	150	158	142	82	97	95	218	68	68
DLR00012647-2009-07-03_09-18-15	5	22	1566	377	2070	147024	116.536982697	144385	0	149	157	141	81	95	93	267	68	68
DLR00012647-2009-07-03_09-18-15	5	23	1634	377	2109	152852	116.536982697	150447	0	146	153	138	80	93	90	270	68	68
DLR00012647-2009-07-03_09-18-15	5	24	1700	377	2422	209432	116.536982697	207142	0	153	158	142	77	90	87	298	68	68
DLR00012647-2009-07-03_09-18-15	6	1	129	446	0	0	116.536982697	7445	0				78	91	92	0	68	68
DLR00012647-2009-07-03_09-18-15	6	2	200	447	2541	199563	116.536982697	196991	0	162	166	148	83	96	94	310	68	68
DLR00012647-2009-07-03_09-18-15	6	3	266	450	2327	163732	116.536982697	161124	0	156	161	144	85	98	95	263	68	68
DLR00012647-2009-07-03_09-18-15	6	4	335	448	2266	158617	116.536982697	156556	0	158	164	146	86	100	97	256	68	68
DLR00012647-2009-07-03_09-18-15	6	5	405	449	2513	176929	116.536982697	174364	0	158	165	147	85	100	97	283	68	68
DLR00012647-2009-07-03_09-18-15	6	6	472	446	0	0	116.536982697	7072	0				80	97	96	0	68	68
DLR00012647-2009-07-03_09-18-15	6	7	539	447	2481	173507	116.536982697	170076	0	158	164	146	85	100	96	337	68	68
DLR00012647-2009-07-03_09-18-15	6	8	609	448	2489	177315	116.536982697	174803	0	158	165	145	84	99	94	256	68	68
DLR00012647-2009-07-03_09-18-15	6	9	676	447	2507	168773	116.536982697	165172	0	154	161	142	85	100	95	307	68	68
DLR00012647-2009-07-03_09-18-15	6	10	747	445	2325	164821	116.536982697	163017	0	156	163	143	83	98	93	269	68	68
DLR00012647-2009-07-03_09-18-15	6	11	815	446	0	0	116.536982697	6435	0				79	95	93	0	68	68
DLR00012647-2009-07-03_09-18-15	6	12	884	446	0	0	116.536982697	5820	0				79	95	93	0	68	68
DLR00012647-2009-07-03_09-18-15	6	13	951	445	2654	189658	116.536982697	185751	0	156	162	143	84	98	94	331	68	68
DLR00012647-2009-07-03_09-18-15	6	14	1020	444	2502	182430	116.536982697	179349	0	158	164	144	82	97	93	308	68	68
DLR00012647-2009-07-03_09-18-15	6	15	1085	444	2722	192617	116.536982697	189032	0	157	163	143	84	98	93	295	68	68
DLR00012647-2009-07-03_09-18-15	6	16	1155	443	2506	183686	116.536982697	181309	0	160	166	145	83	98	94	272	68	68
DLR00012647-2009-07-03_09-18-15	6	17	1231	447	49	3130	116.536982697	9173	0	146	155	147	80	97	95	43	68	68
DLR00012647-2009-07-03_09-18-15	6	18	1298	443	0	0	116.536982697	6614	0				78	96	94	0	68	68
DLR00012647-2009-07-03_09-18-15	6	19	1364	446	0	0	116.536982697	6129	0				77	94	93	0	68	68
DLR00012647-2009-07-03_09-18-15	6	20	1427	443	2335	175695	116.536982697	173419	0	158	165	146	82	97	94	277	68	68
DLR00012647-2009-07-03_09-18-15	6	21	1494	442	2638	184002	116.536982697	181266	0	152	159	143	83	98	94	251	68	68
DLR00012647-2009-07-03_09-18-15	6	22	1563	442	2447	183315	116.536982697	181555	0	153	160	143	81	95	92	228	68	68
DLR00012647-2009-07-03_09-18-15	6	23	1631	443	2761	221785	116.536982697	218855	0	154	160	143	79	93	90	264	68	68
DLR00012647-2009-07-03_09-18-15	6	24	1707	446	0	0	116.536982697	7746	0				71	86	86	0	68	68
DLR00012647-2009-07-03_09-18-15	7	1	132	517	2385	173887	116.536982697	172198	0	156	161	146	84	96	94	271	68	68
DLR00012647-2009-07-03_09-18-15	7	2	201	520	2230	155975	116.536982697	153726	0	154	159	143	84	97	95	263	68	68
DLR00012647-2009-07-03_09-18-15	7	3	271	517	2182	147498	116.536982697	144972	0	154	160	144	84	98	96	285	68	68
DLR00012647-2009-07-03_09-18-15	7	4	337	516	2111	140674	116.536982697	138760	0	153	160	144	85	100	97	241	68	68
DLR00012647-2009-07-03_09-18-15	7	5	404	518	2032	137082	116.536982697	134724	0	155	163	145	85	100	97	284	68	68
DLR00012647-2009-07-03_09-18-15	7	6	471	515	2138	149297	116.536982697	146348	0	157	164	146	85	100	97	325	68	68
DLR00012647-2009-07-03_09-18-15	7	7	541	516	1980	126360	116.536982697	123353	0	150	158	141	85	100	96	281	68	68
DLR00012647-2009-07-03_09-18-15	7	8	610	515	2070	143818	116.536982697	140139	0	156	163	144	84	99	94	333	68	68
DLR00012647-2009-07-03_09-18-15	7	9	678	513	1959	136219	116.536982697	134042	0	155	162	143	83	98	94	256	68	68
DLR00012647-2009-07-03_09-18-15	7	10	744	516	1980	137586	116.536982697	134555	0	154	161	142	83	98	94	335	68	68
DLR00012647-2009-07-03_09-18-15	7	11	816	514	2021	144164	116.536982697	141925	0	156	162	143	82	97	93	315	68	68
DLR00012647-2009-07-03_09-18-15	7	12	884	512	2011	145846	116.536982697	143846	0	157	163	143	82	97	93	292	68	68
DLR00012647-2009-07-03_09-18-15	7	13	950	513	1659	110447	116.536982697	107347	0	150	157	139	82	96	93	351	68	68
DLR00012647-2009-07-03_09-18-15	7	14	1018	514	1997	132600	116.536982697	128754	0	149	156	139	82	97	93	348	68	68
DLR00012647-2009-07-03_09-18-15	7	15	1088	512	1906	132333	116.536982697	130644	0	153	160	141	82	97	93	252	68	68
DLR00012647-2009-07-03_09-18-15	7	16	1150	508	1773	119689	116.536982697	117565	4	152	160	141	82	98	94	253	68	68
DLR00012647-2009-07-03_09-18-15	7	17	1223	514	2277	155704	116.536982697	152811	0	153	160	142	83	98	95	293	68	68
DLR00012647-2009-07-03_09-18-15	7	18	1292	511	2047	145953	116.536982697	143822	0	155	162	144	82	97	94	253	68	68
DLR00012647-2009-07-03_09-18-15	7	19	1363	514	1939	133241	116.536982697	130620	0	150	159	142	82	97	94	270	68	68
DLR00012647-2009-07-03_09-18-15	7	20	1429	511	1931	133447	116.536982697	130618	0	151	159	142	81	97	94	294	68	68
DLR00012647-2009-07-03_09-18-15	7	21	1497	513	2112	152954	116.536982697	151522	0	153	161	144	81	96	93	239	68	68
DLR00012647-2009-07-03_09-18-15	7	22	1564	511	2215	156323	116.536982697	153951	0	147	155	140	79	94	92	228	68	68
DLR00012647-2009-07-03_09-18-15	7	23	1635	512	2257	179288	116.536982697	176501	0	151	158	142	78	92	90	278	68	68
DLR00012647-2009-07-03_09-18-15	7	24	1707	514	0	0	116.536982697	7837	0				71	86	86	0	68	68
DLR00012647-2009-07-03_09-18-15	8	1	135	585	2542	170583	116.536982697	168191	0	152	158	143	84	97	95	252	68	68
DLR00012647-2009-07-03_09-18-15	8	2	198	586	2454	181820	116.536982697	178833	0	159	164	147	85	98	95	282	68	68
DLR00012647-2009-07-03_09-18-15	8	3	267	584	2155	144499	116.536982697	141847	0	153	159	143	84	99	96	249	68	68
DLR00012647-2009-07-03_09-18-15	8	4	335	587	2329	168388	116.536982697	166326	0	159	165	147	84	99	96	256	68	68
DLR00012647-2009-07-03_09-18-15	8	5	403	582	2097	137182	116.536982697	134198	0	152	160	143	84	100	96	274	68	68
DLR00012647-2009-07-03_09-18-15	8	6	474	584	2481	179205	116.536982697	176480	0	160	166	146	84	99	95	290	68	68
DLR00012647-2009-07-03_09-18-15	8	7	538	585	2323	155418	116.536982697	150375	4	153	161	143	86	100	96	372	68	68
DLR00012647-2009-07-03_09-18-15	8	8	610	583	2569	185828	116.536982697	183322	0	159	165	145	83	98	94	285	68	68
DLR00012647-2009-07-03_09-18-15	8	9	677	582	2091	135727	116.536982697	131405	0	150	158	140	85	99	94	311	68	68
DLR00012647-2009-07-03_09-18-15	8	10	745	582	2318	166049	116.536982697	163637	0	157	163	143	83	97	93	288	68	68
DLR00012647-2009-07-03_09-18-15	8	11	816	584	2619	183209	116.536982697	179303	0	155	161	142	83	97	93	351	68	68
DLR00012647-2009-07-03_09-18-15	8	12	883	582	2434	182445	116.536982697	179426	0	160	165	144	82	96	92	313	68	68
DLR00012647-2009-07-03_09-18-15	8	13	950	583	2533	178023	116.536982697	173978	0	154	160	141	83	97	92	319	68	68
DLR00012647-2009-07-03_09-18-15	8	14	1019	582	2302	172401	116.536982697	170278	0	159	164	144	81	95	91	273	68	68
DLR00012647-2009-07-03_09-18-15	8	15	1088	584	2507	175236	116.536982697	172458	4	153	160	140	82	96	92	266	68	68
DLR00012647-2009-07-03_09-18-15	8	16	1155	580	2333	165512	116.536982697	162392	4	154	161	141	82	96	92	293	68	68
DLR00012647-2009-07-03_09-18-15	8	17	1224	580	2844	204140	116.536982697	201269	0	155	161	142	82	97	93	278	68	68
DLR00012647-2009-07-03_09-18-15	8	18	1294	578	2451	180066	116.536982697	177659	0	157	164	144	82	97	93	285	68	68
DLR00012647-2009-07-03_09-18-15	8	19	1360	580	2618	183585	116.536982697	179873	0	153	160	142	83	98	94	301	68	68
DLR00012647-2009-07-03_09-18-15	8	20	1429	578	2295	165812	116.536982697	163523	0	154	161	143	81	97	94	246	68	68
DLR00012647-2009-07-03_09-18-15	8	21	1495	579	2687	194103	116.536982697	191080	0	152	160	143	82	97	93	279	68	68
DLR00012647-2009-07-03_09-18-15	8	22	1563	579	2498	194503	116.536982697	192527	0	154	161	144	80	94	91	219	68	68
DLR00012647-2009-07-03_09-18-15	8	23	1634	580	2964	243851	116.536982697	240696	0	154	160	143	78	92	89	280	68	68
DLR00012647-2009-07-03_09-18-15	8	24	1704	568	1	35	116.536982697	8438	0	107	119	116	70	86	85	0	68	68
DLR00012647-2009-07-03_09-18-15	9	1	133	654	2352	156508	116.536982697	153858	0	148	155	142	84	97	95	252	68	68
DLR00012647-2009-07-03_09-18-15	9	2	201	653	2255	156370	116.536982697	154466	0	153	159	143	84	98	95	261	68	68
DLR00012647-2009-07-03_09-18-15	9	3	270	653	2089	142646	116.536982697	140209	0	153	160	144	84	98	96	261	68	68
DLR00012647-2009-07-03_09-18-15	9	4	338	652	2237	152796	116.536982697	150691	0	155	162	144	84	99	96	266	68	68
DLR00012647-2009-07-03_09-18-15	9	5	407	653	2063	137838	116.536982697	134408	0	153	160	144	84	100	96	298	68	68
DLR00012647-2009-07-03_09-18-15	9	6	475	652	1820	116115	116.536982697	113721	0	149	157	141	84	99	96	236	68	68
DLR00012647-2009-07-03_09-18-15	9	7	542	652	2202	156058	116.536982697	153777	0	157	164	145	83	98	95	265	68	68
DLR00012647-2009-07-03_09-18-15	9	8	609	650	1906	125854	116.536982697	122313	0	151	158	141	84	99	95	318	68	68
DLR00012647-2009-07-03_09-18-15	9	9	680	651	2190	147532	116.536982697	145016	0	153	160	141	84	98	94	255	68	68
DLR00012647-2009-07-03_09-18-15	9	10	749	651	2119	144723	116.536982697	141794	0	154	161	142	84	98	94	287	68	68
DLR00012647-2009-07-03_09-18-15	9	11	818	651	1858	123347	116.536982697	121378	0	154	160	141	85	99	94	259	68	68
DLR00012647-2009-07-03_09-18-15	9	12	884	650	1972	132212	116.536982697	129850	0	152	159	140	84	98	93	292	68	68
DLR00012647-2009-07-03_09-18-15	9	13	952	652	1966	130140	116.536982697	127861	0	151	158	139	84	98	93	279	68	68
DLR00012647-2009-07-03_09-18-15	9	14	1021	649	1964	140323	116.536982697	138240	0	154	160	142	83	97	93	285	68	68
DLR00012647-2009-07-03_09-18-15	9	15	1088	650	2223	161878	116.536982697	159651	0	156	162	142	83	97	93	274	68	68
DLR00012647-2009-07-03_09-18-15	9	16	1156	646	2056	149825	116.536982697	148329	0	156	162	143	83	97	93	235	68	68
DLR00012647-2009-07-03_09-18-15	9	17	1226	651	2004	138862	116.536982697	136789	0	154	160	142	84	98	94	244	68	68
DLR00012647-2009-07-03_09-18-15	9	18	1292	649	2156	151750	116.536982697	150447	0	154	161	142	84	98	94	208	68	68
DLR00012647-2009-07-03_09-18-15	9	19	1363	650	1933	137733	116.536982697	135529	0	153	161	143	81	97	94	276	68	68
DLR00012647-2009-07-03_09-18-15	9	20	1432	647	1849	129142	116.536982697	126245	0	149	157	141	81	96	94	273	68	68
DLR00012647-2009-07-03_09-18-15	9	21	1499	649	2277	165061	116.536982697	162687	0	152	159	142	80	95	93	242	68	68
DLR00012647-2009-07-03_09-18-15	9	22	1567	647	2210	160565	116.536982697	158407	0	147	155	140	79	94	91	248	68	68
DLR00012647-2009-07-03_09-18-15	9	23	1637	652	2295	177872	116.536982697	174961	5	149	156	139	78	92	89	268	68	68
DLR00012647-2009-07-03_09-18-15	9	24	1702	648	2370	196785	116.536982697	195037	0	149	155	139	76	89	87	246	68	68
DLR00012647-2009-07-03_09-18-15	10	1	134	721	2523	178382	116.536982697	176134	0	152	158	144	83	97	95	246	68	68
DLR00012647-2009-07-03_09-18-15	10	2	200	721	2417	181007	116.536982697	178977	0	159	164	147	84	98	95	250	68	68
DLR00012647-2009-07-03_09-18-15	10	3	268	721	2415	164547	116.536982697	161684	0	153	159	143	84	99	95	264	68	68
DLR00012647-2009-07-03_09-18-15	10	4	336	723	2420	174687	116.536982697	173005	0	159	165	146	84	99	95	248	68	68
DLR00012647-2009-07-03_09-18-15	10	5	404	720	2659	183974	116.536982697	181032	0	155	162	145	85	100	96	290	68	68
DLR00012647-2009-07-03_09-18-15	10	6	472	720	2371	172584	116.536982697	170386	0	159	165	146	84	99	95	252	68	68
DLR00012647-2009-07-03_09-18-15	10	7	539	720	2353	159949	116.536982697	156545	0	152	160	143	84	99	95	311	68	68
DLR00012647-2009-07-03_09-18-15	10	8	611	719	2446	186890	116.536982697	184571	0	161	167	147	82	97	94	280	68	68
DLR00012647-2009-07-03_09-18-15	10	9	679	720	2473	175502	116.536982697	171056	0	155	162	143	84	99	94	351	68	68
DLR00012647-2009-07-03_09-18-15	10	10	747	720	2519	185053	116.536982697	182867	0	159	165	144	83	97	92	260	68	68
DLR00012647-2009-07-03_09-18-15	10	11	814	719	2601	178254	116.536982697	175148	0	154	160	140	85	99	93	264	68	68
DLR00012647-2009-07-03_09-18-15	10	12	884	719	2261	163742	116.536982697	161405	0	156	162	142	81	96	92	268	68	68
DLR00012647-2009-07-03_09-18-15	10	13	952	719	2773	206019	116.536982697	202832	0	157	162	143	82	96	92	291	68	68
DLR00012647-2009-07-03_09-18-15	10	14	1021	718	0	0	116.536982697	5764	0				77	93	91	0	68	68
DLR00012647-2009-07-03_09-18-15	10	15	1090	718	0	0	116.536982697	6263	0				77	93	91	0	68	68
DLR00012647-2009-07-03_09-18-15	10	16	1158	718	2256	172534	116.536982697	170365	0	157	163	144	80	95	91	279	68	68
DLR00012647-2009-07-03_09-18-15	10	17	1223	716	2613	186766	116.536982697	182897	0	153	159	140	82	96	92	329	68	68
DLR00012647-2009-07-03_09-18-15	10	18	1294	716	2287	168379	116.536982697	166119	0	155	162	142	81	96	92	265	68	68
DLR00012647-2009-07-03_09-18-15	10	19	1361	718	2876	222077	116.536982697	218505	0	158	165	146	82	97	94	310	68	68
DLR00012647-2009-07-03_09-18-15	10	20	1433	718	0	0	116.536982697	7067	0				76	93	92	0	68	68
DLR00012647-2009-07-03_09-18-15	10	21	1498	717	3002	240231	116.536982697	237305	11	158	164	146	82	96	93	305	68	68
DLR00012647-2009-07-03_09-18-15	10	22	1566	716	2422	185126	116.536982697	183247	0	154	160	143	80	94	91	207	68	68
DLR00012647-2009-07-03_09-18-15	10	23	1632	716	2740	214081	116.536982697	211720	0	150	157	139	79	92	89	202	68	68
DLR00012647-2009-07-03_09-18-15	10	24	1702	722	2551	221818	116.536982697	219646	0	152	157	140	76	88	85	235	68	68
DLR00012647-2009-07-03_09-18-15	11	1	129	785	0	0	116.536982697	7382	0				78	93	93	3	68	68
DLR00012647-2009-07-03_09-18-15	11	2	202	789	2234	161140	116.536982697	158562	0	155	161	144	82	97	94	267	68	68
DLR00012647-2009-07-03_09-18-15	11	3	269	791	2506	182246	116.536982697	179741	0	158	164	146	84	98	95	256	68	68
DLR00012647-2009-07-03_09-18-15	11	4	335	789	1954	134324	116.536982697	132536	0	155	161	144	84	99	95	220	68	68
DLR00012647-2009-07-03_09-18-15	11	5	408	790	2288	159211	116.536982697	157391	0	155	162	144	83	98	95	228	68	68
DLR00012647-2009-07-03_09-18-15	11	6	472	785	0	0	116.536982697	5651	0				78	95	94	0	68	68
DLR00012647-2009-07-03_09-18-15	11	7	541	785	0	0	116.536982697	5765	0				78	95	94	0	68	68
DLR00012647-2009-07-03_09-18-15	11	8	609	785	0	0	116.536982697	6142	0				78	95	93	0	68	68
DLR00012647-2009-07-03_09-18-15	11	9	678	785	0	0	116.536982697	5534	0				78	94	92	5	68	68
DLR00012647-2009-07-03_09-18-15	11	10	747	788	2253	166598	116.536982697	164368	0	156	162	142	81	96	92	276	68	68
DLR00012647-2009-07-03_09-18-15	11	11	817	787	1894	126622	116.536982697	122967	0	148	155	137	82	96	92	309	68	68
DLR00012647-2009-07-03_09-18-15	11	12	883	786	2101	152213	116.536982697	149172	0	153	159	140	81	95	91	314	68	68
DLR00012647-2009-07-03_09-18-15	11	13	955	787	2095	152062	116.536982697	149233	0	152	159	140	80	95	91	284	68	68
DLR00012647-2009-07-03_09-18-15	11	14	1021	785	0	0	116.536982697	6185	0				76	92	91	0	68	68
DLR00012647-2009-07-03_09-18-15	11	15	1090	785	0	0	116.536982697	6502	0				76	92	90	0	68	68
DLR00012647-2009-07-03_09-18-15	11	16	1157	785	2104	156245	116.536982697	153001	0	153	159	141	80	95	91	339	68	68
DLR00012647-2009-07-03_09-18-15	11	17	1226	788	2040	141643	116.536982697	138581	0	148	155	138	80	95	91	276	68	68
DLR00012647-2009-07-03_09-18-15	11	18	1293	785	2328	170017	116.536982697	167952	0	152	159	141	81	96	92	239	68	68
DLR00012647-2009-07-03_09-18-15	11	19	1364	785	0	0	116.536982697	6088	0				75	92	92	0	68	68
DLR00012647-2009-07-03_09-18-15	11	20	1433	785	0	0	116.536982697	6544	0				75	92	92	0	68	68
DLR00012647-2009-07-03_09-18-15	11	21	1502	786	0	0	116.536982697	6410	0				75	91	91	0	68	68
DLR00012647-2009-07-03_09-18-15	11	22	1567	784	2155	152439	116.536982697	150909	0	146	154	138	80	94	91	204	68	68
DLR00012647-2009-07-03_09-18-15	11	23	1633	786	2176	166099	116.536982697	163851	0	147	153	137	78	91	88	229	68	68
DLR00012647-2009-07-03_09-18-15	11	24	1701	781	2158	170692	116.536982697	168504	0	143	149	134	75	87	85	229	68	68
DLR00012647-2009-07-03_09-18-15	12	1	129	853	0	0	116.536982697	7318	0				77	92	92	0	68	68
DLR00012647-2009-07-03_09-18-15	12	2	201	858	2523	199826	116.536982697	197748	0	161	166	148	82	96	93	269	68	68
DLR00012647-2009-07-03_09-18-15	12	3	268	858	2329	150838	116.536982697	146455	0	149	156	140	86	99	96	313	68	68
DLR00012647-2009-07-03_09-18-15	12	4	338	859	2319	170133	116.536982697	168300	0	159	165	147	84	98	95	244	68	68
DLR00012647-2009-07-03_09-18-15	12	5	406	858	2467	164463	116.536982697	160772	0	152	160	143	85	100	96	314	68	68
DLR00012647-2009-07-03_09-18-15	12	6	473	857	2372	174814	116.536982697	172600	0	159	165	146	83	98	95	264	68	68
DLR00012647-2009-07-03_09-18-15	12	7	541	855	2462	178794	116.536982697	175491	0	157	163	145	83	98	95	306	68	68
DLR00012647-2009-07-03_09-18-15	12	8	610	855	2422	180062	116.536982697	177598	0	158	164	145	82	97	93	279	68	68
DLR00012647-2009-07-03_09-18-15	12	9	678	858	2639	183802	116.536982697	179963	0	152	159	141	84	98	93	311	68	68
DLR00012647-2009-07-03_09-18-15	12	10	747	858	2294	174884	116.536982697	172596	0	158	164	143	81	95	91	279	68	68
DLR00012647-2009-07-03_09-18-15	12	11	814	854	2584	185662	116.536982697	182170	0	153	159	139	82	96	91	278	68	68
DLR00012647-2009-07-03_09-18-15	12	12	883	854	2347	173674	116.536982697	170790	0	154	159	140	80	94	90	283	68	68
DLR00012647-2009-07-03_09-18-15	12	13	951	856	2619	192357	116.536982697	188550	0	153	159	139	81	95	90	325	68	68
DLR00012647-2009-07-03_09-18-15	12	14	1021	854	2327	176481	116.536982697	173623	0	155	160	141	80	94	90	303	68	68
DLR00012647-2009-07-03_09-18-15	12	15	1088	854	2828	215922	116.536982697	212515	0	155	161	141	81	95	91	309	68	68
DLR00012647-2009-07-03_09-18-15	12	16	1154	856	2296	172531	116.536982697	170431	0	154	160	140	79	94	90	242	68	68
DLR00012647-2009-07-03_09-18-15	12	17	1223	853	2534	183330	116.536982697	179383	0	150	157	139	81	96	91	249	68	68
DLR00012647-2009-07-03_09-18-15	12	18	1293	850	2319	178001	116.536982697	176248	0	156	162	143	80	95	91	228	68	68
DLR00012647-2009-07-03_09-18-15	12	19	1361	852	2728	203700	116.536982697	200799	0	152	159	141	81	96	92	272	68	68
DLR00012647-2009-07-03_09-18-15	12	20	1431	852	2431	194218	116.536982697	192126	0	157	163	145	79	94	91	275	68	68
DLR00012647-2009-07-03_09-18-15	12	21	1500	854	2561	189009	116.536982697	186254	0	150	157	140	80	95	92	230	68	68
DLR00012647-2009-07-03_09-18-15	12	22	1564	850	2463	192249	116.536982697	190645	0	152	159	142	80	93	90	196	68	68
DLR00012647-2009-07-03_09-18-15	12	23	1632	851	2681	216166	116.536982697	213795	0	150	155	139	78	91	88	237	68	68
DLR00012647-2009-07-03_09-18-15	12	24	1700	851	2758	243347	116.536982697	241140	0	150	155	138	75	87	84	265	68	68
DLR00012647-2009-07-03_09-18-15	13	1	135	926	2504	189519	116.536982697	187975	0	155	160	144	83	95	93	243	68	68
DLR00012647-2009-07-03_09-18-15	13	2	202	927	2398	184996	116.536982697	182970	0	158	163	145	83	95	92	277	68	68
DLR00012647-2009-07-03_09-18-15	13	3	272	926	2222	163337	116.536982697	161808	0	156	162	145	83	96	93	232	68	68
DLR00012647-2009-07-03_09-18-15	13	4	340	927	2110	145532	116.536982697	143326	0	153	160	143	84	98	95	268	68	68
DLR00012647-2009-07-03_09-18-15	13	5	408	926	2297	151306	116.536982697	149000	0	152	159	142	84	99	95	247	68	68
DLR00012647-2009-07-03_09-18-15	13	6	474	927	2204	152326	116.536982697	149730	0	154	161	143	84	99	95	283	68	68
DLR00012647-2009-07-03_09-18-15	13	7	544	927	2084	144674	116.536982697	143232	0	153	160	141	82	97	93	239	68	68
DLR00012647-2009-07-03_09-18-15	13	8	612	924	2347	170888	116.536982697	168854	0	155	162	142	82	96	92	261	68	68
DLR00012647-2009-07-03_09-18-15	13	9	681	924	2234	156845	116.536982697	153771	0	151	158	139	81	96	92	289	68	68
DLR00012647-2009-07-03_09-18-15	13	10	748	925	2029	144443	116.536982697	142381	0	152	158	139	80	95	91	243	68	68
DLR00012647-2009-07-03_09-18-15	13	11	816	925	2205	157539	116.536982697	154757	0	151	157	138	81	95	91	247	68	68
DLR00012647-2009-07-03_09-18-15	13	12	885	921	1946	133298	116.536982697	130550	0	146	153	135	80	94	90	234	68	68
DLR00012647-2009-07-03_09-18-15	13	13	953	926	1996	141450	116.536982697	138605	0	148	155	137	80	94	90	255	68	68
DLR00012647-2009-07-03_09-18-15	13	14	1020	923	2071	150977	116.536982697	148475	0	150	156	138	79	94	90	259	68	68
DLR00012647-2009-07-03_09-18-15	13	15	1091	923	2065	144642	116.536982697	141447	0	146	153	135	80	94	90	262	68	68
DLR00012647-2009-07-03_09-18-15	13	16	1159	922	2008	140479	116.536982697	137710	0	145	153	135	79	93	90	278	68	68
DLR00012647-2009-07-03_09-18-15	13	17	1226	923	2311	172327	116.536982697	169968	0	150	156	137	79	93	89	248	68	68
DLR00012647-2009-07-03_09-18-15	13	18	1298	924	2289	165501	116.536982697	161721	0	148	156	138	80	95	91	323	68	68
DLR00012647-2009-07-03_09-18-15	13	19	1364	924	1991	138582	116.536982697	135550	0	146	154	138	80	95	91	263	68	68
DLR00012647-2009-07-03_09-18-15	13	20	1430	922	2236	168338	116.536982697	165882	0	151	158	141	79	94	91	256	68	68
DLR00012647-2009-07-03_09-18-15	13	21	1501	922	1884	138905	116.536982697	137467	0	148	155	139	78	93	90	192	68	68
DLR00012647-2009-07-03_09-18-15	13	22	1568	920	1972	142003	116.536982697	140271	0	143	150	135	77	91	89	213	68	68
DLR00012647-2009-07-03_09-18-15	13	23	1636	922	2060	161929	116.536982697	160172	0	145	152	136	76	89	86	222	68	68
DLR00012647-2009-07-03_09-18-15	13	24	1701	920	2257	189326	116.536982697	186089	0	146	151	136	76	87	85	289	68	68
DLR00012647-2009-07-03_09-18-15	14	1	134	997	2389	162405	116.536982697	160154	0	147	153	139	83	94	92	209	68	68
DLR00012647-2009-07-03_09-18-15	14	2	202	993	2375	182372	116.536982697	180724	0	157	161	144	82	95	92	240	68	68
DLR00012647-2009-07-03_09-18-15	14	3	271	995	2001	131443	116.536982697	127919	0	148	154	140	84	97	94	313	68	68
DLR00012647-2009-07-03_09-18-15	14	4	338	996	2359	173938	116.536982697	172352	0	159	164	147	84	98	95	228	68	68
DLR00012647-2009-07-03_09-18-15	14	5	404	994	2191	146372	116.536982697	142169	0	152	159	143	85	99	96	311	68	68
DLR00012647-2009-07-03_09-18-15	14	6	474	992	2512	186270	116.536982697	183843	0	159	165	146	83	98	94	273	68	68
DLR00012647-2009-07-03_09-18-15	14	7	543	992	2029	135281	116.536982697	130851	0	149	157	140	83	98	94	350	68	68
DLR00012647-2009-07-03_09-18-15	14	8	611	992	2396	180263	116.536982697	177662	0	157	163	144	82	96	93	280	68	68
DLR00012647-2009-07-03_09-18-15	14	9	680	995	2562	187100	116.536982697	183407	0	154	160	141	83	97	93	315	68	68
DLR00012647-2009-07-03_09-18-15	14	10	748	994	2200	163750	116.536982697	161995	0	154	161	141	80	95	91	243	68	68
DLR00012647-2009-07-03_09-18-15	14	11	816	990	2620	197805	116.536982697	194482	9	155	161	141	82	95	91	325	68	68
DLR00012647-2009-07-03_09-18-15	14	12	885	991	2257	171138	116.536982697	168670	0	154	160	140	79	94	90	283	68	68
DLR00012647-2009-07-03_09-18-15	14	13	953	992	2579	190514	116.536982697	186406	0	151	157	139	80	94	90	317	68	68
DLR00012647-2009-07-03_09-18-15	14	14	1022	992	2429	188325	116.536982697	185609	0	154	160	141	79	93	89	303	68	68
DLR00012647-2009-07-03_09-18-15	14	15	1090	990	2577	188370	116.536982697	184339	0	149	156	137	80	94	90	299	68	68
DLR00012647-2009-07-03_09-18-15	14	16	1156	990	2175	162080	116.536982697	159290	0	150	157	138	79	93	89	278	68	68
DLR00012647-2009-07-03_09-18-15	14	17	1224	991	2741	201478	116.536982697	197114	0	149	156	137	81	94	90	337	68	68
DLR00012647-2009-07-03_09-18-15	14	18	1296	991	2606	205815	116.536982697	203296	0	156	161	141	79	93	89	277	68	68
DLR00012647-2009-07-03_09-18-15	14	19	1362	988	2680	195575	116.536982697	191683	0	150	157	140	81	95	91	294	68	68
DLR00012647-2009-07-03_09-18-15	14	20	1430	988	2223	161404	116.536982697	158713	0	149	156	139	80	94	91	261	68	68
DLR00012647-2009-07-03_09-18-15	14	21	1498	989	2689	197956	116.536982697	194471	0	149	155	139	81	94	91	263	68	68
DLR00012647-2009-07-03_09-18-15	14	22	1569	988	2440	202130	116.536982697	200137	0	154	159	142	79	91	88	237	68	68
DLR00012647-2009-07-03_09-18-15	14	23	1635	988	2810	230029	116.536982697	226966	0	149	155	138	77	89	86	254	68	68
DLR00012647-2009-07-03_09-18-15	14	24	1707	989	0	0	116.536982697	9471	0				69	82	82	0	68	68
DLR00012647-2009-07-03_09-18-15	15	1	136	1064	2752	200165	116.536982697	198223	0	152	157	142	82	93	92	199	68	68
DLR00012647-2009-07-03_09-18-15	15	2	204	1065	2555	198176	116.536982697	196482	0	156	161	145	82	94	92	245	68	68
DLR00012647-2009-07-03_09-18-15	15	3	272	1062	2397	179301	116.536982697	176765	0	155	161	146	83	96	94	302	68	68
DLR00012647-2009-07-03_09-18-15	15	4	340	1063	2249	163867	116.536982697	162052	0	156	162	147	83	97	95	292	68	68
DLR00012647-2009-07-03_09-18-15	15	5	408	1063	2341	166515	116.536982697	164137	0	154	161	146	83	97	95	271	68	68
DLR00012647-2009-07-03_09-18-15	15	6	477	1062	2249	159555	116.536982697	156983	0	153	160	144	83	97	95	280	68	68
DLR00012647-2009-07-03_09-18-15	15	7	544	1062	2099	144942	116.536982697	141731	0	151	158	142	83	97	95	315	68	68
DLR00012647-2009-07-03_09-18-15	15	8	613	1059	2027	144176	116.536982697	141340	0	151	159	142	81	96	93	332	68	68
DLR00012647-2009-07-03_09-18-15	15	9	681	1060	2181	159751	116.536982697	156528	0	152	159	142	82	96	93	325	68	68
DLR00012647-2009-07-03_09-18-15	15	10	749	1062	2447	197202	116.536982697	194428	0	157	163	145	79	94	91	311	68	68
DLR00012647-2009-07-03_09-18-15	15	11	820	1064	1947	151876	116.536982697	149522	0	153	160	143	78	93	90	320	68	68
DLR00012647-2009-07-03_09-18-15	15	12	886	1062	2083	165665	116.536982697	162597	0	154	160	143	78	93	90	365	68	68
DLR00012647-2009-07-03_09-18-15	15	13	954	1060	2013	153344	116.536982697	149603	0	150	158	141	79	93	90	389	68	68
DLR00012647-2009-07-03_09-18-15	15	14	1022	1059	2214	165764	116.536982697	161223	0	150	157	140	80	94	91	399	68	68
DLR00012647-2009-07-03_09-18-15	15	15	1090	1057	1849	134207	116.536982697	132050	0	146	153	137	78	92	90	239	68	68
DLR00012647-2009-07-03_09-18-15	15	16	1160	1058	2128	156330	116.536982697	153024	0	146	154	137	79	93	90	289	68	68
DLR00012647-2009-07-03_09-18-15	15	17	1227	1057	2094	157284	116.536982697	154965	0	147	155	138	78	93	90	264	68	68
DLR00012647-2009-07-03_09-18-15	15	18	1298	1056	2141	170499	116.536982697	168624	0	153	160	142	78	92	90	281	68	68
DLR00012647-2009-07-03_09-18-15	15	19	1363	1060	2310	180188	116.536982697	177358	0	152	159	143	79	93	91	311	68	68
DLR00012647-2009-07-03_09-18-15	15	20	1432	1059	1981	150630	116.536982697	148243	0	149	156	142	79	93	91	290	68	68
DLR00012647-2009-07-03_09-18-15	15	21	1500	1056	2118	159055	116.536982697	157091	0	148	155	141	78	92	90	252	68	68
DLR00012647-2009-07-03_09-18-15	15	22	1568	1055	2040	152389	116.536982697	150145	0	145	152	138	78	91	89	245	68	68
DLR00012647-2009-07-03_09-18-15	15	23	1635	1056	2179	159300	116.536982697	154013	0	143	149	136	79	91	88	314	68	68
DLR00012647-2009-07-03_09-18-15	15	24	1702	1055	2372	189330	116.536982697	187496	0	145	150	136	76	88	86	218	68	68
DLR00012647-2009-07-03_09-18-15	16	1	137	1130	2403	130556	116.536982697	129957	2	146	151	140	93	103	101	80	68	68
DLR00012647-2009-07-03_09-18-15	16	2	202	1129	2087	132834	116.536982697	133631	0	160	165	151	92	102	100	138	68	68
DLR00012647-2009-07-03_09-18-15	16	3	267	1125	0	0	116.536982697	7406	0				87	100	99	4	68	68
DLR00012647-2009-07-03_09-18-15	16	4	336	1126	17	828	116.536982697	13583	7	131	138	131	89	102	102	15	68	68
DLR00012647-2009-07-03_09-18-15	16	5	410	1125	30	1559	116.536982697	8009	16	138	145	137	88	102	101	28	68	68
DLR00012647-2009-07-03_09-18-15	16	6	476	1130	2135	137077	116.536982697	135920	0	161	167	152	95	107	105	186	68	68
DLR00012647-2009-07-03_09-18-15	16	7	544	1130	2444	141649	116.536982697	141317	5	154	161	147	96	108	105	191	68	68
DLR00012647-2009-07-03_09-18-15	16	8	610	1126	2106	133556	116.536982697	134230	0	160	166	150	91	104	100	172	68	68
DLR00012647-2009-07-03_09-18-15	16	9	680	1127	2772	179476	116.536982697	178324	12	156	163	148	92	105	101	194	68	68
DLR00012647-2009-07-03_09-18-15	16	10	747	1126	0	0	116.536982697	7293	0				84	98	97	2	68	68
DLR00012647-2009-07-03_09-18-15	16	11	816	1125	0	0	116.536982697	13098	0				82	97	96	0	68	68
DLR00012647-2009-07-03_09-18-15	16	12	884	1124	0	0	116.536982697	6645	0				83	98	97	0	68	68
DLR00012647-2009-07-03_09-18-15	16	13	952	1123	0	0	116.536982697	6961	0				82	97	96	0	68	68
DLR00012647-2009-07-03_09-18-15	16	14	1022	1128	2238	163784	116.536982697	162602	0	159	165	148	90	103	99	213	68	68
DLR00012647-2009-07-03_09-18-15	16	15	1093	1127	2831	187001	116.536982697	185217	1	153	159	144	90	103	99	190	68	68
DLR00012647-2009-07-03_09-18-15	16	16	1159	1126	2340	162567	116.536982697	161495	0	155	162	146	88	101	98	200	68	68
DLR00012647-2009-07-03_09-18-15	16	17	1228	1125	2968	202056	116.536982697	200414	11	155	161	146	90	103	100	216	68	68
DLR00012647-2009-07-03_09-18-15	16	18	1295	1124	0	0	116.536982697	7639	0				83	98	97	0	68	68
DLR00012647-2009-07-03_09-18-15	16	19	1364	1124	0	0	116.536982697	7448	0				82	97	97	0	68	68
DLR00012647-2009-07-03_09-18-15	16	20	1430	1121	0	0	116.536982697	7392	0				81	96	96	1	68	68
DLR00012647-2009-07-03_09-18-15	16	21	1498	1121	0	0	116.536982697	7242	0				82	96	96	0	68	68
DLR00012647-2009-07-03_09-18-15	16	22	1568	1123	2276	162848	116.536982697	162902	0	155	160	146	88	99	97	173	68	68
DLR00012647-2009-07-03_09-18-15	16	23	1635	1122	2874	195288	116.536982697	193956	0	152	157	143	88	99	96	154	68	68
DLR00012647-2009-07-03_09-18-15	16	24	1704	1122	2466	158566	116.536982697	158698	1	146	152	139	87	96	94	96	68	68
