DLR00012709-2009-07-03_09-23-54	1	1	132	106	2630	161932	116.938092129	159512	21	150	155	141	91	100	98	133	68	68
DLR00012709-2009-07-03_09-23-54	1	2	200	109	2568	159239	116.938092129	157793	0	151	156	144	90	101	99	121	68	68
DLR00012709-2009-07-03_09-23-54	1	3	269	108	2383	150886	116.938092129	149832	0	158	163	149	93	105	102	135	68	68
DLR00012709-2009-07-03_09-23-54	1	4	336	107	2392	145376	116.938092129	144158	3	157	163	149	95	107	105	118	68	68
DLR00012709-2009-07-03_09-23-54	1	5	406	107	2669	169722	116.938092129	168183	0	161	167	152	95	108	105	162	68	68
DLR00012709-2009-07-03_09-23-54	1	6	472	107	2325	134099	116.938092129	132357	0	155	163	149	95	109	106	154	68	68
DLR00012709-2009-07-03_09-23-54	1	7	541	109	2577	163246	116.938092129	161674	0	160	167	151	94	108	105	160	68	68
DLR00012709-2009-07-03_09-23-54	1	8	609	106	2571	152284	116.938092129	151024	0	157	165	149	96	110	106	142	68	68
DLR00012709-2009-07-03_09-23-54	1	9	679	105	2549	157982	116.938092129	157051	0	159	167	150	96	111	106	141	68	68
DLR00012709-2009-07-03_09-23-54	1	10	747	104	2401	135469	116.938092129	134416	0	153	162	147	96	111	106	135	68	68
DLR00012709-2009-07-03_09-23-54	1	11	815	105	2667	168128	116.938092129	166498	0	160	167	150	96	110	106	175	68	68
DLR00012709-2009-07-03_09-23-54	1	12	882	104	2382	143022	116.938092129	142244	0	157	165	148	96	110	106	142	68	68
DLR00012709-2009-07-03_09-23-54	1	13	955	103	2677	157540	116.938092129	156610	0	162	168	150	98	112	107	119	68	68
DLR00012709-2009-07-03_09-23-54	1	14	1021	107	2240	116533	116.938092129	116091	0	152	161	146	93	107	104	112	68	68
DLR00012709-2009-07-03_09-23-54	1	15	1091	105	2494	161974	116.938092129	161003	0	161	168	150	95	109	104	169	68	68
DLR00012709-2009-07-03_09-23-54	1	16	1156	104	2351	141610	116.938092129	140635	0	156	164	148	96	109	106	158	68	68
DLR00012709-2009-07-03_09-23-54	1	17	1226	104	2551	162940	116.938092129	161710	0	161	168	151	96	110	106	168	68	68
DLR00012709-2009-07-03_09-23-54	1	18	1293	104	2379	140384	116.938092129	139242	0	155	163	148	96	109	106	154	68	68
DLR00012709-2009-07-03_09-23-54	1	19	1364	103	2558	163510	116.938092129	162564	0	160	167	151	96	109	105	163	68	68
DLR00012709-2009-07-03_09-23-54	1	20	1431	103	2279	137890	116.938092129	137297	0	154	161	147	94	107	104	155	68	68
DLR00012709-2009-07-03_09-23-54	1	21	1500	105	2562	171246	116.938092129	170115	0	158	164	149	93	104	101	146	68	68
DLR00012709-2009-07-03_09-23-54	1	22	1568	102	2214	133814	116.938092129	133387	0	148	155	142	92	102	99	130	68	68
DLR00012709-2009-07-03_09-23-54	1	23	1636	104	2554	172147	116.938092129	171157	0	151	157	143	89	99	96	113	68	68
DLR00012709-2009-07-03_09-23-54	1	24	1697	105	2262	123800	116.938092129	123927	9	143	150	138	88	98	95	55	68	68
DLR00012709-2009-07-03_09-23-54	2	1	131	175	2677	182143	116.938092129	180332	0	151	156	142	84	96	94	156	68	68
DLR00012709-2009-07-03_09-23-54	2	2	200	176	2140	132545	116.938092129	130509	0	149	155	141	87	99	96	165	68	68
DLR00012709-2009-07-03_09-23-54	2	3	267	174	2609	183837	116.938092129	181757	0	162	167	149	90	102	99	229	68	68
DLR00012709-2009-07-03_09-23-54	2	4	335	174	2007	120366	116.938092129	117817	0	151	159	144	90	104	101	207	68	68
DLR00012709-2009-07-03_09-23-54	2	5	404	174	2444	161189	116.938092129	159315	0	159	166	149	90	104	101	208	68	68
DLR00012709-2009-07-03_09-23-54	2	6	472	173	2319	141030	116.938092129	138286	0	153	161	145	90	105	101	212	68	68
DLR00012709-2009-07-03_09-23-54	2	7	542	174	2394	160586	116.938092129	158324	0	159	167	148	90	105	101	232	68	68
DLR00012709-2009-07-03_09-23-54	2	8	609	172	2256	142183	116.938092129	139398	0	153	162	145	89	104	100	225	68	68
DLR00012709-2009-07-03_09-23-54	2	9	680	173	2579	183430	116.938092129	181278	0	162	169	149	88	103	99	247	68	68
DLR00012709-2009-07-03_09-23-54	2	10	746	171	2213	141185	116.938092129	138536	0	152	161	143	87	103	99	198	68	68
DLR00012709-2009-07-03_09-23-54	2	11	815	174	2568	176909	116.938092129	175206	0	159	166	146	86	102	98	210	68	68
DLR00012709-2009-07-03_09-23-54	2	12	880	172	2383	145467	116.938092129	142067	0	150	159	141	88	103	99	206	68	68
DLR00012709-2009-07-03_09-23-54	2	13	950	171	2486	172992	116.938092129	170647	0	158	165	146	87	102	98	254	68	68
DLR00012709-2009-07-03_09-23-54	2	14	1020	170	2161	142781	116.938092129	139665	0	153	161	143	86	101	98	254	68	68
DLR00012709-2009-07-03_09-23-54	2	15	1089	171	2564	184658	116.938092129	182470	0	160	167	147	86	102	98	251	68	68
DLR00012709-2009-07-03_09-23-54	2	16	1156	171	2124	134578	116.938092129	132281	0	150	159	142	86	102	98	201	68	68
DLR00012709-2009-07-03_09-23-54	2	17	1225	171	2483	173478	116.938092129	171640	0	158	166	147	86	102	99	252	68	68
DLR00012709-2009-07-03_09-23-54	2	18	1291	172	2100	137519	116.938092129	135042	0	153	162	145	87	103	99	237	68	68
DLR00012709-2009-07-03_09-23-54	2	19	1364	174	2401	163956	116.938092129	162240	0	156	163	146	87	101	98	225	68	68
DLR00012709-2009-07-03_09-23-54	2	20	1429	168	2165	140330	116.938092129	137122	0	151	158	143	86	101	98	259	68	68
DLR00012709-2009-07-03_09-23-54	2	21	1499	169	2521	185581	116.938092129	183518	0	159	165	148	86	100	97	233	68	68
DLR00012709-2009-07-03_09-23-54	2	22	1566	170	2343	160563	116.938092129	158091	0	148	155	140	83	97	94	211	68	68
DLR00012709-2009-07-03_09-23-54	2	23	1633	168	2479	190253	116.938092129	188082	0	153	159	143	82	94	92	240	68	68
DLR00012709-2009-07-03_09-23-54	2	24	1700	168	2526	177006	116.938092129	174873	0	145	152	139	82	94	91	198	68	68
DLR00012709-2009-07-03_09-23-54	3	1	136	242	2682	192883	116.938092129	190487	0	156	161	145	86	97	94	248	68	68
DLR00012709-2009-07-03_09-23-54	3	2	202	240	2254	158192	116.938092129	155798	0	158	162	145	88	100	96	242	68	68
DLR00012709-2009-07-03_09-23-54	3	3	269	245	2446	170473	116.938092129	168707	0	160	165	147	88	101	98	217	68	68
DLR00012709-2009-07-03_09-23-54	3	4	335	245	2242	146495	116.938092129	143247	0	157	163	146	90	104	100	241	68	68
DLR00012709-2009-07-03_09-23-54	3	5	406	244	2664	181431	116.938092129	178998	1	162	167	148	89	103	99	251	68	68
DLR00012709-2009-07-03_09-23-54	3	6	471	241	2413	160329	116.938092129	157988	0	159	166	147	89	104	99	237	68	68
DLR00012709-2009-07-03_09-23-54	3	7	542	242	2460	170223	116.938092129	168443	0	162	168	148	88	103	99	247	68	68
DLR00012709-2009-07-03_09-23-54	3	8	610	240	2292	155498	116.938092129	152940	0	159	166	146	88	103	98	245	68	68
DLR00012709-2009-07-03_09-23-54	3	9	681	243	2548	186560	116.938092129	184325	0	165	170	149	87	102	97	251	68	68
DLR00012709-2009-07-03_09-23-54	3	10	749	241	2272	154860	116.938092129	151578	0	158	164	144	87	102	97	305	68	68
DLR00012709-2009-07-03_09-23-54	3	11	816	241	2445	169717	116.938092129	167136	0	158	165	144	86	101	97	246	68	68
DLR00012709-2009-07-03_09-23-54	3	12	885	239	2270	150500	116.938092129	148328	0	155	162	142	86	102	97	218	68	68
DLR00012709-2009-07-03_09-23-54	3	13	951	242	2512	180283	116.938092129	177538	0	160	167	145	86	101	96	276	68	68
DLR00012709-2009-07-03_09-23-54	3	14	1021	239	2365	160820	116.938092129	157684	0	155	162	143	86	101	97	270	68	68
DLR00012709-2009-07-03_09-23-54	3	15	1091	241	2586	195641	116.938092129	193188	0	163	169	147	85	100	96	280	68	68
DLR00012709-2009-07-03_09-23-54	3	16	1159	240	2223	157697	116.938092129	154890	0	158	165	145	86	101	97	274	68	68
DLR00012709-2009-07-03_09-23-54	3	17	1228	240	2549	194130	116.938092129	192064	0	164	170	149	86	101	97	273	68	68
DLR00012709-2009-07-03_09-23-54	3	18	1295	238	2029	135789	116.938092129	133797	0	154	161	143	86	101	97	263	68	68
DLR00012709-2009-07-03_09-23-54	3	19	1364	240	2585	198264	116.938092129	195828	0	165	170	150	85	100	97	273	68	68
DLR00012709-2009-07-03_09-23-54	3	20	1431	239	2181	146534	116.938092129	143264	0	152	160	143	85	100	97	293	68	68
DLR00012709-2009-07-03_09-23-54	3	21	1500	241	2545	195619	116.938092129	193447	0	161	167	148	85	99	96	280	68	68
DLR00012709-2009-07-03_09-23-54	3	22	1567	240	2318	165962	116.938092129	163657	0	151	158	142	83	97	94	261	68	68
DLR00012709-2009-07-03_09-23-54	3	23	1635	242	2611	211221	116.938092129	208857	0	159	163	145	82	95	91	249	68	68
DLR00012709-2009-07-03_09-23-54	3	24	1701	239	2653	208069	116.938092129	205462	0	154	159	143	81	93	91	232	68	68
DLR00012709-2009-07-03_09-23-54	4	1	131	310	2773	212482	116.938092129	210137	0	159	163	146	85	97	94	254	68	68
DLR00012709-2009-07-03_09-23-54	4	2	201	311	1887	118515	116.938092129	115967	0	149	154	140	87	99	97	225	68	68
DLR00012709-2009-07-03_09-23-54	4	3	267	313	2487	176214	116.938092129	174475	0	161	166	147	88	101	98	206	68	68
DLR00012709-2009-07-03_09-23-54	4	4	334	313	1971	117037	116.938092129	113954	0	150	157	142	89	103	100	258	68	68
DLR00012709-2009-07-03_09-23-54	4	5	404	312	2511	173391	116.938092129	171169	0	161	167	148	89	103	99	238	68	68
DLR00012709-2009-07-03_09-23-54	4	6	473	309	1963	121511	116.938092129	118323	0	153	160	143	89	104	100	268	68	68
DLR00012709-2009-07-03_09-23-54	4	7	541	309	2472	173635	116.938092129	171491	0	162	168	148	88	103	98	234	68	68
DLR00012709-2009-07-03_09-23-54	4	8	610	310	1968	122756	116.938092129	120050	0	152	160	141	87	103	98	242	68	68
DLR00012709-2009-07-03_09-23-54	4	9	679	309	2456	173737	116.938092129	170990	0	162	167	147	87	102	97	258	68	68
DLR00012709-2009-07-03_09-23-54	4	10	746	309	2138	139834	116.938092129	136282	0	154	161	142	87	102	97	298	68	68
DLR00012709-2009-07-03_09-23-54	4	11	816	309	2366	165771	116.938092129	163895	0	159	165	144	86	101	96	241	68	68
DLR00012709-2009-07-03_09-23-54	4	12	883	308	2158	142094	116.938092129	139661	0	154	161	141	86	101	96	248	68	68
DLR00012709-2009-07-03_09-23-54	4	13	953	308	2472	176550	116.938092129	173883	0	159	165	144	85	100	96	274	68	68
DLR00012709-2009-07-03_09-23-54	4	14	1019	307	2117	135149	116.938092129	132257	0	151	158	139	86	101	96	259	68	68
DLR00012709-2009-07-03_09-23-54	4	15	1089	309	2409	173577	116.938092129	171620	0	159	165	144	85	100	96	234	68	68
DLR00012709-2009-07-03_09-23-54	4	16	1156	307	2098	137235	116.938092129	133747	0	151	159	140	85	101	96	282	68	68
DLR00012709-2009-07-03_09-23-54	4	17	1227	308	2300	164897	116.938092129	163165	0	159	165	144	84	100	96	232	68	68
DLR00012709-2009-07-03_09-23-54	4	18	1292	308	2110	142310	116.938092129	138945	0	153	161	143	86	101	97	286	68	68
DLR00012709-2009-07-03_09-23-54	4	19	1362	307	2633	195604	116.938092129	193106	0	161	167	147	85	100	96	277	68	68
DLR00012709-2009-07-03_09-23-54	4	20	1431	306	2123	141161	116.938092129	138155	0	151	159	142	85	100	97	250	68	68
DLR00012709-2009-07-03_09-23-54	4	21	1498	307	2486	181626	116.938092129	179496	0	157	163	145	85	99	96	256	68	68
DLR00012709-2009-07-03_09-23-54	4	22	1565	306	2179	151300	116.938092129	148640	0	149	156	140	83	97	94	244	68	68
DLR00012709-2009-07-03_09-23-54	4	23	1634	307	2646	213200	116.938092129	210779	0	157	163	145	82	95	92	254	68	68
DLR00012709-2009-07-03_09-23-54	4	24	1701	308	2605	199347	116.938092129	196552	0	152	158	143	82	94	91	253	68	68
DLR00012709-2009-07-03_09-23-54	5	1	135	380	2752	202327	116.938092129	200200	0	156	160	145	86	97	95	227	68	68
DLR00012709-2009-07-03_09-23-54	5	2	203	381	2259	154886	116.938092129	152477	0	155	160	144	87	100	97	226	68	68
DLR00012709-2009-07-03_09-23-54	5	3	268	379	2624	191679	116.938092129	189484	0	164	168	149	88	101	98	230	68	68
DLR00012709-2009-07-03_09-23-54	5	4	336	378	2279	149466	116.938092129	147626	0	157	163	146	89	103	99	205	68	68
DLR00012709-2009-07-03_09-23-54	5	5	407	379	2465	171223	116.938092129	169247	0	162	168	149	88	103	99	210	68	68
DLR00012709-2009-07-03_09-23-54	5	6	475	377	2084	133110	116.938092129	131191	0	154	162	144	88	103	99	210	68	68
DLR00012709-2009-07-03_09-23-54	5	7	542	380	2592	183506	116.938092129	181179	0	163	168	148	87	102	98	264	68	68
DLR00012709-2009-07-03_09-23-54	5	8	610	378	2188	147519	116.938092129	143942	0	157	164	145	88	103	98	309	68	68
DLR00012709-2009-07-03_09-23-54	5	9	682	379	2555	185806	116.938092129	183547	0	163	169	147	86	101	96	251	68	68
DLR00012709-2009-07-03_09-23-54	5	10	748	377	2334	153539	116.938092129	150722	0	154	161	141	86	101	96	253	68	68
DLR00012709-2009-07-03_09-23-54	5	11	818	377	2532	180622	116.938092129	177969	0	160	166	145	86	100	96	283	68	68
DLR00012709-2009-07-03_09-23-54	5	12	884	378	2301	154208	116.938092129	151293	0	154	161	141	85	100	95	251	68	68
DLR00012709-2009-07-03_09-23-54	5	13	954	377	2649	203141	116.938092129	200335	0	164	169	147	85	99	95	289	68	68
DLR00012709-2009-07-03_09-23-54	5	14	1022	376	2105	139419	116.938092129	136246	0	153	160	141	85	100	96	247	68	68
DLR00012709-2009-07-03_09-23-54	5	15	1091	379	2549	188031	116.938092129	185616	0	161	166	145	84	99	95	260	68	68
DLR00012709-2009-07-03_09-23-54	5	16	1157	379	2235	154814	116.938092129	151123	0	155	162	143	85	100	96	276	68	68
DLR00012709-2009-07-03_09-23-54	5	17	1228	378	2501	184716	116.938092129	182007	0	160	166	146	85	100	96	280	68	68
DLR00012709-2009-07-03_09-23-54	5	18	1295	377	2103	140181	116.938092129	136627	0	151	159	142	85	100	97	285	68	68
DLR00012709-2009-07-03_09-23-54	5	19	1364	377	2519	186521	116.938092129	184315	0	160	166	147	84	100	96	254	68	68
DLR00012709-2009-07-03_09-23-54	5	20	1431	376	2255	155470	116.938092129	151973	0	154	161	144	85	101	98	276	68	68
DLR00012709-2009-07-03_09-23-54	5	21	1500	377	2227	155787	116.938092129	153153	0	152	160	143	84	99	96	233	68	68
DLR00012709-2009-07-03_09-23-54	5	22	1565	375	2103	145864	116.938092129	142975	0	148	156	141	82	96	94	263	68	68
DLR00012709-2009-07-03_09-23-54	5	23	1636	376	2520	199705	116.938092129	197907	0	154	160	144	81	95	92	239	68	68
DLR00012709-2009-07-03_09-23-54	5	24	1703	375	2450	190963	116.938092129	188913	0	153	159	144	81	94	92	249	68	68
DLR00012709-2009-07-03_09-23-54	6	1	134	449	2704	203181	116.938092129	201013	0	159	163	147	85	97	95	219	68	68
DLR00012709-2009-07-03_09-23-54	6	2	202	447	2335	154142	116.938092129	151310	0	152	158	142	87	100	97	226	68	68
DLR00012709-2009-07-03_09-23-54	6	3	268	446	2629	193167	116.938092129	190894	0	164	168	149	88	101	98	237	68	68
DLR00012709-2009-07-03_09-23-54	6	4	337	448	1962	121206	116.938092129	117398	0	151	159	143	89	104	100	240	68	68
DLR00012709-2009-07-03_09-23-54	6	5	405	446	2541	179921	116.938092129	178042	0	163	169	149	88	103	99	242	68	68
DLR00012709-2009-07-03_09-23-54	6	6	474	447	1857	114179	116.938092129	112057	0	151	159	142	87	103	99	187	68	68
DLR00012709-2009-07-03_09-23-54	6	7	542	445	2309	161192	116.938092129	158978	0	160	166	146	86	102	97	242	68	68
DLR00012709-2009-07-03_09-23-54	6	8	610	446	2044	131292	116.938092129	127519	0	152	160	142	87	102	97	305	68	68
DLR00012709-2009-07-03_09-23-54	6	9	679	446	2408	167496	116.938092129	165591	0	159	165	145	86	101	96	226	68	68
DLR00012709-2009-07-03_09-23-54	6	10	746	446	1873	115209	116.938092129	112429	0	149	156	138	86	101	96	223	68	68
DLR00012709-2009-07-03_09-23-54	6	11	820	443	2596	188376	116.938092129	185738	0	161	166	145	85	100	95	272	68	68
DLR00012709-2009-07-03_09-23-54	6	12	887	443	2007	128796	116.938092129	125856	0	151	158	139	85	99	95	256	68	68
DLR00012709-2009-07-03_09-23-54	6	13	952	444	2501	179014	116.938092129	176708	0	158	164	143	84	99	94	257	68	68
DLR00012709-2009-07-03_09-23-54	6	14	1021	444	2025	130460	116.938092129	126596	0	149	157	139	85	100	95	304	68	68
DLR00012709-2009-07-03_09-23-54	6	15	1089	446	2537	187350	116.938092129	185047	0	160	166	145	84	99	94	274	68	68
DLR00012709-2009-07-03_09-23-54	6	16	1158	444	2125	144560	116.938092129	141253	1	153	160	141	85	100	95	279	68	68
DLR00012709-2009-07-03_09-23-54	6	17	1228	445	2449	179136	116.938092129	176995	0	159	165	145	84	99	95	267	68	68
DLR00012709-2009-07-03_09-23-54	6	18	1295	447	2151	143524	116.938092129	140321	0	151	159	141	84	100	96	261	68	68
DLR00012709-2009-07-03_09-23-54	6	19	1362	444	2526	184585	116.938092129	182057	0	158	165	146	84	100	96	234	68	68
DLR00012709-2009-07-03_09-23-54	6	20	1431	445	2256	151817	116.938092129	149286	0	151	159	142	85	100	97	223	68	68
DLR00012709-2009-07-03_09-23-54	6	21	1498	444	2464	182224	116.938092129	179762	0	157	164	146	83	99	96	266	68	68
DLR00012709-2009-07-03_09-23-54	6	22	1568	442	2247	160979	116.938092129	157631	0	151	158	142	83	98	95	258	68	68
DLR00012709-2009-07-03_09-23-54	6	23	1635	441	2524	199820	116.938092129	197501	0	155	161	144	81	95	92	239	68	68
DLR00012709-2009-07-03_09-23-54	6	24	1702	443	2447	194117	116.938092129	192070	0	152	159	144	80	94	92	237	68	68
DLR00012709-2009-07-03_09-23-54	7	1	136	517	2841	209506	116.938092129	206787	0	159	163	147	85	97	95	243	68	68
DLR00012709-2009-07-03_09-23-54	7	2	202	517	2265	150351	116.938092129	147466	0	153	159	143	88	101	97	228	68	68
DLR00012709-2009-07-03_09-23-54	7	3	270	517	2520	184031	116.938092129	181959	0	164	168	149	88	101	98	238	68	68
DLR00012709-2009-07-03_09-23-54	7	4	337	518	2059	128952	116.938092129	126719	0	152	160	143	88	103	99	192	68	68
DLR00012709-2009-07-03_09-23-54	7	5	407	515	2484	175946	116.938092129	174181	0	162	168	149	87	103	99	206	68	68
DLR00012709-2009-07-03_09-23-54	7	6	476	517	2114	139543	116.938092129	137377	0	156	163	144	87	102	99	227	68	68
DLR00012709-2009-07-03_09-23-54	7	7	543	517	2754	201803	116.938092129	198893	0	164	170	149	86	102	97	274	68	68
DLR00012709-2009-07-03_09-23-54	7	8	613	515	2244	144295	116.938092129	140759	0	153	160	142	87	102	97	243	68	68
DLR00012709-2009-07-03_09-23-54	7	9	679	515	2413	172894	116.938092129	170501	0	161	167	146	86	101	96	240	68	68
DLR00012709-2009-07-03_09-23-54	7	10	746	514	2218	146260	116.938092129	144260	0	154	160	141	85	100	96	231	68	68
DLR00012709-2009-07-03_09-23-54	7	11	819	514	2672	201651	116.938092129	198967	0	163	168	147	85	99	94	281	68	68
DLR00012709-2009-07-03_09-23-54	7	12	886	514	1974	130415	116.938092129	127132	0	152	159	140	85	99	95	279	68	68
DLR00012709-2009-07-03_09-23-54	7	13	955	514	2580	193328	116.938092129	190867	0	162	167	145	84	99	94	277	68	68
DLR00012709-2009-07-03_09-23-54	7	14	1023	514	2058	133200	116.938092129	128503	0	150	157	139	85	99	95	320	68	68
DLR00012709-2009-07-03_09-23-54	7	15	1092	515	2637	198945	116.938092129	195949	0	162	167	146	84	99	94	288	68	68
DLR00012709-2009-07-03_09-23-54	7	16	1158	513	2201	146528	116.938092129	142671	0	151	159	140	85	100	95	298	68	68
DLR00012709-2009-07-03_09-23-54	7	17	1227	516	2576	194921	116.938092129	192435	0	161	167	146	84	99	95	273	68	68
DLR00012709-2009-07-03_09-23-54	7	18	1295	514	2125	142160	116.938092129	139391	0	151	159	140	84	99	96	237	68	68
DLR00012709-2009-07-03_09-23-54	7	19	1363	513	2561	190921	116.938092129	188627	0	159	166	146	84	99	96	268	68	68
DLR00012709-2009-07-03_09-23-54	7	20	1430	511	2138	138084	116.938092129	134667	0	147	156	140	84	99	96	261	68	68
DLR00012709-2009-07-03_09-23-54	7	21	1500	513	2461	183429	116.938092129	180896	0	156	163	145	83	98	96	253	68	68
DLR00012709-2009-07-03_09-23-54	7	22	1567	512	2356	166215	116.938092129	163646	0	149	157	141	82	97	94	227	68	68
DLR00012709-2009-07-03_09-23-54	7	23	1636	514	2490	194378	116.938092129	191513	0	154	161	144	82	95	92	284	68	68
DLR00012709-2009-07-03_09-23-54	7	24	1703	512	2661	216665	116.938092129	214062	0	155	161	145	80	94	92	284	68	68
DLR00012709-2009-07-03_09-23-54	8	1	135	585	2876	209667	116.938092129	207162	1	158	163	147	86	99	96	244	68	68
DLR00012709-2009-07-03_09-23-54	8	2	201	584	2133	137599	116.938092129	133896	0	152	158	142	89	102	99	258	68	68
DLR00012709-2009-07-03_09-23-54	8	3	269	585	2497	178589	116.938092129	176286	0	162	167	149	87	102	98	231	68	68
DLR00012709-2009-07-03_09-23-54	8	4	338	584	1934	118359	116.938092129	115171	0	151	158	143	87	103	99	236	68	68
DLR00012709-2009-07-03_09-23-54	8	5	407	584	2482	175315	116.938092129	172984	0	161	168	148	87	103	99	238	68	68
DLR00012709-2009-07-03_09-23-54	8	6	473	585	1934	122808	116.938092129	119431	0	152	160	143	88	103	99	279	68	68
DLR00012709-2009-07-03_09-23-54	8	7	543	584	2588	179657	116.938092129	177229	0	159	166	145	86	102	97	225	68	68
DLR00012709-2009-07-03_09-23-54	8	8	610	583	2175	138056	116.938092129	135112	0	152	159	141	87	102	97	212	68	68
DLR00012709-2009-07-03_09-23-54	8	9	678	584	2477	175417	116.938092129	173435	0	160	165	145	85	100	96	236	68	68
DLR00012709-2009-07-03_09-23-54	8	10	747	583	2091	134193	116.938092129	130391	0	151	158	140	86	101	96	266	68	68
DLR00012709-2009-07-03_09-23-54	8	11	818	581	2389	170521	116.938092129	168570	0	159	164	144	84	99	94	256	68	68
DLR00012709-2009-07-03_09-23-54	8	12	886	580	2101	132680	116.938092129	129004	0	149	156	137	85	100	95	254	68	68
DLR00012709-2009-07-03_09-23-54	8	13	954	582	2357	168318	116.938092129	166540	0	157	163	143	84	98	94	242	68	68
DLR00012709-2009-07-03_09-23-54	8	14	1020	580	2106	135832	116.938092129	132393	0	149	156	138	84	99	94	270	68	68
DLR00012709-2009-07-03_09-23-54	8	15	1091	582	2562	183719	116.938092129	181049	0	157	163	142	84	98	94	256	68	68
DLR00012709-2009-07-03_09-23-54	8	16	1159	580	2117	140582	116.938092129	137150	0	150	158	139	84	99	95	278	68	68
DLR00012709-2009-07-03_09-23-54	8	17	1226	583	2561	187274	116.938092129	184629	0	157	164	144	84	99	94	277	68	68
DLR00012709-2009-07-03_09-23-54	8	18	1294	582	2162	147968	116.938092129	145164	0	152	160	141	84	99	96	255	68	68
DLR00012709-2009-07-03_09-23-54	8	19	1362	579	2517	179023	116.938092129	176825	0	155	162	143	83	98	95	242	68	68
DLR00012709-2009-07-03_09-23-54	8	20	1429	577	2055	138733	116.938092129	136134	0	150	159	141	83	99	96	232	68	68
DLR00012709-2009-07-03_09-23-54	8	21	1498	579	2405	178593	116.938092129	176728	0	156	163	145	82	98	95	228	68	68
DLR00012709-2009-07-03_09-23-54	8	22	1567	580	2262	164078	116.938092129	162263	0	151	158	142	82	96	94	219	68	68
DLR00012709-2009-07-03_09-23-54	8	23	1636	580	2498	195938	116.938092129	193923	0	155	161	144	81	95	92	219	68	68
DLR00012709-2009-07-03_09-23-54	8	24	1703	578	2528	198767	116.938092129	195984	0	152	159	143	81	94	92	261	68	68
DLR00012709-2009-07-03_09-23-54	9	1	136	655	2647	192925	116.938092129	190842	0	158	163	147	85	98	96	192	68	68
DLR00012709-2009-07-03_09-23-54	9	2	201	653	2319	162140	116.938092129	160340	0	157	162	145	87	101	97	191	68	68
DLR00012709-2009-07-03_09-23-54	9	3	270	653	2517	172323	116.938092129	170200	0	158	164	146	87	102	98	213	68	68
DLR00012709-2009-07-03_09-23-54	9	4	337	651	2429	157161	116.938092129	154779	0	155	161	144	88	103	99	216	68	68
DLR00012709-2009-07-03_09-23-54	9	5	407	654	2518	174003	116.938092129	171545	0	160	167	148	87	103	99	225	68	68
DLR00012709-2009-07-03_09-23-54	9	6	474	654	2251	143291	116.938092129	140211	0	153	161	143	87	103	99	220	68	68
DLR00012709-2009-07-03_09-23-54	9	7	543	652	2347	163397	116.938092129	161521	0	160	166	146	86	101	97	219	68	68
DLR00012709-2009-07-03_09-23-54	9	8	612	654	2376	156711	116.938092129	154558	0	155	161	142	86	101	96	206	68	68
DLR00012709-2009-07-03_09-23-54	9	9	679	652	2499	179421	116.938092129	177554	0	160	165	145	85	100	95	221	68	68
DLR00012709-2009-07-03_09-23-54	9	10	748	650	2262	151241	116.938092129	149053	0	153	160	140	85	99	95	215	68	68
DLR00012709-2009-07-03_09-23-54	9	11	817	653	2704	199458	116.938092129	196729	0	161	166	145	85	99	94	293	68	68
DLR00012709-2009-07-03_09-23-54	9	12	884	652	2041	130078	116.938092129	127057	0	149	156	138	85	99	95	265	68	68
DLR00012709-2009-07-03_09-23-54	9	13	955	652	2628	200099	116.938092129	197321	0	161	166	145	84	98	93	279	68	68
DLR00012709-2009-07-03_09-23-54	9	14	1022	651	2229	154514	116.938092129	151439	0	153	159	140	83	98	93	297	68	68
DLR00012709-2009-07-03_09-23-54	9	15	1090	652	2634	201391	116.938092129	198679	0	160	166	144	83	98	93	294	68	68
DLR00012709-2009-07-03_09-23-54	9	16	1159	651	2056	138881	116.938092129	136623	0	150	157	138	82	97	94	219	68	68
DLR00012709-2009-07-03_09-23-54	9	17	1230	651	2431	179650	116.938092129	177735	0	156	163	143	83	98	94	236	68	68
DLR00012709-2009-07-03_09-23-54	9	18	1298	650	2140	147659	116.938092129	144153	0	152	159	141	84	99	95	261	68	68
DLR00012709-2009-07-03_09-23-54	9	19	1364	649	2528	191088	116.938092129	188776	0	159	165	146	83	98	95	253	68	68
DLR00012709-2009-07-03_09-23-54	9	20	1431	647	2227	152287	116.938092129	149867	0	150	158	141	83	98	96	216	68	68
DLR00012709-2009-07-03_09-23-54	9	21	1501	649	2369	177779	116.938092129	175472	0	156	163	145	82	98	95	274	68	68
DLR00012709-2009-07-03_09-23-54	9	22	1569	647	2008	138672	116.938092129	135361	0	147	155	140	82	97	94	273	68	68
DLR00012709-2009-07-03_09-23-54	9	23	1637	652	2597	207320	116.938092129	205062	0	157	163	145	82	95	92	235	68	68
DLR00012709-2009-07-03_09-23-54	9	24	1703	649	2510	200077	116.938092129	197842	0	153	160	144	80	94	92	239	68	68
DLR00012709-2009-07-03_09-23-54	10	1	134	721	2819	204185	116.938092129	201909	0	157	163	147	85	99	97	221	68	68
DLR00012709-2009-07-03_09-23-54	10	2	201	719	1786	109466	116.938092129	107158	0	147	155	140	86	100	97	185	68	68
DLR00012709-2009-07-03_09-23-54	10	3	272	720	2461	174307	116.938092129	172466	0	160	166	148	86	101	98	205	68	68
DLR00012709-2009-07-03_09-23-54	10	4	339	720	1859	117161	116.938092129	114851	0	152	160	144	87	103	99	237	68	68
DLR00012709-2009-07-03_09-23-54	10	5	406	720	2445	175055	116.938092129	173095	0	163	169	149	87	102	99	232	68	68
DLR00012709-2009-07-03_09-23-54	10	6	475	720	2202	141958	116.938092129	139470	0	153	161	143	86	102	98	218	68	68
DLR00012709-2009-07-03_09-23-54	10	7	543	721	2501	177767	116.938092129	175803	0	160	166	146	86	101	97	236	68	68
DLR00012709-2009-07-03_09-23-54	10	8	612	721	2024	127142	116.938092129	125047	0	150	157	139	86	101	96	206	68	68
DLR00012709-2009-07-03_09-23-54	10	9	681	720	2458	174634	116.938092129	172321	0	158	163	143	85	99	95	249	68	68
DLR00012709-2009-07-03_09-23-54	10	10	747	719	2208	142717	116.938092129	140346	0	150	157	138	85	99	95	194	68	68
DLR00012709-2009-07-03_09-23-54	10	11	816	718	2428	169302	116.938092129	166870	0	156	162	142	84	99	94	240	68	68
DLR00012709-2009-07-03_09-23-54	10	12	883	718	2165	145835	116.938092129	143052	0	152	159	140	84	99	94	281	68	68
DLR00012709-2009-07-03_09-23-54	10	13	954	720	2441	179002	116.938092129	176532	0	158	163	143	83	98	93	279	68	68
DLR00012709-2009-07-03_09-23-54	10	14	1021	719	2157	143654	116.938092129	140599	0	150	157	138	84	99	94	247	68	68
DLR00012709-2009-07-03_09-23-54	10	15	1090	718	2568	190604	116.938092129	187624	0	157	163	142	83	97	93	253	68	68
DLR00012709-2009-07-03_09-23-54	10	16	1159	717	2108	146776	116.938092129	143458	0	151	158	139	83	97	93	238	68	68
DLR00012709-2009-07-03_09-23-54	10	17	1228	718	2604	198098	116.938092129	195442	0	158	164	144	83	97	94	273	68	68
DLR00012709-2009-07-03_09-23-54	10	18	1295	718	1963	131303	116.938092129	127460	0	148	157	139	83	98	95	256	68	68
DLR00012709-2009-07-03_09-23-54	10	19	1364	715	2445	178910	116.938092129	176320	0	155	162	143	82	98	95	278	68	68
DLR00012709-2009-07-03_09-23-54	10	20	1433	714	1912	124767	116.938092129	121842	0	146	155	139	83	98	96	240	68	68
DLR00012709-2009-07-03_09-23-54	10	21	1501	715	2450	186512	116.938092129	184458	0	157	163	145	82	97	95	240	68	68
DLR00012709-2009-07-03_09-23-54	10	22	1568	715	2305	169087	116.938092129	166527	0	151	158	142	82	96	94	258	68	68
DLR00012709-2009-07-03_09-23-54	10	23	1636	717	2588	206086	116.938092129	203768	0	157	163	144	82	95	92	230	68	68
DLR00012709-2009-07-03_09-23-54	10	24	1703	715	2460	194371	116.938092129	191555	0	152	159	143	81	94	92	268	68	68
DLR00012709-2009-07-03_09-23-54	11	1	136	790	2739	196056	116.938092129	194191	0	156	162	146	85	98	96	205	68	68
DLR00012709-2009-07-03_09-23-54	11	2	203	785	2272	154665	116.938092129	151243	0	155	161	145	88	102	98	247	68	68
DLR00012709-2009-07-03_09-23-54	11	3	270	791	2632	196522	116.938092129	194380	0	164	169	150	88	102	98	231	68	68
DLR00012709-2009-07-03_09-23-54	11	4	338	792	2250	143248	116.938092129	141312	0	154	161	144	88	102	99	191	68	68
DLR00012709-2009-07-03_09-23-54	11	5	409	789	2649	187488	116.938092129	185315	0	162	168	149	88	102	99	235	68	68
DLR00012709-2009-07-03_09-23-54	11	6	476	789	2179	138176	116.938092129	135330	0	152	160	142	87	103	99	211	68	68
DLR00012709-2009-07-03_09-23-54	11	7	545	789	2498	178907	116.938092129	176878	0	161	167	147	86	101	97	253	68	68
DLR00012709-2009-07-03_09-23-54	11	8	613	788	2194	142678	116.938092129	139566	0	152	159	140	86	100	96	219	68	68
DLR00012709-2009-07-03_09-23-54	11	9	681	790	2659	196882	116.938092129	194386	0	161	166	145	85	99	95	255	68	68
DLR00012709-2009-07-03_09-23-54	11	10	748	789	2091	139385	116.938092129	137457	0	152	159	140	84	99	94	225	68	68
DLR00012709-2009-07-03_09-23-54	11	11	818	787	2455	173185	116.938092129	170920	0	156	162	142	84	99	94	246	68	68
DLR00012709-2009-07-03_09-23-54	11	12	883	787	2180	150230	116.938092129	147833	0	153	159	140	83	98	94	238	68	68
DLR00012709-2009-07-03_09-23-54	11	13	954	788	2630	203093	116.938092129	200492	0	161	166	145	83	98	93	279	68	68
DLR00012709-2009-07-03_09-23-54	11	14	1022	788	2140	141714	116.938092129	138503	0	149	155	137	84	98	94	228	68	68
DLR00012709-2009-07-03_09-23-54	11	15	1091	790	2489	188468	116.938092129	186052	0	157	163	142	82	97	92	250	68	68
DLR00012709-2009-07-03_09-23-54	11	16	1159	786	2088	140996	116.938092129	137721	0	148	155	137	83	97	93	250	68	68
DLR00012709-2009-07-03_09-23-54	11	17	1229	788	2478	182006	116.938092129	179490	0	155	162	142	82	97	93	251	68	68
DLR00012709-2009-07-03_09-23-54	11	18	1295	788	2260	157883	116.938092129	154947	0	151	158	140	82	97	94	256	68	68
DLR00012709-2009-07-03_09-23-54	11	19	1364	786	2526	189999	116.938092129	187178	0	156	163	144	82	97	94	289	68	68
DLR00012709-2009-07-03_09-23-54	11	20	1432	782	2025	137980	116.938092129	134971	0	148	156	140	82	97	95	241	68	68
DLR00012709-2009-07-03_09-23-54	11	21	1501	786	2386	179084	116.938092129	176615	0	155	162	144	82	97	94	244	68	68
DLR00012709-2009-07-03_09-23-54	11	22	1569	783	2183	150891	116.938092129	147425	0	147	154	139	83	97	94	253	68	68
DLR00012709-2009-07-03_09-23-54	11	23	1636	787	2554	206750	116.938092129	204324	0	156	162	144	81	94	91	253	68	68
DLR00012709-2009-07-03_09-23-54	11	24	1702	784	2576	204720	116.938092129	201804	0	152	158	143	80	93	91	250	68	68
DLR00012709-2009-07-03_09-23-54	12	1	135	857	2793	204379	116.938092129	202259	0	158	163	147	86	98	96	210	68	68
DLR00012709-2009-07-03_09-23-54	12	2	201	859	2092	134072	116.938092129	130780	0	150	157	142	88	101	98	231	68	68
DLR00012709-2009-07-03_09-23-54	12	3	271	859	2442	174947	116.938092129	173321	0	161	166	148	87	101	98	198	68	68
DLR00012709-2009-07-03_09-23-54	12	4	339	860	1941	121672	116.938092129	117590	0	152	159	144	89	103	99	289	68	68
DLR00012709-2009-07-03_09-23-54	12	5	408	856	2471	173262	116.938092129	170824	0	161	167	148	88	103	99	222	68	68
DLR00012709-2009-07-03_09-23-54	12	6	476	856	2119	129479	116.938092129	127405	0	149	157	140	86	102	98	192	68	68
DLR00012709-2009-07-03_09-23-54	12	7	545	856	2503	176689	116.938092129	174978	0	159	165	145	85	101	97	220	68	68
DLR00012709-2009-07-03_09-23-54	12	8	613	856	2014	133807	116.938092129	130836	0	152	159	141	85	100	96	233	68	68
DLR00012709-2009-07-03_09-23-54	12	9	681	857	2420	178542	116.938092129	176644	0	160	165	145	84	99	95	208	68	68
DLR00012709-2009-07-03_09-23-54	12	10	749	857	1870	118964	116.938092129	115737	0	147	155	137	85	99	95	208	68	68
DLR00012709-2009-07-03_09-23-54	12	11	815	856	2466	186085	116.938092129	183901	0	160	165	144	83	98	94	262	68	68
DLR00012709-2009-07-03_09-23-54	12	12	886	854	1863	127792	116.938092129	125913	0	151	157	139	83	97	93	226	68	68
DLR00012709-2009-07-03_09-23-54	12	13	953	855	2428	173958	116.938092129	171499	0	154	159	140	82	97	93	256	68	68
DLR00012709-2009-07-03_09-23-54	12	14	1021	853	2123	148505	116.938092129	145516	0	151	157	139	83	97	93	258	68	68
DLR00012709-2009-07-03_09-23-54	12	15	1092	855	2488	188566	116.938092129	185834	0	156	162	142	82	96	92	270	68	68
DLR00012709-2009-07-03_09-23-54	12	16	1157	855	2058	141944	116.938092129	139015	0	149	156	138	82	96	93	253	68	68
DLR00012709-2009-07-03_09-23-54	12	17	1227	855	2609	199843	116.938092129	196511	0	157	163	143	82	96	93	320	68	68
DLR00012709-2009-07-03_09-23-54	12	18	1294	854	2270	157055	116.938092129	154567	0	149	156	138	81	96	93	229	68	68
DLR00012709-2009-07-03_09-23-54	12	19	1363	851	2347	181295	116.938092129	179247	0	157	163	144	81	96	93	271	68	68
DLR00012709-2009-07-03_09-23-54	12	20	1431	851	1950	137439	116.938092129	135172	0	149	157	140	81	96	94	239	68	68
DLR00012709-2009-07-03_09-23-54	12	21	1500	853	2510	194919	116.938092129	192753	0	156	163	145	82	96	93	258	68	68
DLR00012709-2009-07-03_09-23-54	12	22	1568	852	2018	143916	116.938092129	140854	0	148	155	140	82	96	93	271	68	68
DLR00012709-2009-07-03_09-23-54	12	23	1636	851	2441	191119	116.938092129	189114	0	152	158	141	80	93	91	213	68	68
DLR00012709-2009-07-03_09-23-54	12	24	1703	851	2573	206332	116.938092129	204330	0	151	157	142	79	92	90	226	68	68
DLR00012709-2009-07-03_09-23-54	13	1	137	927	2707	199859	116.938092129	197934	0	158	163	147	86	98	96	184	68	68
DLR00012709-2009-07-03_09-23-54	13	2	204	927	2174	145962	116.938092129	143551	0	153	159	143	87	100	97	199	68	68
DLR00012709-2009-07-03_09-23-54	13	3	272	927	2372	170163	116.938092129	168742	0	160	165	148	87	101	97	196	68	68
DLR00012709-2009-07-03_09-23-54	13	4	340	927	1973	125859	116.938092129	123682	0	153	160	144	88	102	99	222	68	68
DLR00012709-2009-07-03_09-23-54	13	5	409	927	2411	166578	116.938092129	164529	0	160	166	147	87	102	98	241	68	68
DLR00012709-2009-07-03_09-23-54	13	6	477	927	2111	135149	116.938092129	132178	0	152	160	143	87	102	98	243	68	68
DLR00012709-2009-07-03_09-23-54	13	7	545	925	2538	181414	116.938092129	179215	0	160	165	146	86	101	97	209	68	68
DLR00012709-2009-07-03_09-23-54	13	8	614	925	1997	127998	116.938092129	124981	0	149	157	139	85	100	96	208	68	68
DLR00012709-2009-07-03_09-23-54	13	9	682	925	2567	190608	116.938092129	188348	0	160	165	145	84	99	94	242	68	68
DLR00012709-2009-07-03_09-23-54	13	10	748	925	2273	152084	116.938092129	148723	0	151	158	139	85	99	95	263	68	68
DLR00012709-2009-07-03_09-23-54	13	11	819	924	2526	191346	116.938092129	188647	0	160	165	144	83	98	93	274	68	68
DLR00012709-2009-07-03_09-23-54	13	12	886	925	2089	137189	116.938092129	134186	0	147	154	137	83	97	93	242	68	68
DLR00012709-2009-07-03_09-23-54	13	13	955	924	2486	191681	116.938092129	189319	0	159	164	143	82	97	93	259	68	68
DLR00012709-2009-07-03_09-23-54	13	14	1022	923	2058	140566	116.938092129	137279	0	148	155	137	83	97	93	252	68	68
DLR00012709-2009-07-03_09-23-54	13	15	1092	922	2481	191214	116.938092129	188438	0	156	162	142	82	96	92	282	68	68
DLR00012709-2009-07-03_09-23-54	13	16	1161	923	1893	134029	116.938092129	130978	0	149	156	138	81	96	92	288	68	68
DLR00012709-2009-07-03_09-23-54	13	17	1230	922	2407	181402	116.938092129	178828	0	154	161	141	81	96	92	259	68	68
DLR00012709-2009-07-03_09-23-54	13	18	1296	922	2330	167681	116.938092129	164278	0	152	159	141	83	97	94	310	68	68
DLR00012709-2009-07-03_09-23-54	13	19	1365	924	2412	187342	116.938092129	185319	0	157	163	144	81	96	93	255	68	68
DLR00012709-2009-07-03_09-23-54	13	20	1433	922	2200	155653	116.938092129	153391	0	149	156	140	81	96	93	254	68	68
DLR00012709-2009-07-03_09-23-54	13	21	1502	924	2515	201414	116.938092129	198853	0	158	164	145	82	96	93	253	68	68
DLR00012709-2009-07-03_09-23-54	13	22	1570	920	2206	158607	116.938092129	157103	0	147	154	138	80	94	91	210	68	68
DLR00012709-2009-07-03_09-23-54	13	23	1637	923	2681	221966	116.938092129	219858	0	156	161	143	81	93	90	264	68	68
DLR00012709-2009-07-03_09-23-54	13	24	1704	921	2626	211164	116.938092129	208628	0	152	158	142	80	92	90	255	68	68
DLR00012709-2009-07-03_09-23-54	14	1	138	994	2671	194897	116.938092129	192626	0	157	162	146	86	98	96	234	68	68
DLR00012709-2009-07-03_09-23-54	14	2	209	995	1933	123809	116.938092129	120916	0	150	156	142	87	100	97	256	68	68
DLR00012709-2009-07-03_09-23-54	14	3	273	993	2463	180528	116.938092129	178965	0	163	167	149	87	101	97	212	68	68
DLR00012709-2009-07-03_09-23-54	14	4	342	993	1976	126088	116.938092129	123601	0	153	160	144	88	102	99	267	68	68
DLR00012709-2009-07-03_09-23-54	14	5	409	994	2510	172759	116.938092129	170699	0	160	165	147	88	102	98	207	68	68
DLR00012709-2009-07-03_09-23-54	14	6	476	993	2082	125173	116.938092129	121102	0	148	156	141	88	103	99	233	68	68
DLR00012709-2009-07-03_09-23-54	14	7	546	993	2450	176160	116.938092129	174196	0	160	166	146	86	101	97	214	68	68
DLR00012709-2009-07-03_09-23-54	14	8	614	993	1941	126968	116.938092129	123658	0	150	158	141	85	100	97	241	68	68
DLR00012709-2009-07-03_09-23-54	14	9	683	993	2375	178571	116.938092129	176517	0	159	165	145	84	99	94	242	68	68
DLR00012709-2009-07-03_09-23-54	14	10	752	991	2115	140464	116.938092129	136838	0	149	156	138	84	99	95	253	68	68
DLR00012709-2009-07-03_09-23-54	14	11	819	991	2435	179847	116.938092129	177249	0	156	162	142	83	97	93	262	68	68
DLR00012709-2009-07-03_09-23-54	14	12	885	992	2022	141752	116.938092129	137992	0	151	158	140	83	98	94	286	68	68
DLR00012709-2009-07-03_09-23-54	14	13	955	991	2273	174372	116.938092129	171899	0	157	163	143	82	96	93	271	68	68
DLR00012709-2009-07-03_09-23-54	14	14	1023	991	2023	143172	116.938092129	138626	0	149	156	139	83	97	93	355	68	68
DLR00012709-2009-07-03_09-23-54	14	15	1093	991	2229	170057	116.938092129	166808	0	154	160	141	81	95	92	300	68	68
DLR00012709-2009-07-03_09-23-54	14	16	1160	991	1930	137194	116.938092129	133502	0	148	156	138	81	96	93	313	68	68
DLR00012709-2009-07-03_09-23-54	14	17	1228	990	2412	190338	116.938092129	188079	0	157	163	143	81	96	92	264	68	68
DLR00012709-2009-07-03_09-23-54	14	18	1295	990	2053	143652	116.938092129	139288	0	148	156	139	82	97	94	337	68	68
DLR00012709-2009-07-03_09-23-54	14	19	1365	989	2116	156464	116.938092129	152946	0	151	159	141	82	96	93	301	68	68
DLR00012709-2009-07-03_09-23-54	14	20	1434	990	1765	126343	116.938092129	123180	0	148	155	140	82	96	93	290	68	68
DLR00012709-2009-07-03_09-23-54	14	21	1501	988	2397	186379	116.938092129	183850	4	155	160	143	81	95	92	265	68	68
DLR00012709-2009-07-03_09-23-54	14	22	1569	988	2004	140395	116.938092129	136580	0	143	151	137	81	94	92	283	68	68
DLR00012709-2009-07-03_09-23-54	14	23	1635	989	2432	194572	116.938092129	192588	0	152	158	141	79	92	90	230	68	68
DLR00012709-2009-07-03_09-23-54	14	24	1704	987	2406	186851	116.938092129	184242	0	149	154	140	79	91	90	223	68	68
DLR00012709-2009-07-03_09-23-54	15	1	135	1062	2677	188070	116.938092129	186155	0	153	159	145	85	97	96	201	68	68
DLR00012709-2009-07-03_09-23-54	15	2	205	1063	2126	138238	116.938092129	134191	0	150	156	143	87	100	98	290	68	68
DLR00012709-2009-07-03_09-23-54	15	3	272	1064	2547	175003	116.938092129	172660	0	159	164	148	88	101	99	237	68	68
DLR00012709-2009-07-03_09-23-54	15	4	336	1063	2233	133358	116.938092129	130442	0	148	156	142	90	103	100	152	68	68
DLR00012709-2009-07-03_09-23-54	15	5	410	1061	2503	171073	116.938092129	168683	0	158	164	148	88	102	99	230	68	68
DLR00012709-2009-07-03_09-23-54	15	6	478	1060	2163	136945	116.938092129	133885	0	151	158	143	87	101	99	218	68	68
DLR00012709-2009-07-03_09-23-54	15	7	546	1062	2492	177219	116.938092129	175086	0	158	164	147	87	101	98	257	68	68
DLR00012709-2009-07-03_09-23-54	15	8	613	1062	2080	138918	116.938092129	135646	0	151	159	143	86	100	98	274	68	68
DLR00012709-2009-07-03_09-23-54	15	9	683	1061	2475	185145	116.938092129	183196	0	158	164	146	84	98	95	267	68	68
DLR00012709-2009-07-03_09-23-54	15	10	750	1062	2218	151933	116.938092129	148701	0	149	157	140	84	98	95	272	68	68
DLR00012709-2009-07-03_09-23-54	15	11	818	1062	2477	187281	116.938092129	184976	0	155	161	143	82	96	93	256	68	68
DLR00012709-2009-07-03_09-23-54	15	12	888	1060	2260	160655	116.938092129	157618	0	149	157	140	82	96	93	272	68	68
DLR00012709-2009-07-03_09-23-54	15	13	956	1062	2421	186704	116.938092129	184171	0	155	161	143	82	96	93	262	68	68
DLR00012709-2009-07-03_09-23-54	15	14	1024	1059	2087	145736	116.938092129	141718	0	146	154	138	81	96	93	315	68	68
DLR00012709-2009-07-03_09-23-54	15	15	1093	1062	2516	204999	116.938092129	202378	0	157	163	144	81	95	92	292	68	68
DLR00012709-2009-07-03_09-23-54	15	16	1162	1059	2009	142431	116.938092129	138743	0	147	155	139	81	96	93	286	68	68
DLR00012709-2009-07-03_09-23-54	15	17	1230	1060	2403	190697	116.938092129	188696	0	156	162	144	81	95	93	261	68	68
DLR00012709-2009-07-03_09-23-54	15	18	1297	1059	2003	137469	116.938092129	134206	0	146	155	139	82	97	94	261	68	68
DLR00012709-2009-07-03_09-23-54	15	19	1365	1059	2433	186710	116.938092129	184248	0	155	161	144	82	96	93	286	68	68
DLR00012709-2009-07-03_09-23-54	15	20	1433	1058	2284	167304	116.938092129	165149	0	150	157	141	82	96	94	219	68	68
DLR00012709-2009-07-03_09-23-54	15	21	1502	1058	2381	188721	116.938092129	186877	0	156	162	145	82	95	93	261	68	68
DLR00012709-2009-07-03_09-23-54	15	22	1571	1058	2086	148385	116.938092129	145269	0	145	152	138	82	94	92	254	68	68
DLR00012709-2009-07-03_09-23-54	15	23	1639	1058	2468	190408	116.938092129	188489	0	150	156	141	80	92	90	198	68	68
DLR00012709-2009-07-03_09-23-54	15	24	1705	1058	2556	203625	116.938092129	201509	0	151	156	142	80	91	90	230	68	68
DLR00012709-2009-07-03_09-23-54	16	1	132	1130	2323	141340	116.938092129	141875	0	156	161	148	94	104	102	94	68	68
DLR00012709-2009-07-03_09-23-54	16	2	212	1130	2205	116399	116.938092129	116319	4	153	158	146	97	108	105	105	68	68
DLR00012709-2009-07-03_09-23-54	16	3	274	1130	2567	154275	116.938092129	153005	3	161	166	152	98	109	106	166	68	68
DLR00012709-2009-07-03_09-23-54	16	4	336	1129	2167	114753	116.938092129	114302	1	152	159	148	97	109	107	138	68	68
DLR00012709-2009-07-03_09-23-54	16	5	411	1127	2313	147401	116.938092129	147004	3	161	166	152	93	106	103	183	68	68
DLR00012709-2009-07-03_09-23-54	16	6	478	1132	1842	104249	116.938092129	101330	0	149	157	145	94	107	105	170	68	68
DLR00012709-2009-07-03_09-23-54	16	7	546	1129	2597	177666	116.938092129	175850	0	161	167	151	93	106	103	212	68	68
DLR00012709-2009-07-03_09-23-54	16	8	614	1130	2173	133849	116.938092129	131601	0	151	158	145	91	104	102	208	68	68
DLR00012709-2009-07-03_09-23-54	16	9	683	1128	2488	172256	116.938092129	169838	0	155	162	147	88	102	99	238	68	68
DLR00012709-2009-07-03_09-23-54	16	10	751	1129	2236	142290	116.938092129	138611	0	148	156	142	88	101	99	284	68	68
DLR00012709-2009-07-03_09-23-54	16	11	818	1129	2559	187851	116.938092129	186096	0	158	164	147	88	101	98	233	68	68
DLR00012709-2009-07-03_09-23-54	16	12	888	1129	2093	129785	116.938092129	127502	4	147	155	142	89	103	100	233	68	68
DLR00012709-2009-07-03_09-23-54	16	13	957	1128	2448	181033	116.938092129	178954	3	157	163	146	87	101	98	247	68	68
DLR00012709-2009-07-03_09-23-54	16	14	1024	1128	2139	139667	116.938092129	137194	0	146	154	140	86	100	98	208	68	68
DLR00012709-2009-07-03_09-23-54	16	15	1094	1129	2399	177887	116.938092129	175532	0	155	162	146	88	101	99	287	68	68
DLR00012709-2009-07-03_09-23-54	16	16	1159	1126	2186	143125	116.938092129	140652	0	148	156	142	87	101	99	216	68	68
DLR00012709-2009-07-03_09-23-54	16	17	1229	1127	2515	179015	116.938092129	177677	0	157	163	147	89	102	100	213	68	68
DLR00012709-2009-07-03_09-23-54	16	18	1298	1127	2006	126555	116.938092129	125861	0	149	156	143	90	104	101	146	68	68
DLR00012709-2009-07-03_09-23-54	16	19	1366	1128	2386	166154	116.938092129	164599	0	158	164	148	93	105	102	212	68	68
DLR00012709-2009-07-03_09-23-54	16	20	1432	1125	2262	141541	116.938092129	140031	6	150	157	144	90	103	101	170	68	68
DLR00012709-2009-07-03_09-23-54	16	21	1502	1122	2391	168909	116.938092129	167753	0	156	162	148	88	101	99	194	68	68
DLR00012709-2009-07-03_09-23-54	16	22	1570	1124	2257	146325	116.938092129	145671	0	148	155	142	89	100	99	139	68	68
DLR00012709-2009-07-03_09-23-54	16	23	1639	1125	2506	176462	116.938092129	175393	0	154	158	145	91	101	99	153	68	68
DLR00012709-2009-07-03_09-23-54	16	24	1705	1124	2347	155519	116.938092129	154715	2	150	155	143	89	99	98	109	68	68
