DLR00012647-2009-07-03_15-42-49	1	1	136	115	36	2860	119.878876561	9594	15	176	173	141	87	98	96	25	68	68
DLR00012647-2009-07-03_15-42-49	1	2	198	108	2334	154436	119.878876561	153821	0	157	162	148	93	103	100	95	68	68
DLR00012647-2009-07-03_15-42-49	1	3	267	109	2251	145686	119.878876561	144713	0	160	165	150	95	106	103	132	68	68
DLR00012647-2009-07-03_15-42-49	1	4	334	108	2150	139841	119.878876561	139342	0	162	167	152	96	108	105	140	68	68
DLR00012647-2009-07-03_15-42-49	1	5	406	108	2421	163640	119.878876561	162270	0	165	171	154	95	108	105	172	68	68
DLR00012647-2009-07-03_15-42-49	1	6	472	107	0	0	119.878876561	5787	0				90	105	104	0	68	68
DLR00012647-2009-07-03_15-42-49	1	7	540	107	2063	132099	119.878876561	131179	0	162	169	153	96	110	106	175	68	68
DLR00012647-2009-07-03_15-42-49	1	8	607	104	2125	130098	119.878876561	129419	0	161	168	151	98	112	107	157	68	68
DLR00012647-2009-07-03_15-42-49	1	9	677	106	2231	140490	119.878876561	139519	0	162	169	152	97	111	106	174	68	68
DLR00012647-2009-07-03_15-42-49	1	10	744	104	2300	148240	119.878876561	147213	0	164	171	152	98	112	106	178	68	68
DLR00012647-2009-07-03_15-42-49	1	11	813	105	0	0	119.878876561	6157	0				90	106	104	0	68	68
DLR00012647-2009-07-03_15-42-49	1	12	884	107	4	141	119.878876561	6353	0	121	136	128	90	106	104	0	68	68
DLR00012647-2009-07-03_15-42-49	1	13	953	103	2403	156288	119.878876561	155703	0	165	172	152	98	112	107	174	68	68
DLR00012647-2009-07-03_15-42-49	1	14	1018	101	2303	143866	119.878876561	143733	0	162	169	151	98	112	106	149	68	68
DLR00012647-2009-07-03_15-42-49	1	15	1089	105	2320	145987	119.878876561	145185	0	161	168	150	97	110	105	148	68	68
DLR00012647-2009-07-03_15-42-49	1	16	1156	101	2470	155969	119.878876561	155922	0	164	171	152	99	113	108	158	68	68
DLR00012647-2009-07-03_15-42-49	1	17	1221	100	0	0	119.878876561	6129	0				93	108	106	0	68	68
DLR00012647-2009-07-03_15-42-49	1	18	1293	105	0	0	119.878876561	6412	0				90	106	104	5	68	68
DLR00012647-2009-07-03_15-42-49	1	19	1361	104	0	0	119.878876561	6553	0				90	105	104	0	68	68
DLR00012647-2009-07-03_15-42-49	1	20	1428	101	2242	148828	119.878876561	149005	0	163	169	153	97	109	105	155	68	68
DLR00012647-2009-07-03_15-42-49	1	21	1498	104	2335	158256	119.878876561	157626	3	161	167	151	94	106	102	161	68	68
DLR00012647-2009-07-03_15-42-49	1	22	1565	101	2233	150772	119.878876561	150736	0	157	163	148	92	103	99	119	68	68
DLR00012647-2009-07-03_15-42-49	1	23	1635	105	2353	164848	119.878876561	163566	0	153	159	144	89	99	95	116	68	68
DLR00012647-2009-07-03_15-42-49	1	24	1696	102	46	1745	119.878876561	8676	7	130	134	121	87	97	94	10	68	68
DLR00012647-2009-07-03_15-42-49	2	1	130	177	2628	187785	119.878876561	185756	0	155	160	144	86	97	94	156	68	68
DLR00012647-2009-07-03_15-42-49	2	2	199	175	2630	192499	119.878876561	190282	0	161	165	147	87	99	95	235	68	68
DLR00012647-2009-07-03_15-42-49	2	3	267	176	2391	166216	119.878876561	164097	0	161	166	148	89	102	98	230	68	68
DLR00012647-2009-07-03_15-42-49	2	4	334	174	2574	183728	119.878876561	181448	0	165	170	151	90	103	99	278	68	68
DLR00012647-2009-07-03_15-42-49	2	5	401	176	2581	180176	119.878876561	177207	0	163	169	150	90	104	99	288	68	68
DLR00012647-2009-07-03_15-42-49	2	6	471	174	2583	184388	119.878876561	181670	0	165	171	151	88	103	99	256	68	68
DLR00012647-2009-07-03_15-42-49	2	7	539	175	2698	189869	119.878876561	187155	0	164	171	150	89	104	99	261	68	68
DLR00012647-2009-07-03_15-42-49	2	8	607	173	2564	183238	119.878876561	180187	0	165	171	151	89	104	99	302	68	68
DLR00012647-2009-07-03_15-42-49	2	9	675	171	2579	175874	119.878876561	172326	0	161	168	148	90	105	99	287	68	68
DLR00012647-2009-07-03_15-42-49	2	10	745	172	2728	199937	119.878876561	197093	0	166	172	150	88	103	98	274	68	68
DLR00012647-2009-07-03_15-42-49	2	11	812	170	2905	208559	119.878876561	205028	0	163	170	149	87	102	97	307	68	68
DLR00012647-2009-07-03_15-42-49	2	12	880	172	2760	207679	119.878876561	204962	0	168	173	151	87	103	98	295	68	68
DLR00012647-2009-07-03_15-42-49	2	13	953	170	2734	187933	119.878876561	185496	0	162	168	147	88	103	98	242	68	68
DLR00012647-2009-07-03_15-42-49	2	14	1019	172	2711	201088	119.878876561	198416	0	166	172	150	87	102	97	275	68	68
DLR00012647-2009-07-03_15-42-49	2	15	1084	170	2679	183605	119.878876561	180224	0	160	166	146	88	103	98	278	68	68
DLR00012647-2009-07-03_15-42-49	2	16	1153	169	2713	194047	119.878876561	191427	0	164	170	149	88	103	99	257	68	68
DLR00012647-2009-07-03_15-42-49	2	17	1222	168	3037	221798	119.878876561	218429	4	165	171	151	89	104	99	300	68	68
DLR00012647-2009-07-03_15-42-49	2	18	1290	167	2656	201852	119.878876561	199032	0	168	173	153	87	103	99	284	68	68
DLR00012647-2009-07-03_15-42-49	2	19	1359	168	2910	211531	119.878876561	208170	0	163	169	150	88	103	99	309	68	68
DLR00012647-2009-07-03_15-42-49	2	20	1426	168	2504	180559	119.878876561	178505	0	164	169	150	88	102	98	245	68	68
DLR00012647-2009-07-03_15-42-49	2	21	1496	170	2856	201416	119.878876561	198212	0	159	165	147	88	101	97	272	68	68
DLR00012647-2009-07-03_15-42-49	2	22	1563	168	2598	195918	119.878876561	193894	0	159	164	146	85	97	94	244	68	68
DLR00012647-2009-07-03_15-42-49	2	23	1631	169	2825	219917	119.878876561	217020	0	158	163	145	84	95	91	236	68	68
DLR00012647-2009-07-03_15-42-49	2	24	1700	168	2770	217992	119.878876561	215668	0	155	160	143	82	93	90	144	68	68
DLR00012647-2009-07-03_15-42-49	3	1	133	243	2594	191300	119.878876561	189205	0	158	162	145	86	97	94	218	68	68
DLR00012647-2009-07-03_15-42-49	3	2	199	244	2235	164921	119.878876561	162385	0	162	165	146	87	99	95	269	68	68
DLR00012647-2009-07-03_15-42-49	3	3	269	241	2133	147623	119.878876561	144059	0	160	164	146	89	101	97	318	68	68
DLR00012647-2009-07-03_15-42-49	3	4	335	241	1944	134230	119.878876561	131042	0	161	166	148	89	103	99	350	68	68
DLR00012647-2009-07-03_15-42-49	3	5	406	244	2157	151693	119.878876561	149109	0	163	169	149	88	103	98	293	68	68
DLR00012647-2009-07-03_15-42-49	3	6	471	244	2266	156674	119.878876561	153789	0	161	167	148	89	103	98	303	68	68
DLR00012647-2009-07-03_15-42-49	3	7	542	243	2160	150272	119.878876561	147677	0	162	168	148	88	103	98	298	68	68
DLR00012647-2009-07-03_15-42-49	3	8	609	242	2188	149452	119.878876561	145716	0	160	166	146	88	103	98	349	68	68
DLR00012647-2009-07-03_15-42-49	3	9	678	242	1985	138094	119.878876561	133670	0	161	167	147	88	103	97	408	68	68
DLR00012647-2009-07-03_15-42-49	3	10	745	240	1974	139082	119.878876561	136389	0	161	167	146	87	102	96	313	68	68
DLR00012647-2009-07-03_15-42-49	3	11	815	241	2071	144086	119.878876561	140253	0	159	166	146	87	102	97	334	68	68
DLR00012647-2009-07-03_15-42-49	3	12	882	239	2241	162644	119.878876561	160078	0	162	168	147	86	102	96	288	68	68
DLR00012647-2009-07-03_15-42-49	3	13	950	239	2032	146416	119.878876561	143101	0	162	168	147	87	102	96	326	68	68
DLR00012647-2009-07-03_15-42-49	3	14	1018	239	2202	150500	119.878876561	147058	0	157	164	144	87	102	97	296	68	68
DLR00012647-2009-07-03_15-42-49	3	15	1088	238	2063	148089	119.878876561	146076	0	161	167	146	85	101	96	264	68	68
DLR00012647-2009-07-03_15-42-49	3	16	1156	238	1974	142352	119.878876561	140562	0	161	167	146	86	101	96	285	68	68
DLR00012647-2009-07-03_15-42-49	3	17	1224	241	1897	134894	119.878876561	131890	0	160	166	146	86	101	96	317	68	68
DLR00012647-2009-07-03_15-42-49	3	18	1293	237	2269	162471	119.878876561	159878	0	160	167	146	86	101	96	289	68	68
DLR00012647-2009-07-03_15-42-49	3	19	1363	240	2335	168836	119.878876561	165632	0	162	168	148	87	101	97	323	68	68
DLR00012647-2009-07-03_15-42-49	3	20	1426	238	2175	151202	119.878876561	146938	2	157	164	146	87	101	97	336	68	68
DLR00012647-2009-07-03_15-42-49	3	21	1499	238	1940	136515	119.878876561	133191	0	155	162	145	85	99	96	320	68	68
DLR00012647-2009-07-03_15-42-49	3	22	1564	238	2009	144451	119.878876561	142126	0	155	161	144	84	98	94	258	68	68
DLR00012647-2009-07-03_15-42-49	3	23	1634	239	2301	172332	119.878876561	169268	0	154	159	142	83	96	91	263	68	68
DLR00012647-2009-07-03_15-42-49	3	24	1702	237	2683	209432	119.878876561	206304	0	154	159	141	83	94	89	252	68	68
DLR00012647-2009-07-03_15-42-49	4	1	132	313	2726	205012	119.878876561	202626	0	160	164	146	87	98	94	231	68	68
DLR00012647-2009-07-03_15-42-49	4	2	200	310	2473	189326	119.878876561	187068	0	164	167	148	87	99	95	231	68	68
DLR00012647-2009-07-03_15-42-49	4	3	266	312	2565	182979	119.878876561	180124	0	161	166	147	89	101	97	258	68	68
DLR00012647-2009-07-03_15-42-49	4	4	336	312	2361	174753	119.878876561	172548	0	166	170	150	88	102	98	264	68	68
DLR00012647-2009-07-03_15-42-49	4	5	401	313	2028	139122	119.878876561	136833	0	161	167	147	88	103	98	266	68	68
DLR00012647-2009-07-03_15-42-49	4	6	469	312	2521	188705	119.878876561	186680	0	168	173	151	88	102	97	267	68	68
DLR00012647-2009-07-03_15-42-49	4	7	538	310	2473	174105	119.878876561	171037	0	162	168	147	88	103	97	295	68	68
DLR00012647-2009-07-03_15-42-49	4	8	606	309	2540	184518	119.878876561	181619	0	164	170	148	87	102	96	304	68	68
DLR00012647-2009-07-03_15-42-49	4	9	675	308	2409	165663	119.878876561	161246	0	161	166	146	89	104	97	341	68	68
DLR00012647-2009-07-03_15-42-49	4	10	744	310	2626	196771	119.878876561	193919	0	167	172	149	87	102	95	288	68	68
DLR00012647-2009-07-03_15-42-49	4	11	813	305	2617	183825	119.878876561	180152	0	161	166	145	88	102	96	281	68	68
DLR00012647-2009-07-03_15-42-49	4	12	881	308	2455	181812	119.878876561	179226	0	164	169	147	86	101	95	271	68	68
DLR00012647-2009-07-03_15-42-49	4	13	949	310	2452	174067	119.878876561	169852	0	160	166	145	87	102	96	330	68	68
DLR00012647-2009-07-03_15-42-49	4	14	1019	309	2438	182891	119.878876561	180223	0	165	170	147	86	101	95	277	68	68
DLR00012647-2009-07-03_15-42-49	4	15	1085	307	2773	199413	119.878876561	195700	0	161	167	145	88	102	96	295	68	68
DLR00012647-2009-07-03_15-42-49	4	16	1156	307	2409	176273	119.878876561	173736	0	162	168	146	86	101	95	283	68	68
DLR00012647-2009-07-03_15-42-49	4	17	1225	307	2749	199174	119.878876561	195824	0	162	167	146	87	101	96	289	68	68
DLR00012647-2009-07-03_15-42-49	4	18	1292	308	2507	188419	119.878876561	185372	0	164	170	148	87	101	96	301	68	68
DLR00012647-2009-07-03_15-42-49	4	19	1360	308	2832	205085	119.878876561	201817	0	161	167	146	87	101	96	278	68	68
DLR00012647-2009-07-03_15-42-49	4	20	1428	306	2544	190730	119.878876561	188147	0	163	169	148	86	100	95	258	68	68
DLR00012647-2009-07-03_15-42-49	4	21	1495	304	2783	203441	119.878876561	200387	0	160	165	146	86	100	96	270	68	68
DLR00012647-2009-07-03_15-42-49	4	22	1563	304	2534	195567	119.878876561	193403	0	160	166	147	85	98	94	243	68	68
DLR00012647-2009-07-03_15-42-49	4	23	1631	305	2802	220342	119.878876561	217066	0	158	163	144	84	96	92	261	68	68
DLR00012647-2009-07-03_15-42-49	4	24	1699	306	2828	247678	119.878876561	244924	3	161	165	146	81	93	89	252	68	68
DLR00012647-2009-07-03_15-42-49	5	1	133	381	2596	195090	119.878876561	192145	0	159	163	146	87	98	95	242	68	68
DLR00012647-2009-07-03_15-42-49	5	2	200	380	2318	172789	119.878876561	170678	0	162	166	147	87	99	95	256	68	68
DLR00012647-2009-07-03_15-42-49	5	3	270	379	1954	143915	119.878876561	142112	0	162	167	148	86	100	96	282	68	68
DLR00012647-2009-07-03_15-42-49	5	4	336	378	2080	143380	119.878876561	139894	0	159	165	147	88	102	98	326	68	68
DLR00012647-2009-07-03_15-42-49	5	5	408	380	1916	134083	119.878876561	131521	0	161	167	148	87	102	98	314	68	68
DLR00012647-2009-07-03_15-42-49	5	6	472	378	2166	149246	119.878876561	146528	0	160	166	147	88	103	98	284	68	68
DLR00012647-2009-07-03_15-42-49	5	7	542	378	2241	159738	119.878876561	156507	0	162	168	148	87	102	97	330	68	68
DLR00012647-2009-07-03_15-42-49	5	8	609	377	2323	162282	119.878876561	159378	0	160	166	146	87	101	96	286	68	68
DLR00012647-2009-07-03_15-42-49	5	9	680	378	1828	126325	119.878876561	123105	0	159	165	145	86	102	96	323	68	68
DLR00012647-2009-07-03_15-42-49	5	10	746	376	2288	161591	119.878876561	158695	0	160	166	145	86	101	95	303	68	68
DLR00012647-2009-07-03_15-42-49	5	11	816	377	2189	161819	119.878876561	158280	0	162	168	147	86	100	95	355	68	68
DLR00012647-2009-07-03_15-42-49	5	12	883	375	2234	163676	119.878876561	160399	0	162	167	146	85	100	95	330	68	68
DLR00012647-2009-07-03_15-42-49	5	13	954	377	2206	157253	119.878876561	154150	0	160	166	145	85	100	95	318	68	68
DLR00012647-2009-07-03_15-42-49	5	14	1018	375	2021	138340	119.878876561	133345	0	156	163	142	86	101	95	362	68	68
DLR00012647-2009-07-03_15-42-49	5	15	1089	379	2160	153056	119.878876561	149680	0	159	165	144	85	100	95	322	68	68
DLR00012647-2009-07-03_15-42-49	5	16	1157	378	2250	160382	119.878876561	157182	0	160	166	145	86	100	95	318	68	68
DLR00012647-2009-07-03_15-42-49	5	17	1227	380	2512	188737	119.878876561	185801	0	164	169	148	86	100	96	302	68	68
DLR00012647-2009-07-03_15-42-49	5	18	1294	377	2483	183156	119.878876561	180546	0	162	168	147	86	101	96	277	68	68
DLR00012647-2009-07-03_15-42-49	5	19	1361	376	2412	181073	119.878876561	178501	0	163	169	148	85	100	96	287	68	68
DLR00012647-2009-07-03_15-42-49	5	20	1429	375	2413	177540	119.878876561	175600	0	161	167	147	85	100	96	219	68	68
DLR00012647-2009-07-03_15-42-49	5	21	1500	375	1892	134296	119.878876561	132651	0	156	163	145	84	99	96	223	68	68
DLR00012647-2009-07-03_15-42-49	5	22	1566	377	2166	161854	119.878876561	159010	0	156	162	145	83	97	94	266	68	68
DLR00012647-2009-07-03_15-42-49	5	23	1635	377	2258	172264	119.878876561	169575	0	154	160	143	83	96	92	240	68	68
DLR00012647-2009-07-03_15-42-49	5	24	1700	377	2633	238483	119.878876561	235739	0	161	166	147	80	93	89	275	68	68
DLR00012647-2009-07-03_15-42-49	6	1	129	446	0	0	119.878876561	7389	0				81	94	94	0	68	68
DLR00012647-2009-07-03_15-42-49	6	2	200	447	2694	217005	119.878876561	214100	0	168	171	151	86	99	95	289	68	68
DLR00012647-2009-07-03_15-42-49	6	3	267	450	2422	177995	119.878876561	175249	0	162	167	148	88	101	97	257	68	68
DLR00012647-2009-07-03_15-42-49	6	4	335	448	2360	171544	119.878876561	169285	0	164	169	149	88	102	98	239	68	68
DLR00012647-2009-07-03_15-42-49	6	5	405	449	2595	190369	119.878876561	187666	0	165	170	150	87	102	98	292	68	68
DLR00012647-2009-07-03_15-42-49	6	6	472	446	0	0	119.878876561	7365	0				82	99	97	0	68	68
DLR00012647-2009-07-03_15-42-49	6	7	539	447	2585	188843	119.878876561	185529	0	164	170	149	87	102	97	325	68	68
DLR00012647-2009-07-03_15-42-49	6	8	609	448	2556	189343	119.878876561	186556	0	164	170	148	86	101	95	253	68	68
DLR00012647-2009-07-03_15-42-49	6	9	676	447	2636	184740	119.878876561	181125	0	161	166	145	87	102	96	305	68	68
DLR00012647-2009-07-03_15-42-49	6	10	747	445	2414	179082	119.878876561	176871	0	163	168	147	86	100	95	266	68	68
DLR00012647-2009-07-03_15-42-49	6	11	815	446	0	0	119.878876561	6908	0				82	98	95	0	68	68
DLR00012647-2009-07-03_15-42-49	6	12	884	446	0	0	119.878876561	6362	0				82	98	95	0	68	68
DLR00012647-2009-07-03_15-42-49	6	13	951	445	2786	207098	119.878876561	203320	0	162	168	146	86	100	95	329	68	68
DLR00012647-2009-07-03_15-42-49	6	14	1020	444	2564	195050	119.878876561	191719	0	164	169	147	85	99	94	301	68	68
DLR00012647-2009-07-03_15-42-49	6	15	1085	444	2799	205885	119.878876561	202302	1	163	168	146	86	100	94	305	68	68
DLR00012647-2009-07-03_15-42-49	6	16	1155	443	2592	196635	119.878876561	193968	0	165	170	148	86	100	95	289	68	68
DLR00012647-2009-07-03_15-42-49	6	17	1231	447	52	3272	119.878876561	9353	0	147	156	148	82	99	96	39	68	68
DLR00012647-2009-07-03_15-42-49	6	18	1298	443	0	0	119.878876561	6607	0				81	98	96	0	68	68
DLR00012647-2009-07-03_15-42-49	6	19	1364	446	0	0	119.878876561	6211	0				80	97	95	0	68	68
DLR00012647-2009-07-03_15-42-49	6	20	1427	443	2422	188056	119.878876561	185658	0	164	170	149	84	99	95	265	68	68
DLR00012647-2009-07-03_15-42-49	6	21	1495	442	2726	199073	119.878876561	196253	0	158	165	146	85	100	96	256	68	68
DLR00012647-2009-07-03_15-42-49	6	22	1564	442	2537	197182	119.878876561	195016	0	159	165	146	83	97	94	225	68	68
DLR00012647-2009-07-03_15-42-49	6	23	1632	443	2915	246168	119.878876561	243114	0	161	167	147	82	95	92	255	68	68
DLR00012647-2009-07-03_15-42-49	6	24	1707	446	0	0	119.878876561	7427	0				74	89	88	0	68	68
DLR00012647-2009-07-03_15-42-49	7	1	135	518	2601	195137	119.878876561	192668	6	163	167	150	87	99	96	274	68	68
DLR00012647-2009-07-03_15-42-49	7	2	201	519	2365	172965	119.878876561	170456	0	161	165	147	87	100	96	264	68	68
DLR00012647-2009-07-03_15-42-49	7	3	271	517	2290	162127	119.878876561	159665	0	160	165	147	87	101	97	294	68	68
DLR00012647-2009-07-03_15-42-49	7	4	337	516	2203	153726	119.878876561	151808	0	160	166	147	87	102	98	236	68	68
DLR00012647-2009-07-03_15-42-49	7	5	404	518	2130	149680	119.878876561	147328	0	161	168	148	87	102	98	293	68	68
DLR00012647-2009-07-03_15-42-49	7	6	472	515	2267	164487	119.878876561	161489	0	163	169	149	87	102	98	323	68	68
DLR00012647-2009-07-03_15-42-49	7	7	541	516	2108	141501	119.878876561	138609	0	157	164	144	87	102	97	289	68	68
DLR00012647-2009-07-03_15-42-49	7	8	610	515	2162	156486	119.878876561	152674	0	162	168	147	86	101	96	346	68	68
DLR00012647-2009-07-03_15-42-49	7	9	678	513	2062	148423	119.878876561	146362	0	161	167	146	85	100	95	266	68	68
DLR00012647-2009-07-03_15-42-49	7	10	745	515	2093	151628	119.878876561	148504	0	160	166	146	86	100	95	319	68	68
DLR00012647-2009-07-03_15-42-49	7	11	816	514	2148	159379	119.878876561	157107	0	162	167	147	85	99	95	302	68	68
DLR00012647-2009-07-03_15-42-49	7	12	884	512	2136	160316	119.878876561	158230	0	162	168	147	84	99	94	300	68	68
DLR00012647-2009-07-03_15-42-49	7	13	951	513	1771	124316	119.878876561	121066	0	156	163	143	84	99	94	357	68	68
DLR00012647-2009-07-03_15-42-49	7	14	1018	514	2110	147786	119.878876561	143995	0	156	162	142	84	99	94	338	68	68
DLR00012647-2009-07-03_15-42-49	7	15	1089	512	2010	146015	119.878876561	144595	0	159	165	144	84	98	94	254	68	68
DLR00012647-2009-07-03_15-42-49	7	16	1151	508	1875	133611	119.878876561	131622	4	158	165	144	85	100	95	258	68	68
DLR00012647-2009-07-03_15-42-49	7	17	1224	514	2404	172861	119.878876561	170029	0	159	166	146	85	101	96	280	68	68
DLR00012647-2009-07-03_15-42-49	7	18	1292	510	2169	161362	119.878876561	159225	0	161	167	147	84	99	96	251	68	68
DLR00012647-2009-07-03_15-42-49	7	19	1363	514	2079	150225	119.878876561	147631	0	157	164	145	84	99	96	273	68	68
DLR00012647-2009-07-03_15-42-49	7	20	1429	511	2043	147933	119.878876561	145385	0	157	164	145	83	99	96	291	68	68
DLR00012647-2009-07-03_15-42-49	7	21	1497	513	2175	164065	119.878876561	162246	0	159	166	146	83	98	95	231	68	68
DLR00012647-2009-07-03_15-42-49	7	22	1564	511	2330	173862	119.878876561	171374	0	154	161	143	82	97	94	246	68	68
DLR00012647-2009-07-03_15-42-49	7	23	1635	512	2478	208284	119.878876561	205414	0	159	165	147	81	95	92	261	68	68
DLR00012647-2009-07-03_15-42-49	7	24	1707	514	0	0	119.878876561	7110	0				73	89	88	0	68	68
DLR00012647-2009-07-03_15-42-49	8	1	135	585	2758	192507	119.878876561	189925	9	159	164	147	87	100	97	229	68	68
DLR00012647-2009-07-03_15-42-49	8	2	198	586	2593	196047	119.878876561	192675	0	164	169	149	88	101	96	268	68	68
DLR00012647-2009-07-03_15-42-49	8	3	267	584	2254	157928	119.878876561	155253	0	159	165	146	87	101	98	249	68	68
DLR00012647-2009-07-03_15-42-49	8	4	336	587	2423	180201	119.878876561	177867	0	164	170	150	87	102	97	262	68	68
DLR00012647-2009-07-03_15-42-49	8	5	403	582	2217	150896	119.878876561	147694	0	158	165	146	86	102	98	285	68	68
DLR00012647-2009-07-03_15-42-49	8	6	474	584	2555	190709	119.878876561	187845	0	165	171	149	86	101	97	287	68	68
DLR00012647-2009-07-03_15-42-49	8	7	541	582	2423	170460	119.878876561	165530	0	160	166	146	88	102	97	387	68	68
DLR00012647-2009-07-03_15-42-49	8	8	611	582	2640	198355	119.878876561	195566	0	164	169	148	85	100	95	294	68	68
DLR00012647-2009-07-03_15-42-49	8	9	677	582	2238	152702	119.878876561	148280	0	156	163	143	87	101	95	318	68	68
DLR00012647-2009-07-03_15-42-49	8	10	745	582	2418	179740	119.878876561	177168	0	162	167	146	84	99	94	282	68	68
DLR00012647-2009-07-03_15-42-49	8	11	816	584	2735	200088	119.878876561	196162	5	161	166	145	85	99	94	335	68	68
DLR00012647-2009-07-03_15-42-49	8	12	883	582	2508	194358	119.878876561	191410	0	165	170	147	84	98	93	309	68	68
DLR00012647-2009-07-03_15-42-49	8	13	950	583	2652	194702	119.878876561	190992	0	160	165	144	85	99	93	310	68	68
DLR00012647-2009-07-03_15-42-49	8	14	1019	582	2380	184453	119.878876561	182103	0	164	169	147	83	98	93	285	68	68
DLR00012647-2009-07-03_15-42-49	8	15	1090	582	2618	191082	119.878876561	188125	0	159	165	143	84	98	93	287	68	68
DLR00012647-2009-07-03_15-42-49	8	16	1158	582	2416	179244	119.878876561	176354	0	160	166	145	84	98	93	286	68	68
DLR00012647-2009-07-03_15-42-49	8	17	1224	580	2931	218910	119.878876561	215789	5	161	166	145	85	99	94	290	68	68
DLR00012647-2009-07-03_15-42-49	8	18	1294	578	2523	192004	119.878876561	189245	0	163	169	147	85	99	95	266	68	68
DLR00012647-2009-07-03_15-42-49	8	19	1360	580	2724	199418	119.878876561	195631	0	159	165	145	85	100	95	294	68	68
DLR00012647-2009-07-03_15-42-49	8	20	1429	578	2378	179111	119.878876561	176698	0	160	166	146	84	99	95	272	68	68
DLR00012647-2009-07-03_15-42-49	8	21	1495	579	2769	207929	119.878876561	204634	0	158	165	145	84	99	95	262	68	68
DLR00012647-2009-07-03_15-42-49	8	22	1564	579	2580	207782	119.878876561	205545	0	160	166	146	82	97	93	232	68	68
DLR00012647-2009-07-03_15-42-49	8	23	1635	580	3132	268189	119.878876561	264581	0	161	166	147	81	95	91	264	68	68
DLR00012647-2009-07-03_15-42-49	8	24	1704	568	1	36	119.878876561	6695	0	108	123	119	73	88	88	0	68	68
DLR00012647-2009-07-03_15-42-49	9	1	133	654	2590	181209	119.878876561	178653	0	157	163	146	86	99	97	236	68	68
DLR00012647-2009-07-03_15-42-49	9	2	200	653	2380	172923	119.878876561	170562	0	160	165	147	86	100	96	235	68	68
DLR00012647-2009-07-03_15-42-49	9	3	270	653	2213	157720	119.878876561	155413	0	159	165	146	86	100	97	259	68	68
DLR00012647-2009-07-03_15-42-49	9	4	338	652	2327	165638	119.878876561	163383	0	161	166	147	86	101	97	265	68	68
DLR00012647-2009-07-03_15-42-49	9	5	407	652	2184	152186	119.878876561	149032	0	159	165	147	86	102	98	295	68	68
DLR00012647-2009-07-03_15-42-49	9	6	475	652	1918	129346	119.878876561	126577	0	156	163	144	86	101	97	269	68	68
DLR00012647-2009-07-03_15-42-49	9	7	542	652	2288	168881	119.878876561	166525	0	163	168	147	85	100	96	268	68	68
DLR00012647-2009-07-03_15-42-49	9	8	609	650	2031	141604	119.878876561	137920	0	157	164	144	86	101	95	332	68	68
DLR00012647-2009-07-03_15-42-49	9	9	680	651	2310	162297	119.878876561	159722	0	159	165	144	85	100	95	266	68	68
DLR00012647-2009-07-03_15-42-49	9	10	749	651	2228	158179	119.878876561	155166	0	160	165	144	86	100	94	305	68	68
DLR00012647-2009-07-03_15-42-49	9	11	818	651	1942	134638	119.878876561	132446	0	160	165	144	87	101	95	260	68	68
DLR00012647-2009-07-03_15-42-49	9	12	884	650	2064	145643	119.878876561	143204	0	158	164	143	86	100	94	282	68	68
DLR00012647-2009-07-03_15-42-49	9	13	952	652	2091	145933	119.878876561	143887	0	157	163	142	86	100	94	269	68	68
DLR00012647-2009-07-03_15-42-49	9	14	1021	649	2107	157554	119.878876561	155306	0	160	166	145	85	99	93	275	68	68
DLR00012647-2009-07-03_15-42-49	9	15	1088	650	2352	179264	119.878876561	176849	0	162	167	146	85	99	94	267	68	68
DLR00012647-2009-07-03_15-42-49	9	16	1156	647	2160	163846	119.878876561	162147	0	161	167	146	85	99	94	250	68	68
DLR00012647-2009-07-03_15-42-49	9	17	1226	651	2099	151724	119.878876561	149269	0	159	165	145	86	100	95	256	68	68
DLR00012647-2009-07-03_15-42-49	9	18	1292	649	2251	164735	119.878876561	163392	0	159	166	145	86	100	95	201	68	68
DLR00012647-2009-07-03_15-42-49	9	19	1363	650	2039	151361	119.878876561	148996	0	159	166	146	83	99	95	286	68	68
DLR00012647-2009-07-03_15-42-49	9	20	1433	647	1960	144633	119.878876561	141477	0	155	163	145	83	99	95	283	68	68
DLR00012647-2009-07-03_15-42-49	9	21	1499	649	2354	178035	119.878876561	175465	0	158	165	145	83	98	94	239	68	68
DLR00012647-2009-07-03_15-42-49	9	22	1567	647	2322	176107	119.878876561	173726	0	154	161	143	81	96	92	232	68	68
DLR00012647-2009-07-03_15-42-49	9	23	1637	651	2449	197063	119.878876561	194041	3	156	161	143	81	94	90	253	68	68
DLR00012647-2009-07-03_15-42-49	9	24	1705	651	2601	229302	119.878876561	227041	0	158	163	144	79	91	88	243	68	68
DLR00012647-2009-07-03_15-42-49	10	1	132	721	2767	205857	119.878876561	203325	0	160	165	149	86	100	97	240	68	68
DLR00012647-2009-07-03_15-42-49	10	2	200	721	2540	196354	119.878876561	193972	0	165	170	150	87	101	96	252	68	68
DLR00012647-2009-07-03_15-42-49	10	3	268	721	2515	179597	119.878876561	176487	0	159	165	146	87	101	97	270	68	68
DLR00012647-2009-07-03_15-42-49	10	4	336	723	2469	184288	119.878876561	182153	0	164	169	149	87	101	97	253	68	68
DLR00012647-2009-07-03_15-42-49	10	5	404	720	2737	197802	119.878876561	194599	0	162	168	148	87	102	97	291	68	68
DLR00012647-2009-07-03_15-42-49	10	6	473	720	2468	186929	119.878876561	184334	0	165	170	150	86	101	97	262	68	68
DLR00012647-2009-07-03_15-42-49	10	7	540	720	2478	177657	119.878876561	173959	0	160	166	146	86	102	97	290	68	68
DLR00012647-2009-07-03_15-42-49	10	8	611	719	2558	201911	119.878876561	199363	0	166	171	150	84	99	95	293	68	68
DLR00012647-2009-07-03_15-42-49	10	9	679	720	2656	195401	119.878876561	191407	0	161	166	146	86	100	95	317	68	68
DLR00012647-2009-07-03_15-42-49	10	10	747	720	2593	196964	119.878876561	194357	0	164	169	147	85	99	93	274	68	68
DLR00012647-2009-07-03_15-42-49	10	11	814	719	2713	194201	119.878876561	190914	0	159	165	143	86	100	94	280	68	68
DLR00012647-2009-07-03_15-42-49	10	12	884	719	2346	176341	119.878876561	173776	0	161	166	144	83	98	93	275	68	68
DLR00012647-2009-07-03_15-42-49	10	13	952	719	2885	223908	119.878876561	220409	0	163	168	146	84	99	93	312	68	68
DLR00012647-2009-07-03_15-42-49	10	14	1021	718	0	0	119.878876561	6106	0				79	95	93	0	68	68
DLR00012647-2009-07-03_15-42-49	10	15	1090	718	0	0	119.878876561	6142	0				79	95	92	0	68	68
DLR00012647-2009-07-03_15-42-49	10	16	1157	718	2370	188191	119.878876561	185731	0	163	168	147	82	97	93	268	68	68
DLR00012647-2009-07-03_15-42-49	10	17	1224	716	2723	204020	119.878876561	200044	0	158	164	144	84	98	93	309	68	68
DLR00012647-2009-07-03_15-42-49	10	18	1294	716	2365	180804	119.878876561	178396	0	161	167	145	83	98	93	259	68	68
DLR00012647-2009-07-03_15-42-49	10	19	1361	718	3021	241186	119.878876561	237579	0	163	169	148	84	99	95	302	68	68
DLR00012647-2009-07-03_15-42-49	10	20	1433	718	0	0	119.878876561	6744	0				78	95	94	0	68	68
DLR00012647-2009-07-03_15-42-49	10	21	1498	717	3114	256666	119.878876561	253646	18	163	169	149	84	98	94	274	68	68
DLR00012647-2009-07-03_15-42-49	10	22	1566	716	2503	197005	119.878876561	194748	0	159	165	145	83	97	93	222	68	68
DLR00012647-2009-07-03_15-42-49	10	23	1633	716	2842	228086	119.878876561	225331	2	156	162	143	81	94	90	190	68	68
DLR00012647-2009-07-03_15-42-49	10	24	1704	717	2723	245086	119.878876561	243019	12	159	163	144	78	91	87	209	68	68
DLR00012647-2009-07-03_15-42-49	11	1	130	786	0	0	119.878876561	7076	0				81	95	95	3	68	68
DLR00012647-2009-07-03_15-42-49	11	2	201	789	2414	182921	119.878876561	180346	0	162	167	148	85	99	96	242	68	68
DLR00012647-2009-07-03_15-42-49	11	3	269	791	2603	195758	119.878876561	193073	0	164	168	149	87	101	96	258	68	68
DLR00012647-2009-07-03_15-42-49	11	4	336	789	2032	146031	119.878876561	144080	0	161	166	147	87	101	97	234	68	68
DLR00012647-2009-07-03_15-42-49	11	5	408	790	2372	173458	119.878876561	171461	0	161	167	147	86	100	97	228	68	68
DLR00012647-2009-07-03_15-42-49	11	6	472	785	0	0	119.878876561	6277	0				81	98	96	0	68	68
DLR00012647-2009-07-03_15-42-49	11	7	541	785	0	0	119.878876561	6196	0				80	98	96	0	68	68
DLR00012647-2009-07-03_15-42-49	11	8	609	785	0	0	119.878876561	6208	0				80	97	95	0	68	68
DLR00012647-2009-07-03_15-42-49	11	9	679	786	0	0	119.878876561	5796	0				80	96	94	0	68	68
DLR00012647-2009-07-03_15-42-49	11	10	747	788	2358	180713	119.878876561	178527	0	161	166	145	83	98	93	270	68	68
DLR00012647-2009-07-03_15-42-49	11	11	817	787	2036	141863	119.878876561	138245	0	153	160	140	84	98	93	310	68	68
DLR00012647-2009-07-03_15-42-49	11	12	883	786	2193	166043	119.878876561	162811	0	159	164	143	83	97	92	317	68	68
DLR00012647-2009-07-03_15-42-49	11	13	955	787	2223	170714	119.878876561	168026	0	159	164	144	82	97	92	289	68	68
DLR00012647-2009-07-03_15-42-49	11	14	1021	785	0	0	119.878876561	6892	0				78	95	92	0	68	68
DLR00012647-2009-07-03_15-42-49	11	15	1090	785	0	0	119.878876561	6479	0				78	94	92	0	68	68
DLR00012647-2009-07-03_15-42-49	11	16	1157	785	2258	176245	119.878876561	173124	0	159	164	144	82	97	92	324	68	68
DLR00012647-2009-07-03_15-42-49	11	17	1226	788	2154	157860	119.878876561	154769	0	154	161	141	82	97	93	277	68	68
DLR00012647-2009-07-03_15-42-49	11	18	1293	785	2435	185769	119.878876561	183355	0	158	164	144	83	98	94	253	68	68
DLR00012647-2009-07-03_15-42-49	11	19	1364	785	0	0	119.878876561	5989	0				77	95	93	0	68	68
DLR00012647-2009-07-03_15-42-49	11	20	1433	785	0	0	119.878876561	6506	0				77	95	93	0	68	68
DLR00012647-2009-07-03_15-42-49	11	21	1502	786	0	0	119.878876561	5996	0				77	93	92	3	68	68
DLR00012647-2009-07-03_15-42-49	11	22	1567	784	2250	167040	119.878876561	165247	0	153	160	142	82	96	93	207	68	68
DLR00012647-2009-07-03_15-42-49	11	23	1633	786	2295	182168	119.878876561	179644	0	153	159	141	80	93	89	226	68	68
DLR00012647-2009-07-03_15-42-49	11	24	1701	781	2385	199703	119.878876561	197056	0	151	156	139	77	90	86	216	68	68
DLR00012647-2009-07-03_15-42-49	12	1	129	853	0	0	119.878876561	7354	0				80	95	95	0	68	68
DLR00012647-2009-07-03_15-42-49	12	2	201	857	2670	217547	119.878876561	215043	0	167	171	151	85	98	95	264	68	68
DLR00012647-2009-07-03_15-42-49	12	3	268	858	2489	169189	119.878876561	164997	0	155	161	144	88	102	97	271	68	68
DLR00012647-2009-07-03_15-42-49	12	4	338	858	2393	181703	119.878876561	179763	0	164	169	149	86	101	96	246	68	68
DLR00012647-2009-07-03_15-42-49	12	5	406	858	2561	179540	119.878876561	176188	0	159	165	146	88	102	97	301	68	68
DLR00012647-2009-07-03_15-42-49	12	6	473	857	2468	188255	119.878876561	185965	0	164	170	149	86	101	96	253	68	68
DLR00012647-2009-07-03_15-42-49	12	7	541	855	2613	196159	119.878876561	192902	0	162	168	148	85	100	96	303	68	68
DLR00012647-2009-07-03_15-42-49	12	8	611	855	2525	194854	119.878876561	192214	0	164	169	148	84	99	95	283	68	68
DLR00012647-2009-07-03_15-42-49	12	9	678	857	2780	202556	119.878876561	198867	0	159	164	144	86	100	94	307	68	68
DLR00012647-2009-07-03_15-42-49	12	10	747	858	2363	185881	119.878876561	183484	0	163	168	146	83	97	92	276	68	68
DLR00012647-2009-07-03_15-42-49	12	11	814	854	2667	200809	119.878876561	197227	0	158	164	143	84	98	92	284	68	68
DLR00012647-2009-07-03_15-42-49	12	12	883	854	2431	187684	119.878876561	184651	0	159	164	143	82	96	91	286	68	68
DLR00012647-2009-07-03_15-42-49	12	13	952	855	2738	210604	119.878876561	206526	0	158	164	142	83	97	91	320	68	68
DLR00012647-2009-07-03_15-42-49	12	14	1021	854	2443	193285	119.878876561	190350	0	161	166	144	82	96	91	290	68	68
DLR00012647-2009-07-03_15-42-49	12	15	1088	854	2936	232593	119.878876561	228974	0	161	166	144	83	97	92	297	68	68
DLR00012647-2009-07-03_15-42-49	12	16	1154	856	2368	185121	119.878876561	182428	0	160	165	143	82	96	91	244	68	68
DLR00012647-2009-07-03_15-42-49	12	17	1223	853	2658	200696	119.878876561	196881	0	156	162	142	83	97	92	269	68	68
DLR00012647-2009-07-03_15-42-49	12	18	1293	850	2380	188184	119.878876561	185848	0	162	167	146	83	97	93	236	68	68
DLR00012647-2009-07-03_15-42-49	12	19	1361	852	2833	220045	119.878876561	217067	5	159	165	144	83	98	94	284	68	68
DLR00012647-2009-07-03_15-42-49	12	20	1431	852	2520	206870	119.878876561	204483	0	163	168	148	82	96	93	268	68	68
DLR00012647-2009-07-03_15-42-49	12	21	1500	854	2677	206510	119.878876561	203782	0	156	162	144	83	97	93	231	68	68
DLR00012647-2009-07-03_15-42-49	12	22	1565	850	2538	204087	119.878876561	202204	0	158	163	144	82	95	91	205	68	68
DLR00012647-2009-07-03_15-42-49	12	23	1633	851	2785	233324	119.878876561	230577	0	156	161	142	81	93	89	213	68	68
DLR00012647-2009-07-03_15-42-49	12	24	1701	851	2932	265378	119.878876561	262623	3	157	161	142	78	90	86	251	68	68
DLR00012647-2009-07-03_15-42-49	13	1	135	926	2703	212525	119.878876561	210223	0	162	166	149	86	98	95	223	68	68
DLR00012647-2009-07-03_15-42-49	13	2	202	927	2507	198536	119.878876561	196114	0	164	168	149	86	98	94	246	68	68
DLR00012647-2009-07-03_15-42-49	13	3	273	926	2287	174100	119.878876561	172276	0	163	167	148	85	99	95	230	68	68
DLR00012647-2009-07-03_15-42-49	13	4	341	927	2219	159099	119.878876561	157057	0	159	165	146	86	100	96	267	68	68
DLR00012647-2009-07-03_15-42-49	13	5	408	926	2385	164135	119.878876561	161616	0	158	164	145	87	101	96	246	68	68
DLR00012647-2009-07-03_15-42-49	13	6	474	927	2289	164105	119.878876561	161357	4	160	166	146	87	101	96	266	68	68
DLR00012647-2009-07-03_15-42-49	13	7	544	926	2156	156716	119.878876561	154893	0	159	165	145	84	99	95	241	68	68
DLR00012647-2009-07-03_15-42-49	13	8	612	924	2419	183200	119.878876561	180816	0	161	166	145	84	99	94	264	68	68
DLR00012647-2009-07-03_15-42-49	13	9	682	924	2318	170596	119.878876561	167428	0	158	163	143	84	98	93	289	68	68
DLR00012647-2009-07-03_15-42-49	13	10	748	924	2112	157199	119.878876561	154672	0	157	163	142	83	97	92	252	68	68
DLR00012647-2009-07-03_15-42-49	13	11	816	925	2330	174189	119.878876561	171489	0	156	162	141	83	97	92	265	68	68
DLR00012647-2009-07-03_15-42-49	13	12	885	921	2035	147917	119.878876561	144863	0	153	159	139	82	96	91	256	68	68
DLR00012647-2009-07-03_15-42-49	13	13	953	926	2102	155947	119.878876561	152975	0	154	160	140	82	96	91	268	68	68
DLR00012647-2009-07-03_15-42-49	13	14	1020	923	2191	166552	119.878876561	164204	0	155	161	141	81	95	90	274	68	68
DLR00012647-2009-07-03_15-42-49	13	15	1091	923	2182	161199	119.878876561	157786	0	153	159	139	82	96	91	266	68	68
DLR00012647-2009-07-03_15-42-49	13	16	1159	922	2112	155209	119.878876561	152207	0	152	158	138	81	95	91	273	68	68
DLR00012647-2009-07-03_15-42-49	13	17	1226	923	2404	185431	119.878876561	182755	0	155	161	140	80	95	90	270	68	68
DLR00012647-2009-07-03_15-42-49	13	18	1298	924	2384	179733	119.878876561	175801	0	154	161	141	83	97	92	336	68	68
DLR00012647-2009-07-03_15-42-49	13	19	1364	923	2105	153487	119.878876561	150581	0	153	160	141	82	97	92	252	68	68
DLR00012647-2009-07-03_15-42-49	13	20	1430	922	2343	182556	119.878876561	179937	0	157	163	143	81	96	92	257	68	68
DLR00012647-2009-07-03_15-42-49	13	21	1501	922	1978	151790	119.878876561	149994	0	154	160	142	81	95	92	219	68	68
DLR00012647-2009-07-03_15-42-49	13	22	1568	920	2082	158037	119.878876561	156096	0	149	156	139	79	93	90	211	68	68
DLR00012647-2009-07-03_15-42-49	13	23	1636	922	2184	180024	119.878876561	177963	0	152	158	140	79	92	88	211	68	68
DLR00012647-2009-07-03_15-42-49	13	24	1702	920	2548	222519	119.878876561	219163	0	153	158	140	78	90	86	259	68	68
DLR00012647-2009-07-03_15-42-49	14	1	134	997	2600	185456	119.878876561	182856	0	155	160	144	86	97	95	212	68	68
DLR00012647-2009-07-03_15-42-49	14	2	202	993	2494	195256	119.878876561	193287	0	163	167	147	85	97	94	238	68	68
DLR00012647-2009-07-03_15-42-49	14	3	271	994	2164	149482	119.878876561	146123	0	155	160	144	87	100	96	281	68	68
DLR00012647-2009-07-03_15-42-49	14	4	338	996	2444	184870	119.878876561	182949	0	164	169	149	87	100	96	239	68	68
DLR00012647-2009-07-03_15-42-49	14	5	405	994	2333	162437	119.878876561	158547	0	158	164	146	87	101	97	315	68	68
DLR00012647-2009-07-03_15-42-49	14	6	474	992	2599	197574	119.878876561	195049	0	164	169	149	86	100	96	268	68	68
DLR00012647-2009-07-03_15-42-49	14	7	543	991	2167	150870	119.878876561	146344	0	155	162	143	85	100	96	361	68	68
DLR00012647-2009-07-03_15-42-49	14	8	612	992	2479	191751	119.878876561	189175	0	163	168	147	84	99	94	283	68	68
DLR00012647-2009-07-03_15-42-49	14	9	680	995	2692	203604	119.878876561	199708	0	159	165	144	84	98	93	318	68	68
DLR00012647-2009-07-03_15-42-49	14	10	748	994	2295	177344	119.878876561	175295	0	160	165	144	82	97	92	261	68	68
DLR00012647-2009-07-03_15-42-49	14	11	816	990	2720	214070	119.878876561	210698	10	160	166	145	84	98	92	291	68	68
DLR00012647-2009-07-03_15-42-49	14	12	885	991	2360	186548	119.878876561	183805	1	159	165	143	81	96	91	260	68	68
DLR00012647-2009-07-03_15-42-49	14	13	953	992	2717	209815	119.878876561	205860	0	157	162	142	82	96	91	300	68	68
DLR00012647-2009-07-03_15-42-49	14	14	1022	992	2507	201011	119.878876561	198193	0	160	165	144	81	95	91	289	68	68
DLR00012647-2009-07-03_15-42-49	14	15	1090	991	2691	204909	119.878876561	200968	0	155	161	140	82	96	91	307	68	68
DLR00012647-2009-07-03_15-42-49	14	16	1156	990	2260	175021	119.878876561	172254	0	156	162	141	81	95	90	264	68	68
DLR00012647-2009-07-03_15-42-49	14	17	1224	990	2862	217300	119.878876561	212881	0	155	161	140	82	96	91	332	68	68
DLR00012647-2009-07-03_15-42-49	14	18	1296	991	2680	216063	119.878876561	213132	0	161	166	144	81	95	91	276	68	68
DLR00012647-2009-07-03_15-42-49	14	19	1362	988	2797	212597	119.878876561	208450	0	157	163	143	83	97	93	300	68	68
DLR00012647-2009-07-03_15-42-49	14	20	1431	989	2325	177984	119.878876561	175465	0	156	162	143	82	96	92	255	68	68
DLR00012647-2009-07-03_15-42-49	14	21	1498	989	2814	216359	119.878876561	212954	0	155	161	143	83	96	92	271	68	68
DLR00012647-2009-07-03_15-42-49	14	22	1569	988	2527	215773	119.878876561	213574	0	159	164	145	81	93	90	239	68	68
DLR00012647-2009-07-03_15-42-49	14	23	1635	988	2972	252865	119.878876561	249769	1	156	160	142	79	91	88	259	68	68
DLR00012647-2009-07-03_15-42-49	14	24	1707	989	0	0	119.878876561	9341	0				71	85	84	0	68	68
DLR00012647-2009-07-03_15-42-49	15	1	136	1064	2925	216124	119.878876561	213687	0	158	163	146	85	96	94	169	68	68
DLR00012647-2009-07-03_15-42-49	15	2	204	1065	2671	210967	119.878876561	208764	0	162	166	148	85	97	94	239	68	68
DLR00012647-2009-07-03_15-42-49	15	3	272	1062	2546	198433	119.878876561	195735	0	162	167	149	85	98	96	286	68	68
DLR00012647-2009-07-03_15-42-49	15	4	340	1063	2396	182760	119.878876561	180512	0	163	168	151	85	99	97	265	68	68
DLR00012647-2009-07-03_15-42-49	15	5	408	1063	2490	186525	119.878876561	184202	0	161	167	149	85	99	97	280	68	68
DLR00012647-2009-07-03_15-42-49	15	6	477	1062	2365	174788	119.878876561	171997	0	160	165	147	85	99	96	296	68	68
DLR00012647-2009-07-03_15-42-49	15	7	544	1061	2212	159683	119.878876561	156439	0	157	163	145	85	100	96	320	68	68
DLR00012647-2009-07-03_15-42-49	15	8	613	1059	2126	157439	119.878876561	154573	0	158	164	145	83	98	95	321	68	68
DLR00012647-2009-07-03_15-42-49	15	9	681	1060	2291	174002	119.878876561	170301	0	158	165	145	84	98	94	302	68	68
DLR00012647-2009-07-03_15-42-49	15	10	750	1062	2579	215170	119.878876561	212345	0	163	169	148	81	96	92	309	68	68
DLR00012647-2009-07-03_15-42-49	15	11	820	1064	2118	174280	119.878876561	171888	0	160	166	147	80	95	92	304	68	68
DLR00012647-2009-07-03_15-42-49	15	12	886	1062	2271	189073	119.878876561	186114	0	161	166	147	80	95	92	331	68	68
DLR00012647-2009-07-03_15-42-49	15	13	954	1060	2179	175417	119.878876561	171601	0	158	164	145	81	95	92	343	68	68
DLR00012647-2009-07-03_15-42-49	15	14	1022	1059	2370	185629	119.878876561	181308	0	156	162	143	82	96	92	383	68	68
DLR00012647-2009-07-03_15-42-49	15	15	1090	1057	1940	148249	119.878876561	146017	0	152	159	140	80	95	91	247	68	68
DLR00012647-2009-07-03_15-42-49	15	16	1160	1058	2237	172292	119.878876561	169025	0	152	159	140	81	95	91	289	68	68
DLR00012647-2009-07-03_15-42-49	15	17	1227	1057	2192	172360	119.878876561	169820	0	154	161	142	81	95	92	254	68	68
DLR00012647-2009-07-03_15-42-49	15	18	1298	1056	2276	188101	119.878876561	186095	0	159	165	145	80	94	91	261	68	68
DLR00012647-2009-07-03_15-42-49	15	19	1363	1060	2472	203339	119.878876561	200394	0	160	166	147	82	96	92	311	68	68
DLR00012647-2009-07-03_15-42-49	15	20	1432	1060	2206	175724	119.878876561	173245	0	157	163	146	81	95	93	285	68	68
DLR00012647-2009-07-03_15-42-49	15	21	1500	1056	2273	179926	119.878876561	177582	0	156	162	145	81	94	92	254	68	68
DLR00012647-2009-07-03_15-42-49	15	22	1569	1055	2181	170511	119.878876561	168260	0	152	158	142	81	93	91	229	68	68
DLR00012647-2009-07-03_15-42-49	15	23	1635	1056	2380	181801	119.878876561	176446	0	150	156	140	82	93	90	320	68	68
DLR00012647-2009-07-03_15-42-49	15	24	1703	1055	2617	221562	119.878876561	219311	0	153	157	141	79	90	88	218	68	68
DLR00012647-2009-07-03_15-42-49	16	1	136	1130	2626	151939	119.878876561	152028	0	153	158	145	97	106	103	76	68	68
DLR00012647-2009-07-03_15-42-49	16	2	201	1130	2248	146551	119.878876561	148453	10	166	169	154	96	106	103	117	68	68
DLR00012647-2009-07-03_15-42-49	16	3	267	1126	3	84	119.878876561	9217	2	118	128	124	91	103	102	4	68	68
DLR00012647-2009-07-03_15-42-49	16	4	327	1128	33	1000	119.878876561	12463	6	121	130	127	93	106	105	8	68	68
DLR00012647-2009-07-03_15-42-49	16	5	415	1127	59	2545	119.878876561	9636	12	135	144	138	91	105	104	23	68	68
DLR00012647-2009-07-03_15-42-49	16	6	475	1130	2262	149572	119.878876561	149124	2	167	172	155	98	110	107	166	68	68
DLR00012647-2009-07-03_15-42-49	16	7	544	1130	2569	155247	119.878876561	155137	3	160	166	150	99	111	106	177	68	68
DLR00012647-2009-07-03_15-42-49	16	8	612	1127	2198	142448	119.878876561	142886	0	165	171	153	94	107	103	154	68	68
DLR00012647-2009-07-03_15-42-49	16	9	681	1127	2920	196937	119.878876561	195468	13	163	168	151	95	107	103	195	68	68
DLR00012647-2009-07-03_15-42-49	16	10	749	1127	0	0	119.878876561	7047	0				87	101	99	0	68	68
DLR00012647-2009-07-03_15-42-49	16	11	816	1126	0	0	119.878876561	7395	0				86	100	99	0	68	68
DLR00012647-2009-07-03_15-42-49	16	12	882	1125	0	0	119.878876561	14150	0				86	101	100	0	68	68
DLR00012647-2009-07-03_15-42-49	16	13	952	1123	0	0	119.878876561	6880	0				85	100	98	0	68	68
DLR00012647-2009-07-03_15-42-49	16	14	1022	1125	2372	178130	119.878876561	177255	0	165	170	151	89	103	99	205	68	68
DLR00012647-2009-07-03_15-42-49	16	15	1091	1126	2943	202390	119.878876561	200965	9	158	164	147	91	104	100	211	68	68
DLR00012647-2009-07-03_15-42-49	16	16	1159	1126	2428	173471	119.878876561	172351	0	160	166	148	91	104	100	197	68	68
DLR00012647-2009-07-03_15-42-49	16	17	1228	1125	3108	220360	119.878876561	218621	13	161	167	149	92	105	101	202	68	68
DLR00012647-2009-07-03_15-42-49	16	18	1295	1124	0	0	119.878876561	7374	0				85	100	99	0	68	68
DLR00012647-2009-07-03_15-42-49	16	19	1364	1124	0	0	119.878876561	13813	0				85	100	99	2	68	68
DLR00012647-2009-07-03_15-42-49	16	20	1430	1121	0	0	119.878876561	7085	0				84	99	98	1	68	68
DLR00012647-2009-07-03_15-42-49	16	21	1498	1121	0	0	119.878876561	7245	0				84	98	98	0	68	68
DLR00012647-2009-07-03_15-42-49	16	22	1568	1123	2422	178469	119.878876561	177967	0	161	166	150	91	102	99	161	68	68
DLR00012647-2009-07-03_15-42-49	16	23	1635	1122	3018	211507	119.878876561	210415	5	158	163	147	91	101	98	165	68	68
DLR00012647-2009-07-03_15-42-49	16	24	1705	1122	2637	179246	119.878876561	179108	1	154	158	144	90	100	97	89	68	68
