DLR00012647-2009-07-01_17-01-59	1	1	149	137	147	867	96.5150689855	7983	10	86	99	97	82	95	94	139	68	68
DLR00012647-2009-07-01_17-01-59	1	2	173	129	119	741	96.5150689855	8063	2	86	100	99	82	96	95	136	68	68
DLR00012647-2009-07-01_17-01-59	1	3	266	122	118	763	96.5150689855	7572	3	91	105	104	85	100	100	152	68	68
DLR00012647-2009-07-01_17-01-59	1	4	343	113	467	2807	96.5150689855	8867	6	95	109	107	88	103	103	169	68	68
DLR00012647-2009-07-01_17-01-59	1	5	409	113	392	2593	96.5150689855	8512	2	94	109	108	88	104	103	187	68	68
DLR00012647-2009-07-01_17-01-59	1	6	474	120	14	84	96.5150689855	6058	4	89	106	105	86	104	103	27	68	68
DLR00012647-2009-07-01_17-01-59	1	7	530	117	32	181	96.5150689855	6095	0	91	109	108	87	105	104	53	68	68
DLR00012647-2009-07-01_17-01-59	1	8	609	119	37	217	96.5150689855	6059	0	92	109	108	86	105	103	78	68	68
DLR00012647-2009-07-01_17-01-59	1	9	685	121	65	394	96.5150689855	6317	1	90	108	107	86	104	103	106	68	68
DLR00012647-2009-07-01_17-01-59	1	10	741	124	87	491	96.5150689855	6597	0	89	107	105	85	103	102	86	68	68
DLR00012647-2009-07-01_17-01-59	1	11	831	127	55	314	96.5150689855	6565	0	86	104	103	84	102	101	34	68	68
DLR00012647-2009-07-01_17-01-59	1	12	877	111	18	95	96.5150689855	6263	0	92	109	107	88	106	104	49	68	68
DLR00012647-2009-07-01_17-01-59	1	13	953	132	122	823	96.5150689855	6231	4	90	108	106	84	103	101	180	68	68
DLR00012647-2009-07-01_17-01-59	1	14	1023	139	163	980	96.5150689855	6939	6	87	105	103	83	102	100	171	68	68
DLR00012647-2009-07-01_17-01-59	1	15	1086	136	170	1059	96.5150689855	7379	10	87	105	104	83	102	101	176	68	68
DLR00012647-2009-07-01_17-01-59	1	16	1162	111	70	467	96.5150689855	6211	1	96	113	110	88	106	104	87	68	68
DLR00012647-2009-07-01_17-01-59	1	17	1223	138	93	579	96.5150689855	6125	4	87	105	104	83	102	101	94	68	68
DLR00012647-2009-07-01_17-01-59	1	18	1296	111	21	151	96.5150689855	6247	1	95	112	109	88	105	104	52	68	68
DLR00012647-2009-07-01_17-01-59	1	19	1357	135	133	792	96.5150689855	6796	2	86	104	103	83	101	101	110	68	68
DLR00012647-2009-07-01_17-01-59	1	20	1431	126	126	760	96.5150689855	7762	3	88	105	104	84	101	101	157	68	68
DLR00012647-2009-07-01_17-01-59	1	21	1505	130	267	1836	96.5150689855	8206	13	88	103	103	82	98	98	324	68	68
DLR00012647-2009-07-01_17-01-59	1	22	1579	122	223	1579	96.5150689855	8618	8	88	102	100	81	96	95	225	68	68
DLR00012647-2009-07-01_17-01-59	1	23	1635	122	210	1430	96.5150689855	8509	4	85	98	97	80	94	93	217	68	68
DLR00012647-2009-07-01_17-01-59	1	24	1687	129	170	1026	96.5150689855	8420	8	83	95	94	80	93	92	86	68	68
DLR00012647-2009-07-01_17-01-59	2	1	139	178	240	1452	96.5150689855	8540	9	84	97	96	80	93	93	149	68	68
DLR00012647-2009-07-01_17-01-59	2	2	200	176	270	1813	96.5150689855	7842	0	85	99	99	80	95	95	290	68	68
DLR00012647-2009-07-01_17-01-59	2	3	266	178	202	1287	96.5150689855	7565	0	87	102	102	82	98	98	263	68	68
DLR00012647-2009-07-01_17-01-59	2	4	335	174	266	1658	96.5150689855	7236	3	88	104	103	83	100	100	282	68	68
DLR00012647-2009-07-01_17-01-59	2	5	396	176	190	1120	96.5150689855	6370	2	88	105	104	83	101	100	190	68	68
DLR00012647-2009-07-01_17-01-59	2	6	472	174	137	804	96.5150689855	5801	0	88	105	104	83	101	100	158	68	68
DLR00012647-2009-07-01_17-01-59	2	7	537	176	168	1032	96.5150689855	6127	0	88	106	104	83	102	101	186	68	68
DLR00012647-2009-07-01_17-01-59	2	8	605	173	157	940	96.5150689855	6080	0	87	106	104	83	102	100	179	68	68
DLR00012647-2009-07-01_17-01-59	2	9	672	168	126	764	96.5150689855	5676	2	88	106	104	83	101	100	155	68	68
DLR00012647-2009-07-01_17-01-59	2	10	747	171	246	1454	96.5150689855	7387	3	86	105	103	82	101	99	216	68	68
DLR00012647-2009-07-01_17-01-59	2	11	812	171	186	1080	96.5150689855	8200	0	85	104	102	81	100	99	115	68	68
DLR00012647-2009-07-01_17-01-59	2	12	880	174	338	2073	96.5150689855	8116	0	85	104	103	82	101	99	233	68	68
DLR00012647-2009-07-01_17-01-59	2	13	948	174	176	1007	96.5150689855	6551	0	86	105	103	82	101	99	156	68	68
DLR00012647-2009-07-01_17-01-59	2	14	1021	174	288	1749	96.5150689855	8104	0	86	105	103	81	100	99	259	68	68
DLR00012647-2009-07-01_17-01-59	2	15	1087	171	197	1145	96.5150689855	8314	4	86	104	102	82	100	99	156	68	68
DLR00012647-2009-07-01_17-01-59	2	16	1156	173	267	1608	96.5150689855	7302	2	87	105	103	82	101	99	223	68	68
DLR00012647-2009-07-01_17-01-59	2	17	1225	172	219	1343	96.5150689855	7315	3	86	105	103	82	101	100	181	68	68
DLR00012647-2009-07-01_17-01-59	2	18	1290	169	304	1768	96.5150689855	7371	1	86	104	103	82	100	100	203	68	68
DLR00012647-2009-07-01_17-01-59	2	19	1357	167	249	1481	96.5150689855	8245	3	86	104	103	82	100	99	219	68	68
DLR00012647-2009-07-01_17-01-59	2	20	1424	174	342	2163	96.5150689855	9020	0	86	104	103	82	99	99	314	68	68
DLR00012647-2009-07-01_17-01-59	2	21	1490	168	260	1692	96.5150689855	8043	0	85	102	101	80	98	98	269	68	68
DLR00012647-2009-07-01_17-01-59	2	22	1561	169	324	2180	96.5150689855	8544	2	83	99	99	78	95	95	359	68	68
DLR00012647-2009-07-01_17-01-59	2	23	1631	170	394	2729	96.5150689855	8535	1	81	96	96	76	92	92	436	68	68
DLR00012647-2009-07-01_17-01-59	2	24	1703	165	326	1978	96.5150689855	8697	5	81	94	93	77	91	90	165	68	68
DLR00012647-2009-07-01_17-01-59	3	1	123	238	336	1985	96.5150689855	9248	2	84	97	96	81	94	93	170	68	68
DLR00012647-2009-07-01_17-01-59	3	2	200	241	208	1422	96.5150689855	7668	2	85	100	99	80	95	95	285	68	68
DLR00012647-2009-07-01_17-01-59	3	3	266	241	169	1121	96.5150689855	7399	0	87	102	102	82	98	97	226	68	68
DLR00012647-2009-07-01_17-01-59	3	4	335	241	178	1078	96.5150689855	8042	4	87	104	103	82	100	99	153	68	68
DLR00012647-2009-07-01_17-01-59	3	5	402	247	201	1293	96.5150689855	6237	4	88	105	103	83	100	100	208	68	68
DLR00012647-2009-07-01_17-01-59	3	6	471	244	122	756	96.5150689855	5777	0	88	106	104	83	101	100	214	68	68
DLR00012647-2009-07-01_17-01-59	3	7	539	242	108	647	96.5150689855	5808	0	87	106	104	83	101	100	144	68	68
DLR00012647-2009-07-01_17-01-59	3	8	610	242	88	514	96.5150689855	5765	0	87	106	104	83	101	99	113	68	68
DLR00012647-2009-07-01_17-01-59	3	9	676	239	91	573	96.5150689855	5065	0	88	106	104	83	101	99	166	68	68
DLR00012647-2009-07-01_17-01-59	3	10	741	233	183	1090	96.5150689855	7745	1	86	104	102	82	100	99	122	68	68
DLR00012647-2009-07-01_17-01-59	3	11	813	238	151	948	96.5150689855	8713	0	86	104	102	82	100	98	133	68	68
DLR00012647-2009-07-01_17-01-59	3	12	881	240	236	1422	96.5150689855	8324	0	85	104	102	81	101	99	171	68	68
DLR00012647-2009-07-01_17-01-59	3	13	952	242	253	1523	96.5150689855	7948	5	86	104	102	82	101	99	158	68	68
DLR00012647-2009-07-01_17-01-59	3	14	1017	242	151	929	96.5150689855	8593	0	86	104	102	81	100	98	159	68	68
DLR00012647-2009-07-01_17-01-59	3	15	1087	236	153	968	96.5150689855	8238	0	86	104	102	81	100	98	186	68	68
DLR00012647-2009-07-01_17-01-59	3	16	1154	238	171	1021	96.5150689855	8627	4	86	104	102	81	100	98	138	68	68
DLR00012647-2009-07-01_17-01-59	3	17	1223	241	166	1167	96.5150689855	8016	2	86	104	102	81	99	98	173	68	68
DLR00012647-2009-07-01_17-01-59	3	18	1294	239	208	1239	96.5150689855	7488	3	85	102	101	80	98	97	181	68	68
DLR00012647-2009-07-01_17-01-59	3	19	1364	240	217	1354	96.5150689855	7879	2	85	103	102	80	99	98	245	68	68
DLR00012647-2009-07-01_17-01-59	3	20	1433	242	173	1046	96.5150689855	7641	0	85	103	102	80	99	98	165	68	68
DLR00012647-2009-07-01_17-01-59	3	21	1503	235	163	1010	96.5150689855	7503	1	84	101	100	79	97	97	150	68	68
DLR00012647-2009-07-01_17-01-59	3	22	1563	238	198	1330	96.5150689855	7883	0	82	99	99	78	95	95	239	68	68
DLR00012647-2009-07-01_17-01-59	3	23	1635	243	266	1868	96.5150689855	8062	0	80	96	95	76	92	92	254	68	68
DLR00012647-2009-07-01_17-01-59	3	24	1701	233	320	2150	96.5150689855	8402	1	79	93	92	75	89	89	239	68	68
DLR00012647-2009-07-01_17-01-59	4	1	131	316	335	2247	96.5150689855	9191	6	86	99	97	81	94	94	336	68	68
DLR00012647-2009-07-01_17-01-59	4	2	197	311	258	1743	96.5150689855	7826	0	86	100	100	81	96	96	294	68	68
DLR00012647-2009-07-01_17-01-59	4	3	270	310	246	1582	96.5150689855	7992	2	87	103	102	82	98	98	342	68	68
DLR00012647-2009-07-01_17-01-59	4	4	336	309	362	2440	96.5150689855	8757	3	88	104	103	82	100	99	306	68	68
DLR00012647-2009-07-01_17-01-59	4	5	396	317	136	893	96.5150689855	5588	3	88	105	104	83	100	100	163	68	68
DLR00012647-2009-07-01_17-01-59	4	6	470	311	231	1469	96.5150689855	6177	0	88	106	104	83	101	100	291	68	68
DLR00012647-2009-07-01_17-01-59	4	7	538	307	157	951	96.5150689855	6119	0	88	106	104	83	101	99	203	68	68
DLR00012647-2009-07-01_17-01-59	4	8	602	314	247	1518	96.5150689855	6548	3	88	106	103	83	101	99	309	68	68
DLR00012647-2009-07-01_17-01-59	4	9	675	308	158	905	96.5150689855	6143	1	86	104	102	82	101	99	135	68	68
DLR00012647-2009-07-01_17-01-59	4	10	742	313	361	2168	96.5150689855	8098	0	86	104	102	82	100	98	231	68	68
DLR00012647-2009-07-01_17-01-59	4	11	811	302	185	1119	96.5150689855	8604	1	86	104	102	82	100	98	158	68	68
DLR00012647-2009-07-01_17-01-59	4	12	887	307	258	1553	96.5150689855	8490	0	86	104	102	82	100	98	184	68	68
DLR00012647-2009-07-01_17-01-59	4	13	946	307	478	3380	96.5150689855	8914	9	88	105	102	82	101	99	356	68	68
DLR00012647-2009-07-01_17-01-59	4	14	1019	310	239	1451	96.5150689855	8526	1	85	104	102	81	100	98	224	68	68
DLR00012647-2009-07-01_17-01-59	4	15	1086	304	174	1180	96.5150689855	8744	0	87	105	103	81	100	98	237	68	68
DLR00012647-2009-07-01_17-01-59	4	16	1156	305	181	1038	96.5150689855	8239	2	85	103	101	81	99	98	134	68	68
DLR00012647-2009-07-01_17-01-59	4	17	1230	310	264	1544	96.5150689855	8377	2	85	103	101	81	99	98	188	68	68
DLR00012647-2009-07-01_17-01-59	4	18	1292	315	455	2747	96.5150689855	9202	6	85	102	101	81	99	98	316	68	68
DLR00012647-2009-07-01_17-01-59	4	19	1357	310	336	2030	96.5150689855	8202	3	84	102	101	80	98	97	294	68	68
DLR00012647-2009-07-01_17-01-59	4	20	1432	306	427	2759	96.5150689855	8963	2	85	103	101	80	98	98	372	68	68
DLR00012647-2009-07-01_17-01-59	4	21	1494	304	382	2498	96.5150689855	8569	0	84	102	101	79	97	97	389	68	68
DLR00012647-2009-07-01_17-01-59	4	22	1563	300	393	2709	96.5150689855	8651	0	83	99	99	78	95	95	418	68	68
DLR00012647-2009-07-01_17-01-59	4	23	1630	306	372	2647	96.5150689855	8486	2	80	96	96	75	92	92	422	68	68
DLR00012647-2009-07-01_17-01-59	4	24	1708	303	489	3245	96.5150689855	9627	3	79	93	92	75	89	89	378	68	68
DLR00012647-2009-07-01_17-01-59	5	1	124	381	232	1320	96.5150689855	8923	6	85	98	97	81	95	94	136	68	68
DLR00012647-2009-07-01_17-01-59	5	2	199	382	261	1718	96.5150689855	7979	0	86	101	100	81	96	96	269	68	68
DLR00012647-2009-07-01_17-01-59	5	3	264	382	231	1470	96.5150689855	7690	0	87	103	102	82	98	98	243	68	68
DLR00012647-2009-07-01_17-01-59	5	4	337	381	168	1027	96.5150689855	8080	2	86	103	103	82	99	99	153	68	68
DLR00012647-2009-07-01_17-01-59	5	5	403	379	125	746	96.5150689855	6027	4	87	104	103	82	100	100	125	68	68
DLR00012647-2009-07-01_17-01-59	5	6	473	377	126	729	96.5150689855	5910	0	86	105	103	82	101	100	90	68	68
DLR00012647-2009-07-01_17-01-59	5	7	545	376	160	932	96.5150689855	5883	2	86	104	103	82	101	99	159	68	68
DLR00012647-2009-07-01_17-01-59	5	8	607	376	150	883	96.5150689855	5449	4	87	105	103	83	101	99	185	68	68
DLR00012647-2009-07-01_17-01-59	5	9	683	378	185	1054	96.5150689855	6723	5	87	104	102	83	101	99	118	68	68
DLR00012647-2009-07-01_17-01-59	5	10	746	376	173	1021	96.5150689855	7425	5	86	104	101	82	100	98	117	68	68
DLR00012647-2009-07-01_17-01-59	5	11	813	374	113	665	96.5150689855	7889	4	86	103	101	82	99	98	92	68	68
DLR00012647-2009-07-01_17-01-59	5	12	883	373	117	696	96.5150689855	7830	0	86	103	101	81	99	98	102	68	68
DLR00012647-2009-07-01_17-01-59	5	13	946	364	272	2165	96.5150689855	8971	7	89	106	102	82	100	98	304	68	68
DLR00012647-2009-07-01_17-01-59	5	14	1014	383	172	1614	96.5150689855	8261	3	90	107	103	81	99	98	183	68	68
DLR00012647-2009-07-01_17-01-59	5	15	1089	381	105	620	96.5150689855	7246	0	86	103	101	81	99	97	113	68	68
DLR00012647-2009-07-01_17-01-59	5	16	1157	379	142	825	96.5150689855	7873	2	85	103	101	81	99	98	122	68	68
DLR00012647-2009-07-01_17-01-59	5	17	1229	380	196	1223	96.5150689855	8320	0	85	104	102	81	99	98	194	68	68
DLR00012647-2009-07-01_17-01-59	5	18	1306	373	306	2733	96.5150689855	9385	7	90	107	103	81	100	98	288	68	68
DLR00012647-2009-07-01_17-01-59	5	19	1368	376	273	1895	96.5150689855	8471	0	86	104	103	80	99	98	271	68	68
DLR00012647-2009-07-01_17-01-59	5	20	1430	375	293	1805	96.5150689855	8523	2	84	103	101	80	99	98	251	68	68
DLR00012647-2009-07-01_17-01-59	5	21	1502	376	223	1399	96.5150689855	8047	2	83	101	100	79	97	97	195	68	68
DLR00012647-2009-07-01_17-01-59	5	22	1567	378	273	1802	96.5150689855	8112	3	81	99	98	77	94	95	250	68	68
DLR00012647-2009-07-01_17-01-59	5	23	1635	377	203	1331	96.5150689855	7803	1	79	95	95	75	91	91	163	68	68
DLR00012647-2009-07-01_17-01-59	5	24	1694	376	282	1784	96.5150689855	7672	0	78	93	92	74	89	89	227	68	68
DLR00012647-2009-07-01_17-01-59	6	1	116	442	106	610	96.5150689855	8736	5	87	99	98	82	96	95	118	68	68
DLR00012647-2009-07-01_17-01-59	6	2	202	446	409	2674	96.5150689855	8407	0	86	101	101	81	97	97	370	68	68
DLR00012647-2009-07-01_17-01-59	6	3	267	450	259	1610	96.5150689855	8016	0	87	103	102	82	99	98	298	68	68
DLR00012647-2009-07-01_17-01-59	6	4	336	450	365	2287	96.5150689855	8141	0	87	104	103	82	100	100	256	68	68
DLR00012647-2009-07-01_17-01-59	6	5	403	450	216	1315	96.5150689855	6393	2	87	105	103	82	101	100	223	68	68
DLR00012647-2009-07-01_17-01-59	6	6	469	448	46	286	96.5150689855	6531	1	86	104	103	82	101	99	38	68	68
DLR00012647-2009-07-01_17-01-59	6	7	541	449	196	1146	96.5150689855	6399	4	86	104	103	82	101	99	160	68	68
DLR00012647-2009-07-01_17-01-59	6	8	609	446	255	1553	96.5150689855	7195	0	86	104	102	82	100	99	178	68	68
DLR00012647-2009-07-01_17-01-59	6	9	670	439	188	1066	96.5150689855	7979	3	86	104	102	82	100	98	95	68	68
DLR00012647-2009-07-01_17-01-59	6	10	745	449	169	1044	96.5150689855	8433	3	87	104	101	82	100	98	144	68	68
DLR00012647-2009-07-01_17-01-59	6	11	812	453	29	164	96.5150689855	7268	0	86	103	101	82	99	97	23	68	68
DLR00012647-2009-07-01_17-01-59	6	12	878	445	24	243	96.5150689855	6280	0	92	107	101	81	99	97	43	68	68
DLR00012647-2009-07-01_17-01-59	6	13	954	446	112	668	96.5150689855	6828	5	86	103	101	81	99	97	125	68	68
DLR00012647-2009-07-01_17-01-59	6	14	1022	444	231	1426	96.5150689855	7544	2	86	103	101	81	99	97	213	68	68
DLR00012647-2009-07-01_17-01-59	6	15	1082	443	250	1539	96.5150689855	7820	4	86	103	101	81	99	97	252	68	68
DLR00012647-2009-07-01_17-01-59	6	16	1156	442	181	1094	96.5150689855	7882	1	85	104	102	81	99	98	194	68	68
DLR00012647-2009-07-01_17-01-59	6	17	1255	440	168	4843	96.5150689855	11697	1	111	125	120	81	100	98	190	68	68
DLR00012647-2009-07-01_17-01-59	6	18	1303	440	80	440	96.5150689855	7736	0	84	102	101	80	99	98	30	68	68
DLR00012647-2009-07-01_17-01-59	6	19	1362	441	22	135	96.5150689855	6692	0	84	103	101	79	98	97	17	68	68
DLR00012647-2009-07-01_17-01-59	6	20	1428	444	225	1440	96.5150689855	7909	2	84	102	101	79	98	97	280	68	68
DLR00012647-2009-07-01_17-01-59	6	21	1494	441	342	2189	96.5150689855	8607	2	83	101	100	78	97	97	284	68	68
DLR00012647-2009-07-01_17-01-59	6	22	1566	442	362	2324	96.5150689855	8425	1	81	98	98	76	94	95	323	68	68
DLR00012647-2009-07-01_17-01-59	6	23	1632	440	388	2707	96.5150689855	8613	0	79	96	96	75	92	92	344	68	68
DLR00012647-2009-07-01_17-01-59	6	24	1732	435	130	724	96.5150689855	8189	4	81	95	92	78	92	90	62	68	68
DLR00012647-2009-07-01_17-01-59	7	1	143	505	227	1429	96.5150689855	7986	0	84	99	99	79	95	95	265	68	68
DLR00012647-2009-07-01_17-01-59	7	2	204	522	204	1299	96.5150689855	7794	0	85	102	101	80	97	97	223	68	68
DLR00012647-2009-07-01_17-01-59	7	3	268	518	243	1565	96.5150689855	8266	1	86	103	102	81	99	98	255	68	68
DLR00012647-2009-07-01_17-01-59	7	4	339	514	187	1186	96.5150689855	8635	2	86	104	103	82	100	99	200	68	68
DLR00012647-2009-07-01_17-01-59	7	5	403	520	211	1293	96.5150689855	7516	2	86	104	103	82	100	100	150	68	68
DLR00012647-2009-07-01_17-01-59	7	6	469	513	247	1533	96.5150689855	6757	3	86	104	103	82	101	99	188	68	68
DLR00012647-2009-07-01_17-01-59	7	7	539	514	157	934	96.5150689855	7961	0	86	104	102	82	100	99	111	68	68
DLR00012647-2009-07-01_17-01-59	7	8	608	515	150	964	96.5150689855	8591	2	87	104	102	82	100	98	162	68	68
DLR00012647-2009-07-01_17-01-59	7	9	676	514	116	692	96.5150689855	7889	1	86	104	102	82	99	98	129	68	68
DLR00012647-2009-07-01_17-01-59	7	10	744	516	95	568	96.5150689855	7501	2	86	103	101	82	99	97	111	68	68
DLR00012647-2009-07-01_17-01-59	7	11	815	514	92	552	96.5150689855	7247	1	86	103	101	82	99	97	96	68	68
DLR00012647-2009-07-01_17-01-59	7	12	886	513	88	534	96.5150689855	6560	0	86	103	101	81	99	97	125	68	68
DLR00012647-2009-07-01_17-01-59	7	13	939	500	126	1024	96.5150689855	6276	2	88	105	102	81	98	97	137	68	68
DLR00012647-2009-07-01_17-01-59	7	14	1013	515	108	703	96.5150689855	6328	0	86	103	100	81	98	96	112	68	68
DLR00012647-2009-07-01_17-01-59	7	15	1090	514	99	600	96.5150689855	7079	0	85	103	101	81	99	97	107	68	68
DLR00012647-2009-07-01_17-01-59	7	16	1151	505	142	819	96.5150689855	7895	0	85	103	101	81	99	98	80	68	68
DLR00012647-2009-07-01_17-01-59	7	17	1227	508	164	933	96.5150689855	7975	0	84	103	101	80	99	97	106	68	68
DLR00012647-2009-07-01_17-01-59	7	18	1284	514	188	1467	96.5150689855	7807	5	85	104	101	79	98	97	219	68	68
DLR00012647-2009-07-01_17-01-59	7	19	1366	522	115	676	96.5150689855	7585	2	82	102	100	78	97	97	91	68	68
DLR00012647-2009-07-01_17-01-59	7	20	1434	509	170	1059	96.5150689855	7642	0	83	101	100	78	97	97	178	68	68
DLR00012647-2009-07-01_17-01-59	7	21	1495	514	276	1823	96.5150689855	8091	5	82	101	100	77	96	96	288	68	68
DLR00012647-2009-07-01_17-01-59	7	22	1563	510	190	1283	96.5150689855	7888	0	81	98	98	76	94	94	196	68	68
DLR00012647-2009-07-01_17-01-59	7	23	1633	513	274	1837	96.5150689855	7906	0	78	95	95	74	91	91	226	68	68
DLR00012647-2009-07-01_17-01-59	7	24	1699	518	41	337	96.5150689855	6505	0	80	94	92	73	89	88	48	68	68
DLR00012647-2009-07-01_17-01-59	8	1	131	583	255	1539	96.5150689855	8708	2	84	100	100	80	97	96	223	68	68
DLR00012647-2009-07-01_17-01-59	8	2	199	585	369	2609	96.5150689855	8611	3	86	102	102	80	97	97	427	68	68
DLR00012647-2009-07-01_17-01-59	8	3	264	584	181	1124	96.5150689855	7768	4	86	103	102	81	99	98	228	68	68
DLR00012647-2009-07-01_17-01-59	8	4	335	588	321	2091	96.5150689855	8536	1	86	104	103	81	100	99	326	68	68
DLR00012647-2009-07-01_17-01-59	8	5	407	581	211	1279	96.5150689855	8474	3	86	104	103	82	100	99	156	68	68
DLR00012647-2009-07-01_17-01-59	8	6	475	584	338	2103	96.5150689855	8535	3	86	104	103	82	100	99	292	68	68
DLR00012647-2009-07-01_17-01-59	8	7	540	586	197	1188	96.5150689855	8313	0	86	104	102	81	100	99	195	68	68
DLR00012647-2009-07-01_17-01-59	8	8	609	584	239	1421	96.5150689855	8382	2	86	104	102	81	100	98	206	68	68
DLR00012647-2009-07-01_17-01-59	8	9	677	579	133	774	96.5150689855	7747	0	86	103	101	81	99	98	89	68	68
DLR00012647-2009-07-01_17-01-59	8	10	748	583	177	1100	96.5150689855	7490	0	86	103	101	81	99	97	194	68	68
DLR00012647-2009-07-01_17-01-59	8	11	819	583	148	904	96.5150689855	6672	0	86	103	101	81	98	97	162	68	68
DLR00012647-2009-07-01_17-01-59	8	12	884	583	266	1596	96.5150689855	7338	5	86	103	100	81	98	96	205	68	68
DLR00012647-2009-07-01_17-01-59	8	13	950	585	159	928	96.5150689855	6655	0	85	102	100	81	98	96	151	68	68
DLR00012647-2009-07-01_17-01-59	8	14	1016	580	223	1357	96.5150689855	7520	3	85	102	100	81	98	96	187	68	68
DLR00012647-2009-07-01_17-01-59	8	15	1088	582	197	1151	96.5150689855	7455	1	85	102	100	81	98	97	143	68	68
DLR00012647-2009-07-01_17-01-59	8	16	1156	579	147	900	96.5150689855	7063	0	84	102	100	80	98	96	155	68	68
DLR00012647-2009-07-01_17-01-59	8	17	1222	577	212	1240	96.5150689855	7337	0	84	102	100	80	98	96	160	68	68
DLR00012647-2009-07-01_17-01-59	8	18	1290	571	231	1406	96.5150689855	7851	1	83	101	100	79	97	96	223	68	68
DLR00012647-2009-07-01_17-01-59	8	19	1359	586	252	1568	96.5150689855	8214	1	83	101	100	78	97	96	215	68	68
DLR00012647-2009-07-01_17-01-59	8	20	1436	582	253	1590	96.5150689855	8223	0	82	101	100	78	97	96	216	68	68
DLR00012647-2009-07-01_17-01-59	8	21	1494	578	324	2173	96.5150689855	8545	1	82	101	100	77	96	96	392	68	68
DLR00012647-2009-07-01_17-01-59	8	22	1561	580	366	2481	96.5150689855	8488	1	81	98	98	76	94	94	339	68	68
DLR00012647-2009-07-01_17-01-59	8	23	1633	581	379	2606	96.5150689855	8324	2	78	95	95	74	91	91	314	68	68
DLR00012647-2009-07-01_17-01-59	8	24	1727	592	94	587	96.5150689855	8115	5	78	93	91	75	90	89	41	68	68
DLR00012647-2009-07-01_17-01-59	9	1	141	646	182	1116	96.5150689855	7685	5	84	100	99	79	96	96	162	68	68
DLR00012647-2009-07-01_17-01-59	9	2	201	652	262	1644	96.5150689855	8072	4	84	102	101	80	97	97	275	68	68
DLR00012647-2009-07-01_17-01-59	9	3	269	649	204	1336	96.5150689855	7827	2	86	103	102	80	98	98	252	68	68
DLR00012647-2009-07-01_17-01-59	9	4	340	651	195	1196	96.5150689855	8656	0	86	104	103	81	100	99	209	68	68
DLR00012647-2009-07-01_17-01-59	9	5	404	651	191	1172	96.5150689855	8908	1	86	104	103	81	100	99	179	68	68
DLR00012647-2009-07-01_17-01-59	9	6	475	650	141	815	96.5150689855	8668	0	86	104	102	81	100	99	106	68	68
DLR00012647-2009-07-01_17-01-59	9	7	542	653	179	1114	96.5150689855	8392	0	86	104	102	81	100	98	189	68	68
DLR00012647-2009-07-01_17-01-59	9	8	624	642	170	1009	96.5150689855	7932	4	86	103	101	81	99	98	100	68	68
DLR00012647-2009-07-01_17-01-59	9	9	698	656	347	2314	96.5150689855	8784	3	88	104	101	82	100	98	221	68	68
DLR00012647-2009-07-01_17-01-59	9	10	755	650	779	5773	96.5150689855	11090	0	89	106	101	83	100	98	332	68	68
DLR00012647-2009-07-01_17-01-59	9	11	840	672	1595	14206	96.5150689855	18253	9	91	107	101	84	101	98	532	68	68
DLR00012647-2009-07-01_17-01-59	9	12	909	662	1376	12840	96.5150689855	17341	2	90	106	101	83	100	97	412	68	68
DLR00012647-2009-07-01_17-01-59	9	13	930	657	1058	9701	96.5150689855	14621	8	90	105	100	82	99	97	350	68	68
DLR00012647-2009-07-01_17-01-59	9	14	1008	648	679	5867	96.5150689855	11442	4	89	105	100	83	100	97	277	68	68
DLR00012647-2009-07-01_17-01-59	9	15	1106	648	678	7071	96.5150689855	12999	2	91	106	101	83	100	97	247	68	68
DLR00012647-2009-07-01_17-01-59	9	16	1159	651	947	9645	96.5150689855	15137	0	91	106	101	83	100	98	181	68	68
DLR00012647-2009-07-01_17-01-59	9	17	1248	638	1041	9455	96.5150689855	14556	5	88	105	101	81	99	97	588	68	68
DLR00012647-2009-07-01_17-01-59	9	18	1292	638	1313	11215	96.5150689855	16157	7	88	104	101	82	99	98	524	68	68
DLR00012647-2009-07-01_17-01-59	9	19	1359	633	666	4425	96.5150689855	10640	1	84	102	100	79	98	97	333	68	68
DLR00012647-2009-07-01_17-01-59	9	20	1429	642	170	1084	96.5150689855	7860	0	83	101	100	77	96	96	169	68	68
DLR00012647-2009-07-01_17-01-59	9	21	1497	647	260	1724	96.5150689855	7926	0	81	100	99	76	95	95	261	68	68
DLR00012647-2009-07-01_17-01-59	9	22	1567	647	372	2404	96.5150689855	8377	0	80	97	97	75	93	93	286	68	68
DLR00012647-2009-07-01_17-01-59	9	23	1638	655	361	2331	96.5150689855	7938	1	77	94	93	73	90	90	264	68	68
DLR00012647-2009-07-01_17-01-59	9	24	1697	650	226	1433	96.5150689855	7456	3	76	92	91	72	88	88	226	68	68
DLR00012647-2009-07-01_17-01-59	10	1	125	720	377	2159	96.5150689855	9417	7	85	100	99	81	97	96	176	68	68
DLR00012647-2009-07-01_17-01-59	10	2	198	720	314	2173	96.5150689855	8073	3	85	102	101	80	97	97	403	68	68
DLR00012647-2009-07-01_17-01-59	10	3	268	720	230	1473	96.5150689855	7721	0	85	103	102	80	98	98	274	68	68
DLR00012647-2009-07-01_17-01-59	10	4	336	725	327	2082	96.5150689855	8762	1	86	104	103	81	100	99	363	68	68
DLR00012647-2009-07-01_17-01-59	10	5	405	719	323	2158	96.5150689855	8811	3	87	105	103	82	100	99	319	68	68
DLR00012647-2009-07-01_17-01-59	10	6	475	723	246	1553	96.5150689855	8585	0	86	104	103	81	100	99	293	68	68
DLR00012647-2009-07-01_17-01-59	10	7	536	716	134	777	96.5150689855	8066	3	85	103	102	81	99	98	92	68	68
DLR00012647-2009-07-01_17-01-59	10	8	613	720	212	1289	96.5150689855	7373	0	85	103	101	81	99	97	212	68	68
DLR00012647-2009-07-01_17-01-59	10	9	679	722	179	1046	96.5150689855	7252	1	85	102	101	81	99	97	133	68	68
DLR00012647-2009-07-01_17-01-59	10	10	754	715	457	2750	96.5150689855	9514	1	86	103	100	82	99	97	243	68	68
DLR00012647-2009-07-01_17-01-59	10	11	816	740	338	2255	96.5150689855	8765	4	87	103	100	81	99	97	265	68	68
DLR00012647-2009-07-01_17-01-59	10	12	888	735	161	916	96.5150689855	6968	0	84	102	99	80	98	96	131	68	68
DLR00012647-2009-07-01_17-01-59	10	13	956	723	237	1386	96.5150689855	7475	0	84	102	99	80	98	96	152	68	68
DLR00012647-2009-07-01_17-01-59	10	14	1033	730	92	565	96.5150689855	7215	2	85	101	98	80	97	95	64	68	68
DLR00012647-2009-07-01_17-01-59	10	15	1086	701	50	333	96.5150689855	6156	3	86	102	100	79	97	95	61	68	68
DLR00012647-2009-07-01_17-01-59	10	16	1160	718	198	1203	96.5150689855	7514	1	83	100	99	79	96	95	158	68	68
DLR00012647-2009-07-01_17-01-59	10	17	1226	712	237	1467	96.5150689855	7112	0	83	100	99	78	96	95	201	68	68
DLR00012647-2009-07-01_17-01-59	10	18	1299	712	253	1498	96.5150689855	8254	4	82	100	99	78	96	95	207	68	68
DLR00012647-2009-07-01_17-01-59	10	19	1357	712	608	3888	96.5150689855	10039	2	83	101	99	78	97	96	376	68	68
DLR00012647-2009-07-01_17-01-59	10	20	1420	700	29	171	96.5150689855	6696	3	81	99	98	77	96	95	11	68	68
DLR00012647-2009-07-01_17-01-59	10	21	1498	718	323	2217	96.5150689855	8173	1	81	99	99	76	95	95	353	68	68
DLR00012647-2009-07-01_17-01-59	10	22	1567	714	575	4008	96.5150689855	9910	1	81	98	97	76	94	94	330	68	68
DLR00012647-2009-07-01_17-01-59	10	23	1631	717	440	3103	96.5150689855	8942	5	78	95	94	74	91	90	409	68	68
DLR00012647-2009-07-01_17-01-59	10	24	1697	725	417	2751	96.5150689855	8940	3	76	92	91	72	88	87	303	68	68
DLR00012647-2009-07-01_17-01-59	11	1	147	764	111	762	96.5150689855	7400	0	85	100	100	79	96	96	109	68	68
DLR00012647-2009-07-01_17-01-59	11	2	201	785	261	1669	96.5150689855	8038	0	84	101	100	80	97	96	257	68	68
DLR00012647-2009-07-01_17-01-59	11	3	267	791	347	2267	96.5150689855	8335	2	86	103	102	81	98	98	392	68	68
DLR00012647-2009-07-01_17-01-59	11	4	334	789	233	1435	96.5150689855	8367	1	86	103	102	81	99	99	215	68	68
DLR00012647-2009-07-01_17-01-59	11	5	407	791	219	1434	96.5150689855	8731	1	87	104	103	82	100	99	240	68	68
DLR00012647-2009-07-01_17-01-59	11	6	479	782	41	281	96.5150689855	7629	2	87	104	102	81	99	98	56	68	68
DLR00012647-2009-07-01_17-01-59	11	7	538	773	60	342	96.5150689855	7269	1	85	103	101	81	99	98	40	68	68
DLR00012647-2009-07-01_17-01-59	11	8	604	781	22	120	96.5150689855	6808	2	84	102	100	80	98	97	6	68	68
DLR00012647-2009-07-01_17-01-59	11	9	662	790	14	79	96.5150689855	6290	1	84	102	100	80	98	96	10	68	68
DLR00012647-2009-07-01_17-01-59	11	10	743	782	217	1443	96.5150689855	7149	0	85	102	100	80	98	96	257	68	68
DLR00012647-2009-07-01_17-01-59	11	11	823	786	164	1056	96.5150689855	7112	4	85	102	99	80	97	96	161	68	68
DLR00012647-2009-07-01_17-01-59	11	12	885	789	157	957	96.5150689855	7006	1	84	101	99	80	97	95	148	68	68
DLR00012647-2009-07-01_17-01-59	11	13	953	792	125	761	96.5150689855	7123	2	83	101	99	79	97	95	112	68	68
DLR00012647-2009-07-01_17-01-59	11	14	1019	785	22	143	96.5150689855	6152	0	84	101	98	79	96	95	23	68	68
DLR00012647-2009-07-01_17-01-59	11	15	1085	771	28	170	96.5150689855	6512	0	83	100	98	79	96	95	25	68	68
DLR00012647-2009-07-01_17-01-59	11	16	1159	788	135	807	96.5150689855	6736	0	83	99	98	78	96	94	125	68	68
DLR00012647-2009-07-01_17-01-59	11	17	1226	790	131	803	96.5150689855	6962	1	82	99	98	78	95	94	130	68	68
DLR00012647-2009-07-01_17-01-59	11	18	1286	785	434	2694	96.5150689855	8425	2	82	100	98	78	96	95	184	68	68
DLR00012647-2009-07-01_17-01-59	11	19	1368	786	55	370	96.5150689855	6880	0	82	100	99	77	95	95	90	68	68
DLR00012647-2009-07-01_17-01-59	11	20	1420	782	68	679	96.5150689855	7422	1	86	103	100	77	95	95	96	68	68
DLR00012647-2009-07-01_17-01-59	11	21	1488	806	52	337	96.5150689855	7243	5	80	98	97	76	94	94	57	68	68
DLR00012647-2009-07-01_17-01-59	11	22	1561	782	803	5869	96.5150689855	11201	0	81	98	97	76	94	94	306	68	68
DLR00012647-2009-07-01_17-01-59	11	23	1634	783	400	2586	96.5150689855	9225	1	77	93	93	73	89	89	251	68	68
DLR00012647-2009-07-01_17-01-59	11	24	1708	786	259	1500	96.5150689855	9218	0	76	90	89	72	87	86	93	68	68
DLR00012647-2009-07-01_17-01-59	12	1	147	838	44	298	96.5150689855	6770	0	84	99	99	78	95	94	66	68	68
DLR00012647-2009-07-01_17-01-59	12	2	203	859	380	2623	96.5150689855	8307	5	84	100	99	79	96	95	489	68	68
DLR00012647-2009-07-01_17-01-59	12	3	264	856	262	1676	96.5150689855	8084	4	85	101	101	80	97	97	256	68	68
DLR00012647-2009-07-01_17-01-59	12	4	339	856	285	1897	96.5150689855	8227	2	86	103	102	81	99	98	326	68	68
DLR00012647-2009-07-01_17-01-59	12	5	405	858	200	1245	96.5150689855	8027	0	86	104	102	81	99	98	228	68	68
DLR00012647-2009-07-01_17-01-59	12	6	475	859	232	1406	96.5150689855	7874	3	85	103	102	81	99	98	241	68	68
DLR00012647-2009-07-01_17-01-59	12	7	540	856	182	1098	96.5150689855	7065	0	84	102	101	80	98	97	171	68	68
DLR00012647-2009-07-01_17-01-59	12	8	613	865	284	1690	96.5150689855	7790	2	84	102	100	80	98	97	242	68	68
DLR00012647-2009-07-01_17-01-59	12	9	678	857	192	1156	96.5150689855	6993	1	84	102	100	80	98	96	196	68	68
DLR00012647-2009-07-01_17-01-59	12	10	745	859	239	1543	96.5150689855	7631	0	84	102	100	79	97	96	234	68	68
DLR00012647-2009-07-01_17-01-59	12	11	815	854	206	1299	96.5150689855	7106	0	84	101	99	79	97	95	232	68	68
DLR00012647-2009-07-01_17-01-59	12	12	880	854	227	1399	96.5150689855	7160	1	83	100	98	79	96	95	214	68	68
DLR00012647-2009-07-01_17-01-59	12	13	951	857	225	1319	96.5150689855	7305	3	83	99	97	78	96	94	188	68	68
DLR00012647-2009-07-01_17-01-59	12	14	1015	847	200	1228	96.5150689855	7293	0	82	99	97	78	95	94	161	68	68
DLR00012647-2009-07-01_17-01-59	12	15	1090	859	215	1286	96.5150689855	6854	1	82	99	98	78	95	94	192	68	68
DLR00012647-2009-07-01_17-01-59	12	16	1153	857	232	1393	96.5150689855	7162	4	82	99	97	78	95	94	204	68	68
DLR00012647-2009-07-01_17-01-59	12	17	1227	853	189	1169	96.5150689855	7138	0	82	99	98	77	95	94	219	68	68
DLR00012647-2009-07-01_17-01-59	12	18	1271	862	258	1609	96.5150689855	7249	4	82	99	98	77	95	94	280	68	68
DLR00012647-2009-07-01_17-01-59	12	19	1381	851	219	1465	96.5150689855	8121	11	82	100	99	77	95	95	223	68	68
DLR00012647-2009-07-01_17-01-59	12	20	1431	850	340	2244	96.5150689855	8193	3	81	99	98	77	95	94	250	68	68
DLR00012647-2009-07-01_17-01-59	12	21	1499	856	287	1883	96.5150689855	8105	0	80	98	97	76	93	93	260	68	68
DLR00012647-2009-07-01_17-01-59	12	22	1570	852	698	5374	96.5150689855	10790	4	81	97	96	76	92	92	506	68	68
DLR00012647-2009-07-01_17-01-59	12	23	1626	850	902	6397	96.5150689855	11958	8	79	94	93	74	90	89	450	68	68
DLR00012647-2009-07-01_17-01-59	12	24	1696	857	364	2486	96.5150689855	9422	0	76	90	89	71	86	86	291	68	68
DLR00012647-2009-07-01_17-01-59	13	1	133	932	403	2450	96.5150689855	9507	1	83	98	97	79	94	94	298	68	68
DLR00012647-2009-07-01_17-01-59	13	2	201	926	354	2428	96.5150689855	8153	0	84	99	99	78	95	94	427	68	68
DLR00012647-2009-07-01_17-01-59	13	3	272	926	325	2270	96.5150689855	8197	2	85	101	101	80	97	96	407	68	68
DLR00012647-2009-07-01_17-01-59	13	4	339	928	237	1472	96.5150689855	7755	0	85	102	101	80	98	98	260	68	68
DLR00012647-2009-07-01_17-01-59	13	5	410	925	218	1373	96.5150689855	7689	0	86	103	102	81	99	98	255	68	68
DLR00012647-2009-07-01_17-01-59	13	6	476	927	212	1337	96.5150689855	7730	3	85	103	102	80	99	98	247	68	68
DLR00012647-2009-07-01_17-01-59	13	7	539	931	182	1317	96.5150689855	7531	1	87	103	101	80	98	97	219	68	68
DLR00012647-2009-07-01_17-01-59	13	8	613	924	201	1251	96.5150689855	7175	1	84	102	100	79	97	96	248	68	68
DLR00012647-2009-07-01_17-01-59	13	9	681	925	152	1024	96.5150689855	7318	1	84	102	100	79	97	96	187	68	68
DLR00012647-2009-07-01_17-01-59	13	10	740	928	171	1112	96.5150689855	6985	1	85	102	100	79	97	95	231	68	68
DLR00012647-2009-07-01_17-01-59	13	11	815	926	146	874	96.5150689855	6497	0	83	100	99	79	96	95	144	68	68
DLR00012647-2009-07-01_17-01-59	13	12	886	924	142	1000	96.5150689855	7494	2	84	100	98	78	95	94	115	68	68
DLR00012647-2009-07-01_17-01-59	13	13	954	920	154	932	96.5150689855	7133	2	82	99	97	78	95	93	114	68	68
DLR00012647-2009-07-01_17-01-59	13	14	1012	915	187	1188	96.5150689855	7409	5	82	99	97	78	95	93	157	68	68
DLR00012647-2009-07-01_17-01-59	13	15	1089	921	155	919	96.5150689855	6915	1	81	98	96	77	94	93	123	68	68
DLR00012647-2009-07-01_17-01-59	13	16	1158	917	225	1360	96.5150689855	7156	4	81	98	96	77	94	93	187	68	68
DLR00012647-2009-07-01_17-01-59	13	17	1233	915	347	2307	96.5150689855	7973	1	81	98	97	76	94	93	359	68	68
DLR00012647-2009-07-01_17-01-59	13	18	1287	928	185	1217	96.5150689855	7833	3	81	99	98	76	94	93	200	68	68
DLR00012647-2009-07-01_17-01-59	13	19	1368	941	364	2340	96.5150689855	8502	8	82	99	98	77	95	94	233	68	68
DLR00012647-2009-07-01_17-01-59	13	20	1428	928	197	1274	96.5150689855	7441	0	81	98	97	76	94	93	238	68	68
DLR00012647-2009-07-01_17-01-59	13	21	1501	922	234	1542	96.5150689855	7650	1	80	97	96	75	93	92	201	68	68
DLR00012647-2009-07-01_17-01-59	13	22	1568	918	227	1447	96.5150689855	7555	1	78	94	94	74	91	91	140	68	68
DLR00012647-2009-07-01_17-01-59	13	23	1635	918	510	3364	96.5150689855	9941	3	76	92	91	72	87	88	261	68	68
DLR00012647-2009-07-01_17-01-59	13	24	1694	928	195	1309	96.5150689855	9416	2	74	89	88	70	85	85	157	68	68
DLR00012647-2009-07-01_17-01-59	14	1	132	1001	380	2239	96.5150689855	9762	4	83	97	96	79	93	93	166	68	68
DLR00012647-2009-07-01_17-01-59	14	2	201	992	362	2549	96.5150689855	8373	2	83	98	98	78	94	94	415	68	68
DLR00012647-2009-07-01_17-01-59	14	3	270	988	221	1500	96.5150689855	7738	0	84	100	100	79	96	96	231	68	68
DLR00012647-2009-07-01_17-01-59	14	4	339	994	336	2237	96.5150689855	7863	1	85	102	101	80	98	97	368	68	68
DLR00012647-2009-07-01_17-01-59	14	5	402	993	194	1218	96.5150689855	7541	1	85	102	101	80	98	98	204	68	68
DLR00012647-2009-07-01_17-01-59	14	6	472	993	366	2375	96.5150689855	8136	3	85	102	101	80	98	97	420	68	68
DLR00012647-2009-07-01_17-01-59	14	7	540	993	191	1189	96.5150689855	7326	2	85	102	100	80	98	97	187	68	68
DLR00012647-2009-07-01_17-01-59	14	8	606	989	333	2213	96.5150689855	8006	0	84	102	100	79	97	96	327	68	68
DLR00012647-2009-07-01_17-01-59	14	9	679	994	234	1472	96.5150689855	7470	2	83	101	99	78	96	95	276	68	68
DLR00012647-2009-07-01_17-01-59	14	10	745	996	211	1299	96.5150689855	7007	0	83	100	98	78	96	95	172	68	68
DLR00012647-2009-07-01_17-01-59	14	11	818	989	249	1644	96.5150689855	7174	1	83	100	98	78	96	94	291	68	68
DLR00012647-2009-07-01_17-01-59	14	12	883	990	221	1294	96.5150689855	7449	2	82	99	97	78	95	94	133	68	68
DLR00012647-2009-07-01_17-01-59	14	13	952	988	187	1206	96.5150689855	7317	1	82	99	97	77	95	93	191	68	68
DLR00012647-2009-07-01_17-01-59	14	14	1021	992	259	1568	96.5150689855	7195	1	81	98	97	77	94	93	236	68	68
DLR00012647-2009-07-01_17-01-59	14	15	1092	994	262	2708	96.5150689855	8370	1	86	102	98	77	94	93	316	68	68
DLR00012647-2009-07-01_17-01-59	14	16	1159	994	216	1442	96.5150689855	7139	1	81	98	96	76	94	92	208	68	68
DLR00012647-2009-07-01_17-01-59	14	17	1226	991	324	2069	96.5150689855	7851	3	80	97	96	76	93	92	319	68	68
DLR00012647-2009-07-01_17-01-59	14	18	1292	990	346	2255	96.5150689855	8224	3	80	98	96	76	94	93	310	68	68
DLR00012647-2009-07-01_17-01-59	14	19	1359	988	289	1859	96.5150689855	7516	0	81	98	97	76	94	93	296	68	68
DLR00012647-2009-07-01_17-01-59	14	20	1433	988	230	1566	96.5150689855	7861	0	81	98	97	76	93	93	241	68	68
DLR00012647-2009-07-01_17-01-59	14	21	1493	992	277	1951	96.5150689855	8126	3	81	97	96	76	92	92	295	68	68
DLR00012647-2009-07-01_17-01-59	14	22	1568	990	497	3450	96.5150689855	8718	0	78	94	94	74	90	90	404	68	68
DLR00012647-2009-07-01_17-01-59	14	23	1634	990	364	2585	96.5150689855	8890	3	76	91	91	72	87	87	300	68	68
DLR00012647-2009-07-01_17-01-59	14	24	1684	999	76	555	96.5150689855	8290	1	76	90	90	70	85	85	90	68	68
DLR00012647-2009-07-01_17-01-59	15	1	145	1070	427	2750	96.5150689855	8865	0	83	96	97	78	92	93	431	68	68
DLR00012647-2009-07-01_17-01-59	15	2	205	1064	441	3230	96.5150689855	8856	0	83	98	98	78	93	94	543	68	68
DLR00012647-2009-07-01_17-01-59	15	3	275	1062	331	2279	96.5150689855	8226	2	84	100	100	79	95	96	375	68	68
DLR00012647-2009-07-01_17-01-59	15	4	340	1064	221	1362	96.5150689855	7630	0	85	101	101	80	97	97	200	68	68
DLR00012647-2009-07-01_17-01-59	15	5	408	1062	204	1318	96.5150689855	7360	0	85	102	101	80	97	97	219	68	68
DLR00012647-2009-07-01_17-01-59	15	6	475	1061	186	1123	96.5150689855	7376	3	84	101	100	79	97	97	230	68	68
DLR00012647-2009-07-01_17-01-59	15	7	541	1059	157	956	96.5150689855	7782	0	84	101	100	79	97	96	151	68	68
DLR00012647-2009-07-01_17-01-59	15	8	614	1059	155	946	96.5150689855	7564	0	83	101	100	78	96	96	144	68	68
DLR00012647-2009-07-01_17-01-59	15	9	683	1058	207	1247	96.5150689855	7715	2	82	99	98	78	95	95	149	68	68
DLR00012647-2009-07-01_17-01-59	15	10	748	1063	182	1129	96.5150689855	7567	0	82	99	98	77	95	94	187	68	68
DLR00012647-2009-07-01_17-01-59	15	11	822	1057	106	693	96.5150689855	6826	1	82	98	97	77	94	93	87	68	68
DLR00012647-2009-07-01_17-01-59	15	12	886	1063	148	940	96.5150689855	6785	0	82	98	97	77	94	93	142	68	68
DLR00012647-2009-07-01_17-01-59	15	13	955	1063	128	811	96.5150689855	7231	5	80	98	96	76	94	93	108	68	68
DLR00012647-2009-07-01_17-01-59	15	14	1018	1061	147	995	96.5150689855	6599	1	81	98	96	76	93	92	158	68	68
DLR00012647-2009-07-01_17-01-59	15	15	1093	1061	162	1044	96.5150689855	7381	0	80	97	96	76	93	92	149	68	68
DLR00012647-2009-07-01_17-01-59	15	16	1155	1058	150	946	96.5150689855	7520	1	80	97	96	76	93	92	148	68	68
DLR00012647-2009-07-01_17-01-59	15	17	1225	1056	181	1291	96.5150689855	7560	1	81	98	97	76	93	93	155	68	68
DLR00012647-2009-07-01_17-01-59	15	18	1299	1057	205	1247	96.5150689855	7404	0	80	97	96	76	93	93	148	68	68
DLR00012647-2009-07-01_17-01-59	15	19	1364	1056	263	1882	96.5150689855	7759	0	82	98	97	76	93	93	233	68	68
DLR00012647-2009-07-01_17-01-59	15	20	1429	1050	175	1049	96.5150689855	7669	2	80	97	96	76	93	93	117	68	68
DLR00012647-2009-07-01_17-01-59	15	21	1498	1057	177	1087	96.5150689855	7659	0	80	96	96	75	92	93	123	68	68
DLR00012647-2009-07-01_17-01-59	15	22	1568	1054	230	1469	96.5150689855	7339	1	78	94	94	74	90	90	173	68	68
DLR00012647-2009-07-01_17-01-59	15	23	1633	1058	221	1505	96.5150689855	7892	0	76	91	91	72	87	88	196	68	68
DLR00012647-2009-07-01_17-01-59	15	24	1712	1058	456	2649	96.5150689855	11191	6	75	89	89	73	87	87	139	68	68
DLR00012647-2009-07-01_17-01-59	16	1	105	1109	188	1143	96.5150689855	8407	8	89	100	98	86	97	96	279	68	68
DLR00012647-2009-07-01_17-01-59	16	2	204	1091	347	2508	96.5150689855	8915	9	85	99	99	79	94	95	488	68	68
DLR00012647-2009-07-01_17-01-59	16	3	274	1093	242	1651	96.5150689855	8426	3	85	100	100	80	96	97	248	68	68
DLR00012647-2009-07-01_17-01-59	16	4	341	1078	200	1225	96.5150689855	7721	0	84	101	101	80	97	98	177	68	68
DLR00012647-2009-07-01_17-01-59	16	5	394	1109	59	388	96.5150689855	7297	1	86	103	102	84	100	100	116	68	68
DLR00012647-2009-07-01_17-01-59	16	6	469	1099	211	1444	96.5150689855	8081	16	88	103	103	81	98	98	308	68	68
DLR00012647-2009-07-01_17-01-59	16	7	540	1101	137	787	96.5150689855	7962	3	87	103	102	82	99	98	188	68	68
DLR00012647-2009-07-01_17-01-59	16	8	612	1099	133	834	96.5150689855	7844	6	87	103	103	80	98	98	243	68	68
DLR00012647-2009-07-01_17-01-59	16	9	658	1101	140	844	96.5150689855	7960	0	85	102	101	80	97	97	220	68	68
DLR00012647-2009-07-01_17-01-59	16	10	771	1104	61	385	96.5150689855	7668	1	82	99	98	79	96	95	67	68	68
DLR00012647-2009-07-01_17-01-59	16	11	804	1107	29	159	96.5150689855	7790	0	85	100	99	79	96	95	27	68	68
DLR00012647-2009-07-01_17-01-59	16	12	881	1107	53	317	96.5150689855	7426	5	82	99	98	80	97	96	41	68	68
DLR00012647-2009-07-01_17-01-59	16	13	946	1108	53	335	96.5150689855	7886	0	82	98	97	79	97	95	67	68	68
DLR00012647-2009-07-01_17-01-59	16	14	1033	1106	144	878	96.5150689855	7607	5	84	101	99	79	96	95	198	68	68
DLR00012647-2009-07-01_17-01-59	16	15	1087	1102	142	833	96.5150689855	7866	4	83	99	99	78	95	94	211	68	68
DLR00012647-2009-07-01_17-01-59	16	16	1170	1103	141	824	96.5150689855	8001	2	83	100	99	78	95	95	205	68	68
DLR00012647-2009-07-01_17-01-59	16	17	1230	1105	156	915	96.5150689855	8087	3	83	100	99	78	96	95	200	68	68
DLR00012647-2009-07-01_17-01-59	16	18	1296	1116	19	113	96.5150689855	7027	0	86	102	100	81	98	97	140	68	68
DLR00012647-2009-07-01_17-01-59	16	19	1352	1106	57	379	96.5150689855	7588	0	84	100	99	79	95	95	91	68	68
DLR00012647-2009-07-01_17-01-59	16	20	1430	1103	39	235	96.5150689855	7867	1	81	97	97	78	94	95	53	68	68
DLR00012647-2009-07-01_17-01-59	16	21	1497	1106	40	231	96.5150689855	7756	5	82	97	97	79	95	95	44	68	68
DLR00012647-2009-07-01_17-01-59	16	22	1558	1106	131	774	96.5150689855	7860	0	84	98	98	79	93	94	202	68	68
DLR00012647-2009-07-01_17-01-59	16	23	1629	1106	251	1824	96.5150689855	8604	5	85	98	98	78	92	92	372	68	68
DLR00012647-2009-07-01_17-01-59	16	24	1709	1099	261	1447	96.5150689855	9887	9	78	91	91	77	90	90	138	68	68
