DLR00012647-2009-06-30_14-38-44	1	1	129	107	4624	38316	3.60810242193	38316	264	93	102	97				1786	68	68
DLR00012647-2009-06-30_14-38-44	1	2	198	107	4624	12033	3.60810242193	12033	264	86	99	96				770	68	68
DLR00012647-2009-06-30_14-38-44	1	3	266	107	4624	11556	3.60810242193	11556	264	88	102	100				619	68	68
DLR00012647-2009-06-30_14-38-44	1	4	335	107	4624	9291	3.60810242193	9291	264	89	104	102				550	68	68
DLR00012647-2009-06-30_14-38-44	1	5	403	107	4624	8817	3.60810242193	8817	264	89	104	103				454	68	68
DLR00012647-2009-06-30_14-38-44	1	6	472	107	4624	8210	3.60810242193	8210	264	88	105	103				408	68	68
DLR00012647-2009-06-30_14-38-44	1	7	541	107	4624	9102	3.60810242193	9102	264	89	105	103				450	68	68
DLR00012647-2009-06-30_14-38-44	1	8	609	107	4624	9452	3.60810242193	9452	264	89	106	103				502	68	68
DLR00012647-2009-06-30_14-38-44	1	9	678	107	4624	9649	3.60810242193	9649	264	89	106	103				469	68	68
DLR00012647-2009-06-30_14-38-44	1	10	746	107	4624	9588	3.60810242193	9588	264	88	105	102				507	68	68
DLR00012647-2009-06-30_14-38-44	1	11	815	107	4624	9578	3.60810242193	9578	264	88	105	102				547	68	68
DLR00012647-2009-06-30_14-38-44	1	12	884	107	4624	10206	3.60810242193	10206	264	88	105	102				455	68	68
DLR00012647-2009-06-30_14-38-44	1	13	952	107	4624	10390	3.60810242193	10390	264	88	106	103				473	68	68
DLR00012647-2009-06-30_14-38-44	1	14	1021	107	4624	10655	3.60810242193	10655	264	88	105	102				530	68	68
DLR00012647-2009-06-30_14-38-44	1	15	1090	107	4624	11363	3.60810242193	11363	264	88	105	102				520	68	68
DLR00012647-2009-06-30_14-38-44	1	16	1158	107	4624	11217	3.60810242193	11217	264	88	105	103				487	68	68
DLR00012647-2009-06-30_14-38-44	1	17	1227	107	4624	10984	3.60810242193	10984	264	88	105	103				523	68	68
DLR00012647-2009-06-30_14-38-44	1	18	1295	107	4624	10515	3.60810242193	10515	264	88	104	102				472	68	68
DLR00012647-2009-06-30_14-38-44	1	19	1364	107	4624	10557	3.60810242193	10557	264	87	103	102				568	68	68
DLR00012647-2009-06-30_14-38-44	1	20	1433	107	4624	10437	3.60810242193	10437	264	87	102	101				549	68	68
DLR00012647-2009-06-30_14-38-44	1	21	1501	107	4624	10949	3.60810242193	10949	264	85	100	98				479	68	68
DLR00012647-2009-06-30_14-38-44	1	22	1570	107	4624	10695	3.60810242193	10695	264	83	97	95				524	68	68
DLR00012647-2009-06-30_14-38-44	1	23	1638	107	4624	10127	3.60810242193	10127	264	82	94	92				564	68	68
DLR00012647-2009-06-30_14-38-44	1	24	1707	107	4624	22619	3.60810242193	22619	264	87	97	93				1305	68	68
DLR00012647-2009-06-30_14-38-44	2	1	129	175	4624	8252	3.60810242193	8252	264	79	92	91				192	68	68
DLR00012647-2009-06-30_14-38-44	2	2	198	175	4624	7213	3.60810242193	7213	264	79	94	93				113	68	68
DLR00012647-2009-06-30_14-38-44	2	3	266	175	4624	7213	3.60810242193	7213	264	80	96	96				120	68	68
DLR00012647-2009-06-30_14-38-44	2	4	335	175	4624	5621	3.60810242193	5621	264	82	98	98				104	68	68
DLR00012647-2009-06-30_14-38-44	2	5	403	175	4624	4698	3.60810242193	4698	264	82	99	98				137	68	68
DLR00012647-2009-06-30_14-38-44	2	6	472	175	4624	5022	3.60810242193	5022	264	82	100	99				122	68	68
DLR00012647-2009-06-30_14-38-44	2	7	541	175	4624	5866	3.60810242193	5866	264	82	100	99				169	68	68
DLR00012647-2009-06-30_14-38-44	2	8	609	175	4624	5382	3.60810242193	5382	264	82	100	98				185	68	68
DLR00012647-2009-06-30_14-38-44	2	9	678	175	4624	5057	3.60810242193	5057	264	81	100	98				182	68	68
DLR00012647-2009-06-30_14-38-44	2	10	746	175	4624	5611	3.60810242193	5611	264	81	99	97				128	68	68
DLR00012647-2009-06-30_14-38-44	2	11	815	175	4624	8039	3.60810242193	8039	264	80	99	97				159	68	68
DLR00012647-2009-06-30_14-38-44	2	12	884	175	4624	6100	3.60810242193	6100	264	80	99	97				172	68	68
DLR00012647-2009-06-30_14-38-44	2	13	952	175	4624	6255	3.60810242193	6255	264	81	100	97				135	68	68
DLR00012647-2009-06-30_14-38-44	2	14	1021	175	4624	5122	3.60810242193	5122	264	80	99	97				181	68	68
DLR00012647-2009-06-30_14-38-44	2	15	1090	175	4624	5266	3.60810242193	5266	264	80	99	97				193	68	68
DLR00012647-2009-06-30_14-38-44	2	16	1158	175	4624	5607	3.60810242193	5607	264	81	99	97				184	68	68
DLR00012647-2009-06-30_14-38-44	2	17	1227	175	4624	5737	3.60810242193	5737	264	81	99	98				141	68	68
DLR00012647-2009-06-30_14-38-44	2	18	1295	175	4624	6192	3.60810242193	6192	264	80	99	97				137	68	68
DLR00012647-2009-06-30_14-38-44	2	19	1364	175	4624	7694	3.60810242193	7694	264	80	98	97				167	68	68
DLR00012647-2009-06-30_14-38-44	2	20	1433	175	4624	8662	3.60810242193	8662	264	80	98	97				202	68	68
DLR00012647-2009-06-30_14-38-44	2	21	1501	175	4624	7560	3.60810242193	7560	264	78	96	95				133	68	68
DLR00012647-2009-06-30_14-38-44	2	22	1570	175	4624	7466	3.60810242193	7466	264	76	92	92				109	68	68
DLR00012647-2009-06-30_14-38-44	2	23	1638	175	4624	8079	3.60810242193	8079	264	74	89	89				148	68	68
DLR00012647-2009-06-30_14-38-44	2	24	1707	175	4624	8513	3.60810242193	8513	264	75	88	87				121	68	68
DLR00012647-2009-06-30_14-38-44	3	1	129	243	4624	8642	3.60810242193	8642	264	79	93	92				156	68	68
DLR00012647-2009-06-30_14-38-44	3	2	198	243	4624	7179	3.60810242193	7179	264	79	94	94				112	68	68
DLR00012647-2009-06-30_14-38-44	3	3	266	243	4624	7118	3.60810242193	7118	264	80	96	96				157	68	68
DLR00012647-2009-06-30_14-38-44	3	4	335	243	4624	6091	3.60810242193	6091	264	81	98	97				164	68	68
DLR00012647-2009-06-30_14-38-44	3	5	403	243	4624	5013	3.60810242193	5013	264	82	99	98				133	68	68
DLR00012647-2009-06-30_14-38-44	3	6	472	243	4624	4756	3.60810242193	4756	264	82	100	98				143	68	68
DLR00012647-2009-06-30_14-38-44	3	7	541	243	4624	5052	3.60810242193	5052	264	81	100	98				173	68	68
DLR00012647-2009-06-30_14-38-44	3	8	609	243	4624	5106	3.60810242193	5106	264	81	100	98				229	68	68
DLR00012647-2009-06-30_14-38-44	3	9	678	243	4624	4583	3.60810242193	4583	264	81	100	97				170	68	68
DLR00012647-2009-06-30_14-38-44	3	10	746	243	4624	5289	3.60810242193	5289	264	81	99	97				192	68	68
DLR00012647-2009-06-30_14-38-44	3	11	815	243	4624	5349	3.60810242193	5349	264	80	99	97				206	68	68
DLR00012647-2009-06-30_14-38-44	3	12	884	243	4624	5888	3.60810242193	5888	264	80	99	97				151	68	68
DLR00012647-2009-06-30_14-38-44	3	13	952	243	4624	5330	3.60810242193	5330	264	80	99	97				176	68	68
DLR00012647-2009-06-30_14-38-44	3	14	1021	243	4624	5881	3.60810242193	5881	264	80	99	96				242	68	68
DLR00012647-2009-06-30_14-38-44	3	15	1090	243	4624	6289	3.60810242193	6289	264	80	99	96				193	68	68
DLR00012647-2009-06-30_14-38-44	3	16	1158	243	4624	5144	3.60810242193	5144	264	80	99	97				225	68	68
DLR00012647-2009-06-30_14-38-44	3	17	1227	243	4624	6302	3.60810242193	6302	264	80	99	97				178	68	68
DLR00012647-2009-06-30_14-38-44	3	18	1295	243	4624	8758	3.60810242193	8758	264	80	98	97				203	68	68
DLR00012647-2009-06-30_14-38-44	3	19	1364	243	4624	8163	3.60810242193	8163	264	79	98	97				175	68	68
DLR00012647-2009-06-30_14-38-44	3	20	1433	243	4624	7639	3.60810242193	7639	264	79	97	96				157	68	68
DLR00012647-2009-06-30_14-38-44	3	21	1501	243	4624	7447	3.60810242193	7447	264	78	96	95				152	68	68
DLR00012647-2009-06-30_14-38-44	3	22	1570	243	4624	7326	3.60810242193	7326	264	76	93	93				186	68	68
DLR00012647-2009-06-30_14-38-44	3	23	1638	243	4624	7570	3.60810242193	7570	264	74	90	89				138	68	68
DLR00012647-2009-06-30_14-38-44	3	24	1707	243	4624	9109	3.60810242193	9109	264	74	88	87				118	68	68
DLR00012647-2009-06-30_14-38-44	4	1	129	311	4624	8586	3.60810242193	8586	264	80	93	92				163	68	68
DLR00012647-2009-06-30_14-38-44	4	2	198	311	4624	7186	3.60810242193	7186	264	80	95	94				131	68	68
DLR00012647-2009-06-30_14-38-44	4	3	266	311	4624	7174	3.60810242193	7174	264	80	97	96				156	68	68
DLR00012647-2009-06-30_14-38-44	4	4	335	311	4624	6194	3.60810242193	6194	264	81	98	97				183	68	68
DLR00012647-2009-06-30_14-38-44	4	5	403	311	4624	4763	3.60810242193	4763	264	81	99	98				154	68	68
DLR00012647-2009-06-30_14-38-44	4	6	472	311	4624	4801	3.60810242193	4801	264	81	99	98				144	68	68
DLR00012647-2009-06-30_14-38-44	4	7	541	311	4624	4396	3.60810242193	4396	264	81	100	98				154	68	68
DLR00012647-2009-06-30_14-38-44	4	8	609	311	4624	4386	3.60810242193	4386	264	81	100	97				240	68	68
DLR00012647-2009-06-30_14-38-44	4	9	678	311	4624	5936	3.60810242193	5936	264	81	99	97				161	68	68
DLR00012647-2009-06-30_14-38-44	4	10	746	311	4624	5853	3.60810242193	5853	264	81	99	97				173	68	68
DLR00012647-2009-06-30_14-38-44	4	11	815	311	4624	5415	3.60810242193	5415	264	81	99	97				157	68	68
DLR00012647-2009-06-30_14-38-44	4	12	884	311	4624	7401	3.60810242193	7401	264	80	99	96				173	68	68
DLR00012647-2009-06-30_14-38-44	4	13	952	311	4624	7616	3.60810242193	7616	264	80	99	96				157	68	68
DLR00012647-2009-06-30_14-38-44	4	14	1021	311	4624	7469	3.60810242193	7469	264	80	98	96				176	68	68
DLR00012647-2009-06-30_14-38-44	4	15	1090	311	4624	5679	3.60810242193	5679	264	80	98	96				170	68	68
DLR00012647-2009-06-30_14-38-44	4	16	1158	311	4624	7878	3.60810242193	7878	264	80	98	96				125	68	68
DLR00012647-2009-06-30_14-38-44	4	17	1227	311	4624	8234	3.60810242193	8234	264	80	98	97				150	68	68
DLR00012647-2009-06-30_14-38-44	4	18	1295	311	4624	8394	3.60810242193	8394	264	79	98	96				158	68	68
DLR00012647-2009-06-30_14-38-44	4	19	1364	311	4624	7754	3.60810242193	7754	264	79	98	96				172	68	68
DLR00012647-2009-06-30_14-38-44	4	20	1433	311	4624	7501	3.60810242193	7501	264	79	98	96				158	68	68
DLR00012647-2009-06-30_14-38-44	4	21	1501	311	4624	8648	3.60810242193	8648	264	78	96	96				152	68	68
DLR00012647-2009-06-30_14-38-44	4	22	1570	311	4624	8375	3.60810242193	8375	264	76	93	93				158	68	68
DLR00012647-2009-06-30_14-38-44	4	23	1638	311	4624	7811	3.60810242193	7811	264	74	90	89				150	68	68
DLR00012647-2009-06-30_14-38-44	4	24	1707	311	4624	8860	3.60810242193	8860	264	73	88	87				173	68	68
DLR00012647-2009-06-30_14-38-44	5	1	129	378	4624	7969	3.60810242193	7969	264	79	93	93				116	68	68
DLR00012647-2009-06-30_14-38-44	5	2	198	378	4624	7385	3.60810242193	7385	264	79	95	94				133	68	68
DLR00012647-2009-06-30_14-38-44	5	3	266	378	4624	7546	3.60810242193	7546	264	80	97	96				97	68	68
DLR00012647-2009-06-30_14-38-44	5	4	335	378	4624	6057	3.60810242193	6057	264	81	98	98				136	68	68
DLR00012647-2009-06-30_14-38-44	5	5	403	378	4624	5534	3.60810242193	5534	264	81	99	98				127	68	68
DLR00012647-2009-06-30_14-38-44	5	6	472	378	4624	5788	3.60810242193	5788	264	81	99	98				204	68	68
DLR00012647-2009-06-30_14-38-44	5	7	541	378	4624	5917	3.60810242193	5917	264	81	99	98				175	68	68
DLR00012647-2009-06-30_14-38-44	5	8	609	378	4624	5392	3.60810242193	5392	264	81	99	97				138	68	68
DLR00012647-2009-06-30_14-38-44	5	9	678	378	4624	6772	3.60810242193	6772	264	81	99	97				176	68	68
DLR00012647-2009-06-30_14-38-44	5	10	746	378	4624	5593	3.60810242193	5593	264	81	99	96				185	68	68
DLR00012647-2009-06-30_14-38-44	5	11	815	378	4624	7162	3.60810242193	7162	264	80	98	96				164	68	68
DLR00012647-2009-06-30_14-38-44	5	12	884	378	4624	8746	3.60810242193	8746	264	80	98	96				200	68	68
DLR00012647-2009-06-30_14-38-44	5	13	952	378	4624	8209	3.60810242193	8209	264	80	98	96				154	68	68
DLR00012647-2009-06-30_14-38-44	5	14	1021	378	4624	8995	3.60810242193	8995	264	80	98	96				362	68	68
DLR00012647-2009-06-30_14-38-44	5	15	1090	378	4624	8166	3.60810242193	8166	264	80	98	96				173	68	68
DLR00012647-2009-06-30_14-38-44	5	16	1158	378	4624	8543	3.60810242193	8543	264	80	98	96				192	68	68
DLR00012647-2009-06-30_14-38-44	5	17	1227	378	4624	8482	3.60810242193	8482	264	80	98	96				168	68	68
DLR00012647-2009-06-30_14-38-44	5	18	1295	378	4624	8135	3.60810242193	8135	264	79	98	96				137	68	68
DLR00012647-2009-06-30_14-38-44	5	19	1364	378	4624	8477	3.60810242193	8477	264	79	98	97				233	68	68
DLR00012647-2009-06-30_14-38-44	5	20	1433	378	4624	7821	3.60810242193	7821	264	78	97	96				150	68	68
DLR00012647-2009-06-30_14-38-44	5	21	1501	378	4624	7131	3.60810242193	7131	264	77	95	95				198	68	68
DLR00012647-2009-06-30_14-38-44	5	22	1570	378	4624	8252	3.60810242193	8252	264	75	93	93				158	68	68
DLR00012647-2009-06-30_14-38-44	5	23	1638	378	4624	7470	3.60810242193	7470	264	73	90	90				140	68	68
DLR00012647-2009-06-30_14-38-44	5	24	1707	378	4624	8928	3.60810242193	8928	264	73	88	87				136	68	68
DLR00012647-2009-06-30_14-38-44	6	1	129	446	4624	8024	3.60810242193	8024	264	79	94	93				150	68	68
DLR00012647-2009-06-30_14-38-44	6	2	198	446	4624	7087	3.60810242193	7087	264	79	95	95				130	68	68
DLR00012647-2009-06-30_14-38-44	6	3	266	446	4624	7919	3.60810242193	7919	264	80	97	96				168	68	68
DLR00012647-2009-06-30_14-38-44	6	4	335	446	4624	6406	3.60810242193	6406	264	81	99	98				154	68	68
DLR00012647-2009-06-30_14-38-44	6	5	403	446	4624	5935	3.60810242193	5935	264	81	99	98				173	68	68
DLR00012647-2009-06-30_14-38-44	6	6	472	446	4624	5880	3.60810242193	5880	264	81	99	98				185	68	68
DLR00012647-2009-06-30_14-38-44	6	7	541	446	4624	5627	3.60810242193	5627	264	81	99	97				132	68	68
DLR00012647-2009-06-30_14-38-44	6	8	609	446	4624	5799	3.60810242193	5799	264	81	99	97				188	68	68
DLR00012647-2009-06-30_14-38-44	6	9	678	446	4624	5344	3.60810242193	5344	264	81	99	97				159	68	68
DLR00012647-2009-06-30_14-38-44	6	10	746	446	4624	6451	3.60810242193	6451	264	81	98	96				221	68	68
DLR00012647-2009-06-30_14-38-44	6	11	815	446	4624	8035	3.60810242193	8035	264	80	98	95				138	68	68
DLR00012647-2009-06-30_14-38-44	6	12	884	446	4624	7312	3.60810242193	7312	264	80	97	95				165	68	68
DLR00012647-2009-06-30_14-38-44	6	13	952	446	4624	7041	3.60810242193	7041	264	80	97	95				157	68	68
DLR00012647-2009-06-30_14-38-44	6	14	1021	446	4624	7080	3.60810242193	7080	264	80	97	95				164	68	68
DLR00012647-2009-06-30_14-38-44	6	15	1090	446	4624	7107	3.60810242193	7107	264	80	97	95				175	68	68
DLR00012647-2009-06-30_14-38-44	6	16	1158	446	4624	7876	3.60810242193	7876	264	80	98	96				194	68	68
DLR00012647-2009-06-30_14-38-44	6	17	1227	446	4624	12370	3.60810242193	12370	264	81	99	97				309	68	68
DLR00012647-2009-06-30_14-38-44	6	18	1295	446	4624	8582	3.60810242193	8582	264	79	98	96				237	68	68
DLR00012647-2009-06-30_14-38-44	6	19	1364	446	4624	6696	3.60810242193	6696	264	78	97	96				213	68	68
DLR00012647-2009-06-30_14-38-44	6	20	1433	446	4624	6768	3.60810242193	6768	264	78	96	95				205	68	68
DLR00012647-2009-06-30_14-38-44	6	21	1501	446	4624	7141	3.60810242193	7141	264	77	95	95				195	68	68
DLR00012647-2009-06-30_14-38-44	6	22	1570	446	4624	7916	3.60810242193	7916	264	75	93	93				152	68	68
DLR00012647-2009-06-30_14-38-44	6	23	1638	446	4624	7496	3.60810242193	7496	264	73	90	90				238	68	68
DLR00012647-2009-06-30_14-38-44	6	24	1707	446	4624	8781	3.60810242193	8781	264	72	88	87				145	68	68
DLR00012647-2009-06-30_14-38-44	7	1	129	514	4624	8359	3.60810242193	8359	264	79	94	94				177	68	68
DLR00012647-2009-06-30_14-38-44	7	2	198	514	4624	7152	3.60810242193	7152	264	79	95	95				188	68	68
DLR00012647-2009-06-30_14-38-44	7	3	266	514	4624	7510	3.60810242193	7510	264	80	97	96				106	68	68
DLR00012647-2009-06-30_14-38-44	7	4	335	514	4624	6049	3.60810242193	6049	264	80	98	97				129	68	68
DLR00012647-2009-06-30_14-38-44	7	5	403	514	4624	5262	3.60810242193	5262	264	80	99	98				145	68	68
DLR00012647-2009-06-30_14-38-44	7	6	472	514	4624	5114	3.60810242193	5114	264	80	99	97				152	68	68
DLR00012647-2009-06-30_14-38-44	7	7	541	514	4624	4818	3.60810242193	4818	264	80	99	97				186	68	68
DLR00012647-2009-06-30_14-38-44	7	8	609	514	4624	4876	3.60810242193	4876	264	80	99	97				196	68	68
DLR00012647-2009-06-30_14-38-44	7	9	678	514	4624	6466	3.60810242193	6466	264	80	98	96				227	68	68
DLR00012647-2009-06-30_14-38-44	7	10	746	514	4624	8441	3.60810242193	8441	264	80	98	96				208	68	68
DLR00012647-2009-06-30_14-38-44	7	11	815	514	4624	7185	3.60810242193	7185	264	80	97	95				136	68	68
DLR00012647-2009-06-30_14-38-44	7	12	884	514	4624	7069	3.60810242193	7069	264	80	97	95				168	68	68
DLR00012647-2009-06-30_14-38-44	7	13	952	514	4624	7049	3.60810242193	7049	264	80	97	95				218	68	68
DLR00012647-2009-06-30_14-38-44	7	14	1021	514	4624	6820	3.60810242193	6820	264	79	97	95				239	68	68
DLR00012647-2009-06-30_14-38-44	7	15	1090	514	4624	7194	3.60810242193	7194	264	80	97	95				176	68	68
DLR00012647-2009-06-30_14-38-44	7	16	1158	514	4624	8381	3.60810242193	8381	264	80	98	96				198	68	68
DLR00012647-2009-06-30_14-38-44	7	17	1227	514	4624	7964	3.60810242193	7964	264	79	97	96				150	68	68
DLR00012647-2009-06-30_14-38-44	7	18	1295	514	4624	7223	3.60810242193	7223	264	78	96	95				141	68	68
DLR00012647-2009-06-30_14-38-44	7	19	1364	514	4624	7216	3.60810242193	7216	264	77	96	95				150	68	68
DLR00012647-2009-06-30_14-38-44	7	20	1433	514	4624	6863	3.60810242193	6863	264	77	96	95				227	68	68
DLR00012647-2009-06-30_14-38-44	7	21	1501	514	4624	7618	3.60810242193	7618	264	76	95	94				184	68	68
DLR00012647-2009-06-30_14-38-44	7	22	1570	514	4624	7242	3.60810242193	7242	264	74	93	92				157	68	68
DLR00012647-2009-06-30_14-38-44	7	23	1638	514	4624	6821	3.60810242193	6821	264	73	90	89				78	68	68
DLR00012647-2009-06-30_14-38-44	7	24	1707	514	4624	8271	3.60810242193	8271	264	72	88	87				117	68	68
DLR00012647-2009-06-30_14-38-44	8	1	129	582	4624	8718	3.60810242193	8718	264	79	95	94				136	68	68
DLR00012647-2009-06-30_14-38-44	8	2	198	582	4624	7037	3.60810242193	7037	264	79	96	95				124	68	68
DLR00012647-2009-06-30_14-38-44	8	3	266	582	4624	7384	3.60810242193	7384	264	79	97	96				159	68	68
DLR00012647-2009-06-30_14-38-44	8	4	335	582	4624	7089	3.60810242193	7089	264	80	98	97				231	68	68
DLR00012647-2009-06-30_14-38-44	8	5	403	582	4624	5383	3.60810242193	5383	264	80	99	97				148	68	68
DLR00012647-2009-06-30_14-38-44	8	6	472	582	4624	5897	3.60810242193	5897	264	80	99	97				207	68	68
DLR00012647-2009-06-30_14-38-44	8	7	541	582	4624	6824	3.60810242193	6824	264	80	98	97				245	68	68
DLR00012647-2009-06-30_14-38-44	8	8	609	582	4624	8264	3.60810242193	8264	264	80	98	96				176	68	68
DLR00012647-2009-06-30_14-38-44	8	9	678	582	4624	8058	3.60810242193	8058	264	80	98	96				184	68	68
DLR00012647-2009-06-30_14-38-44	8	10	746	582	4624	7430	3.60810242193	7430	264	80	97	95				206	68	68
DLR00012647-2009-06-30_14-38-44	8	11	815	582	4624	6586	3.60810242193	6586	264	80	97	95				146	68	68
DLR00012647-2009-06-30_14-38-44	8	12	884	582	4624	6872	3.60810242193	6872	264	80	97	94				222	68	68
DLR00012647-2009-06-30_14-38-44	8	13	952	582	4624	5875	3.60810242193	5875	264	79	97	94				173	68	68
DLR00012647-2009-06-30_14-38-44	8	14	1021	582	4624	6052	3.60810242193	6052	264	79	96	94				199	68	68
DLR00012647-2009-06-30_14-38-44	8	15	1090	582	4624	7261	3.60810242193	7261	264	79	97	95				173	68	68
DLR00012647-2009-06-30_14-38-44	8	16	1158	582	4624	6630	3.60810242193	6630	264	79	96	94				259	68	68
DLR00012647-2009-06-30_14-38-44	8	17	1227	582	4624	6346	3.60810242193	6346	264	78	96	95				262	68	68
DLR00012647-2009-06-30_14-38-44	8	18	1295	582	4624	7588	3.60810242193	7588	264	78	96	95				316	68	68
DLR00012647-2009-06-30_14-38-44	8	19	1364	582	4624	6542	3.60810242193	6542	264	77	96	95				200	68	68
DLR00012647-2009-06-30_14-38-44	8	20	1433	582	4624	7037	3.60810242193	7037	264	77	96	94				192	68	68
DLR00012647-2009-06-30_14-38-44	8	21	1501	582	4624	7279	3.60810242193	7279	264	76	95	94				231	68	68
DLR00012647-2009-06-30_14-38-44	8	22	1570	582	4624	7180	3.60810242193	7180	264	74	92	92				146	68	68
DLR00012647-2009-06-30_14-38-44	8	23	1638	582	4624	7831	3.60810242193	7831	264	72	90	89				113	68	68
DLR00012647-2009-06-30_14-38-44	8	24	1707	582	4624	8140	3.60810242193	8140	264	72	87	86				183	68	68
DLR00012647-2009-06-30_14-38-44	9	1	129	650	4624	8930	3.60810242193	8930	264	79	95	94				157	68	68
DLR00012647-2009-06-30_14-38-44	9	2	198	650	4624	7301	3.60810242193	7301	264	78	96	95				241	68	68
DLR00012647-2009-06-30_14-38-44	9	3	266	650	4624	7214	3.60810242193	7214	264	79	97	96				155	68	68
DLR00012647-2009-06-30_14-38-44	9	4	335	650	4624	8105	3.60810242193	8105	264	80	98	97				139	68	68
DLR00012647-2009-06-30_14-38-44	9	5	403	650	4624	5631	3.60810242193	5631	264	80	99	97				176	68	68
DLR00012647-2009-06-30_14-38-44	9	6	472	650	4624	6961	3.60810242193	6961	264	80	98	97				178	68	68
DLR00012647-2009-06-30_14-38-44	9	7	541	650	4624	8734	3.60810242193	8734	264	80	98	96				193	68	68
DLR00012647-2009-06-30_14-38-44	9	8	609	650	4624	8711	3.60810242193	8711	264	80	98	96				309	68	68
DLR00012647-2009-06-30_14-38-44	9	9	678	650	4624	8616	3.60810242193	8616	264	81	98	96				366	68	68
DLR00012647-2009-06-30_14-38-44	9	10	746	650	4624	11642	3.60810242193	11642	264	83	100	96				899	68	68
DLR00012647-2009-06-30_14-38-44	9	11	815	650	4624	15529	3.60810242193	15529	264	84	100	97				938	68	68
DLR00012647-2009-06-30_14-38-44	9	12	884	650	4624	15761	3.60810242193	15761	264	83	100	96				1014	68	68
DLR00012647-2009-06-30_14-38-44	9	13	952	650	4624	13828	3.60810242193	13828	264	83	99	95				952	68	68
DLR00012647-2009-06-30_14-38-44	9	14	1021	650	4624	14707	3.60810242193	14707	264	83	100	96				791	68	68
DLR00012647-2009-06-30_14-38-44	9	15	1090	650	4624	15110	3.60810242193	15110	264	83	99	96				871	68	68
DLR00012647-2009-06-30_14-38-44	9	16	1158	650	4624	20551	3.60810242193	20551	264	83	100	96				711	68	68
DLR00012647-2009-06-30_14-38-44	9	17	1227	650	4624	14766	3.60810242193	14766	264	81	98	96				998	68	68
DLR00012647-2009-06-30_14-38-44	9	18	1295	650	4624	15202	3.60810242193	15202	264	81	99	96				1187	68	68
DLR00012647-2009-06-30_14-38-44	9	19	1364	650	4624	9358	3.60810242193	9358	264	78	96	95				398	68	68
DLR00012647-2009-06-30_14-38-44	9	20	1433	650	4624	7258	3.60810242193	7258	264	76	95	94				215	68	68
DLR00012647-2009-06-30_14-38-44	9	21	1501	650	4624	7395	3.60810242193	7395	264	75	94	93				154	68	68
DLR00012647-2009-06-30_14-38-44	9	22	1570	650	4624	7300	3.60810242193	7300	264	74	92	91				190	68	68
DLR00012647-2009-06-30_14-38-44	9	23	1638	650	4624	6946	3.60810242193	6946	264	72	89	88				156	68	68
DLR00012647-2009-06-30_14-38-44	9	24	1707	650	4624	8605	3.60810242193	8605	264	72	87	86				178	68	68
DLR00012647-2009-06-30_14-38-44	10	1	129	718	4624	8970	3.60810242193	8970	264	79	95	94				139	68	68
DLR00012647-2009-06-30_14-38-44	10	2	198	718	4624	7506	3.60810242193	7506	264	78	96	95				192	68	68
DLR00012647-2009-06-30_14-38-44	10	3	266	718	4624	6974	3.60810242193	6974	264	79	97	96				180	68	68
DLR00012647-2009-06-30_14-38-44	10	4	335	718	4624	8377	3.60810242193	8377	264	80	98	97				133	68	68
DLR00012647-2009-06-30_14-38-44	10	5	403	718	4624	5915	3.60810242193	5915	264	80	99	97				198	68	68
DLR00012647-2009-06-30_14-38-44	10	6	472	718	4624	8495	3.60810242193	8495	264	80	98	97				205	68	68
DLR00012647-2009-06-30_14-38-44	10	7	541	718	4624	7984	3.60810242193	7984	264	79	98	96				112	68	68
DLR00012647-2009-06-30_14-38-44	10	8	609	718	4624	7259	3.60810242193	7259	264	79	97	96				181	68	68
DLR00012647-2009-06-30_14-38-44	10	9	678	718	4624	6756	3.60810242193	6756	264	79	97	95				207	68	68
DLR00012647-2009-06-30_14-38-44	10	10	746	718	4624	8696	3.60810242193	8696	264	80	98	95				377	68	68
DLR00012647-2009-06-30_14-38-44	10	11	815	718	4624	11654	3.60810242193	11654	264	81	99	96				730	68	68
DLR00012647-2009-06-30_14-38-44	10	12	884	718	4624	7293	3.60810242193	7293	264	79	97	94				275	68	68
DLR00012647-2009-06-30_14-38-44	10	13	952	718	4624	7340	3.60810242193	7340	264	79	96	94				266	68	68
DLR00012647-2009-06-30_14-38-44	10	14	1021	718	4624	7453	3.60810242193	7453	264	78	96	94				268	68	68
DLR00012647-2009-06-30_14-38-44	10	15	1090	718	4624	6377	3.60810242193	6377	264	78	95	93				217	68	68
DLR00012647-2009-06-30_14-38-44	10	16	1158	718	4624	6220	3.60810242193	6220	264	77	95	93				182	68	68
DLR00012647-2009-06-30_14-38-44	10	17	1227	718	4624	5958	3.60810242193	5958	264	77	95	93				130	68	68
DLR00012647-2009-06-30_14-38-44	10	18	1295	718	4624	6835	3.60810242193	6835	264	77	95	93				224	68	68
DLR00012647-2009-06-30_14-38-44	10	19	1364	718	4624	8203	3.60810242193	8203	264	77	95	94				360	68	68
DLR00012647-2009-06-30_14-38-44	10	20	1433	718	4624	7026	3.60810242193	7026	264	76	94	93				194	68	68
DLR00012647-2009-06-30_14-38-44	10	21	1501	718	4624	7208	3.60810242193	7208	264	75	93	93				150	68	68
DLR00012647-2009-06-30_14-38-44	10	22	1570	718	4624	9298	3.60810242193	9298	264	75	92	92				333	68	68
DLR00012647-2009-06-30_14-38-44	10	23	1638	718	4624	9394	3.60810242193	9394	264	72	89	88				191	68	68
DLR00012647-2009-06-30_14-38-44	10	24	1707	718	4624	7786	3.60810242193	7786	264	72	87	85				138	68	68
DLR00012647-2009-06-30_14-38-44	11	1	129	785	4624	8909	3.60810242193	8909	264	79	95	94				208	68	68
DLR00012647-2009-06-30_14-38-44	11	2	198	785	4624	6942	3.60810242193	6942	264	78	95	94				125	68	68
DLR00012647-2009-06-30_14-38-44	11	3	266	785	4624	6652	3.60810242193	6652	264	79	97	96				124	68	68
DLR00012647-2009-06-30_14-38-44	11	4	335	785	4624	8073	3.60810242193	8073	264	80	98	97				223	68	68
DLR00012647-2009-06-30_14-38-44	11	5	403	785	4624	8560	3.60810242193	8560	264	80	98	97				159	68	68
DLR00012647-2009-06-30_14-38-44	11	6	472	785	4624	8228	3.60810242193	8228	264	79	98	97				179	68	68
DLR00012647-2009-06-30_14-38-44	11	7	541	785	4624	7318	3.60810242193	7318	264	79	97	96				154	68	68
DLR00012647-2009-06-30_14-38-44	11	8	609	785	4624	6311	3.60810242193	6311	264	79	97	95				189	68	68
DLR00012647-2009-06-30_14-38-44	11	9	678	785	4624	6787	3.60810242193	6787	264	78	96	95				141	68	68
DLR00012647-2009-06-30_14-38-44	11	10	746	785	4624	7101	3.60810242193	7101	264	79	96	94				247	68	68
DLR00012647-2009-06-30_14-38-44	11	11	815	785	4624	7069	3.60810242193	7069	264	79	96	94				262	68	68
DLR00012647-2009-06-30_14-38-44	11	12	884	785	4624	7158	3.60810242193	7158	264	78	96	94				278	68	68
DLR00012647-2009-06-30_14-38-44	11	13	952	785	4624	6398	3.60810242193	6398	264	78	96	93				148	68	68
DLR00012647-2009-06-30_14-38-44	11	14	1021	785	4624	6770	3.60810242193	6770	264	77	95	93				218	68	68
DLR00012647-2009-06-30_14-38-44	11	15	1090	785	4624	6263	3.60810242193	6263	264	77	95	93				137	68	68
DLR00012647-2009-06-30_14-38-44	11	16	1158	785	4624	5421	3.60810242193	5421	264	77	94	92				146	68	68
DLR00012647-2009-06-30_14-38-44	11	17	1227	785	4624	6925	3.60810242193	6925	264	76	94	93				177	68	68
DLR00012647-2009-06-30_14-38-44	11	18	1295	785	4624	9012	3.60810242193	9012	264	77	95	93				215	68	68
DLR00012647-2009-06-30_14-38-44	11	19	1364	785	4624	7010	3.60810242193	7010	264	76	94	93				231	68	68
DLR00012647-2009-06-30_14-38-44	11	20	1433	785	4624	7817	3.60810242193	7817	264	76	94	93				366	68	68
DLR00012647-2009-06-30_14-38-44	11	21	1501	785	4624	7038	3.60810242193	7038	264	75	92	92				112	68	68
DLR00012647-2009-06-30_14-38-44	11	22	1570	785	4624	10648	3.60810242193	10648	264	76	93	92				454	68	68
DLR00012647-2009-06-30_14-38-44	11	23	1638	785	4624	9278	3.60810242193	9278	264	72	88	87				131	68	68
DLR00012647-2009-06-30_14-38-44	11	24	1707	785	4624	8550	3.60810242193	8550	264	71	85	84				98	68	68
DLR00012647-2009-06-30_14-38-44	12	1	129	853	4624	9139	3.60810242193	9139	264	79	94	93				145	68	68
DLR00012647-2009-06-30_14-38-44	12	2	198	853	4624	7388	3.60810242193	7388	264	78	94	94				164	68	68
DLR00012647-2009-06-30_14-38-44	12	3	266	853	4624	7468	3.60810242193	7468	264	79	96	95				175	68	68
DLR00012647-2009-06-30_14-38-44	12	4	335	853	4624	7108	3.60810242193	7108	264	79	97	96				134	68	68
DLR00012647-2009-06-30_14-38-44	12	5	403	853	4624	7625	3.60810242193	7625	264	79	98	97				131	68	68
DLR00012647-2009-06-30_14-38-44	12	6	472	853	4624	7570	3.60810242193	7570	264	79	98	96				131	68	68
DLR00012647-2009-06-30_14-38-44	12	7	541	853	4624	7026	3.60810242193	7026	264	79	97	96				141	68	68
DLR00012647-2009-06-30_14-38-44	12	8	609	853	4624	6791	3.60810242193	6791	264	78	96	95				106	68	68
DLR00012647-2009-06-30_14-38-44	12	9	678	853	4624	6816	3.60810242193	6816	264	78	96	94				155	68	68
DLR00012647-2009-06-30_14-38-44	12	10	746	853	4624	6556	3.60810242193	6556	264	78	96	94				181	68	68
DLR00012647-2009-06-30_14-38-44	12	11	815	853	4624	6188	3.60810242193	6188	264	78	95	93				156	68	68
DLR00012647-2009-06-30_14-38-44	12	12	884	853	4624	6828	3.60810242193	6828	264	77	95	93				185	68	68
DLR00012647-2009-06-30_14-38-44	12	13	952	853	4624	6605	3.60810242193	6605	264	77	95	93				146	68	68
DLR00012647-2009-06-30_14-38-44	12	14	1021	853	4624	5541	3.60810242193	5541	264	77	94	92				156	68	68
DLR00012647-2009-06-30_14-38-44	12	15	1090	853	4624	6863	3.60810242193	6863	264	76	94	92				170	68	68
DLR00012647-2009-06-30_14-38-44	12	16	1158	853	4624	6889	3.60810242193	6889	264	76	94	92				187	68	68
DLR00012647-2009-06-30_14-38-44	12	17	1227	853	4624	6223	3.60810242193	6223	264	76	93	92				152	68	68
DLR00012647-2009-06-30_14-38-44	12	18	1295	853	4624	9167	3.60810242193	9167	264	77	94	93				447	68	68
DLR00012647-2009-06-30_14-38-44	12	19	1364	853	4624	9791	3.60810242193	9791	264	76	94	93				460	68	68
DLR00012647-2009-06-30_14-38-44	12	20	1433	853	4624	7579	3.60810242193	7579	264	75	93	92				245	68	68
DLR00012647-2009-06-30_14-38-44	12	21	1501	853	4624	7398	3.60810242193	7398	264	74	92	91				231	68	68
DLR00012647-2009-06-30_14-38-44	12	22	1570	853	4624	10089	3.60810242193	10089	264	75	91	91				600	68	68
DLR00012647-2009-06-30_14-38-44	12	23	1638	853	4624	10740	3.60810242193	10740	264	72	87	87				301	68	68
DLR00012647-2009-06-30_14-38-44	12	24	1707	853	4624	9571	3.60810242193	9571	264	70	85	84				117	68	68
DLR00012647-2009-06-30_14-38-44	13	1	129	921	4624	9361	3.60810242193	9361	264	78	93	92				225	68	68
DLR00012647-2009-06-30_14-38-44	13	2	198	921	4624	7176	3.60810242193	7176	264	77	93	93				170	68	68
DLR00012647-2009-06-30_14-38-44	13	3	266	921	4624	7033	3.60810242193	7033	264	78	95	94				109	68	68
DLR00012647-2009-06-30_14-38-44	13	4	335	921	4624	7085	3.60810242193	7085	264	79	96	95				136	68	68
DLR00012647-2009-06-30_14-38-44	13	5	403	921	4624	7149	3.60810242193	7149	264	79	97	96				180	68	68
DLR00012647-2009-06-30_14-38-44	13	6	472	921	4624	7445	3.60810242193	7445	264	79	97	96				190	68	68
DLR00012647-2009-06-30_14-38-44	13	7	541	921	4624	6777	3.60810242193	6777	264	79	97	95				205	68	68
DLR00012647-2009-06-30_14-38-44	13	8	609	921	4624	6731	3.60810242193	6731	264	78	96	94				166	68	68
DLR00012647-2009-06-30_14-38-44	13	9	678	921	4624	5789	3.60810242193	5789	264	78	96	94				172	68	68
DLR00012647-2009-06-30_14-38-44	13	10	746	921	4624	5521	3.60810242193	5521	264	78	95	93				110	68	68
DLR00012647-2009-06-30_14-38-44	13	11	815	921	4624	6322	3.60810242193	6322	264	77	95	93				132	68	68
DLR00012647-2009-06-30_14-38-44	13	12	884	921	4624	5541	3.60810242193	5541	264	77	94	92				163	68	68
DLR00012647-2009-06-30_14-38-44	13	13	952	921	4624	6802	3.60810242193	6802	264	77	94	92				181	68	68
DLR00012647-2009-06-30_14-38-44	13	14	1021	921	4624	6180	3.60810242193	6180	264	76	93	92				137	68	68
DLR00012647-2009-06-30_14-38-44	13	15	1090	921	4624	5548	3.60810242193	5548	264	76	93	92				122	68	68
DLR00012647-2009-06-30_14-38-44	13	16	1158	921	4624	6553	3.60810242193	6553	264	76	93	91				184	68	68
DLR00012647-2009-06-30_14-38-44	13	17	1227	921	4624	6653	3.60810242193	6653	264	75	93	91				123	68	68
DLR00012647-2009-06-30_14-38-44	13	18	1295	921	4624	7561	3.60810242193	7561	264	75	93	92				235	68	68
DLR00012647-2009-06-30_14-38-44	13	19	1364	921	4624	9043	3.60810242193	9043	264	76	94	93				311	68	68
DLR00012647-2009-06-30_14-38-44	13	20	1433	921	4624	7066	3.60810242193	7066	264	75	92	92				181	68	68
DLR00012647-2009-06-30_14-38-44	13	21	1501	921	4624	7208	3.60810242193	7208	264	74	91	91				121	68	68
DLR00012647-2009-06-30_14-38-44	13	22	1570	921	4624	7867	3.60810242193	7867	264	73	89	89				195	68	68
DLR00012647-2009-06-30_14-38-44	13	23	1638	921	4624	9422	3.60810242193	9422	264	71	86	86				195	68	68
DLR00012647-2009-06-30_14-38-44	13	24	1707	921	4624	9586	3.60810242193	9586	264	70	84	83				119	68	68
DLR00012647-2009-06-30_14-38-44	14	1	129	989	4624	8547	3.60810242193	8547	264	78	92	92				128	68	68
DLR00012647-2009-06-30_14-38-44	14	2	198	989	4624	7089	3.60810242193	7089	264	76	92	92				116	68	68
DLR00012647-2009-06-30_14-38-44	14	3	266	989	4624	6566	3.60810242193	6566	264	78	94	94				102	68	68
DLR00012647-2009-06-30_14-38-44	14	4	335	989	4624	7284	3.60810242193	7284	264	79	96	95				170	68	68
DLR00012647-2009-06-30_14-38-44	14	5	403	989	4624	6359	3.60810242193	6359	264	79	96	96				117	68	68
DLR00012647-2009-06-30_14-38-44	14	6	472	989	4624	6833	3.60810242193	6833	264	79	97	95				145	68	68
DLR00012647-2009-06-30_14-38-44	14	7	541	989	4624	6328	3.60810242193	6328	264	78	96	95				172	68	68
DLR00012647-2009-06-30_14-38-44	14	8	609	989	4624	6575	3.60810242193	6575	264	78	96	94				124	68	68
DLR00012647-2009-06-30_14-38-44	14	9	678	989	4624	6376	3.60810242193	6376	264	77	95	93				119	68	68
DLR00012647-2009-06-30_14-38-44	14	10	746	989	4624	6234	3.60810242193	6234	264	77	95	93				134	68	68
DLR00012647-2009-06-30_14-38-44	14	11	815	989	4624	6496	3.60810242193	6496	264	77	94	92				209	68	68
DLR00012647-2009-06-30_14-38-44	14	12	884	989	4624	6570	3.60810242193	6570	264	76	94	92				164	68	68
DLR00012647-2009-06-30_14-38-44	14	13	952	989	4624	6501	3.60810242193	6501	264	76	93	92				169	68	68
DLR00012647-2009-06-30_14-38-44	14	14	1021	989	4624	6591	3.60810242193	6591	264	76	93	91				160	68	68
DLR00012647-2009-06-30_14-38-44	14	15	1090	989	4624	7149	3.60810242193	7149	264	76	93	91				264	68	68
DLR00012647-2009-06-30_14-38-44	14	16	1158	989	4624	6104	3.60810242193	6104	264	75	92	91				151	68	68
DLR00012647-2009-06-30_14-38-44	14	17	1227	989	4624	6342	3.60810242193	6342	264	75	92	91				196	68	68
DLR00012647-2009-06-30_14-38-44	14	18	1295	989	4624	6231	3.60810242193	6231	264	75	93	91				121	68	68
DLR00012647-2009-06-30_14-38-44	14	19	1364	989	4624	6870	3.60810242193	6870	264	75	93	91				157	68	68
DLR00012647-2009-06-30_14-38-44	14	20	1433	989	4624	7087	3.60810242193	7087	264	75	92	91				208	68	68
DLR00012647-2009-06-30_14-38-44	14	21	1501	989	4624	8191	3.60810242193	8191	264	74	91	90				172	68	68
DLR00012647-2009-06-30_14-38-44	14	22	1570	989	4624	7663	3.60810242193	7663	264	72	88	88				130	68	68
DLR00012647-2009-06-30_14-38-44	14	23	1638	989	4624	8279	3.60810242193	8279	264	70	85	85				160	68	68
DLR00012647-2009-06-30_14-38-44	14	24	1707	989	4624	10505	3.60810242193	10505	264	70	84	83				197	68	68
DLR00012647-2009-06-30_14-38-44	15	1	129	1057	4624	8707	3.60810242193	8707	264	77	91	91				164	68	68
DLR00012647-2009-06-30_14-38-44	15	2	198	1057	4624	7809	3.60810242193	7809	264	76	91	92				100	68	68
DLR00012647-2009-06-30_14-38-44	15	3	266	1057	4624	7656	3.60810242193	7656	264	77	93	94				166	68	68
DLR00012647-2009-06-30_14-38-44	15	4	335	1057	4624	7485	3.60810242193	7485	264	78	95	95				185	68	68
DLR00012647-2009-06-30_14-38-44	15	5	403	1057	4624	7804	3.60810242193	7804	264	78	96	95				193	68	68
DLR00012647-2009-06-30_14-38-44	15	6	472	1057	4624	6527	3.60810242193	6527	264	78	95	95				130	68	68
DLR00012647-2009-06-30_14-38-44	15	7	541	1057	4624	6241	3.60810242193	6241	264	78	95	94				156	68	68
DLR00012647-2009-06-30_14-38-44	15	8	609	1057	4624	6876	3.60810242193	6876	264	77	95	94				84	68	68
DLR00012647-2009-06-30_14-38-44	15	9	678	1057	4624	6600	3.60810242193	6600	264	76	94	93				144	68	68
DLR00012647-2009-06-30_14-38-44	15	10	746	1057	4624	6177	3.60810242193	6177	264	76	93	92				108	68	68
DLR00012647-2009-06-30_14-38-44	15	11	815	1057	4624	6597	3.60810242193	6597	264	75	93	91				110	68	68
DLR00012647-2009-06-30_14-38-44	15	12	884	1057	4624	6440	3.60810242193	6440	264	75	93	91				142	68	68
DLR00012647-2009-06-30_14-38-44	15	13	952	1057	4624	6226	3.60810242193	6226	264	75	92	91				124	68	68
DLR00012647-2009-06-30_14-38-44	15	14	1021	1057	4624	6759	3.60810242193	6759	264	75	92	91				149	68	68
DLR00012647-2009-06-30_14-38-44	15	15	1090	1057	4624	6379	3.60810242193	6379	264	74	92	90				191	68	68
DLR00012647-2009-06-30_14-38-44	15	16	1158	1057	4624	6433	3.60810242193	6433	264	74	92	91				173	68	68
DLR00012647-2009-06-30_14-38-44	15	17	1227	1057	4624	6878	3.60810242193	6878	264	74	92	91				167	68	68
DLR00012647-2009-06-30_14-38-44	15	18	1295	1057	4624	6450	3.60810242193	6450	264	74	92	91				125	68	68
DLR00012647-2009-06-30_14-38-44	15	19	1364	1057	4624	7253	3.60810242193	7253	264	75	92	91				192	68	68
DLR00012647-2009-06-30_14-38-44	15	20	1433	1057	4624	7083	3.60810242193	7083	264	75	91	91				220	68	68
DLR00012647-2009-06-30_14-38-44	15	21	1501	1057	4624	7881	3.60810242193	7881	264	74	91	90				122	68	68
DLR00012647-2009-06-30_14-38-44	15	22	1570	1057	4624	6669	3.60810242193	6669	264	73	88	88				84	68	68
DLR00012647-2009-06-30_14-38-44	15	23	1638	1057	4624	8005	3.60810242193	8005	264	71	86	86				108	68	68
DLR00012647-2009-06-30_14-38-44	15	24	1707	1057	4624	9822	3.60810242193	9822	264	71	85	84				118	68	68
DLR00012647-2009-06-30_14-38-44	16	1	129	1124	4624	16509	3.60810242193	16509	264	88	98	97				1131	68	68
DLR00012647-2009-06-30_14-38-44	16	2	198	1124	4624	16466	3.60810242193	16466	264	88	100	98				1063	68	68
DLR00012647-2009-06-30_14-38-44	16	3	266	1124	4624	15774	3.60810242193	15774	264	89	102	100				1063	68	68
DLR00012647-2009-06-30_14-38-44	16	4	335	1124	4624	17623	3.60810242193	17623	264	90	104	102				933	68	68
DLR00012647-2009-06-30_14-38-44	16	5	403	1124	4624	21282	3.60810242193	21282	264	89	104	102				911	68	68
DLR00012647-2009-06-30_14-38-44	16	6	472	1124	4624	16211	3.60810242193	16211	264	88	103	101				841	68	68
DLR00012647-2009-06-30_14-38-44	16	7	541	1124	4624	15616	3.60810242193	15616	264	88	103	101				846	68	68
DLR00012647-2009-06-30_14-38-44	16	8	609	1124	4624	14898	3.60810242193	14898	264	87	103	101				852	68	68
DLR00012647-2009-06-30_14-38-44	16	9	678	1124	4624	15035	3.60810242193	15035	264	86	102	100				908	68	68
DLR00012647-2009-06-30_14-38-44	16	10	746	1124	4624	14588	3.60810242193	14588	264	84	100	98				855	68	68
DLR00012647-2009-06-30_14-38-44	16	11	815	1124	4624	13664	3.60810242193	13664	264	84	99	97				792	68	68
DLR00012647-2009-06-30_14-38-44	16	12	884	1124	4624	14953	3.60810242193	14953	264	85	101	98				929	68	68
DLR00012647-2009-06-30_14-38-44	16	13	952	1124	4624	17445	3.60810242193	17445	264	84	100	98				952	68	68
DLR00012647-2009-06-30_14-38-44	16	14	1021	1124	4624	12646	3.60810242193	12646	264	83	99	97				832	68	68
DLR00012647-2009-06-30_14-38-44	16	15	1090	1124	4624	12295	3.60810242193	12295	264	83	99	97				907	68	68
DLR00012647-2009-06-30_14-38-44	16	16	1158	1124	4624	12630	3.60810242193	12630	264	83	99	97				836	68	68
DLR00012647-2009-06-30_14-38-44	16	17	1227	1124	4624	12564	3.60810242193	12564	264	83	99	98				886	68	68
DLR00012647-2009-06-30_14-38-44	16	18	1295	1124	4624	12655	3.60810242193	12655	264	84	99	98				852	68	68
DLR00012647-2009-06-30_14-38-44	16	19	1364	1124	4624	12665	3.60810242193	12665	264	84	99	98				823	68	68
DLR00012647-2009-06-30_14-38-44	16	20	1433	1124	4624	18196	3.60810242193	18196	264	84	99	98				879	68	68
DLR00012647-2009-06-30_14-38-44	16	21	1501	1124	4624	20501	3.60810242193	20501	264	85	100	98				966	68	68
DLR00012647-2009-06-30_14-38-44	16	22	1570	1124	4624	15323	3.60810242193	15323	264	84	97	96				1021	68	68
DLR00012647-2009-06-30_14-38-44	16	23	1638	1124	4624	17699	3.60810242193	17699	264	84	96	95				1166	68	68
DLR00012647-2009-06-30_14-38-44	16	24	1707	1124	4624	19307	3.60810242193	19307	264	84	96	94				1189	68	68
