DLR00012709-2009-07-02_17-31-36	1	1	142	91	4043	68837	89.8692410778	64188	179	106	115	109	96	105	101	138	68	68
DLR00012709-2009-07-02_17-31-36	1	2	192	92	4110	62312	89.8692410778	59164	161	104	114	110	94	104	102	66	68	68
DLR00012709-2009-07-02_17-31-36	1	3	257	91	4146	65601	89.8692410778	62193	161	109	120	115	99	110	107	92	68	68
DLR00012709-2009-07-02_17-31-36	1	4	352	92	4156	58598	89.8692410778	55517	189	109	121	117	98	110	107	91	68	68
DLR00012709-2009-07-02_17-31-36	1	5	415	91	4167	74538	89.8692410778	71241	177	114	126	120	101	113	110	111	68	68
DLR00012709-2009-07-02_17-31-36	1	6	463	91	4078	47635	89.8692410778	44219	184	107	121	116	96	110	107	99	68	68
DLR00012709-2009-07-02_17-31-36	1	7	531	85	4272	91630	89.8692410778	84883	182	116	129	122	124	135	126	261	68	68
DLR00012709-2009-07-02_17-31-36	1	8	621	82	4147	101180	89.8692410778	97345	197	118	131	123	102	115	110	349	68	68
DLR00012709-2009-07-02_17-31-36	1	9	663	82	4274	111874	89.8692410778	109275	183	121	132	124	103	116	111	331	68	68
DLR00012709-2009-07-02_17-31-36	1	10	758	91	3955	46194	89.8692410778	41924	174	109	123	117	98	112	108	130	68	68
DLR00012709-2009-07-02_17-31-36	1	11	824	83	4195	103269	89.8692410778	100093	162	122	134	124	103	115	111	289	68	68
DLR00012709-2009-07-02_17-31-36	1	12	875	83	4035	83644	89.8692410778	78885	155	119	131	122	101	113	109	294	68	68
DLR00012709-2009-07-02_17-31-36	1	13	970	84	4230	106932	89.8692410778	103950	175	124	135	125	104	116	111	219	68	68
DLR00012709-2009-07-02_17-31-36	1	14	998	90	3997	62838	89.8692410778	58916	160	113	127	119	99	113	109	35	68	68
DLR00012709-2009-07-02_17-31-36	1	15	1100	90	4183	87233	89.8692410778	84086	163	117	129	121	100	114	109	146	68	68
DLR00012709-2009-07-02_17-31-36	1	16	1167	82	3953	70033	89.8692410778	64801	160	115	128	120	100	113	109	298	68	68
DLR00012709-2009-07-02_17-31-36	1	17	1243	90	4199	80580	89.8692410778	77638	165	116	128	121	101	114	110	86	68	68
DLR00012709-2009-07-02_17-31-36	1	18	1310	82	4007	67700	89.8692410778	62783	161	115	127	120	100	112	109	328	68	68
DLR00012709-2009-07-02_17-31-36	1	19	1374	90	4213	91060	89.8692410778	88155	151	117	129	122	99	112	108	139	68	68
DLR00012709-2009-07-02_17-31-36	1	20	1422	90	4032	64137	89.8692410778	59829	156	111	122	117	97	109	106	162	68	68
DLR00012709-2009-07-02_17-31-36	1	21	1508	90	4255	94750	89.8692410778	92196	167	115	125	118	100	111	107	115	68	68
DLR00012709-2009-07-02_17-31-36	1	22	1551	81	3992	77801	89.8692410778	72251	160	113	123	115	99	109	105	293	68	68
DLR00012709-2009-07-02_17-31-36	1	23	1626	89	4274	91307	89.8692410778	88931	159	109	118	112	100	109	105	54	68	68
DLR00012709-2009-07-02_17-31-36	1	24	1693	90	4110	19312	89.8692410778	15976	169	102	111	106	94	102	99	68	68	68
DLR00012709-2009-07-02_17-31-36	2	1	151	152	4214	79457	89.8692410778	76747	208	99	110	106	89	100	98	56	68	68
DLR00012709-2009-07-02_17-31-36	2	2	177	151	4070	70001	89.8692410778	66105	198	98	110	106	88	100	97	130	68	68
DLR00012709-2009-07-02_17-31-36	2	3	245	154	4098	102986	89.8692410778	99065	205	109	121	114	91	103	100	221	68	68
DLR00012709-2009-07-02_17-31-36	2	4	313	155	3950	71773	89.8692410778	67063	197	105	118	112	93	106	102	237	68	68
DLR00012709-2009-07-02_17-31-36	2	5	380	154	4046	76919	89.8692410778	72652	204	105	119	114	93	106	103	219	68	68
DLR00012709-2009-07-02_17-31-36	2	6	488	192	3829	57363	89.8692410778	51617	189	101	116	111	92	107	103	203	68	68
DLR00012709-2009-07-02_17-31-36	2	7	518	182	4035	77268	89.8692410778	73081	203	105	120	113	92	107	103	187	68	68
DLR00012709-2009-07-02_17-31-36	2	8	620	181	3902	61363	89.8692410778	56154	196	100	116	110	92	107	102	212	68	68
DLR00012709-2009-07-02_17-31-36	2	9	692	163	4168	109110	89.8692410778	105463	215	111	126	117	94	108	103	227	68	68
DLR00012709-2009-07-02_17-31-36	2	10	759	186	3927	60224	89.8692410778	55126	193	99	114	108	91	106	101	221	68	68
DLR00012709-2009-07-02_17-31-36	2	11	825	185	4146	106819	89.8692410778	103364	203	110	124	115	91	106	101	214	68	68
DLR00012709-2009-07-02_17-31-36	2	12	891	197	3851	64184	89.8692410778	58736	200	101	117	109	92	107	101	194	68	68
DLR00012709-2009-07-02_17-31-36	2	13	932	191	4010	83418	89.8692410778	78882	198	104	119	111	92	107	100	236	68	68
DLR00012709-2009-07-02_17-31-36	2	14	1012	199	3912	71097	89.8692410778	65702	184	101	116	109	91	105	100	290	68	68
DLR00012709-2009-07-02_17-31-36	2	15	1110	181	4150	105676	89.8692410778	101929	209	108	123	114	92	106	101	213	68	68
DLR00012709-2009-07-02_17-31-36	2	16	1142	188	3930	71623	89.8692410778	66284	191	101	116	110	91	106	101	263	68	68
DLR00012709-2009-07-02_17-31-36	2	17	1248	197	4089	110227	89.8692410778	105998	196	110	124	116	91	106	101	304	68	68
DLR00012709-2009-07-02_17-31-36	2	18	1276	197	3877	79796	89.8692410778	73998	189	104	119	112	91	105	101	350	68	68
DLR00012709-2009-07-02_17-31-36	2	19	1343	191	4190	91670	89.8692410778	88398	201	105	119	112	91	105	101	225	68	68
DLR00012709-2009-07-02_17-31-36	2	20	1410	188	3866	67440	89.8692410778	61918	184	98	113	109	89	104	100	272	68	68
DLR00012709-2009-07-02_17-31-36	2	21	1514	161	4069	130547	89.8692410778	126186	204	112	125	117	90	103	99	331	68	68
DLR00012709-2009-07-02_17-31-36	2	22	1560	197	3930	81843	89.8692410778	76314	211	98	112	107	88	100	97	272	68	68
DLR00012709-2009-07-02_17-31-36	2	23	1627	198	4127	105326	89.8692410778	101325	207	100	112	107	85	97	94	250	68	68
DLR00012709-2009-07-02_17-31-36	2	24	1686	199	3973	72599	89.8692410778	67414	202	92	105	101	84	96	93	187	68	68
DLR00012709-2009-07-02_17-31-36	3	1	150	219	4030	102906	89.8692410778	98603	198	106	117	111	88	99	96	212	68	68
DLR00012709-2009-07-02_17-31-36	3	2	216	218	3957	87596	89.8692410778	82632	178	105	116	111	90	102	98	268	68	68
DLR00012709-2009-07-02_17-31-36	3	3	281	264	4063	98529	89.8692410778	94096	198	109	121	114	93	105	101	286	68	68
DLR00012709-2009-07-02_17-31-36	3	4	356	228	3945	65752	89.8692410778	60730	191	102	116	111	92	105	101	268	68	68
DLR00012709-2009-07-02_17-31-36	3	5	424	256	4073	113433	89.8692410778	109047	207	114	127	119	94	108	103	279	68	68
DLR00012709-2009-07-02_17-31-36	3	6	446	256	4030	102715	89.8692410778	98096	211	112	125	117	94	108	103	278	68	68
DLR00012709-2009-07-02_17-31-36	3	7	559	267	4107	102937	89.8692410778	98732	201	111	125	116	95	109	103	275	68	68
DLR00012709-2009-07-02_17-31-36	3	8	586	259	3968	78990	89.8692410778	73912	195	105	120	112	94	109	102	270	68	68
DLR00012709-2009-07-02_17-31-36	3	9	688	256	4163	126309	89.8692410778	122778	201	116	129	118	93	107	100	277	68	68
DLR00012709-2009-07-02_17-31-36	3	10	756	223	3968	76092	89.8692410778	71079	190	103	118	110	92	106	100	281	68	68
DLR00012709-2009-07-02_17-31-36	3	11	803	249	3999	95245	89.8692410778	90193	189	108	122	113	93	107	101	271	68	68
DLR00012709-2009-07-02_17-31-36	3	12	870	223	3950	78523	89.8692410778	73486	196	104	119	111	92	107	101	216	68	68
DLR00012709-2009-07-02_17-31-36	3	13	977	256	4005	99117	89.8692410778	94173	184	108	123	113	92	106	100	301	68	68
DLR00012709-2009-07-02_17-31-36	3	14	1002	256	3854	78138	89.8692410778	72065	188	104	118	111	92	107	100	318	68	68
DLR00012709-2009-07-02_17-31-36	3	15	1072	250	4210	121450	89.8692410778	118300	208	112	126	116	92	106	100	251	68	68
DLR00012709-2009-07-02_17-31-36	3	16	1150	257	3939	89543	89.8692410778	84049	200	106	120	112	92	105	100	359	68	68
DLR00012709-2009-07-02_17-31-36	3	17	1216	231	4245	131078	89.8692410778	128275	209	114	127	117	91	105	99	241	68	68
DLR00012709-2009-07-02_17-31-36	3	18	1289	264	3988	74387	89.8692410778	69453	179	102	116	110	91	105	100	266	68	68
DLR00012709-2009-07-02_17-31-36	3	19	1350	247	4207	140359	89.8692410778	137187	203	117	129	120	90	104	99	299	68	68
DLR00012709-2009-07-02_17-31-36	3	20	1418	264	3850	88036	89.8692410778	81753	192	104	119	112	91	105	100	388	68	68
DLR00012709-2009-07-02_17-31-36	3	21	1507	228	4185	133273	89.8692410778	129794	198	112	124	117	89	102	98	255	68	68
DLR00012709-2009-07-02_17-31-36	3	22	1561	257	3897	96093	89.8692410778	90142	195	103	116	110	88	101	97	329	68	68
DLR00012709-2009-07-02_17-31-36	3	23	1621	247	4152	146381	89.8692410778	142699	207	111	122	114	86	97	94	310	68	68
DLR00012709-2009-07-02_17-31-36	3	24	1695	246	3988	99244	89.8692410778	94067	206	99	111	105	85	96	93	226	68	68
DLR00012709-2009-07-02_17-31-36	4	1	148	303	4164	103863	89.8692410778	100437	204	105	116	110	89	100	97	175	68	68
DLR00012709-2009-07-02_17-31-36	4	2	219	287	3980	61625	89.8692410778	56985	189	99	111	107	90	102	98	222	68	68
DLR00012709-2009-07-02_17-31-36	4	3	252	331	4081	106257	89.8692410778	101804	193	110	122	115	94	105	101	286	68	68
DLR00012709-2009-07-02_17-31-36	4	4	347	296	3877	52544	89.8692410778	47500	195	99	113	108	91	104	101	225	68	68
DLR00012709-2009-07-02_17-31-36	4	5	414	320	4090	98013	89.8692410778	93754	202	110	123	116	95	109	103	238	68	68
DLR00012709-2009-07-02_17-31-36	4	6	493	326	3910	58298	89.8692410778	53220	200	100	115	109	91	106	101	231	68	68
DLR00012709-2009-07-02_17-31-36	4	7	520	287	4062	95113	89.8692410778	90765	195	109	123	115	94	108	103	237	68	68
DLR00012709-2009-07-02_17-31-36	4	8	586	288	3955	59196	89.8692410778	54415	188	100	115	108	93	107	101	223	68	68
DLR00012709-2009-07-02_17-31-36	4	9	673	319	4078	104350	89.8692410778	99903	203	111	125	115	94	108	101	301	68	68
DLR00012709-2009-07-02_17-31-36	4	10	731	290	3864	79568	89.8692410778	73938	187	106	120	111	92	106	100	326	68	68
DLR00012709-2009-07-02_17-31-36	4	11	834	324	4082	94383	89.8692410778	90225	197	108	122	112	94	108	101	250	68	68
DLR00012709-2009-07-02_17-31-36	4	12	896	290	3939	66612	89.8692410778	61457	200	101	116	108	92	106	100	243	68	68
DLR00012709-2009-07-02_17-31-36	4	13	977	287	3981	97521	89.8692410778	92447	209	108	122	113	93	107	100	278	68	68
DLR00012709-2009-07-02_17-31-36	4	14	1005	324	3862	69387	89.8692410778	63469	201	101	116	108	92	106	100	258	68	68
DLR00012709-2009-07-02_17-31-36	4	15	1066	320	4107	88781	89.8692410778	84731	209	104	119	110	92	106	100	211	68	68
DLR00012709-2009-07-02_17-31-36	4	16	1179	290	3969	69059	89.8692410778	64318	200	100	115	108	91	105	99	216	68	68
DLR00012709-2009-07-02_17-31-36	4	17	1245	315	4115	99400	89.8692410778	95586	202	107	121	113	91	105	100	248	68	68
DLR00012709-2009-07-02_17-31-36	4	18	1277	317	3888	79640	89.8692410778	73882	193	103	118	111	91	105	100	320	68	68
DLR00012709-2009-07-02_17-31-36	4	19	1382	323	4199	116608	89.8692410778	113209	206	110	123	115	90	103	99	244	68	68
DLR00012709-2009-07-02_17-31-36	4	20	1425	330	3949	80183	89.8692410778	75064	190	101	116	110	89	103	99	281	68	68
DLR00012709-2009-07-02_17-31-36	4	21	1492	317	4155	119567	89.8692410778	115879	197	109	122	115	90	103	99	273	68	68
DLR00012709-2009-07-02_17-31-36	4	22	1592	300	4044	106516	89.8692410778	101914	201	104	116	110	87	100	96	272	68	68
DLR00012709-2009-07-02_17-31-36	4	23	1641	317	4211	144125	89.8692410778	141027	206	109	120	113	86	98	94	238	68	68
DLR00012709-2009-07-02_17-31-36	4	24	1687	324	3915	95204	89.8692410778	89578	213	98	111	105	84	96	93	237	68	68
DLR00012709-2009-07-02_17-31-36	5	1	129	362	3995	86498	89.8692410778	81458	215	102	113	108	89	100	97	227	68	68
DLR00012709-2009-07-02_17-31-36	5	2	224	354	3893	80615	89.8692410778	75124	194	104	116	111	90	102	99	295	68	68
DLR00012709-2009-07-02_17-31-36	5	3	262	387	4139	130122	89.8692410778	126401	208	117	128	119	91	104	100	297	68	68
DLR00012709-2009-07-02_17-31-36	5	4	350	353	3942	67767	89.8692410778	62800	203	103	117	111	93	107	102	210	68	68
DLR00012709-2009-07-02_17-31-36	5	5	389	373	4142	94033	89.8692410778	90438	205	109	122	115	94	107	103	212	68	68
DLR00012709-2009-07-02_17-31-36	5	6	487	394	4032	62814	89.8692410778	58614	207	100	116	110	92	107	102	167	68	68
DLR00012709-2009-07-02_17-31-36	5	7	556	352	4073	97110	89.8692410778	92708	190	110	124	115	95	109	103	275	68	68
DLR00012709-2009-07-02_17-31-36	5	8	625	402	3852	62614	89.8692410778	56966	186	101	116	109	92	106	100	341	68	68
DLR00012709-2009-07-02_17-31-36	5	9	670	386	4182	114079	89.8692410778	110578	199	113	126	116	93	107	101	246	68	68
DLR00012709-2009-07-02_17-31-36	5	10	766	397	3901	67121	89.8692410778	61881	201	101	116	108	92	106	99	232	68	68
DLR00012709-2009-07-02_17-31-36	5	11	797	354	4093	97809	89.8692410778	93690	204	108	122	113	94	108	100	267	68	68
DLR00012709-2009-07-02_17-31-36	5	12	865	385	3884	88688	89.8692410778	82844	198	107	121	112	92	105	99	293	68	68
DLR00012709-2009-07-02_17-31-36	5	13	961	384	4186	138723	89.8692410778	135187	198	117	129	118	92	105	99	320	68	68
DLR00012709-2009-07-02_17-31-36	5	14	1009	357	3941	79029	89.8692410778	73793	199	103	117	110	91	105	99	280	68	68
DLR00012709-2009-07-02_17-31-36	5	15	1067	401	4080	101910	89.8692410778	97806	204	108	122	113	91	105	99	220	68	68
DLR00012709-2009-07-02_17-31-36	5	16	1137	353	3849	75519	89.8692410778	69701	195	103	117	110	91	105	99	321	68	68
DLR00012709-2009-07-02_17-31-36	5	17	1246	385	4106	115486	89.8692410778	111367	196	111	124	115	92	106	100	279	68	68
DLR00012709-2009-07-02_17-31-36	5	18	1313	384	3826	74757	89.8692410778	68564	184	101	116	110	90	105	100	352	68	68
DLR00012709-2009-07-02_17-31-36	5	19	1342	382	4050	106701	89.8692410778	102175	193	108	122	114	90	105	100	276	68	68
DLR00012709-2009-07-02_17-31-36	5	20	1424	396	3847	83285	89.8692410778	77140	191	103	118	112	90	104	100	339	68	68
DLR00012709-2009-07-02_17-31-36	5	21	1476	395	3945	95491	89.8692410778	90364	193	105	119	112	89	104	100	292	68	68
DLR00012709-2009-07-02_17-31-36	5	22	1552	356	3933	81702	89.8692410778	76134	179	99	113	108	87	101	98	296	68	68
DLR00012709-2009-07-02_17-31-36	5	23	1619	381	4091	111095	89.8692410778	106741	201	103	116	110	86	99	95	286	68	68
DLR00012709-2009-07-02_17-31-36	5	24	1690	401	3933	84746	89.8692410778	79096	196	95	109	104	85	97	94	241	68	68
DLR00012709-2009-07-02_17-31-36	6	1	141	455	4205	112241	89.8692410778	109298	213	106	117	111	88	99	97	143	68	68
DLR00012709-2009-07-02_17-31-36	6	2	208	468	3906	63337	89.8692410778	58024	186	99	112	107	89	102	99	189	68	68
DLR00012709-2009-07-02_17-31-36	6	3	288	441	4202	116615	89.8692410778	113460	210	113	125	117	92	105	101	210	68	68
DLR00012709-2009-07-02_17-31-36	6	4	345	469	3903	43974	89.8692410778	39336	195	96	112	107	90	105	101	170	68	68
DLR00012709-2009-07-02_17-31-36	6	5	381	465	4081	87704	89.8692410778	83723	206	107	121	114	92	107	102	221	68	68
DLR00012709-2009-07-02_17-31-36	6	6	494	422	4037	55632	89.8692410778	51574	200	98	114	108	91	106	101	161	68	68
DLR00012709-2009-07-02_17-31-36	6	7	562	420	3961	95839	89.8692410778	90664	184	109	123	115	94	107	101	326	68	68
DLR00012709-2009-07-02_17-31-36	6	8	590	420	3864	70823	89.8692410778	65323	180	103	118	110	92	106	100	327	68	68
DLR00012709-2009-07-02_17-31-36	6	9	662	438	4103	92465	89.8692410778	88438	195	107	121	113	93	107	101	217	68	68
DLR00012709-2009-07-02_17-31-36	6	10	764	422	3883	46810	89.8692410778	41713	193	96	111	105	90	105	99	185	68	68
DLR00012709-2009-07-02_17-31-36	6	11	832	455	4093	108507	89.8692410778	104389	201	111	124	114	92	106	99	226	68	68
DLR00012709-2009-07-02_17-31-36	6	12	906	424	3979	75917	89.8692410778	71048	193	102	116	109	91	105	99	239	68	68
DLR00012709-2009-07-02_17-31-36	6	13	931	468	4172	94639	89.8692410778	91287	204	106	119	111	92	105	99	190	68	68
DLR00012709-2009-07-02_17-31-36	6	14	1013	429	3862	56521	89.8692410778	51249	181	98	113	106	89	104	98	239	68	68
DLR00012709-2009-07-02_17-31-36	6	15	1083	441	4144	121807	89.8692410778	118041	198	112	125	115	91	105	99	272	68	68
DLR00012709-2009-07-02_17-31-36	6	16	1140	425	3892	89596	89.8692410778	84050	189	106	120	112	92	105	99	305	68	68
DLR00012709-2009-07-02_17-31-36	6	17	1251	471	4139	108631	89.8692410778	104890	203	109	122	114	91	105	99	242	68	68
DLR00012709-2009-07-02_17-31-36	6	18	1290	469	3887	75857	89.8692410778	70452	192	102	116	110	90	104	100	265	68	68
DLR00012709-2009-07-02_17-31-36	6	19	1371	450	4101	121742	89.8692410778	117477	204	112	125	117	91	105	100	306	68	68
DLR00012709-2009-07-02_17-31-36	6	20	1421	425	3902	85495	89.8692410778	79596	192	103	118	112	90	105	100	292	68	68
DLR00012709-2009-07-02_17-31-36	6	21	1480	453	4213	118303	89.8692410778	115199	207	108	122	114	89	103	99	214	68	68
DLR00012709-2009-07-02_17-31-36	6	22	1588	461	3948	95498	89.8692410778	90160	191	101	115	109	88	102	98	308	68	68
DLR00012709-2009-07-02_17-31-36	6	23	1623	434	4088	128734	89.8692410778	124343	204	107	120	113	86	100	96	294	68	68
DLR00012709-2009-07-02_17-31-36	6	24	1689	424	3998	85402	89.8692410778	80390	208	95	109	104	85	97	94	191	68	68
DLR00012709-2009-07-02_17-31-36	7	1	151	511	4171	112706	89.8692410778	109217	204	107	119	113	89	101	98	161	68	68
DLR00012709-2009-07-02_17-31-36	7	2	186	535	3906	80693	89.8692410778	75565	175	104	116	111	90	103	99	232	68	68
DLR00012709-2009-07-02_17-31-36	7	3	248	523	4123	109402	89.8692410778	105574	204	111	123	116	91	104	100	243	68	68
DLR00012709-2009-07-02_17-31-36	7	4	357	533	3922	57751	89.8692410778	52726	180	99	114	110	91	106	102	215	68	68
DLR00012709-2009-07-02_17-31-36	7	5	416	502	4151	106331	89.8692410778	102646	211	111	125	117	94	108	103	227	68	68
DLR00012709-2009-07-02_17-31-36	7	6	494	533	4005	76353	89.8692410778	71580	184	104	119	112	94	109	103	195	68	68
DLR00012709-2009-07-02_17-31-36	7	7	560	526	4155	123382	89.8692410778	119629	192	115	128	118	94	107	101	281	68	68
DLR00012709-2009-07-02_17-31-36	7	8	630	492	3875	64188	89.8692410778	58829	191	101	116	109	91	105	100	233	68	68
DLR00012709-2009-07-02_17-31-36	7	9	654	526	4118	98687	89.8692410778	94859	208	109	122	114	92	106	100	193	68	68
DLR00012709-2009-07-02_17-31-36	7	10	758	501	4009	64858	89.8692410778	60428	190	100	115	107	92	106	99	165	68	68
DLR00012709-2009-07-02_17-31-36	7	11	825	521	4192	133502	89.8692410778	130042	210	116	128	117	92	105	98	277	68	68
DLR00012709-2009-07-02_17-31-36	7	12	870	503	3930	71094	89.8692410778	66074	190	102	115	108	91	104	98	226	68	68
DLR00012709-2009-07-02_17-31-36	7	13	935	531	4139	107528	89.8692410778	103783	208	109	122	113	91	104	98	223	68	68
DLR00012709-2009-07-02_17-31-36	7	14	999	494	3903	67490	89.8692410778	62228	188	100	114	107	89	103	98	248	68	68
DLR00012709-2009-07-02_17-31-36	7	15	1100	529	4174	135613	89.8692410778	132255	207	116	128	117	90	103	97	273	68	68
DLR00012709-2009-07-02_17-31-36	7	16	1170	492	3841	69996	89.8692410778	64072	192	101	115	108	91	104	99	336	68	68
DLR00012709-2009-07-02_17-31-36	7	17	1222	522	4079	135264	89.8692410778	130918	201	116	129	118	92	105	99	354	68	68
DLR00012709-2009-07-02_17-31-36	7	18	1311	536	3986	88686	89.8692410778	83832	194	104	118	111	91	105	100	251	68	68
DLR00012709-2009-07-02_17-31-36	7	19	1382	505	4117	120152	89.8692410778	116301	201	110	124	116	89	103	99	271	68	68
DLR00012709-2009-07-02_17-31-36	7	20	1448	493	3917	85925	89.8692410778	80530	197	102	117	111	90	104	100	309	68	68
DLR00012709-2009-07-02_17-31-36	7	21	1514	530	4053	124314	89.8692410778	119831	202	110	124	116	89	103	99	293	68	68
DLR00012709-2009-07-02_17-31-36	7	22	1544	530	4002	107900	89.8692410778	102882	201	105	119	113	88	102	99	283	68	68
DLR00012709-2009-07-02_17-31-36	7	23	1650	501	4065	117157	89.8692410778	112334	200	103	117	110	87	100	96	334	68	68
DLR00012709-2009-07-02_17-31-36	7	24	1686	530	3942	97339	89.8692410778	92048	204	99	112	106	86	99	95	252	68	68
DLR00012709-2009-07-02_17-31-36	8	1	129	578	4087	109223	89.8692410778	105228	208	107	119	113	89	101	98	188	68	68
DLR00012709-2009-07-02_17-31-36	8	2	178	571	3892	79252	89.8692410778	74227	181	103	116	110	89	103	99	231	68	68
DLR00012709-2009-07-02_17-31-36	8	3	253	578	4077	108041	89.8692410778	103876	204	111	124	116	92	106	101	255	68	68
DLR00012709-2009-07-02_17-31-36	8	4	317	600	3930	57529	89.8692410778	52899	192	99	114	109	91	105	101	166	68	68
DLR00012709-2009-07-02_17-31-36	8	5	422	592	4085	97562	89.8692410778	93504	198	109	123	115	92	107	102	228	68	68
DLR00012709-2009-07-02_17-31-36	8	6	491	605	3952	57923	89.8692410778	53174	195	99	114	108	90	106	101	223	68	68
DLR00012709-2009-07-02_17-31-36	8	7	553	563	4060	110302	89.8692410778	105835	195	113	126	117	94	108	102	270	68	68
DLR00012709-2009-07-02_17-31-36	8	8	588	561	3923	81562	89.8692410778	76457	194	106	121	112	93	107	101	296	68	68
DLR00012709-2009-07-02_17-31-36	8	9	662	577	4144	93871	89.8692410778	90224	207	107	121	112	93	106	100	181	68	68
DLR00012709-2009-07-02_17-31-36	8	10	731	563	3854	63921	89.8692410778	58599	194	100	115	107	91	105	99	274	68	68
DLR00012709-2009-07-02_17-31-36	8	11	834	589	4112	97204	89.8692410778	93336	203	107	120	111	91	105	98	242	68	68
DLR00012709-2009-07-02_17-31-36	8	12	903	562	3885	57966	89.8692410778	52719	192	99	113	106	90	104	98	218	68	68
DLR00012709-2009-07-02_17-31-36	8	13	971	573	4033	98991	89.8692410778	94124	209	108	121	112	92	105	98	279	68	68
DLR00012709-2009-07-02_17-31-36	8	14	1004	562	3874	73707	89.8692410778	68185	183	102	116	108	90	104	98	283	68	68
DLR00012709-2009-07-02_17-31-36	8	15	1073	577	4106	101770	89.8692410778	97803	204	107	120	111	90	104	97	239	68	68
DLR00012709-2009-07-02_17-31-36	8	16	1152	557	3862	72805	89.8692410778	67227	182	101	116	108	90	104	98	255	68	68
DLR00012709-2009-07-02_17-31-36	8	17	1251	604	4116	113879	89.8692410778	109846	200	109	123	114	92	105	99	280	68	68
DLR00012709-2009-07-02_17-31-36	8	18	1287	605	3885	85880	89.8692410778	80074	183	103	118	110	90	104	99	336	68	68
DLR00012709-2009-07-02_17-31-36	8	19	1348	571	4070	103880	89.8692410778	99551	205	107	121	113	91	105	100	263	68	68
DLR00012709-2009-07-02_17-31-36	8	20	1407	561	4015	99196	89.8692410778	94232	197	105	120	113	90	104	100	307	68	68
DLR00012709-2009-07-02_17-31-36	8	21	1511	559	4115	119216	89.8692410778	115011	214	108	122	115	89	104	99	277	68	68
DLR00012709-2009-07-02_17-31-36	8	22	1558	606	3973	88886	89.8692410778	83878	203	100	114	109	88	102	98	264	68	68
DLR00012709-2009-07-02_17-31-36	8	23	1642	574	4113	129438	89.8692410778	125565	200	107	120	112	86	99	95	242	68	68
DLR00012709-2009-07-02_17-31-36	8	24	1695	557	3853	83075	89.8692410778	77244	189	96	110	105	84	97	94	237	68	68
DLR00012709-2009-07-02_17-31-36	9	1	146	665	4197	106063	89.8692410778	103077	215	106	118	112	88	101	98	138	68	68
DLR00012709-2009-07-02_17-31-36	9	2	210	631	4005	76080	89.8692410778	71607	201	102	115	110	90	103	99	231	68	68
DLR00012709-2009-07-02_17-31-36	9	3	276	639	4120	99529	89.8692410778	95584	207	108	122	114	92	106	101	223	68	68
DLR00012709-2009-07-02_17-31-36	9	4	317	669	3999	80973	89.8692410778	76160	198	104	119	112	92	106	102	248	68	68
DLR00012709-2009-07-02_17-31-36	9	5	427	625	4053	95552	89.8692410778	91226	197	109	123	115	93	107	102	244	68	68
DLR00012709-2009-07-02_17-31-36	9	6	458	636	3882	69972	89.8692410778	64748	188	103	118	111	93	107	102	241	68	68
DLR00012709-2009-07-02_17-31-36	9	7	565	629	4067	91873	89.8692410778	87410	196	108	122	113	94	108	102	264	68	68
DLR00012709-2009-07-02_17-31-36	9	8	591	629	3970	68613	89.8692410778	63853	194	103	117	110	93	107	101	212	68	68
DLR00012709-2009-07-02_17-31-36	9	9	687	635	4227	108932	89.8692410778	105953	206	110	123	114	93	106	100	160	68	68
DLR00012709-2009-07-02_17-31-36	9	10	764	669	4006	75446	89.8692410778	70772	193	102	116	108	91	105	99	201	68	68
DLR00012709-2009-07-02_17-31-36	9	11	824	674	4033	114715	89.8692410778	110149	194	113	125	115	92	105	99	277	68	68
DLR00012709-2009-07-02_17-31-36	9	12	902	671	3843	55864	89.8692410778	50151	183	97	112	105	89	103	97	271	68	68
DLR00012709-2009-07-02_17-31-36	9	13	974	660	4136	126058	89.8692410778	122125	199	113	125	114	91	104	97	269	68	68
DLR00012709-2009-07-02_17-31-36	9	14	1030	631	4000	74031	89.8692410778	69304	196	100	114	106	90	103	97	252	68	68
DLR00012709-2009-07-02_17-31-36	9	15	1066	632	4122	101394	89.8692410778	97677	207	107	120	110	90	103	97	229	68	68
DLR00012709-2009-07-02_17-31-36	9	16	1172	669	4017	70498	89.8692410778	65981	202	98	113	106	90	103	97	182	68	68
DLR00012709-2009-07-02_17-31-36	9	17	1207	657	4183	93284	89.8692410778	90168	208	103	117	109	90	104	98	142	68	68
DLR00012709-2009-07-02_17-31-36	9	18	1275	666	3923	83205	89.8692410778	78009	192	102	117	110	90	104	99	277	68	68
DLR00012709-2009-07-02_17-31-36	9	19	1356	639	4207	127281	89.8692410778	124020	200	111	125	116	92	106	100	206	68	68
DLR00012709-2009-07-02_17-31-36	9	20	1425	630	3971	80482	89.8692410778	75507	175	100	115	109	88	103	99	241	68	68
DLR00012709-2009-07-02_17-31-36	9	21	1492	656	4065	118454	89.8692410778	113916	191	108	122	114	88	102	98	341	68	68
DLR00012709-2009-07-02_17-31-36	9	22	1549	674	3963	95402	89.8692410778	90091	191	102	116	110	88	102	98	351	68	68
DLR00012709-2009-07-02_17-31-36	9	23	1617	656	4135	132358	89.8692410778	128827	208	108	121	113	84	98	95	256	68	68
DLR00012709-2009-07-02_17-31-36	9	24	1698	631	4003	80817	89.8692410778	76082	199	94	108	103	83	97	94	141	68	68
DLR00012709-2009-07-02_17-31-36	10	1	151	712	4129	88998	89.8692410778	85425	215	102	115	110	90	103	99	141	68	68
DLR00012709-2009-07-02_17-31-36	10	2	217	737	3997	40712	89.8692410778	36597	195	92	107	104	88	102	98	158	68	68
DLR00012709-2009-07-02_17-31-36	10	3	252	707	4177	82996	89.8692410778	79583	202	103	117	111	91	105	101	165	68	68
DLR00012709-2009-07-02_17-31-36	10	4	313	701	3955	71312	89.8692410778	66436	195	102	117	111	91	106	101	223	68	68
DLR00012709-2009-07-02_17-31-36	10	5	416	695	4158	116106	89.8692410778	112511	207	114	127	118	93	108	102	251	68	68
DLR00012709-2009-07-02_17-31-36	10	6	486	741	3992	61382	89.8692410778	56992	201	100	115	109	92	106	101	180	68	68
DLR00012709-2009-07-02_17-31-36	10	7	562	696	4165	89894	89.8692410778	86554	203	106	120	112	92	106	100	165	68	68
DLR00012709-2009-07-02_17-31-36	10	8	591	696	3961	69561	89.8692410778	64975	188	102	116	109	92	106	100	179	68	68
DLR00012709-2009-07-02_17-31-36	10	9	653	713	4010	72094	89.8692410778	67757	205	102	116	109	92	106	100	196	68	68
DLR00012709-2009-07-02_17-31-36	10	10	741	741	3913	57233	89.8692410778	52178	201	98	112	105	91	105	98	171	68	68
DLR00012709-2009-07-02_17-31-36	10	11	793	705	4066	90667	89.8692410778	86508	203	106	120	111	92	106	99	194	68	68
DLR00012709-2009-07-02_17-31-36	10	12	869	736	3896	71141	89.8692410778	65564	188	101	115	107	91	105	98	264	68	68
DLR00012709-2009-07-02_17-31-36	10	13	973	727	4074	105128	89.8692410778	101054	198	108	121	111	92	105	98	240	68	68
DLR00012709-2009-07-02_17-31-36	10	14	1036	700	3813	78885	89.8692410778	72756	193	103	116	108	90	103	97	314	68	68
DLR00012709-2009-07-02_17-31-36	10	15	1076	713	4066	115847	89.8692410778	111423	203	110	123	113	90	103	97	279	68	68
DLR00012709-2009-07-02_17-31-36	10	16	1151	736	3996	77658	89.8692410778	72914	191	100	114	107	90	103	97	259	68	68
DLR00012709-2009-07-02_17-31-36	10	17	1220	713	4124	128129	89.8692410778	123924	201	112	125	115	92	105	99	307	68	68
DLR00012709-2009-07-02_17-31-36	10	18	1278	698	3880	83500	89.8692410778	77777	186	102	117	110	89	103	98	314	68	68
DLR00012709-2009-07-02_17-31-36	10	19	1346	699	3970	105732	89.8692410778	100583	195	107	121	113	91	105	100	318	68	68
DLR00012709-2009-07-02_17-31-36	10	20	1451	733	3895	67420	89.8692410778	61938	191	96	112	106	88	103	99	273	68	68
DLR00012709-2009-07-02_17-31-36	10	21	1508	710	4127	127367	89.8692410778	123515	205	110	123	115	88	102	98	287	68	68
DLR00012709-2009-07-02_17-31-36	10	22	1562	695	3952	100061	89.8692410778	94551	199	103	117	110	89	102	98	378	68	68
DLR00012709-2009-07-02_17-31-36	10	23	1629	712	4213	150169	89.8692410778	147171	201	112	123	115	85	98	94	266	68	68
DLR00012709-2009-07-02_17-31-36	10	24	1693	695	3955	91531	89.8692410778	86404	200	97	110	105	85	98	94	216	68	68
DLR00012709-2009-07-02_17-31-36	11	1	150	779	4039	92916	89.8692410778	88708	204	104	117	111	90	103	99	176	68	68
DLR00012709-2009-07-02_17-31-36	11	2	187	808	3877	71808	89.8692410778	66539	201	101	114	109	90	103	100	251	68	68
DLR00012709-2009-07-02_17-31-36	11	3	263	781	4262	125235	89.8692410778	122441	217	114	126	118	92	105	101	202	68	68
DLR00012709-2009-07-02_17-31-36	11	4	314	809	4037	92942	89.8692410778	88665	205	108	121	114	92	106	102	259	68	68
DLR00012709-2009-07-02_17-31-36	11	5	416	782	4150	117412	89.8692410778	113714	200	114	127	118	94	108	103	274	68	68
DLR00012709-2009-07-02_17-31-36	11	6	461	780	3788	65051	89.8692410778	59071	193	102	117	111	92	106	101	280	68	68
DLR00012709-2009-07-02_17-31-36	11	7	560	780	4125	104360	89.8692410778	100685	197	110	123	115	92	107	101	209	68	68
DLR00012709-2009-07-02_17-31-36	11	8	628	808	3921	72066	89.8692410778	66873	186	102	116	109	91	105	100	213	68	68
DLR00012709-2009-07-02_17-31-36	11	9	700	786	4130	112508	89.8692410778	108856	209	110	123	114	92	105	99	216	68	68
DLR00012709-2009-07-02_17-31-36	11	10	762	768	3957	70324	89.8692410778	65360	198	100	115	107	91	105	98	235	68	68
DLR00012709-2009-07-02_17-31-36	11	11	790	768	4076	85477	89.8692410778	81167	203	104	117	109	93	106	99	242	68	68
DLR00012709-2009-07-02_17-31-36	11	12	866	803	3981	83684	89.8692410778	78626	193	103	117	109	92	105	98	244	68	68
DLR00012709-2009-07-02_17-31-36	11	13	977	783	4116	119905	89.8692410778	116122	197	111	124	113	89	102	96	244	68	68
DLR00012709-2009-07-02_17-31-36	11	14	1004	762	3950	78192	89.8692410778	73132	192	101	115	107	90	103	97	210	68	68
DLR00012709-2009-07-02_17-31-36	11	15	1114	800	4062	105645	89.8692410778	101369	198	106	119	110	89	102	96	264	68	68
DLR00012709-2009-07-02_17-31-36	11	16	1146	760	3912	65963	89.8692410778	60816	189	97	112	105	88	102	96	259	68	68
DLR00012709-2009-07-02_17-31-36	11	17	1247	781	4092	112554	89.8692410778	108346	198	108	121	112	90	103	98	256	68	68
DLR00012709-2009-07-02_17-31-36	11	18	1290	808	3905	93769	89.8692410778	88172	180	104	118	110	89	103	98	322	68	68
DLR00012709-2009-07-02_17-31-36	11	19	1346	792	4074	118911	89.8692410778	114622	204	108	122	114	89	103	98	290	68	68
DLR00012709-2009-07-02_17-31-36	11	20	1414	798	3952	78882	89.8692410778	73562	191	98	113	108	88	102	98	268	68	68
DLR00012709-2009-07-02_17-31-36	11	21	1488	794	4110	117533	89.8692410778	113646	208	107	120	113	89	103	99	300	68	68
DLR00012709-2009-07-02_17-31-36	11	22	1558	761	3966	82767	89.8692410778	77662	194	98	113	107	87	100	97	243	68	68
DLR00012709-2009-07-02_17-31-36	11	23	1621	795	4085	138147	89.8692410778	134042	195	109	121	113	86	99	95	317	68	68
DLR00012709-2009-07-02_17-31-36	11	24	1688	763	3922	91267	89.8692410778	86101	200	97	110	105	84	97	93	237	68	68
DLR00012709-2009-07-02_17-31-36	12	1	151	850	4113	105223	89.8692410778	101478	209	106	119	112	91	103	99	186	68	68
DLR00012709-2009-07-02_17-31-36	12	2	189	841	3884	60904	89.8692410778	55925	196	99	112	107	89	102	99	229	68	68
DLR00012709-2009-07-02_17-31-36	12	3	245	831	4181	91334	89.8692410778	88267	205	105	118	112	89	102	99	205	68	68
DLR00012709-2009-07-02_17-31-36	12	4	359	841	3888	57808	89.8692410778	52765	200	99	114	109	90	104	101	261	68	68
DLR00012709-2009-07-02_17-31-36	12	5	391	850	4145	102720	89.8692410778	99277	177	110	123	116	91	105	101	216	68	68
DLR00012709-2009-07-02_17-31-36	12	6	463	838	3851	57874	89.8692410778	52506	196	99	114	109	91	105	101	211	68	68
DLR00012709-2009-07-02_17-31-36	12	7	525	849	4118	93608	89.8692410778	89669	203	106	121	113	93	107	101	227	68	68
DLR00012709-2009-07-02_17-31-36	12	8	593	845	3974	65576	89.8692410778	61067	201	100	115	108	91	105	100	181	68	68
DLR00012709-2009-07-02_17-31-36	12	9	660	874	4158	109798	89.8692410778	106404	201	109	122	113	90	104	99	223	68	68
DLR00012709-2009-07-02_17-31-36	12	10	737	835	3904	52025	89.8692410778	47189	194	96	111	104	89	103	97	200	68	68
DLR00012709-2009-07-02_17-31-36	12	11	792	841	4152	97013	89.8692410778	93449	204	105	119	110	91	105	98	182	68	68
DLR00012709-2009-07-02_17-31-36	12	12	861	836	4004	79533	89.8692410778	75006	204	102	115	108	90	103	97	282	68	68
DLR00012709-2009-07-02_17-31-36	12	13	934	850	3955	87921	89.8692410778	82561	194	103	117	109	92	104	98	253	68	68
DLR00012709-2009-07-02_17-31-36	12	14	1003	829	3849	78849	89.8692410778	72909	191	101	115	108	91	104	97	281	68	68
DLR00012709-2009-07-02_17-31-36	12	15	1069	876	4044	94035	89.8692410778	89224	204	103	116	108	91	103	97	290	68	68
DLR00012709-2009-07-02_17-31-36	12	16	1178	838	3933	78948	89.8692410778	73534	190	100	114	107	89	102	97	259	68	68
DLR00012709-2009-07-02_17-31-36	12	17	1245	831	3985	120084	89.8692410778	114635	202	110	123	114	91	104	98	353	68	68
DLR00012709-2009-07-02_17-31-36	12	18	1281	833	3943	99949	89.8692410778	94295	200	105	118	111	90	103	98	348	68	68
DLR00012709-2009-07-02_17-31-36	12	19	1346	829	4092	122913	89.8692410778	118600	206	109	122	114	89	102	98	303	68	68
DLR00012709-2009-07-02_17-31-36	12	20	1413	830	3963	83608	89.8692410778	78291	195	99	114	108	88	102	98	318	68	68
DLR00012709-2009-07-02_17-31-36	12	21	1513	846	4114	130176	89.8692410778	125929	194	110	122	114	89	102	97	351	68	68
DLR00012709-2009-07-02_17-31-36	12	22	1545	845	3901	96991	89.8692410778	91175	199	102	116	110	87	100	97	378	68	68
DLR00012709-2009-07-02_17-31-36	12	23	1623	860	4191	116531	89.8692410778	113039	201	102	115	108	85	98	94	224	68	68
DLR00012709-2009-07-02_17-31-36	12	24	1689	831	3910	95309	89.8692410778	89726	198	97	110	104	84	96	93	240	68	68
DLR00012709-2009-07-02_17-31-36	13	1	151	907	4109	92511	89.8692410778	88891	203	103	115	110	90	102	98	132	68	68
DLR00012709-2009-07-02_17-31-36	13	2	179	907	3971	79830	89.8692410778	75066	182	102	114	109	89	102	98	215	68	68
DLR00012709-2009-07-02_17-31-36	13	3	245	936	4034	86313	89.8692410778	81732	202	104	117	111	92	105	100	259	68	68
DLR00012709-2009-07-02_17-31-36	13	4	323	918	3877	63746	89.8692410778	58444	198	100	114	109	91	105	101	256	68	68
DLR00012709-2009-07-02_17-31-36	13	5	390	913	4096	79434	89.8692410778	75553	198	104	118	112	92	106	102	192	68	68
DLR00012709-2009-07-02_17-31-36	13	6	461	904	3957	55446	89.8692410778	50788	197	98	113	108	91	105	101	207	68	68
DLR00012709-2009-07-02_17-31-36	13	7	529	918	4144	99916	89.8692410778	96245	195	108	122	114	91	105	100	205	68	68
DLR00012709-2009-07-02_17-31-36	13	8	624	902	3921	47608	89.8692410778	42828	202	95	110	105	89	103	98	200	68	68
DLR00012709-2009-07-02_17-31-36	13	9	660	895	4101	94905	89.8692410778	91058	206	105	119	111	91	105	99	193	68	68
DLR00012709-2009-07-02_17-31-36	13	10	725	903	3909	81133	89.8692410778	76007	202	103	117	109	90	104	98	251	68	68
DLR00012709-2009-07-02_17-31-36	13	11	800	931	4136	108292	89.8692410778	104600	203	107	120	112	91	104	98	243	68	68
DLR00012709-2009-07-02_17-31-36	13	12	867	895	3955	65957	89.8692410778	60992	199	98	112	105	89	102	97	216	68	68
DLR00012709-2009-07-02_17-31-36	13	13	936	917	4122	103743	89.8692410778	100035	207	105	119	110	91	104	98	206	68	68
DLR00012709-2009-07-02_17-31-36	13	14	998	898	3946	81566	89.8692410778	76401	188	101	114	107	88	102	96	268	68	68
DLR00012709-2009-07-02_17-31-36	13	15	1113	914	4088	99838	89.8692410778	95608	211	103	116	108	89	102	96	287	68	68
DLR00012709-2009-07-02_17-31-36	13	16	1182	899	3970	78587	89.8692410778	73550	197	98	112	106	88	101	96	278	68	68
DLR00012709-2009-07-02_17-31-36	13	17	1211	899	4126	108580	89.8692410778	104712	199	105	118	110	89	102	97	238	68	68
DLR00012709-2009-07-02_17-31-36	13	18	1319	942	3888	90400	89.8692410778	84336	192	101	116	109	89	102	97	369	68	68
DLR00012709-2009-07-02_17-31-36	13	19	1386	944	3986	112964	89.8692410778	107798	195	106	119	112	88	101	97	366	68	68
DLR00012709-2009-07-02_17-31-36	13	20	1416	944	3903	87022	89.8692410778	81140	196	99	113	107	88	101	97	388	68	68
DLR00012709-2009-07-02_17-31-36	13	21	1482	928	4108	132440	89.8692410778	128337	208	109	122	114	88	101	96	315	68	68
DLR00012709-2009-07-02_17-31-36	13	22	1552	945	3921	81265	89.8692410778	75738	201	96	110	105	87	99	96	288	68	68
DLR00012709-2009-07-02_17-31-36	13	23	1630	929	4155	152569	89.8692410778	148876	203	110	121	113	85	97	93	310	68	68
DLR00012709-2009-07-02_17-31-36	13	24	1697	907	4012	95714	89.8692410778	91193	205	96	108	103	83	95	92	177	68	68
DLR00012709-2009-07-02_17-31-36	14	1	152	1004	4146	93101	89.8692410778	89514	212	102	114	109	89	101	97	158	68	68
DLR00012709-2009-07-02_17-31-36	14	2	189	973	3929	54184	89.8692410778	49287	179	95	108	104	87	100	97	228	68	68
DLR00012709-2009-07-02_17-31-36	14	3	248	969	4080	88746	89.8692410778	84687	209	104	117	111	91	103	99	221	68	68
DLR00012709-2009-07-02_17-31-36	14	4	360	975	3983	69689	89.8692410778	64933	193	102	116	110	90	104	100	269	68	68
DLR00012709-2009-07-02_17-31-36	14	5	428	1011	4037	92195	89.8692410778	87881	196	107	121	114	92	105	101	207	68	68
DLR00012709-2009-07-02_17-31-36	14	6	457	971	3832	59156	89.8692410778	53748	187	100	115	109	89	104	100	228	68	68
DLR00012709-2009-07-02_17-31-36	14	7	562	986	4124	95665	89.8692410778	91922	199	106	120	113	94	107	102	194	68	68
DLR00012709-2009-07-02_17-31-36	14	8	595	1010	3993	62887	89.8692410778	58480	194	98	113	107	89	104	99	206	68	68
DLR00012709-2009-07-02_17-31-36	14	9	663	1002	4174	98074	89.8692410778	94650	206	105	118	111	90	104	98	193	68	68
DLR00012709-2009-07-02_17-31-36	14	10	765	969	3826	70057	89.8692410778	64026	184	99	114	107	90	103	98	282	68	68
DLR00012709-2009-07-02_17-31-36	14	11	790	984	3898	83246	89.8692410778	77583	198	102	116	109	89	103	97	308	68	68
DLR00012709-2009-07-02_17-31-36	14	12	903	965	3918	62352	89.8692410778	57359	192	96	111	104	88	102	96	215	68	68
DLR00012709-2009-07-02_17-31-36	14	13	971	984	3993	103354	89.8692410778	98351	198	105	118	110	89	102	97	342	68	68
DLR00012709-2009-07-02_17-31-36	14	14	1004	1008	3843	72236	89.8692410778	66286	181	97	111	105	87	100	95	331	68	68
DLR00012709-2009-07-02_17-31-36	14	15	1071	978	3977	79423	89.8692410778	74270	196	98	112	105	87	101	95	287	68	68
DLR00012709-2009-07-02_17-31-36	14	16	1174	966	3913	67315	89.8692410778	62014	199	95	109	104	87	100	95	268	68	68
DLR00012709-2009-07-02_17-31-36	14	17	1210	966	4071	103310	89.8692410778	98726	203	103	117	109	90	103	97	258	68	68
DLR00012709-2009-07-02_17-31-36	14	18	1315	1010	3869	65772	89.8692410778	60079	192	94	109	104	87	100	96	316	68	68
DLR00012709-2009-07-02_17-31-36	14	19	1339	1008	3931	79890	89.8692410778	74359	189	97	112	106	87	101	96	378	68	68
DLR00012709-2009-07-02_17-31-36	14	20	1419	981	3870	64904	89.8692410778	59192	188	93	108	103	87	100	96	340	68	68
DLR00012709-2009-07-02_17-31-36	14	21	1516	1012	4120	122587	89.8692410778	118496	210	105	118	111	88	100	96	342	68	68
DLR00012709-2009-07-02_17-31-36	14	22	1555	973	3776	70933	89.8692410778	64350	189	94	108	104	85	97	94	369	68	68
DLR00012709-2009-07-02_17-31-36	14	23	1615	1008	4125	105354	89.8692410778	101410	200	99	111	105	85	97	93	209	68	68
DLR00012709-2009-07-02_17-31-36	14	24	1688	999	3978	75083	89.8692410778	70230	212	90	103	99	83	94	91	147	68	68
DLR00012709-2009-07-02_17-31-36	15	1	152	1048	4135	80050	89.8692410778	76515	211	98	111	107	88	100	97	101	68	68
DLR00012709-2009-07-02_17-31-36	15	2	190	1080	3886	51303	89.8692410778	46380	182	94	106	104	87	99	97	219	68	68
DLR00012709-2009-07-02_17-31-36	15	3	249	1067	3989	88176	89.8692410778	83712	196	105	117	112	90	103	100	263	68	68
DLR00012709-2009-07-02_17-31-36	15	4	360	1034	4020	50864	89.8692410778	46824	199	96	111	107	89	103	100	196	68	68
DLR00012709-2009-07-02_17-31-36	15	5	392	1034	4047	83995	89.8692410778	79788	193	105	119	113	92	105	102	227	68	68
DLR00012709-2009-07-02_17-31-36	15	6	456	1031	3766	63036	89.8692410778	57014	176	100	115	110	90	104	100	249	68	68
DLR00012709-2009-07-02_17-31-36	15	7	555	1054	4071	101900	89.8692410778	97484	199	108	121	114	92	105	101	272	68	68
DLR00012709-2009-07-02_17-31-36	15	8	622	1077	3873	66000	89.8692410778	60644	197	98	113	109	88	103	99	248	68	68
DLR00012709-2009-07-02_17-31-36	15	9	703	1081	4066	110727	89.8692410778	106235	203	107	121	114	90	103	99	262	68	68
DLR00012709-2009-07-02_17-31-36	15	10	735	1043	3930	77748	89.8692410778	72533	185	100	114	108	89	103	98	308	68	68
DLR00012709-2009-07-02_17-31-36	15	11	833	1032	4078	100175	89.8692410778	95494	198	103	117	110	90	103	97	321	68	68
DLR00012709-2009-07-02_17-31-36	15	12	896	1033	3918	75158	89.8692410778	69682	194	98	112	106	88	102	97	319	68	68
DLR00012709-2009-07-02_17-31-36	15	13	928	1051	4053	93440	89.8692410778	88733	201	101	115	108	89	102	97	282	68	68
DLR00012709-2009-07-02_17-31-36	15	14	1003	1035	3847	71764	89.8692410778	65803	189	96	110	105	86	100	95	290	68	68
DLR00012709-2009-07-02_17-31-36	15	15	1070	1036	4033	93086	89.8692410778	88290	203	100	113	107	87	100	95	308	68	68
DLR00012709-2009-07-02_17-31-36	15	16	1144	1076	3842	74658	89.8692410778	68703	194	96	110	105	86	99	96	335	68	68
DLR00012709-2009-07-02_17-31-36	15	17	1222	1067	4098	124357	89.8692410778	120136	206	107	120	113	89	102	97	295	68	68
DLR00012709-2009-07-02_17-31-36	15	18	1316	1078	3880	74569	89.8692410778	68959	185	97	111	107	87	101	97	280	68	68
DLR00012709-2009-07-02_17-31-36	15	19	1358	1036	4064	108223	89.8692410778	103485	198	103	117	110	88	101	97	331	68	68
DLR00012709-2009-07-02_17-31-36	15	20	1424	1042	3983	87813	89.8692410778	82467	187	99	112	107	89	102	98	318	68	68
DLR00012709-2009-07-02_17-31-36	15	21	1516	1050	4197	127278	89.8692410778	123934	211	106	118	112	87	100	96	231	68	68
DLR00012709-2009-07-02_17-31-36	15	22	1552	1075	3846	77621	89.8692410778	71630	195	96	109	106	86	98	96	281	68	68
DLR00012709-2009-07-02_17-31-36	15	23	1620	1078	3995	121132	89.8692410778	116072	199	105	116	110	88	99	96	215	68	68
DLR00012709-2009-07-02_17-31-36	15	24	1698	1072	4083	96245	89.8692410778	92112	201	96	108	104	85	96	93	127	68	68
DLR00012709-2009-07-02_17-31-36	16	1	148	1137	4142	104232	89.8692410778	100174	178	118	126	120	101	109	106	314	68	68
DLR00012709-2009-07-02_17-31-36	16	2	216	1139	3803	80962	89.8692410778	74974	158	117	126	120	100	109	106	394	68	68
DLR00012709-2009-07-02_17-31-36	16	3	242	1139	3944	99610	89.8692410778	94618	161	122	131	124	102	111	108	419	68	68
DLR00012709-2009-07-02_17-31-36	16	4	324	1131	3834	49804	89.8692410778	44667	171	108	119	115	99	110	108	158	68	68
DLR00012709-2009-07-02_17-31-36	16	5	427	1139	4010	96712	89.8692410778	91841	157	118	128	121	102	113	109	357	68	68
DLR00012709-2009-07-02_17-31-36	16	6	488	1147	3650	56952	89.8692410778	50117	144	110	121	115	97	108	105	330	68	68
DLR00012709-2009-07-02_17-31-36	16	7	521	1147	3906	102532	89.8692410778	96712	149	119	129	122	99	110	106	305	68	68
DLR00012709-2009-07-02_17-31-36	16	8	625	1141	3716	87646	89.8692410778	80634	150	110	122	116	96	108	104	406	68	68
DLR00012709-2009-07-02_17-31-36	16	9	660	1141	3848	111014	89.8692410778	104757	137	113	124	117	96	108	104	408	68	68
DLR00012709-2009-07-02_17-31-36	16	10	726	1141	3695	99837	89.8692410778	93050	144	110	122	115	94	106	102	437	68	68
DLR00012709-2009-07-02_17-31-36	16	11	810	1141	3938	144827	89.8692410778	138963	147	120	131	122	98	109	104	457	68	68
DLR00012709-2009-07-02_17-31-36	16	12	862	1140	3758	98128	89.8692410778	91496	155	111	123	116	94	106	102	393	68	68
DLR00012709-2009-07-02_17-31-36	16	13	968	1140	3957	129719	89.8692410778	124059	158	117	128	119	98	109	104	400	68	68
DLR00012709-2009-07-02_17-31-36	16	14	1034	1140	3765	94650	89.8692410778	87866	152	107	119	112	92	105	101	353	68	68
DLR00012709-2009-07-02_17-31-36	16	15	1115	1140	3893	123742	89.8692410778	117666	156	114	126	118	97	109	104	453	68	68
DLR00012709-2009-07-02_17-31-36	16	16	1153	1146	3735	114032	89.8692410778	105216	153	113	124	118	97	109	105	376	68	68
DLR00012709-2009-07-02_17-31-36	16	17	1203	1130	4023	88884	89.8692410778	84788	164	107	120	114	93	106	102	175	68	68
DLR00012709-2009-07-02_17-31-36	16	18	1286	1139	3846	101889	89.8692410778	96380	171	114	125	118	98	110	106	403	68	68
DLR00012709-2009-07-02_17-31-36	16	19	1377	1137	4005	134559	89.8692410778	129724	152	124	134	126	99	110	106	468	68	68
DLR00012709-2009-07-02_17-31-36	16	20	1422	1137	3743	103343	89.8692410778	96363	158	118	129	122	98	109	106	440	68	68
DLR00012709-2009-07-02_17-31-36	16	21	1490	1138	3979	128478	89.8692410778	122891	154	122	132	125	102	112	108	432	68	68
DLR00012709-2009-07-02_17-31-36	16	22	1580	1136	3914	100181	89.8692410778	94136	154	115	125	118	96	106	103	409	68	68
DLR00012709-2009-07-02_17-31-36	16	23	1629	1136	4063	128929	89.8692410778	123693	153	120	128	121	101	108	104	376	68	68
DLR00012709-2009-07-02_17-31-36	16	24	1691	1135	4032	105230	89.8692410778	100089	161	114	122	116	94	102	99	401	68	68
