DLR00012709-2009-07-01_11-32-39	1	1	145	124	7	202	114.327255201	8489	0	110	116	109	78	90	91	418	68	68
DLR00012709-2009-07-01_11-32-39	1	2	198	107	0	0	114.327255201	10441	0				80	93	95	581	68	68
DLR00012709-2009-07-01_11-32-39	1	3	266	107	0	0	114.327255201	10816	0				83	97	99	581	68	68
DLR00012709-2009-07-01_11-32-39	1	4	335	107	0	0	114.327255201	9018	0				84	99	101	482	68	68
DLR00012709-2009-07-01_11-32-39	1	5	403	107	0	0	114.327255201	8935	0				84	100	102	567	68	68
DLR00012709-2009-07-01_11-32-39	1	6	472	107	0	0	114.327255201	8431	0				84	100	102	432	68	68
DLR00012709-2009-07-01_11-32-39	1	7	541	107	0	0	114.327255201	8865	0				85	101	102	513	68	68
DLR00012709-2009-07-01_11-32-39	1	8	609	107	0	0	114.327255201	9127	0				85	101	102	506	68	68
DLR00012709-2009-07-01_11-32-39	1	9	678	107	0	0	114.327255201	10470	0				85	101	102	544	68	68
DLR00012709-2009-07-01_11-32-39	1	10	733	131	1	31	114.327255201	6086	0	111	125	125	79	97	98	236	68	68
DLR00012709-2009-07-01_11-32-39	1	11	815	107	0	0	114.327255201	9364	0				84	101	101	568	68	68
DLR00012709-2009-07-01_11-32-39	1	12	884	107	0	0	114.327255201	10357	0				84	101	101	433	68	68
DLR00012709-2009-07-01_11-32-39	1	13	952	107	0	0	114.327255201	10937	0				85	101	101	562	68	68
DLR00012709-2009-07-01_11-32-39	1	14	1021	107	0	0	114.327255201	11731	0				84	100	101	487	68	68
DLR00012709-2009-07-01_11-32-39	1	15	1090	107	0	0	114.327255201	11008	0				84	100	101	549	68	68
DLR00012709-2009-07-01_11-32-39	1	16	1158	107	0	0	114.327255201	11590	0				84	100	101	523	68	68
DLR00012709-2009-07-01_11-32-39	1	17	1227	107	0	0	114.327255201	10852	0				84	100	101	606	68	68
DLR00012709-2009-07-01_11-32-39	1	18	1295	107	0	0	114.327255201	10566	0				84	100	101	659	68	68
DLR00012709-2009-07-01_11-32-39	1	19	1364	107	0	0	114.327255201	9577	0				83	98	100	803	68	68
DLR00012709-2009-07-01_11-32-39	1	20	1433	107	0	0	114.327255201	10430	0				81	96	98	499	68	68
DLR00012709-2009-07-01_11-32-39	1	21	1501	107	0	0	114.327255201	12348	0				82	95	97	827	68	68
DLR00012709-2009-07-01_11-32-39	1	22	1570	107	0	0	114.327255201	11821	0				79	92	93	689	68	68
DLR00012709-2009-07-01_11-32-39	1	23	1638	107	0	0	114.327255201	11297	0				78	90	91	829	68	68
DLR00012709-2009-07-01_11-32-39	1	24	1690	123	0	0	114.327255201	9466	0				76	88	88	380	68	68
DLR00012709-2009-07-01_11-32-39	2	1	129	175	0	0	114.327255201	8091	0				76	88	90	240	68	68
DLR00012709-2009-07-01_11-32-39	2	2	198	175	0	0	114.327255201	7983	0				76	90	93	199	68	68
DLR00012709-2009-07-01_11-32-39	2	3	254	165	2	84	114.327255201	7952	0	121	133	132	78	93	95	352	68	68
DLR00012709-2009-07-01_11-32-39	2	4	335	175	0	0	114.327255201	6598	0				79	95	97	192	68	68
DLR00012709-2009-07-01_11-32-39	2	5	403	175	0	0	114.327255201	5740	0				79	96	98	237	68	68
DLR00012709-2009-07-01_11-32-39	2	6	472	175	0	0	114.327255201	5098	0				79	96	98	164	68	68
DLR00012709-2009-07-01_11-32-39	2	7	541	175	0	0	114.327255201	5462	0				79	96	98	181	68	68
DLR00012709-2009-07-01_11-32-39	2	8	609	175	0	0	114.327255201	5721	0				78	96	97	186	68	68
DLR00012709-2009-07-01_11-32-39	2	9	678	175	0	0	114.327255201	5505	0				78	96	97	279	68	68
DLR00012709-2009-07-01_11-32-39	2	10	746	175	0	0	114.327255201	6577	0				77	95	96	173	68	68
DLR00012709-2009-07-01_11-32-39	2	11	815	175	0	0	114.327255201	8227	0				77	95	96	209	68	68
DLR00012709-2009-07-01_11-32-39	2	12	884	175	0	0	114.327255201	7701	0				77	95	96	94	68	68
DLR00012709-2009-07-01_11-32-39	2	13	952	175	0	0	114.327255201	7807	0				77	95	95	233	68	68
DLR00012709-2009-07-01_11-32-39	2	14	1021	175	0	0	114.327255201	7408	0				76	94	95	118	68	68
DLR00012709-2009-07-01_11-32-39	2	15	1090	175	0	0	114.327255201	7632	0				76	94	95	250	68	68
DLR00012709-2009-07-01_11-32-39	2	16	1158	175	0	0	114.327255201	7690	0				76	94	95	233	68	68
DLR00012709-2009-07-01_11-32-39	2	17	1227	175	0	0	114.327255201	8252	0				76	94	96	310	68	68
DLR00012709-2009-07-01_11-32-39	2	18	1295	175	0	0	114.327255201	8659	0				77	94	96	580	68	68
DLR00012709-2009-07-01_11-32-39	2	19	1364	175	0	0	114.327255201	9184	0				76	93	95	732	68	68
DLR00012709-2009-07-01_11-32-39	2	20	1433	175	0	0	114.327255201	7646	0				74	91	94	197	68	68
DLR00012709-2009-07-01_11-32-39	2	21	1501	175	0	0	114.327255201	8548	0				74	90	94	528	68	68
DLR00012709-2009-07-01_11-32-39	2	22	1570	175	0	0	114.327255201	7857	0				72	87	90	323	68	68
DLR00012709-2009-07-01_11-32-39	2	23	1638	175	0	0	114.327255201	7789	0				70	85	88	397	68	68
DLR00012709-2009-07-01_11-32-39	2	24	1707	175	0	0	114.327255201	10104	0				72	85	86	177	68	68
DLR00012709-2009-07-01_11-32-39	3	1	129	243	0	0	114.327255201	7996	0				76	89	91	368	68	68
DLR00012709-2009-07-01_11-32-39	3	2	198	243	0	0	114.327255201	7257	0				76	91	93	265	68	68
DLR00012709-2009-07-01_11-32-39	3	3	273	236	3	162	114.327255201	8331	0	132	144	142	78	93	95	362	68	68
DLR00012709-2009-07-01_11-32-39	3	4	335	243	0	0	114.327255201	7134	0				79	95	97	287	68	68
DLR00012709-2009-07-01_11-32-39	3	5	403	243	0	0	114.327255201	6576	0				79	96	97	313	68	68
DLR00012709-2009-07-01_11-32-39	3	6	472	243	0	0	114.327255201	6065	0				79	96	97	279	68	68
DLR00012709-2009-07-01_11-32-39	3	7	541	243	0	0	114.327255201	5736	0				79	96	97	267	68	68
DLR00012709-2009-07-01_11-32-39	3	8	609	243	0	0	114.327255201	6093	0				78	96	96	209	68	68
DLR00012709-2009-07-01_11-32-39	3	9	678	243	0	0	114.327255201	6529	0				78	96	96	269	68	68
DLR00012709-2009-07-01_11-32-39	3	10	746	243	0	0	114.327255201	8349	0				77	95	95	226	68	68
DLR00012709-2009-07-01_11-32-39	3	11	815	243	0	0	114.327255201	7725	0				77	94	95	184	68	68
DLR00012709-2009-07-01_11-32-39	3	12	884	243	0	0	114.327255201	8153	0				77	95	95	165	68	68
DLR00012709-2009-07-01_11-32-39	3	13	952	243	0	0	114.327255201	8340	0				76	95	95	238	68	68
DLR00012709-2009-07-01_11-32-39	3	14	1021	243	0	0	114.327255201	7424	0				76	94	95	224	68	68
DLR00012709-2009-07-01_11-32-39	3	15	1090	243	0	0	114.327255201	8044	0				76	94	95	312	68	68
DLR00012709-2009-07-01_11-32-39	3	16	1183	254	1	30	114.327255201	7438	0	104	122	120	76	94	94	279	68	68
DLR00012709-2009-07-01_11-32-39	3	17	1227	243	0	0	114.327255201	7812	0				76	94	95	341	68	68
DLR00012709-2009-07-01_11-32-39	3	18	1286	259	1	31	114.327255201	8991	0	109	123	115	77	94	95	634	68	68
DLR00012709-2009-07-01_11-32-39	3	19	1364	243	0	0	114.327255201	8737	0				75	93	94	592	68	68
DLR00012709-2009-07-01_11-32-39	3	20	1433	243	0	0	114.327255201	7353	0				74	91	94	285	68	68
DLR00012709-2009-07-01_11-32-39	3	21	1501	243	0	0	114.327255201	7785	0				73	90	94	512	68	68
DLR00012709-2009-07-01_11-32-39	3	22	1570	243	0	0	114.327255201	8411	0				72	87	91	442	68	68
DLR00012709-2009-07-01_11-32-39	3	23	1638	243	0	0	114.327255201	8717	0				70	85	88	522	68	68
DLR00012709-2009-07-01_11-32-39	3	24	1707	242	0	0	114.327255201	10047	0				71	85	87	340	68	68
DLR00012709-2009-07-01_11-32-39	4	1	103	314	1	30	114.327255201	7923	0	106	115	116	79	90	92	592	68	68
DLR00012709-2009-07-01_11-32-39	4	2	198	311	0	0	114.327255201	7442	0				76	91	93	161	68	68
DLR00012709-2009-07-01_11-32-39	4	3	266	311	0	0	114.327255201	7961	0				78	93	96	337	68	68
DLR00012709-2009-07-01_11-32-39	4	4	335	311	0	0	114.327255201	6941	0				78	95	97	185	68	68
DLR00012709-2009-07-01_11-32-39	4	5	403	311	0	0	114.327255201	5919	0				79	96	98	319	68	68
DLR00012709-2009-07-01_11-32-39	4	6	472	311	0	0	114.327255201	5248	0				79	96	97	201	68	68
DLR00012709-2009-07-01_11-32-39	4	7	541	311	0	0	114.327255201	6436	0				79	96	97	313	68	68
DLR00012709-2009-07-01_11-32-39	4	8	609	311	0	0	114.327255201	5760	0				78	96	96	131	68	68
DLR00012709-2009-07-01_11-32-39	4	9	678	311	0	0	114.327255201	6372	0				78	95	95	267	68	68
DLR00012709-2009-07-01_11-32-39	4	10	746	311	0	0	114.327255201	7643	0				78	95	95	164	68	68
DLR00012709-2009-07-01_11-32-39	4	11	815	311	0	0	114.327255201	7489	0				77	94	95	188	68	68
DLR00012709-2009-07-01_11-32-39	4	12	884	311	0	0	114.327255201	7513	0				77	94	95	163	68	68
DLR00012709-2009-07-01_11-32-39	4	13	952	311	0	0	114.327255201	7964	0				76	94	95	204	68	68
DLR00012709-2009-07-01_11-32-39	4	14	1021	311	0	0	114.327255201	7949	0				76	94	95	130	68	68
DLR00012709-2009-07-01_11-32-39	4	15	1119	307	1	28	114.327255201	7482	0	105	119	115	76	94	94	251	68	68
DLR00012709-2009-07-01_11-32-39	4	16	1158	311	0	0	114.327255201	6806	0				76	93	94	198	68	68
DLR00012709-2009-07-01_11-32-39	4	17	1227	311	0	0	114.327255201	7545	0				76	93	94	280	68	68
DLR00012709-2009-07-01_11-32-39	4	18	1295	311	0	0	114.327255201	9222	0				76	93	95	637	68	68
DLR00012709-2009-07-01_11-32-39	4	19	1364	311	0	0	114.327255201	8186	0				75	92	94	351	68	68
DLR00012709-2009-07-01_11-32-39	4	20	1433	311	0	0	114.327255201	7550	0				74	91	94	292	68	68
DLR00012709-2009-07-01_11-32-39	4	21	1481	319	2	60	114.327255201	7817	0	106	116	112	74	91	94	427	68	68
DLR00012709-2009-07-01_11-32-39	4	22	1570	311	0	0	114.327255201	7625	0				72	88	92	337	68	68
DLR00012709-2009-07-01_11-32-39	4	23	1638	311	0	0	114.327255201	8249	0				70	86	89	542	68	68
DLR00012709-2009-07-01_11-32-39	4	24	1707	311	0	0	114.327255201	9565	0				71	85	87	261	68	68
DLR00012709-2009-07-01_11-32-39	5	1	129	378	0	0	114.327255201	8078	0				75	89	92	296	68	68
DLR00012709-2009-07-01_11-32-39	5	2	198	378	0	0	114.327255201	6936	0				77	91	94	258	68	68
DLR00012709-2009-07-01_11-32-39	5	3	266	378	0	0	114.327255201	8390	0				78	94	96	436	68	68
DLR00012709-2009-07-01_11-32-39	5	4	335	378	0	0	114.327255201	7125	0				78	95	97	226	68	68
DLR00012709-2009-07-01_11-32-39	5	5	403	378	0	0	114.327255201	6174	0				78	96	98	298	68	68
DLR00012709-2009-07-01_11-32-39	5	6	472	378	0	0	114.327255201	5139	0				78	96	97	149	68	68
DLR00012709-2009-07-01_11-32-39	5	7	541	378	0	0	114.327255201	6019	0				78	96	96	289	68	68
DLR00012709-2009-07-01_11-32-39	5	8	609	378	0	0	114.327255201	5658	0				78	95	96	208	68	68
DLR00012709-2009-07-01_11-32-39	5	9	678	378	0	0	114.327255201	6717	0				78	95	95	291	68	68
DLR00012709-2009-07-01_11-32-39	5	10	746	378	0	0	114.327255201	8127	0				78	95	95	129	68	68
DLR00012709-2009-07-01_11-32-39	5	11	815	378	0	0	114.327255201	7660	0				77	94	94	187	68	68
DLR00012709-2009-07-01_11-32-39	5	12	884	378	0	0	114.327255201	7918	0				77	94	94	158	68	68
DLR00012709-2009-07-01_11-32-39	5	13	952	378	0	0	114.327255201	7986	0				77	94	94	328	68	68
DLR00012709-2009-07-01_11-32-39	5	14	1013	373	1	29	114.327255201	7922	0	106	121	116	76	94	94	222	68	68
DLR00012709-2009-07-01_11-32-39	5	15	1098	390	1	29	114.327255201	7920	0	108	120	115	76	93	94	324	68	68
DLR00012709-2009-07-01_11-32-39	5	16	1158	378	0	0	114.327255201	7324	0				76	93	94	273	68	68
DLR00012709-2009-07-01_11-32-39	5	17	1227	378	0	0	114.327255201	8067	0				76	93	94	294	68	68
DLR00012709-2009-07-01_11-32-39	5	18	1295	378	0	0	114.327255201	7410	0				75	93	94	286	68	68
DLR00012709-2009-07-01_11-32-39	5	19	1364	378	0	0	114.327255201	7690	0				75	92	95	433	68	68
DLR00012709-2009-07-01_11-32-39	5	20	1433	378	0	0	114.327255201	7594	0				74	92	94	322	68	68
DLR00012709-2009-07-01_11-32-39	5	21	1501	378	0	0	114.327255201	7634	0				73	90	94	339	68	68
DLR00012709-2009-07-01_11-32-39	5	22	1561	387	3	110	114.327255201	6873	0	107	120	121	72	88	92	331	68	68
DLR00012709-2009-07-01_11-32-39	5	23	1609	384	1	30	114.327255201	7170	0	98	112	113	71	87	91	411	68	68
DLR00012709-2009-07-01_11-32-39	5	24	1707	378	0	0	114.327255201	8879	0				71	85	88	262	68	68
DLR00012709-2009-07-01_11-32-39	6	1	129	446	0	0	114.327255201	8031	0				75	89	92	261	68	68
DLR00012709-2009-07-01_11-32-39	6	2	198	446	0	0	114.327255201	7273	0				76	92	94	273	68	68
DLR00012709-2009-07-01_11-32-39	6	3	266	446	0	0	114.327255201	8487	0				78	94	96	392	68	68
DLR00012709-2009-07-01_11-32-39	6	4	335	446	0	0	114.327255201	6585	0				78	95	98	214	68	68
DLR00012709-2009-07-01_11-32-39	6	5	403	446	0	0	114.327255201	6065	0				78	96	98	261	68	68
DLR00012709-2009-07-01_11-32-39	6	6	472	446	0	0	114.327255201	5941	0				78	96	97	185	68	68
DLR00012709-2009-07-01_11-32-39	6	7	541	446	0	0	114.327255201	6061	0				78	96	96	273	68	68
DLR00012709-2009-07-01_11-32-39	6	8	609	446	0	0	114.327255201	6090	0				78	95	96	217	68	68
DLR00012709-2009-07-01_11-32-39	6	9	678	446	0	0	114.327255201	6939	0				78	95	95	202	68	68
DLR00012709-2009-07-01_11-32-39	6	10	746	446	0	0	114.327255201	8480	0				77	94	94	126	68	68
DLR00012709-2009-07-01_11-32-39	6	11	815	446	0	0	114.327255201	8021	0				77	94	94	253	68	68
DLR00012709-2009-07-01_11-32-39	6	12	884	446	0	0	114.327255201	7833	0				77	94	94	192	68	68
DLR00012709-2009-07-01_11-32-39	6	13	952	446	0	0	114.327255201	7700	0				77	94	94	336	68	68
DLR00012709-2009-07-01_11-32-39	6	14	1021	446	0	0	114.327255201	7373	0				77	93	94	166	68	68
DLR00012709-2009-07-01_11-32-39	6	15	1090	446	0	0	114.327255201	7619	0				76	93	94	246	68	68
DLR00012709-2009-07-01_11-32-39	6	16	1158	446	0	0	114.327255201	7372	0				76	93	93	224	68	68
DLR00012709-2009-07-01_11-32-39	6	17	1227	446	0	0	114.327255201	8065	0				75	93	94	287	68	68
DLR00012709-2009-07-01_11-32-39	6	18	1295	446	0	0	114.327255201	7561	0				75	92	94	236	68	68
DLR00012709-2009-07-01_11-32-39	6	19	1364	446	0	0	114.327255201	7311	0				74	92	95	367	68	68
DLR00012709-2009-07-01_11-32-39	6	20	1433	446	0	0	114.327255201	7747	0				73	92	94	309	68	68
DLR00012709-2009-07-01_11-32-39	6	21	1501	446	0	0	114.327255201	7327	0				73	90	94	339	68	68
DLR00012709-2009-07-01_11-32-39	6	22	1570	446	0	0	114.327255201	7597	0				71	88	92	324	68	68
DLR00012709-2009-07-01_11-32-39	6	23	1638	446	0	0	114.327255201	8954	0				70	87	90	537	68	68
DLR00012709-2009-07-01_11-32-39	6	24	1707	446	0	0	114.327255201	8885	0				70	86	88	249	68	68
DLR00012709-2009-07-01_11-32-39	7	1	129	514	0	0	114.327255201	8081	0				76	90	93	314	68	68
DLR00012709-2009-07-01_11-32-39	7	2	198	514	0	0	114.327255201	7322	0				76	92	95	233	68	68
DLR00012709-2009-07-01_11-32-39	7	3	266	514	0	0	114.327255201	8096	0				77	94	97	358	68	68
DLR00012709-2009-07-01_11-32-39	7	4	335	514	0	0	114.327255201	5580	0				78	95	97	169	68	68
DLR00012709-2009-07-01_11-32-39	7	5	403	514	0	0	114.327255201	5688	0				78	96	98	244	68	68
DLR00012709-2009-07-01_11-32-39	7	6	472	514	0	0	114.327255201	6311	0				78	96	97	174	68	68
DLR00012709-2009-07-01_11-32-39	7	7	541	514	0	0	114.327255201	5963	0				78	96	96	276	68	68
DLR00012709-2009-07-01_11-32-39	7	8	609	514	0	0	114.327255201	6111	0				78	95	96	202	68	68
DLR00012709-2009-07-01_11-32-39	7	9	678	514	0	0	114.327255201	7404	0				78	95	95	277	68	68
DLR00012709-2009-07-01_11-32-39	7	10	746	514	0	0	114.327255201	8159	0				77	94	94	155	68	68
DLR00012709-2009-07-01_11-32-39	7	11	815	514	0	0	114.327255201	8601	0				78	94	94	264	68	68
DLR00012709-2009-07-01_11-32-39	7	12	889	492	1	33	114.327255201	7816	0	111	123	123	77	94	94	167	68	68
DLR00012709-2009-07-01_11-32-39	7	13	952	514	0	0	114.327255201	7389	0				77	93	93	280	68	68
DLR00012709-2009-07-01_11-32-39	7	14	1021	514	0	0	114.327255201	6519	0				77	93	93	207	68	68
DLR00012709-2009-07-01_11-32-39	7	15	1090	514	0	0	114.327255201	7642	0				76	93	93	253	68	68
DLR00012709-2009-07-01_11-32-39	7	16	1158	514	0	0	114.327255201	7445	0				76	92	93	165	68	68
DLR00012709-2009-07-01_11-32-39	7	17	1227	514	0	0	114.327255201	8196	0				75	93	93	429	68	68
DLR00012709-2009-07-01_11-32-39	7	18	1295	514	0	0	114.327255201	7725	0				75	92	94	412	68	68
DLR00012709-2009-07-01_11-32-39	7	19	1364	514	0	0	114.327255201	7681	0				74	92	94	344	68	68
DLR00012709-2009-07-01_11-32-39	7	20	1433	514	0	0	114.327255201	7311	0				73	91	94	245	68	68
DLR00012709-2009-07-01_11-32-39	7	21	1501	514	0	0	114.327255201	8101	0				72	90	94	369	68	68
DLR00012709-2009-07-01_11-32-39	7	22	1570	514	0	0	114.327255201	7473	0				71	89	92	340	68	68
DLR00012709-2009-07-01_11-32-39	7	23	1638	514	0	0	114.327255201	8006	0				70	87	90	417	68	68
DLR00012709-2009-07-01_11-32-39	7	24	1707	514	0	0	114.327255201	8884	0				70	86	88	311	68	68
DLR00012709-2009-07-01_11-32-39	8	1	129	582	0	0	114.327255201	7581	0				76	91	93	265	68	68
DLR00012709-2009-07-01_11-32-39	8	2	198	582	0	0	114.327255201	7112	0				76	92	95	229	68	68
DLR00012709-2009-07-01_11-32-39	8	3	266	582	0	0	114.327255201	8819	0				77	94	97	343	68	68
DLR00012709-2009-07-01_11-32-39	8	4	335	582	0	0	114.327255201	5902	0				78	95	97	131	68	68
DLR00012709-2009-07-01_11-32-39	8	5	403	582	0	0	114.327255201	6282	0				78	96	97	266	68	68
DLR00012709-2009-07-01_11-32-39	8	6	472	582	0	0	114.327255201	5592	0				78	96	97	194	68	68
DLR00012709-2009-07-01_11-32-39	8	7	541	582	0	0	114.327255201	5564	0				78	95	96	261	68	68
DLR00012709-2009-07-01_11-32-39	8	8	609	582	0	0	114.327255201	7178	0				78	95	95	160	68	68
DLR00012709-2009-07-01_11-32-39	8	9	678	582	0	0	114.327255201	8819	0				77	94	95	239	68	68
DLR00012709-2009-07-01_11-32-39	8	10	746	582	0	0	114.327255201	7482	0				77	94	94	154	68	68
DLR00012709-2009-07-01_11-32-39	8	11	791	584	5	166	114.327255201	8046	0	113	125	117	77	94	94	204	68	68
DLR00012709-2009-07-01_11-32-39	8	12	884	582	0	0	114.327255201	7820	0				78	94	93	267	68	68
DLR00012709-2009-07-01_11-32-39	8	13	952	582	0	0	114.327255201	7175	0				77	93	93	219	68	68
DLR00012709-2009-07-01_11-32-39	8	14	1021	582	0	0	114.327255201	6564	0				77	93	93	176	68	68
DLR00012709-2009-07-01_11-32-39	8	15	1090	582	0	0	114.327255201	7137	0				76	93	93	154	68	68
DLR00012709-2009-07-01_11-32-39	8	16	1180	584	3	104	114.327255201	7350	0	110	123	123	75	92	93	234	68	68
DLR00012709-2009-07-01_11-32-39	8	17	1227	582	0	0	114.327255201	7804	0				75	92	93	258	68	68
DLR00012709-2009-07-01_11-32-39	8	18	1295	582	0	0	114.327255201	7508	0				74	92	93	209	68	68
DLR00012709-2009-07-01_11-32-39	8	19	1364	582	0	0	114.327255201	7489	0				73	91	94	283	68	68
DLR00012709-2009-07-01_11-32-39	8	20	1433	582	0	0	114.327255201	7326	0				73	91	94	205	68	68
DLR00012709-2009-07-01_11-32-39	8	21	1501	582	0	0	114.327255201	7741	0				72	90	93	330	68	68
DLR00012709-2009-07-01_11-32-39	8	22	1570	582	0	0	114.327255201	7388	0				71	89	92	278	68	68
DLR00012709-2009-07-01_11-32-39	8	23	1638	582	0	0	114.327255201	7813	0				70	87	90	387	68	68
DLR00012709-2009-07-01_11-32-39	8	24	1679	578	4	127	114.327255201	7802	0	101	111	106	69	86	88	329	68	68
DLR00012709-2009-07-01_11-32-39	9	1	129	650	0	0	114.327255201	8029	0				76	91	94	289	68	68
DLR00012709-2009-07-01_11-32-39	9	2	198	650	0	0	114.327255201	7821	0				76	93	95	339	68	68
DLR00012709-2009-07-01_11-32-39	9	3	266	650	0	0	114.327255201	8392	0				77	94	96	339	68	68
DLR00012709-2009-07-01_11-32-39	9	4	335	650	0	0	114.327255201	6775	0				78	95	97	248	68	68
DLR00012709-2009-07-01_11-32-39	9	5	403	650	0	0	114.327255201	6464	0				78	96	97	291	68	68
DLR00012709-2009-07-01_11-32-39	9	6	472	650	0	0	114.327255201	5554	0				78	96	97	272	68	68
DLR00012709-2009-07-01_11-32-39	9	7	541	650	0	0	114.327255201	6180	0				78	95	96	241	68	68
DLR00012709-2009-07-01_11-32-39	9	8	609	650	0	0	114.327255201	8058	0				77	95	95	234	68	68
DLR00012709-2009-07-01_11-32-39	9	9	678	650	0	0	114.327255201	8342	0				77	94	94	248	68	68
DLR00012709-2009-07-01_11-32-39	9	10	746	650	0	0	114.327255201	7915	0				77	94	94	180	68	68
DLR00012709-2009-07-01_11-32-39	9	11	815	650	0	0	114.327255201	8054	0				77	94	94	338	68	68
DLR00012709-2009-07-01_11-32-39	9	12	884	650	0	0	114.327255201	7218	0				77	94	93	179	68	68
DLR00012709-2009-07-01_11-32-39	9	13	952	650	0	0	114.327255201	7442	0				77	93	93	327	68	68
DLR00012709-2009-07-01_11-32-39	9	14	1021	650	0	0	114.327255201	7340	0				76	93	93	206	68	68
DLR00012709-2009-07-01_11-32-39	9	15	1090	650	0	0	114.327255201	7968	0				76	92	92	290	68	68
DLR00012709-2009-07-01_11-32-39	9	16	1158	650	0	0	114.327255201	7842	0				75	91	92	153	68	68
DLR00012709-2009-07-01_11-32-39	9	17	1227	650	0	0	114.327255201	7950	0				75	92	93	326	68	68
DLR00012709-2009-07-01_11-32-39	9	18	1295	650	0	0	114.327255201	7468	0				74	91	93	254	68	68
DLR00012709-2009-07-01_11-32-39	9	19	1364	650	0	0	114.327255201	7429	0				73	91	93	301	68	68
DLR00012709-2009-07-01_11-32-39	9	20	1433	650	0	0	114.327255201	7505	0				73	91	93	199	68	68
DLR00012709-2009-07-01_11-32-39	9	21	1501	650	0	0	114.327255201	7526	0				72	90	93	347	68	68
DLR00012709-2009-07-01_11-32-39	9	22	1570	650	0	0	114.327255201	7039	0				71	88	92	222	68	68
DLR00012709-2009-07-01_11-32-39	9	23	1638	650	0	0	114.327255201	8875	0				70	87	90	512	68	68
DLR00012709-2009-07-01_11-32-39	9	24	1707	650	0	0	114.327255201	9130	0				70	86	88	273	68	68
DLR00012709-2009-07-01_11-32-39	10	1	129	718	0	0	114.327255201	8828	0				77	92	94	529	68	68
DLR00012709-2009-07-01_11-32-39	10	2	198	718	0	0	114.327255201	7605	0				76	93	95	217	68	68
DLR00012709-2009-07-01_11-32-39	10	3	266	718	0	0	114.327255201	8248	0				77	94	96	315	68	68
DLR00012709-2009-07-01_11-32-39	10	4	335	718	0	0	114.327255201	7101	0				78	95	97	234	68	68
DLR00012709-2009-07-01_11-32-39	10	5	403	718	0	0	114.327255201	6690	0				78	96	97	341	68	68
DLR00012709-2009-07-01_11-32-39	10	6	472	718	0	0	114.327255201	6383	0				78	96	97	206	68	68
DLR00012709-2009-07-01_11-32-39	10	7	541	718	0	0	114.327255201	7438	0				77	95	96	301	68	68
DLR00012709-2009-07-01_11-32-39	10	8	609	718	0	0	114.327255201	7946	0				77	94	95	152	68	68
DLR00012709-2009-07-01_11-32-39	10	9	678	718	0	0	114.327255201	7702	0				77	94	94	219	68	68
DLR00012709-2009-07-01_11-32-39	10	10	733	707	1	28	114.327255201	7642	0	108	118	117	77	94	94	252	68	68
DLR00012709-2009-07-01_11-32-39	10	11	815	718	0	0	114.327255201	8040	0				77	94	93	225	68	68
DLR00012709-2009-07-01_11-32-39	10	12	884	718	0	0	114.327255201	7276	0				76	93	93	179	68	68
DLR00012709-2009-07-01_11-32-39	10	13	952	718	0	0	114.327255201	7356	0				76	93	93	194	68	68
DLR00012709-2009-07-01_11-32-39	10	14	1021	718	0	0	114.327255201	7339	0				76	93	92	188	68	68
DLR00012709-2009-07-01_11-32-39	10	15	1097	702	3	126	114.327255201	7556	0	118	130	120	75	92	92	281	68	68
DLR00012709-2009-07-01_11-32-39	10	16	1158	718	0	0	114.327255201	7122	0				74	91	91	189	68	68
DLR00012709-2009-07-01_11-32-39	10	17	1227	718	0	0	114.327255201	8099	0				75	91	92	311	68	68
DLR00012709-2009-07-01_11-32-39	10	18	1295	718	0	0	114.327255201	7191	0				73	91	92	180	68	68
DLR00012709-2009-07-01_11-32-39	10	19	1394	691	2	64	114.327255201	7866	0	104	119	117	72	90	93	254	68	68
DLR00012709-2009-07-01_11-32-39	10	20	1433	718	0	0	114.327255201	7383	0				72	90	93	172	68	68
DLR00012709-2009-07-01_11-32-39	10	21	1501	718	0	0	114.327255201	7792	0				72	89	93	340	68	68
DLR00012709-2009-07-01_11-32-39	10	22	1570	718	0	0	114.327255201	7422	0				71	88	91	384	68	68
DLR00012709-2009-07-01_11-32-39	10	23	1638	718	0	0	114.327255201	8726	0				71	87	89	547	68	68
DLR00012709-2009-07-01_11-32-39	10	24	1707	718	0	0	114.327255201	8636	0				70	85	88	311	68	68
DLR00012709-2009-07-01_11-32-39	11	1	129	785	0	0	114.327255201	8351	0				77	92	94	292	68	68
DLR00012709-2009-07-01_11-32-39	11	2	198	785	0	0	114.327255201	7704	0				77	93	95	244	68	68
DLR00012709-2009-07-01_11-32-39	11	3	266	785	0	0	114.327255201	8764	0				78	94	96	413	68	68
DLR00012709-2009-07-01_11-32-39	11	4	335	785	0	0	114.327255201	6749	0				78	95	97	240	68	68
DLR00012709-2009-07-01_11-32-39	11	5	403	785	0	0	114.327255201	6246	0				78	96	97	318	68	68
DLR00012709-2009-07-01_11-32-39	11	6	472	785	0	0	114.327255201	6906	0				77	95	96	183	68	68
DLR00012709-2009-07-01_11-32-39	11	7	541	785	0	0	114.327255201	8751	0				77	95	96	337	68	68
DLR00012709-2009-07-01_11-32-39	11	8	609	785	0	0	114.327255201	7427	0				77	94	94	190	68	68
DLR00012709-2009-07-01_11-32-39	11	9	678	785	0	0	114.327255201	7928	0				77	94	94	289	68	68
DLR00012709-2009-07-01_11-32-39	11	10	746	785	0	0	114.327255201	6680	0				76	93	93	129	68	68
DLR00012709-2009-07-01_11-32-39	11	11	815	785	0	0	114.327255201	7216	0				76	93	93	261	68	68
DLR00012709-2009-07-01_11-32-39	11	12	884	785	0	0	114.327255201	7076	0				76	93	93	164	68	68
DLR00012709-2009-07-01_11-32-39	11	13	952	785	0	0	114.327255201	7906	0				76	93	92	273	68	68
DLR00012709-2009-07-01_11-32-39	11	14	1020	815	2	100	114.327255201	7529	0	126	137	135	75	91	92	228	68	68
DLR00012709-2009-07-01_11-32-39	11	15	1090	785	0	0	114.327255201	7456	0				74	91	91	239	68	68
DLR00012709-2009-07-01_11-32-39	11	16	1158	785	0	0	114.327255201	7402	0				74	90	91	170	68	68
DLR00012709-2009-07-01_11-32-39	11	17	1228	786	0	0	114.327255201	8427	0				74	91	92	261	68	68
DLR00012709-2009-07-01_11-32-39	11	18	1295	785	0	0	114.327255201	7798	0				74	91	92	237	68	68
DLR00012709-2009-07-01_11-32-39	11	19	1364	785	0	0	114.327255201	7842	0				73	90	92	325	68	68
DLR00012709-2009-07-01_11-32-39	11	20	1433	785	0	0	114.327255201	7287	0				72	90	92	207	68	68
DLR00012709-2009-07-01_11-32-39	11	21	1501	785	0	0	114.327255201	7734	0				72	89	92	309	68	68
DLR00012709-2009-07-01_11-32-39	11	22	1570	785	0	0	114.327255201	7549	0				71	88	91	240	68	68
DLR00012709-2009-07-01_11-32-39	11	23	1638	785	0	0	114.327255201	8434	0				70	86	89	499	68	68
DLR00012709-2009-07-01_11-32-39	11	24	1707	785	0	0	114.327255201	8362	0				70	85	87	258	68	68
DLR00012709-2009-07-01_11-32-39	12	1	129	853	0	0	114.327255201	8324	0				77	91	93	283	68	68
DLR00012709-2009-07-01_11-32-39	12	2	198	853	0	0	114.327255201	7382	0				76	92	94	239	68	68
DLR00012709-2009-07-01_11-32-39	12	3	266	853	0	0	114.327255201	8168	0				77	94	96	310	68	68
DLR00012709-2009-07-01_11-32-39	12	4	335	853	0	0	114.327255201	8062	0				78	95	97	405	68	68
DLR00012709-2009-07-01_11-32-39	12	5	403	853	0	0	114.327255201	6614	0				78	95	97	331	68	68
DLR00012709-2009-07-01_11-32-39	12	6	472	853	0	0	114.327255201	7811	0				77	95	96	108	68	68
DLR00012709-2009-07-01_11-32-39	12	7	541	853	0	0	114.327255201	7541	0				76	94	95	293	68	68
DLR00012709-2009-07-01_11-32-39	12	8	609	853	0	0	114.327255201	7666	0				76	93	94	223	68	68
DLR00012709-2009-07-01_11-32-39	12	9	678	853	0	0	114.327255201	7626	0				76	93	94	213	68	68
DLR00012709-2009-07-01_11-32-39	12	10	724	821	1	38	114.327255201	7169	0	116	127	125	76	93	93	205	68	68
DLR00012709-2009-07-01_11-32-39	12	11	815	853	0	0	114.327255201	7231	0				76	92	93	266	68	68
DLR00012709-2009-07-01_11-32-39	12	12	884	853	0	0	114.327255201	6776	0				75	92	92	175	68	68
DLR00012709-2009-07-01_11-32-39	12	13	952	853	0	0	114.327255201	7532	0				75	92	92	198	68	68
DLR00012709-2009-07-01_11-32-39	12	14	1021	853	0	0	114.327255201	7540	0				74	91	91	240	68	68
DLR00012709-2009-07-01_11-32-39	12	15	1120	846	2	69	114.327255201	7373	0	109	121	119	74	90	91	295	68	68
DLR00012709-2009-07-01_11-32-39	12	16	1158	853	0	0	114.327255201	7367	0				73	90	91	232	68	68
DLR00012709-2009-07-01_11-32-39	12	17	1227	853	0	0	114.327255201	8419	0				74	90	91	292	68	68
DLR00012709-2009-07-01_11-32-39	12	18	1295	853	0	0	114.327255201	7494	0				73	90	92	182	68	68
DLR00012709-2009-07-01_11-32-39	12	19	1364	853	0	0	114.327255201	7716	0				72	90	92	286	68	68
DLR00012709-2009-07-01_11-32-39	12	20	1433	853	0	0	114.327255201	7571	0				72	89	91	267	68	68
DLR00012709-2009-07-01_11-32-39	12	21	1501	853	0	0	114.327255201	7574	0				72	88	91	485	68	68
DLR00012709-2009-07-01_11-32-39	12	22	1570	853	0	0	114.327255201	7330	0				71	87	90	253	68	68
DLR00012709-2009-07-01_11-32-39	12	23	1638	853	0	0	114.327255201	8551	0				70	85	88	323	68	68
DLR00012709-2009-07-01_11-32-39	12	24	1707	853	0	0	114.327255201	8946	0				70	84	86	306	68	68
DLR00012709-2009-07-01_11-32-39	13	1	129	921	0	0	114.327255201	8599	0				77	91	93	337	68	68
DLR00012709-2009-07-01_11-32-39	13	2	198	921	0	0	114.327255201	7380	0				76	92	94	232	68	68
DLR00012709-2009-07-01_11-32-39	13	3	266	921	0	0	114.327255201	7556	0				77	93	95	399	68	68
DLR00012709-2009-07-01_11-32-39	13	4	335	921	0	0	114.327255201	8335	0				77	94	96	232	68	68
DLR00012709-2009-07-01_11-32-39	13	5	403	921	0	0	114.327255201	7777	0				78	95	96	294	68	68
DLR00012709-2009-07-01_11-32-39	13	6	472	921	0	0	114.327255201	8292	0				77	94	96	270	68	68
DLR00012709-2009-07-01_11-32-39	13	7	541	921	0	0	114.327255201	8215	0				77	94	95	250	68	68
DLR00012709-2009-07-01_11-32-39	13	8	609	921	0	0	114.327255201	7062	0				76	93	94	190	68	68
DLR00012709-2009-07-01_11-32-39	13	9	678	921	0	0	114.327255201	7197	0				76	93	93	248	68	68
DLR00012709-2009-07-01_11-32-39	13	10	746	921	0	0	114.327255201	7415	0				75	92	93	244	68	68
DLR00012709-2009-07-01_11-32-39	13	11	815	921	0	0	114.327255201	7489	0				75	92	92	261	68	68
DLR00012709-2009-07-01_11-32-39	13	12	884	951	2	76	114.327255201	7187	0	111	126	123	75	91	91	201	68	68
DLR00012709-2009-07-01_11-32-39	13	13	952	921	0	0	114.327255201	7405	0				74	91	91	310	68	68
DLR00012709-2009-07-01_11-32-39	13	14	1021	921	0	0	114.327255201	7408	0				74	90	91	270	68	68
DLR00012709-2009-07-01_11-32-39	13	15	1090	921	0	0	114.327255201	7747	0				73	90	90	276	68	68
DLR00012709-2009-07-01_11-32-39	13	16	1158	921	0	0	114.327255201	7473	0				73	89	90	218	68	68
DLR00012709-2009-07-01_11-32-39	13	17	1227	921	0	0	114.327255201	7505	0				73	89	91	190	68	68
DLR00012709-2009-07-01_11-32-39	13	18	1295	921	0	0	114.327255201	7354	0				72	89	91	238	68	68
DLR00012709-2009-07-01_11-32-39	13	19	1364	921	0	0	114.327255201	7312	0				72	89	91	280	68	68
DLR00012709-2009-07-01_11-32-39	13	20	1433	921	0	0	114.327255201	7179	0				72	88	90	211	68	68
DLR00012709-2009-07-01_11-32-39	13	21	1501	921	0	0	114.327255201	8076	0				71	87	90	361	68	68
DLR00012709-2009-07-01_11-32-39	13	22	1570	921	0	0	114.327255201	7317	0				70	86	89	301	68	68
DLR00012709-2009-07-01_11-32-39	13	23	1638	921	0	0	114.327255201	8649	0				69	84	87	435	68	68
DLR00012709-2009-07-01_11-32-39	13	24	1707	921	0	0	114.327255201	8856	0				69	83	86	258	68	68
DLR00012709-2009-07-01_11-32-39	14	1	129	989	0	0	114.327255201	8861	0				76	90	92	314	68	68
DLR00012709-2009-07-01_11-32-39	14	2	198	989	0	0	114.327255201	6493	0				75	91	93	244	68	68
DLR00012709-2009-07-01_11-32-39	14	3	266	989	0	0	114.327255201	7799	0				77	92	95	459	68	68
DLR00012709-2009-07-01_11-32-39	14	4	335	989	0	0	114.327255201	7612	0				77	94	96	270	68	68
DLR00012709-2009-07-01_11-32-39	14	5	403	989	0	0	114.327255201	8369	0				78	94	96	312	68	68
DLR00012709-2009-07-01_11-32-39	14	6	472	989	0	0	114.327255201	7662	0				77	94	96	193	68	68
DLR00012709-2009-07-01_11-32-39	14	7	541	989	0	0	114.327255201	8399	0				77	94	95	273	68	68
DLR00012709-2009-07-01_11-32-39	14	8	609	989	0	0	114.327255201	7395	0				76	93	94	232	68	68
DLR00012709-2009-07-01_11-32-39	14	9	678	989	0	0	114.327255201	7653	0				75	92	93	173	68	68
DLR00012709-2009-07-01_11-32-39	14	10	746	989	0	0	114.327255201	6948	0				75	92	92	187	68	68
DLR00012709-2009-07-01_11-32-39	14	11	815	989	0	0	114.327255201	7400	0				75	91	92	236	68	68
DLR00012709-2009-07-01_11-32-39	14	12	884	989	0	0	114.327255201	7202	0				74	91	91	182	68	68
DLR00012709-2009-07-01_11-32-39	14	13	952	989	0	0	114.327255201	7845	0				73	90	91	245	68	68
DLR00012709-2009-07-01_11-32-39	14	14	1021	989	0	0	114.327255201	7250	0				73	89	90	187	68	68
DLR00012709-2009-07-01_11-32-39	14	15	1088	1000	7	209	114.327255201	9104	0	103	114	105	72	89	90	337	68	68
DLR00012709-2009-07-01_11-32-39	14	16	1158	989	0	0	114.327255201	7304	0				72	88	90	192	68	68
DLR00012709-2009-07-01_11-32-39	14	17	1227	989	0	0	114.327255201	7407	0				72	89	90	276	68	68
DLR00012709-2009-07-01_11-32-39	14	18	1295	989	0	0	114.327255201	6963	0				72	89	91	160	68	68
DLR00012709-2009-07-01_11-32-39	14	19	1364	989	0	0	114.327255201	7478	0				72	88	90	303	68	68
DLR00012709-2009-07-01_11-32-39	14	20	1433	989	0	0	114.327255201	6949	0				71	88	90	197	68	68
DLR00012709-2009-07-01_11-32-39	14	21	1501	989	0	0	114.327255201	7714	0				71	87	90	320	68	68
DLR00012709-2009-07-01_11-32-39	14	22	1570	989	0	0	114.327255201	7274	0				70	85	88	201	68	68
DLR00012709-2009-07-01_11-32-39	14	23	1638	989	0	0	114.327255201	7759	0				69	83	87	313	68	68
DLR00012709-2009-07-01_11-32-39	14	24	1707	989	0	0	114.327255201	9569	0				69	83	86	206	68	68
DLR00012709-2009-07-01_11-32-39	15	1	129	1057	0	0	114.327255201	8744	0				76	89	92	273	68	68
DLR00012709-2009-07-01_11-32-39	15	2	198	1057	0	0	114.327255201	7140	0				75	90	94	232	68	68
DLR00012709-2009-07-01_11-32-39	15	3	266	1057	0	0	114.327255201	7879	0				77	92	96	457	68	68
DLR00012709-2009-07-01_11-32-39	15	4	335	1057	0	0	114.327255201	8231	0				77	94	97	238	68	68
DLR00012709-2009-07-01_11-32-39	15	5	403	1057	0	0	114.327255201	8280	0				77	94	97	251	68	68
DLR00012709-2009-07-01_11-32-39	15	6	472	1057	0	0	114.327255201	7858	0				77	93	96	137	68	68
DLR00012709-2009-07-01_11-32-39	15	7	541	1057	0	0	114.327255201	8319	0				77	94	96	251	68	68
DLR00012709-2009-07-01_11-32-39	15	8	609	1057	0	0	114.327255201	7281	0				76	93	95	188	68	68
DLR00012709-2009-07-01_11-32-39	15	9	678	1057	0	0	114.327255201	7090	0				75	92	94	299	68	68
DLR00012709-2009-07-01_11-32-39	15	10	746	1057	0	0	114.327255201	6931	0				74	91	92	154	68	68
DLR00012709-2009-07-01_11-32-39	15	11	815	1057	0	0	114.327255201	7243	0				73	90	92	225	68	68
DLR00012709-2009-07-01_11-32-39	15	12	884	1057	0	0	114.327255201	6867	0				73	90	91	181	68	68
DLR00012709-2009-07-01_11-32-39	15	13	952	1057	0	0	114.327255201	7553	0				72	89	91	237	68	68
DLR00012709-2009-07-01_11-32-39	15	14	1021	1057	0	0	114.327255201	7432	0				72	88	90	270	68	68
DLR00012709-2009-07-01_11-32-39	15	15	1090	1057	0	0	114.327255201	7619	0				72	88	90	272	68	68
DLR00012709-2009-07-01_11-32-39	15	16	1158	1057	0	0	114.327255201	6753	0				71	88	90	155	68	68
DLR00012709-2009-07-01_11-32-39	15	17	1227	1057	0	0	114.327255201	7357	0				71	88	91	224	68	68
DLR00012709-2009-07-01_11-32-39	15	18	1295	1057	0	0	114.327255201	7436	0				72	89	91	183	68	68
DLR00012709-2009-07-01_11-32-39	15	19	1346	1064	1	28	114.327255201	7711	0	101	113	108	72	89	91	351	68	68
DLR00012709-2009-07-01_11-32-39	15	20	1433	1057	0	0	114.327255201	7510	0				72	88	91	207	68	68
DLR00012709-2009-07-01_11-32-39	15	21	1501	1057	0	0	114.327255201	8238	0				72	88	91	340	68	68
DLR00012709-2009-07-01_11-32-39	15	22	1570	1057	0	0	114.327255201	6708	0				70	85	89	217	68	68
DLR00012709-2009-07-01_11-32-39	15	23	1638	1057	0	0	114.327255201	7974	0				69	84	87	258	68	68
DLR00012709-2009-07-01_11-32-39	15	24	1707	1057	0	0	114.327255201	9634	0				69	83	86	214	68	68
DLR00012709-2009-07-01_11-32-39	16	1	129	1124	0	0	114.327255201	16972	0				85	96	97	1050	68	68
DLR00012709-2009-07-01_11-32-39	16	2	198	1124	2	64	114.327255201	15554	0	113	122	122	86	98	99	974	68	68
DLR00012709-2009-07-01_11-32-39	16	3	247	1098	7	393	114.327255201	7819	0	133	143	144	78	93	96	414	68	68
DLR00012709-2009-07-01_11-32-39	16	4	335	1124	2	57	114.327255201	13680	0	126	135	133	86	99	102	794	68	68
DLR00012709-2009-07-01_11-32-39	16	5	403	1124	0	0	114.327255201	12776	0				83	98	101	676	68	68
DLR00012709-2009-07-01_11-32-39	16	6	472	1124	1	34	114.327255201	10835	0	116	128	129	81	96	99	616	68	68
DLR00012709-2009-07-01_11-32-39	16	7	541	1124	0	0	114.327255201	10410	0				81	96	98	593	68	68
DLR00012709-2009-07-01_11-32-39	16	8	609	1124	0	0	114.327255201	9414	0				79	95	97	372	68	68
DLR00012709-2009-07-01_11-32-39	16	9	678	1124	0	0	114.327255201	10013	0				78	94	96	565	68	68
DLR00012709-2009-07-01_11-32-39	16	10	746	1124	0	0	114.327255201	9540	0				76	92	94	506	68	68
DLR00012709-2009-07-01_11-32-39	16	11	815	1124	0	0	114.327255201	10707	0				77	93	94	528	68	68
DLR00012709-2009-07-01_11-32-39	16	12	884	1124	0	0	114.327255201	10988	0				77	93	95	510	68	68
DLR00012709-2009-07-01_11-32-39	16	13	952	1124	0	0	114.327255201	11505	0				77	93	94	719	68	68
DLR00012709-2009-07-01_11-32-39	16	14	995	1123	4	124	114.327255201	10463	0	115	114	100	76	92	94	555	68	68
DLR00012709-2009-07-01_11-32-39	16	15	1090	1124	0	0	114.327255201	10550	0				76	92	94	522	68	68
DLR00012709-2009-07-01_11-32-39	16	16	1158	1124	0	0	114.327255201	10111	0				76	92	95	473	68	68
DLR00012709-2009-07-01_11-32-39	16	17	1227	1124	0	0	114.327255201	11641	0				78	94	96	721	68	68
DLR00012709-2009-07-01_11-32-39	16	18	1295	1124	0	0	114.327255201	11604	0				79	95	97	755	68	68
DLR00012709-2009-07-01_11-32-39	16	19	1364	1124	0	0	114.327255201	12316	0				80	94	97	855	68	68
DLR00012709-2009-07-01_11-32-39	16	20	1431	1122	0	0	114.327255201	13489	0				79	94	96	672	68	68
DLR00012709-2009-07-01_11-32-39	16	21	1498	1120	6	184	114.327255201	14927	0	105	116	113	79	93	96	795	68	68
DLR00012709-2009-07-01_11-32-39	16	22	1570	1124	0	0	114.327255201	14268	0				79	92	95	977	68	68
DLR00012709-2009-07-01_11-32-39	16	23	1638	1124	0	0	114.327255201	16840	0				80	92	94	1024	68	68
DLR00012709-2009-07-01_11-32-39	16	24	1707	1124	2	56	114.327255201	16696	0	118	122	117	80	92	93	978	68	68
