DLR00012709-2009-07-02_08-58-15	1	1	143	116	613	12244	96.5150689855	15926	5	97	107	105	79	90	91	55	68	68
DLR00012709-2009-07-02_08-58-15	1	2	201	109	677	14235	96.5150689855	16931	4	97	109	108	81	93	94	93	68	68
DLR00012709-2009-07-02_08-58-15	1	3	267	109	883	18920	96.5150689855	21033	0	102	114	112	84	96	97	159	68	68
DLR00012709-2009-07-02_08-58-15	1	4	336	105	642	13050	96.5150689855	15691	1	103	115	114	86	99	100	132	68	68
DLR00012709-2009-07-02_08-58-15	1	5	406	110	1053	22221	96.5150689855	23002	0	104	117	115	84	99	100	186	68	68
DLR00012709-2009-07-02_08-58-15	1	6	470	104	587	11073	96.5150689855	14085	2	102	115	114	85	100	101	87	68	68
DLR00012709-2009-07-02_08-58-15	1	7	538	110	958	20383	96.5150689855	21308	0	103	118	115	84	100	101	177	68	68
DLR00012709-2009-07-02_08-58-15	1	8	613	111	758	15265	96.5150689855	16759	0	103	117	115	83	99	100	143	68	68
DLR00012709-2009-07-02_08-58-15	1	9	682	111	935	18919	96.5150689855	20671	0	103	118	115	83	99	100	116	68	68
DLR00012709-2009-07-02_08-58-15	1	10	748	99	568	10405	96.5150689855	14088	7	102	116	113	87	103	102	107	68	68
DLR00012709-2009-07-02_08-58-15	1	11	817	104	994	21086	96.5150689855	23058	4	104	119	115	87	102	101	130	68	68
DLR00012709-2009-07-02_08-58-15	1	12	883	104	770	15265	96.5150689855	18177	2	103	118	114	86	102	101	110	68	68
DLR00012709-2009-07-02_08-58-15	1	13	953	101	1226	25867	96.5150689855	28073	3	106	119	115	89	104	102	133	68	68
DLR00012709-2009-07-02_08-58-15	1	14	1026	94	619	10731	96.5150689855	14952	5	101	115	112	89	104	103	62	68	68
DLR00012709-2009-07-02_08-58-15	1	15	1092	102	1138	25268	96.5150689855	27359	6	104	119	115	87	102	101	198	68	68
DLR00012709-2009-07-02_08-58-15	1	16	1156	100	758	15375	96.5150689855	18613	7	103	117	114	87	102	102	156	68	68
DLR00012709-2009-07-02_08-58-15	1	17	1225	103	1104	24078	96.5150689855	25886	4	105	119	116	87	102	101	176	68	68
DLR00012709-2009-07-02_08-58-15	1	18	1295	100	826	16192	96.5150689855	19511	8	102	116	113	87	101	101	208	68	68
DLR00012709-2009-07-02_08-58-15	1	19	1365	103	1195	27091	96.5150689855	28830	2	104	117	115	86	100	100	177	68	68
DLR00012709-2009-07-02_08-58-15	1	20	1432	103	791	16849	96.5150689855	19643	3	101	113	112	84	97	98	181	68	68
DLR00012709-2009-07-02_08-58-15	1	21	1499	105	1320	31043	96.5150689855	32557	3	102	114	111	83	96	96	201	68	68
DLR00012709-2009-07-02_08-58-15	1	22	1568	99	823	15974	96.5150689855	19955	3	95	107	105	82	94	94	132	68	68
DLR00012709-2009-07-02_08-58-15	1	23	1636	103	1139	26317	96.5150689855	28251	4	97	108	106	80	91	91	117	68	68
DLR00012709-2009-07-02_08-58-15	1	24	1698	110	159	3270	96.5150689855	9831	4	105	112	107	80	90	90	29	68	68
DLR00012709-2009-07-02_08-58-15	2	1	133	176	1195	24640	96.5150689855	26352	0	92	104	103	75	88	89	34	68	68
DLR00012709-2009-07-02_08-58-15	2	2	201	177	533	12158	96.5150689855	15329	0	96	109	107	76	90	91	155	68	68
DLR00012709-2009-07-02_08-58-15	2	3	268	172	1154	30560	96.5150689855	31069	0	104	116	113	80	94	95	328	68	68
DLR00012709-2009-07-02_08-58-15	2	4	334	173	410	8875	96.5150689855	12852	0	99	112	111	79	94	96	139	68	68
DLR00012709-2009-07-02_08-58-15	2	5	404	175	872	20104	96.5150689855	21865	0	101	115	113	80	96	97	190	68	68
DLR00012709-2009-07-02_08-58-15	2	6	471	174	515	11038	96.5150689855	14243	0	99	114	112	79	96	97	142	68	68
DLR00012709-2009-07-02_08-58-15	2	7	542	175	811	19289	96.5150689855	21027	0	101	117	113	80	97	97	213	68	68
DLR00012709-2009-07-02_08-58-15	2	8	609	173	505	11040	96.5150689855	14221	2	99	114	112	79	96	96	149	68	68
DLR00012709-2009-07-02_08-58-15	2	9	681	173	967	25379	96.5150689855	25665	0	103	119	114	79	96	96	336	68	68
DLR00012709-2009-07-02_08-58-15	2	10	746	169	484	11116	96.5150689855	14220	0	99	115	111	78	95	95	150	68	68
DLR00012709-2009-07-02_08-58-15	2	11	817	170	1011	24687	96.5150689855	26108	0	101	116	112	79	96	96	180	68	68
DLR00012709-2009-07-02_08-58-15	2	12	881	174	526	11207	96.5150689855	14482	0	98	113	110	79	96	95	114	68	68
DLR00012709-2009-07-02_08-58-15	2	13	949	171	810	20523	96.5150689855	21979	1	101	117	112	79	95	95	261	68	68
DLR00012709-2009-07-02_08-58-15	2	14	1021	169	603	13594	96.5150689855	16075	0	97	113	109	76	94	94	159	68	68
DLR00012709-2009-07-02_08-58-15	2	15	1090	171	1079	29293	96.5150689855	29687	0	102	117	113	77	94	94	313	68	68
DLR00012709-2009-07-02_08-58-15	2	16	1155	172	523	11591	96.5150689855	14624	2	97	112	110	77	94	94	114	68	68
DLR00012709-2009-07-02_08-58-15	2	17	1226	173	950	23353	96.5150689855	24080	0	100	115	112	78	94	95	294	68	68
DLR00012709-2009-07-02_08-58-15	2	18	1290	174	634	14716	96.5150689855	17193	0	98	113	111	77	94	94	203	68	68
DLR00012709-2009-07-02_08-58-15	2	19	1362	170	858	22350	96.5150689855	23652	0	101	115	112	78	94	95	269	68	68
DLR00012709-2009-07-02_08-58-15	2	20	1429	168	685	15807	96.5150689855	17527	0	96	110	109	75	91	93	211	68	68
DLR00012709-2009-07-02_08-58-15	2	21	1500	169	1270	36668	96.5150689855	36715	0	101	114	111	76	91	92	408	68	68
DLR00012709-2009-07-02_08-58-15	2	22	1566	170	840	21565	96.5150689855	22354	0	94	107	106	72	87	89	330	68	68
DLR00012709-2009-07-02_08-58-15	2	23	1632	169	1208	35147	96.5150689855	35628	0	95	107	105	71	85	87	347	68	68
DLR00012709-2009-07-02_08-58-15	2	24	1700	169	563	12382	96.5150689855	16187	0	89	101	100	72	85	86	100	68	68
DLR00012709-2009-07-02_08-58-15	3	1	138	242	1067	26671	96.5150689855	27724	0	97	108	106	76	88	90	203	68	68
DLR00012709-2009-07-02_08-58-15	3	2	204	238	820	21287	96.5150689855	22900	0	100	112	110	77	91	92	288	68	68
DLR00012709-2009-07-02_08-58-15	3	3	269	246	961	24860	96.5150689855	25403	0	103	115	112	79	93	94	354	68	68
DLR00012709-2009-07-02_08-58-15	3	4	336	246	670	15743	96.5150689855	18020	0	101	114	112	79	95	95	244	68	68
DLR00012709-2009-07-02_08-58-15	3	5	407	244	1094	26971	96.5150689855	26942	0	103	117	113	80	96	96	343	68	68
DLR00012709-2009-07-02_08-58-15	3	6	470	242	837	19940	96.5150689855	21184	0	102	116	113	80	96	96	272	68	68
DLR00012709-2009-07-02_08-58-15	3	7	541	242	938	24677	96.5150689855	25724	0	104	119	114	80	97	96	279	68	68
DLR00012709-2009-07-02_08-58-15	3	8	610	239	730	18328	96.5150689855	19933	0	103	117	113	79	96	95	286	68	68
DLR00012709-2009-07-02_08-58-15	3	9	681	244	1200	32675	96.5150689855	32781	1	105	119	113	79	96	95	325	68	68
DLR00012709-2009-07-02_08-58-15	3	10	750	242	793	18715	96.5150689855	19967	0	100	115	110	78	95	94	231	68	68
DLR00012709-2009-07-02_08-58-15	3	11	815	241	856	20604	96.5150689855	21369	0	100	115	110	78	95	94	250	68	68
DLR00012709-2009-07-02_08-58-15	3	12	885	239	676	15365	96.5150689855	17654	0	99	114	110	78	95	94	149	68	68
DLR00012709-2009-07-02_08-58-15	3	13	950	243	909	24261	96.5150689855	24800	0	103	118	112	79	96	95	322	68	68
DLR00012709-2009-07-02_08-58-15	3	14	1020	239	655	16605	96.5150689855	17873	0	101	116	111	78	95	94	280	68	68
DLR00012709-2009-07-02_08-58-15	3	15	1090	243	1208	35302	96.5150689855	35136	0	104	119	113	78	94	94	382	68	68
DLR00012709-2009-07-02_08-58-15	3	16	1160	240	811	21588	96.5150689855	22813	0	101	116	111	77	93	93	341	68	68
DLR00012709-2009-07-02_08-58-15	3	17	1228	240	1224	36337	96.5150689855	36121	0	105	119	114	78	95	94	383	68	68
DLR00012709-2009-07-02_08-58-15	3	18	1296	238	729	17190	96.5150689855	19114	0	98	113	109	77	93	93	199	68	68
DLR00012709-2009-07-02_08-58-15	3	19	1364	241	1456	45538	96.5150689855	44964	1	106	120	114	77	93	94	475	68	68
DLR00012709-2009-07-02_08-58-15	3	20	1433	240	691	17785	96.5150689855	19042	0	98	113	110	75	91	93	337	68	68
DLR00012709-2009-07-02_08-58-15	3	21	1501	242	1362	44882	96.5150689855	44335	0	104	118	114	75	91	92	522	68	68
DLR00012709-2009-07-02_08-58-15	3	22	1567	242	964	27307	96.5150689855	27434	0	97	110	108	73	88	90	430	68	68
DLR00012709-2009-07-02_08-58-15	3	23	1636	244	1487	48590	96.5150689855	48320	0	99	111	107	72	86	87	379	68	68
DLR00012709-2009-07-02_08-58-15	3	24	1700	240	908	23851	96.5150689855	25095	0	92	104	102	71	84	86	229	68	68
DLR00012709-2009-07-02_08-58-15	4	1	133	311	1061	27390	96.5150689855	28177	0	98	109	107	77	89	91	213	68	68
DLR00012709-2009-07-02_08-58-15	4	2	203	311	360	7969	96.5150689855	12198	0	96	109	108	76	91	92	101	68	68
DLR00012709-2009-07-02_08-58-15	4	3	266	313	1032	27444	96.5150689855	27784	0	103	116	113	79	93	94	375	68	68
DLR00012709-2009-07-02_08-58-15	4	4	335	313	425	9061	96.5150689855	12731	0	99	112	110	79	94	95	114	68	68
DLR00012709-2009-07-02_08-58-15	4	5	405	313	912	22196	96.5150689855	23338	0	103	116	113	80	96	97	259	68	68
DLR00012709-2009-07-02_08-58-15	4	6	474	307	414	9379	96.5150689855	13072	0	100	115	112	79	96	96	162	68	68
DLR00012709-2009-07-02_08-58-15	4	7	540	308	974	25093	96.5150689855	26145	0	104	118	114	80	96	96	261	68	68
DLR00012709-2009-07-02_08-58-15	4	8	609	310	468	9696	96.5150689855	13054	0	98	113	110	79	95	95	137	68	68
DLR00012709-2009-07-02_08-58-15	4	9	680	309	939	25024	96.5150689855	25629	0	104	119	113	79	96	95	344	68	68
DLR00012709-2009-07-02_08-58-15	4	10	744	310	514	12347	96.5150689855	14471	0	101	115	111	78	95	94	233	68	68
DLR00012709-2009-07-02_08-58-15	4	11	817	310	815	20656	96.5150689855	21741	0	101	116	111	78	95	94	249	68	68
DLR00012709-2009-07-02_08-58-15	4	12	883	308	501	11997	96.5150689855	14463	0	100	115	110	78	95	94	181	68	68
DLR00012709-2009-07-02_08-58-15	4	13	954	307	941	23990	96.5150689855	24891	0	102	117	111	79	96	94	283	68	68
DLR00012709-2009-07-02_08-58-15	4	14	1018	307	487	10676	96.5150689855	13490	0	98	113	109	78	94	94	125	68	68
DLR00012709-2009-07-02_08-58-15	4	15	1090	309	987	25245	96.5150689855	25583	0	101	116	111	78	94	94	295	68	68
DLR00012709-2009-07-02_08-58-15	4	16	1155	306	576	13466	96.5150689855	15647	0	98	113	109	77	93	93	203	68	68
DLR00012709-2009-07-02_08-58-15	4	17	1227	308	958	24203	96.5150689855	25147	0	100	114	110	77	94	93	245	68	68
DLR00012709-2009-07-02_08-58-15	4	18	1294	308	734	17495	96.5150689855	19310	0	98	113	110	77	93	93	221	68	68
DLR00012709-2009-07-02_08-58-15	4	19	1362	308	1272	36508	96.5150689855	35394	0	103	117	113	77	93	94	446	68	68
DLR00012709-2009-07-02_08-58-15	4	20	1432	307	727	17574	96.5150689855	18875	0	96	111	109	75	92	93	259	68	68
DLR00012709-2009-07-02_08-58-15	4	21	1498	306	1184	34051	96.5150689855	33350	0	100	114	111	75	91	93	434	68	68
DLR00012709-2009-07-02_08-58-15	4	22	1565	307	829	21791	96.5150689855	23221	0	95	109	107	73	88	90	271	68	68
DLR00012709-2009-07-02_08-58-15	4	23	1634	307	1426	44553	96.5150689855	44001	0	98	110	107	72	87	88	377	68	68
DLR00012709-2009-07-02_08-58-15	4	24	1700	307	816	21127	96.5150689855	23205	0	91	104	102	71	85	86	203	68	68
DLR00012709-2009-07-02_08-58-15	5	1	136	381	859	21247	96.5150689855	22756	0	97	108	107	76	89	91	207	68	68
DLR00012709-2009-07-02_08-58-15	5	2	203	381	613	16734	96.5150689855	18777	0	102	114	112	77	92	93	318	68	68
DLR00012709-2009-07-02_08-58-15	5	3	268	380	1382	38489	96.5150689855	38468	0	105	117	114	79	94	95	349	68	68
DLR00012709-2009-07-02_08-58-15	5	4	334	377	693	16229	96.5150689855	17916	0	101	115	113	79	95	96	241	68	68
DLR00012709-2009-07-02_08-58-15	5	5	407	378	929	24133	96.5150689855	25094	0	104	118	115	80	97	97	274	68	68
DLR00012709-2009-07-02_08-58-15	5	6	475	375	507	11452	96.5150689855	14703	0	100	115	112	79	96	96	154	68	68
DLR00012709-2009-07-02_08-58-15	5	7	542	379	964	26360	96.5150689855	27042	0	105	120	115	80	97	96	331	68	68
DLR00012709-2009-07-02_08-58-15	5	8	610	378	611	15730	96.5150689855	17512	0	103	118	113	79	96	95	359	68	68
DLR00012709-2009-07-02_08-58-15	5	9	682	379	1037	28292	96.5150689855	28813	0	105	120	113	80	96	95	291	68	68
DLR00012709-2009-07-02_08-58-15	5	10	748	376	552	13148	96.5150689855	15086	0	101	115	110	79	95	94	198	68	68
DLR00012709-2009-07-02_08-58-15	5	11	818	377	909	24350	96.5150689855	24659	0	103	117	112	79	95	94	372	68	68
DLR00012709-2009-07-02_08-58-15	5	12	881	375	652	15153	96.5150689855	16478	0	99	114	109	78	94	93	212	68	68
DLR00012709-2009-07-02_08-58-15	5	13	953	376	1111	33984	96.5150689855	33270	0	107	121	115	79	95	94	455	68	68
DLR00012709-2009-07-02_08-58-15	5	14	1021	374	574	13923	96.5150689855	16314	0	100	114	110	77	94	93	211	68	68
DLR00012709-2009-07-02_08-58-15	5	15	1092	379	1066	29158	96.5150689855	29063	0	103	117	112	78	94	94	331	68	68
DLR00012709-2009-07-02_08-58-15	5	16	1157	381	648	17960	96.5150689855	19504	0	103	117	112	77	93	93	331	68	68
DLR00012709-2009-07-02_08-58-15	5	17	1229	378	1068	29223	96.5150689855	29050	0	102	116	112	77	94	93	356	68	68
DLR00012709-2009-07-02_08-58-15	5	18	1294	377	622	15427	96.5150689855	17457	0	98	113	110	76	93	93	232	68	68
DLR00012709-2009-07-02_08-58-15	5	19	1364	376	1220	35956	96.5150689855	35712	0	103	118	114	77	93	94	373	68	68
DLR00012709-2009-07-02_08-58-15	5	20	1432	377	794	22120	96.5150689855	22999	0	100	115	112	75	92	93	372	68	68
DLR00012709-2009-07-02_08-58-15	5	21	1500	379	884	23549	96.5150689855	24405	0	98	112	110	74	91	93	307	68	68
DLR00012709-2009-07-02_08-58-15	5	22	1563	375	782	21400	96.5150689855	22131	0	97	110	108	72	88	91	365	68	68
DLR00012709-2009-07-02_08-58-15	5	23	1635	375	1139	34143	96.5150689855	33652	0	97	110	107	72	87	88	427	68	68
DLR00012709-2009-07-02_08-58-15	5	24	1702	375	743	19232	96.5150689855	21645	0	91	104	103	71	85	87	199	68	68
DLR00012709-2009-07-02_08-58-15	6	1	136	449	1182	27910	96.5150689855	28835	0	96	108	106	76	89	91	131	68	68
DLR00012709-2009-07-02_08-58-15	6	2	204	446	635	14290	96.5150689855	16727	0	97	110	108	77	92	93	154	68	68
DLR00012709-2009-07-02_08-58-15	6	3	269	446	1266	34783	96.5150689855	34798	0	105	117	114	79	94	95	358	68	68
DLR00012709-2009-07-02_08-58-15	6	4	336	448	446	9673	96.5150689855	13038	0	99	113	112	79	95	96	138	68	68
DLR00012709-2009-07-02_08-58-15	6	5	406	446	1034	26131	96.5150689855	26599	0	103	118	114	80	97	97	346	68	68
DLR00012709-2009-07-02_08-58-15	6	6	476	447	396	7846	96.5150689855	11831	0	97	112	110	78	95	96	48	68	68
DLR00012709-2009-07-02_08-58-15	6	7	540	447	846	20693	96.5150689855	22372	0	102	117	112	79	96	96	226	68	68
DLR00012709-2009-07-02_08-58-15	6	8	609	445	455	10081	96.5150689855	13062	0	99	114	111	78	95	95	184	68	68
DLR00012709-2009-07-02_08-58-15	6	9	678	445	773	19011	96.5150689855	20409	0	102	117	111	80	96	95	219	68	68
DLR00012709-2009-07-02_08-58-15	6	10	745	447	358	7369	96.5150689855	11018	0	97	112	108	78	94	93	65	68	68
DLR00012709-2009-07-02_08-58-15	6	11	818	444	986	25656	96.5150689855	25736	0	103	117	111	79	95	94	271	68	68
DLR00012709-2009-07-02_08-58-15	6	12	886	448	460	9898	96.5150689855	13256	0	97	112	108	78	94	93	84	68	68
DLR00012709-2009-07-02_08-58-15	6	13	950	444	808	21486	96.5150689855	22409	0	103	117	111	79	95	94	256	68	68
DLR00012709-2009-07-02_08-58-15	6	14	1021	445	444	9864	96.5150689855	13040	0	97	112	108	77	93	93	110	68	68
DLR00012709-2009-07-02_08-58-15	6	15	1089	447	1038	27811	96.5150689855	28104	0	102	117	111	78	94	94	277	68	68
DLR00012709-2009-07-02_08-58-15	6	16	1160	444	609	15418	96.5150689855	17647	0	100	114	110	77	93	93	193	68	68
DLR00012709-2009-07-02_08-58-15	6	17	1230	445	1013	27094	96.5150689855	27642	0	101	116	111	77	94	93	270	68	68
DLR00012709-2009-07-02_08-58-15	6	18	1295	450	632	16358	96.5150689855	18800	0	99	114	111	76	93	93	230	68	68
DLR00012709-2009-07-02_08-58-15	6	19	1364	444	1148	32106	96.5150689855	32036	0	101	116	112	76	93	94	357	68	68
DLR00012709-2009-07-02_08-58-15	6	20	1432	446	710	18746	96.5150689855	20072	0	99	114	111	75	92	93	275	68	68
DLR00012709-2009-07-02_08-58-15	6	21	1497	444	1190	32577	96.5150689855	32771	0	99	113	110	75	91	93	344	68	68
DLR00012709-2009-07-02_08-58-15	6	22	1570	442	849	22921	96.5150689855	24100	1	96	110	108	73	89	91	298	68	68
DLR00012709-2009-07-02_08-58-15	6	23	1635	442	1214	35213	96.5150689855	35109	1	96	109	107	72	87	89	352	68	68
DLR00012709-2009-07-02_08-58-15	6	24	1700	442	643	16665	96.5150689855	19575	0	91	105	103	71	86	87	162	68	68
DLR00012709-2009-07-02_08-58-15	7	1	137	518	1024	26385	96.5150689855	26632	0	99	111	109	77	91	92	258	68	68
DLR00012709-2009-07-02_08-58-15	7	2	202	517	682	16860	96.5150689855	18989	0	99	113	111	77	92	93	237	68	68
DLR00012709-2009-07-02_08-58-15	7	3	269	517	1153	31776	96.5150689855	32139	1	105	118	114	79	95	96	327	68	68
DLR00012709-2009-07-02_08-58-15	7	4	337	522	472	10111	96.5150689855	13283	0	99	113	112	78	95	96	140	68	68
DLR00012709-2009-07-02_08-58-15	7	5	408	515	999	25294	96.5150689855	26351	0	103	118	114	79	96	97	232	68	68
DLR00012709-2009-07-02_08-58-15	7	6	476	517	541	12642	96.5150689855	15642	0	100	116	112	79	96	96	163	68	68
DLR00012709-2009-07-02_08-58-15	7	7	544	518	1149	31635	96.5150689855	31450	0	106	121	115	80	97	96	379	68	68
DLR00012709-2009-07-02_08-58-15	7	8	614	516	530	12091	96.5150689855	15003	0	100	115	111	79	96	95	145	68	68
DLR00012709-2009-07-02_08-58-15	7	9	678	515	918	24052	96.5150689855	25398	0	104	118	112	79	96	95	210	68	68
DLR00012709-2009-07-02_08-58-15	7	10	746	516	548	12837	96.5150689855	15334	0	100	114	109	78	94	93	139	68	68
DLR00012709-2009-07-02_08-58-15	7	11	820	513	1218	34310	96.5150689855	34112	0	105	119	112	79	95	93	347	68	68
DLR00012709-2009-07-02_08-58-15	7	12	886	514	474	10923	96.5150689855	13515	0	99	113	109	78	93	92	148	68	68
DLR00012709-2009-07-02_08-58-15	7	13	954	515	1046	29224	96.5150689855	29341	0	104	118	112	79	94	93	316	68	68
DLR00012709-2009-07-02_08-58-15	7	14	1023	514	493	11079	96.5150689855	13454	0	98	112	108	77	93	92	181	68	68
DLR00012709-2009-07-02_08-58-15	7	15	1093	516	1269	35340	96.5150689855	35083	0	103	117	111	78	94	93	348	68	68
DLR00012709-2009-07-02_08-58-15	7	16	1158	515	584	14642	96.5150689855	16361	0	100	114	110	77	93	93	261	68	68
DLR00012709-2009-07-02_08-58-15	7	17	1228	515	1159	35360	96.5150689855	35256	0	105	119	113	78	94	93	397	68	68
DLR00012709-2009-07-02_08-58-15	7	18	1297	516	657	16261	96.5150689855	18486	0	98	113	110	76	92	93	204	68	68
DLR00012709-2009-07-02_08-58-15	7	19	1363	512	1166	33833	96.5150689855	34133	0	102	117	113	76	93	94	347	68	68
DLR00012709-2009-07-02_08-58-15	7	20	1431	510	716	16409	96.5150689855	18178	0	94	110	108	74	91	92	178	68	68
DLR00012709-2009-07-02_08-58-15	7	21	1501	513	1301	36722	96.5150689855	37068	1	99	114	111	74	91	92	280	68	68
DLR00012709-2009-07-02_08-58-15	7	22	1567	511	853	23734	96.5150689855	24779	0	96	111	109	73	89	91	314	68	68
DLR00012709-2009-07-02_08-58-15	7	23	1634	514	1036	32459	96.5150689855	32703	0	98	112	109	72	87	89	414	68	68
DLR00012709-2009-07-02_08-58-15	7	24	1701	511	907	24437	96.5150689855	25735	0	92	105	104	71	86	87	256	68	68
DLR00012709-2009-07-02_08-58-15	8	1	136	584	1195	27134	96.5150689855	27619	0	96	109	107	76	91	92	155	68	68
DLR00012709-2009-07-02_08-58-15	8	2	199	584	497	12063	96.5150689855	14721	0	99	113	111	77	92	94	201	68	68
DLR00012709-2009-07-02_08-58-15	8	3	268	584	1035	28039	96.5150689855	28584	1	104	118	114	79	95	96	314	68	68
DLR00012709-2009-07-02_08-58-15	8	4	337	583	387	8202	96.5150689855	12233	0	98	113	111	78	95	96	78	68	68
DLR00012709-2009-07-02_08-58-15	8	5	407	584	993	25131	96.5150689855	26112	0	103	118	113	79	96	96	257	68	68
DLR00012709-2009-07-02_08-58-15	8	6	473	585	477	10211	96.5150689855	13711	0	98	114	111	78	95	96	128	68	68
DLR00012709-2009-07-02_08-58-15	8	7	544	583	838	21258	96.5150689855	22145	0	103	118	113	80	97	96	279	68	68
DLR00012709-2009-07-02_08-58-15	8	8	607	582	464	10941	96.5150689855	14294	0	101	116	111	79	96	95	174	68	68
DLR00012709-2009-07-02_08-58-15	8	9	678	582	909	22438	96.5150689855	23265	0	101	116	111	79	95	94	220	68	68
DLR00012709-2009-07-02_08-58-15	8	10	746	584	475	10405	96.5150689855	13070	0	98	112	108	78	94	93	132	68	68
DLR00012709-2009-07-02_08-58-15	8	11	819	580	902	22235	96.5150689855	23078	0	101	115	109	79	94	93	248	68	68
DLR00012709-2009-07-02_08-58-15	8	12	886	580	432	9535	96.5150689855	12629	0	98	112	108	78	93	92	125	68	68
DLR00012709-2009-07-02_08-58-15	8	13	956	583	775	20153	96.5150689855	21385	0	102	116	110	78	94	93	258	68	68
DLR00012709-2009-07-02_08-58-15	8	14	1021	580	496	11166	96.5150689855	13767	0	98	112	107	77	93	92	169	68	68
DLR00012709-2009-07-02_08-58-15	8	15	1091	583	1018	24873	96.5150689855	25078	0	100	114	108	78	93	93	217	68	68
DLR00012709-2009-07-02_08-58-15	8	16	1160	581	597	14127	96.5150689855	16379	0	98	112	108	77	93	92	187	68	68
DLR00012709-2009-07-02_08-58-15	8	17	1227	584	1021	28032	96.5150689855	28033	0	102	116	111	77	93	93	325	68	68
DLR00012709-2009-07-02_08-58-15	8	18	1291	584	668	18265	96.5150689855	20348	0	100	115	111	76	92	92	263	68	68
DLR00012709-2009-07-02_08-58-15	8	19	1362	581	942	24895	96.5150689855	25272	0	99	114	111	76	93	93	295	68	68
DLR00012709-2009-07-02_08-58-15	8	20	1428	576	743	17656	96.5150689855	19479	0	95	111	108	74	91	93	213	68	68
DLR00012709-2009-07-02_08-58-15	8	21	1499	579	1103	30810	96.5150689855	30896	0	99	114	111	74	91	92	332	68	68
DLR00012709-2009-07-02_08-58-15	8	22	1566	580	871	23230	96.5150689855	23753	0	95	110	108	73	89	91	336	68	68
DLR00012709-2009-07-02_08-58-15	8	23	1636	580	1184	35543	96.5150689855	35555	0	97	111	108	72	88	89	316	68	68
DLR00012709-2009-07-02_08-58-15	8	24	1701	578	692	18099	96.5150689855	20576	0	91	105	103	71	85	87	168	68	68
DLR00012709-2009-07-02_08-58-15	9	1	137	654	988	24037	96.5150689855	25202	0	98	111	109	76	91	93	142	68	68
DLR00012709-2009-07-02_08-58-15	9	2	203	654	768	18905	96.5150689855	20751	0	100	113	111	77	93	94	221	68	68
DLR00012709-2009-07-02_08-58-15	9	3	271	652	929	22408	96.5150689855	22771	0	100	115	112	78	94	95	298	68	68
DLR00012709-2009-07-02_08-58-15	9	4	336	651	688	15437	96.5150689855	17027	0	99	114	112	78	95	96	199	68	68
DLR00012709-2009-07-02_08-58-15	9	5	407	654	1015	24239	96.5150689855	25097	0	102	117	113	79	96	96	244	68	68
DLR00012709-2009-07-02_08-58-15	9	6	472	655	565	13264	96.5150689855	15589	0	100	116	112	78	96	96	241	68	68
DLR00012709-2009-07-02_08-58-15	9	7	543	651	796	20991	96.5150689855	22644	0	104	118	113	79	96	95	284	68	68
DLR00012709-2009-07-02_08-58-15	9	8	614	656	636	15321	96.5150689855	17431	0	101	116	111	79	95	95	193	68	68
DLR00012709-2009-07-02_08-58-15	9	9	679	651	903	23704	96.5150689855	24771	0	103	117	111	79	95	94	225	68	68
DLR00012709-2009-07-02_08-58-15	9	10	749	652	545	13343	96.5150689855	15634	2	101	115	110	78	94	93	171	68	68
DLR00012709-2009-07-02_08-58-15	9	11	818	653	1028	28912	96.5150689855	28492	0	105	119	112	79	95	93	383	68	68
DLR00012709-2009-07-02_08-58-15	9	12	885	654	414	9300	96.5150689855	12297	0	98	113	108	77	93	92	140	68	68
DLR00012709-2009-07-02_08-58-15	9	13	954	652	1141	31118	96.5150689855	31029	2	103	117	110	79	94	93	323	68	68
DLR00012709-2009-07-02_08-58-15	9	14	1020	652	649	16256	96.5150689855	17774	0	100	114	109	77	93	92	234	68	68
DLR00012709-2009-07-02_08-58-15	9	15	1091	651	1162	33497	96.5150689855	33164	1	104	117	111	78	93	92	341	68	68
DLR00012709-2009-07-02_08-58-15	9	16	1159	652	604	13912	96.5150689855	16512	0	96	110	107	76	92	91	113	68	68
DLR00012709-2009-07-02_08-58-15	9	17	1230	651	979	26393	96.5150689855	27036	0	100	115	110	77	93	92	259	68	68
DLR00012709-2009-07-02_08-58-15	9	18	1300	651	669	17366	96.5150689855	19128	0	98	113	110	75	92	92	262	68	68
DLR00012709-2009-07-02_08-58-15	9	19	1365	649	1205	35412	96.5150689855	35063	0	102	116	112	76	92	93	389	68	68
DLR00012709-2009-07-02_08-58-15	9	20	1431	647	729	18005	96.5150689855	19461	0	96	111	109	74	91	92	250	68	68
DLR00012709-2009-07-02_08-58-15	9	21	1502	649	1072	30992	96.5150689855	30928	0	99	114	111	74	90	92	392	68	68
DLR00012709-2009-07-02_08-58-15	9	22	1568	648	660	17488	96.5150689855	19406	1	95	109	107	72	88	90	261	68	68
DLR00012709-2009-07-02_08-58-15	9	23	1636	652	1483	45074	96.5150689855	44653	0	98	111	107	72	88	88	335	68	68
DLR00012709-2009-07-02_08-58-15	9	24	1701	651	788	20732	96.5150689855	23273	1	92	105	103	71	85	87	147	68	68
DLR00012709-2009-07-02_08-58-15	10	1	135	720	985	23148	96.5150689855	24165	2	98	110	108	77	91	92	165	68	68
DLR00012709-2009-07-02_08-58-15	10	2	201	719	315	6518	96.5150689855	11225	0	95	109	108	76	92	93	86	68	68
DLR00012709-2009-07-02_08-58-15	10	3	273	721	887	22347	96.5150689855	23157	0	102	116	112	79	95	95	242	68	68
DLR00012709-2009-07-02_08-58-15	10	4	338	720	423	9874	96.5150689855	13216	0	100	115	112	78	95	96	152	68	68
DLR00012709-2009-07-02_08-58-15	10	5	407	719	1004	27406	96.5150689855	28066	0	106	120	115	80	97	97	322	68	68
DLR00012709-2009-07-02_08-58-15	10	6	475	721	593	13371	96.5150689855	15939	0	99	115	111	78	95	96	165	68	68
DLR00012709-2009-07-02_08-58-15	10	7	544	721	1041	25400	96.5150689855	25660	0	101	116	111	78	95	95	246	68	68
DLR00012709-2009-07-02_08-58-15	10	8	612	722	432	9556	96.5150689855	12695	0	98	113	109	78	94	94	119	68	68
DLR00012709-2009-07-02_08-58-15	10	9	683	719	854	20941	96.5150689855	21845	0	101	115	110	78	94	94	254	68	68
DLR00012709-2009-07-02_08-58-15	10	10	745	720	512	11230	96.5150689855	13755	0	98	112	108	78	94	93	139	68	68
DLR00012709-2009-07-02_08-58-15	10	11	815	720	754	19366	96.5150689855	20845	0	102	116	110	79	95	93	187	68	68
DLR00012709-2009-07-02_08-58-15	10	12	882	718	549	13104	96.5150689855	15554	0	100	114	109	78	93	92	189	68	68
DLR00012709-2009-07-02_08-58-15	10	13	957	720	958	24950	96.5150689855	25565	0	102	115	109	78	94	92	227	68	68
DLR00012709-2009-07-02_08-58-15	10	14	1022	718	583	13890	96.5150689855	15938	1	98	113	108	77	92	92	196	68	68
DLR00012709-2009-07-02_08-58-15	10	15	1091	719	963	26717	96.5150689855	26813	0	102	116	110	77	93	92	322	68	68
DLR00012709-2009-07-02_08-58-15	10	16	1159	717	614	15442	96.5150689855	17563	0	98	112	108	75	91	91	243	68	68
DLR00012709-2009-07-02_08-58-15	10	17	1229	719	1168	32719	96.5150689855	32474	0	101	115	110	76	92	92	364	68	68
DLR00012709-2009-07-02_08-58-15	10	18	1294	719	555	12964	96.5150689855	15343	0	95	110	107	74	91	91	176	68	68
DLR00012709-2009-07-02_08-58-15	10	19	1364	715	951	25752	96.5150689855	25644	0	98	113	110	75	91	92	370	68	68
DLR00012709-2009-07-02_08-58-15	10	20	1433	713	553	13059	96.5150689855	15539	1	94	109	107	73	90	91	182	68	68
DLR00012709-2009-07-02_08-58-15	10	21	1502	715	1236	35939	96.5150689855	36224	0	99	113	110	74	90	92	327	68	68
DLR00012709-2009-07-02_08-58-15	10	22	1569	714	938	26562	96.5150689855	27290	0	97	111	108	73	89	90	384	68	68
DLR00012709-2009-07-02_08-58-15	10	23	1636	717	1553	47144	96.5150689855	46896	0	98	111	107	72	87	88	370	68	68
DLR00012709-2009-07-02_08-58-15	10	24	1702	714	745	19147	96.5150689855	21828	0	91	104	102	71	85	86	163	68	68
DLR00012709-2009-07-02_08-58-15	11	1	138	792	933	21519	96.5150689855	22923	0	97	110	108	77	91	92	154	68	68
DLR00012709-2009-07-02_08-58-15	11	2	203	789	623	14900	96.5150689855	16960	0	99	113	110	77	93	93	254	68	68
DLR00012709-2009-07-02_08-58-15	11	3	270	792	1175	33655	96.5150689855	33579	0	106	119	115	79	95	95	394	68	68
DLR00012709-2009-07-02_08-58-15	11	4	336	793	607	13898	96.5150689855	16332	0	100	114	112	79	95	96	189	68	68
DLR00012709-2009-07-02_08-58-15	11	5	408	790	1234	30643	96.5150689855	30986	0	102	117	113	79	96	96	275	68	68
DLR00012709-2009-07-02_08-58-15	11	6	475	790	512	11763	96.5150689855	14356	0	99	114	111	78	95	95	170	68	68
DLR00012709-2009-07-02_08-58-15	11	7	545	790	1004	26482	96.5150689855	27314	0	103	118	113	78	95	95	264	68	68
DLR00012709-2009-07-02_08-58-15	11	8	613	788	562	12578	96.5150689855	15050	1	98	113	109	77	94	93	148	68	68
DLR00012709-2009-07-02_08-58-15	11	9	681	792	1173	31243	96.5150689855	31472	0	102	116	111	78	94	93	263	68	68
DLR00012709-2009-07-02_08-58-15	11	10	749	788	573	13016	96.5150689855	15566	2	98	112	108	77	93	92	130	68	68
DLR00012709-2009-07-02_08-58-15	11	11	816	787	799	20070	96.5150689855	20656	0	100	115	109	78	94	93	303	68	68
DLR00012709-2009-07-02_08-58-15	11	12	883	789	594	14320	96.5150689855	16183	0	99	113	108	77	93	92	195	68	68
DLR00012709-2009-07-02_08-58-15	11	13	955	789	1212	34786	96.5150689855	34210	0	104	117	110	78	93	92	334	68	68
DLR00012709-2009-07-02_08-58-15	11	14	1023	788	546	12446	96.5150689855	14984	0	96	111	107	76	92	91	154	68	68
DLR00012709-2009-07-02_08-58-15	11	15	1093	790	1002	26522	96.5150689855	26513	0	100	113	108	76	92	91	268	68	68
DLR00012709-2009-07-02_08-58-15	11	16	1159	787	510	12475	96.5150689855	15299	0	97	111	107	75	91	90	176	68	68
DLR00012709-2009-07-02_08-58-15	11	17	1230	790	1022	26601	96.5150689855	26722	1	98	112	108	76	91	91	283	68	68
DLR00012709-2009-07-02_08-58-15	11	18	1296	790	716	18818	96.5150689855	20453	2	97	112	109	75	91	91	251	68	68
DLR00012709-2009-07-02_08-58-15	11	19	1365	785	1090	31824	96.5150689855	31583	0	100	115	111	74	91	92	412	68	68
DLR00012709-2009-07-02_08-58-15	11	20	1431	782	642	15615	96.5150689855	17873	0	94	109	107	73	90	91	197	68	68
DLR00012709-2009-07-02_08-58-15	11	21	1500	785	1054	30406	96.5150689855	30602	0	99	113	110	74	90	91	376	68	68
DLR00012709-2009-07-02_08-58-15	11	22	1569	782	747	19507	96.5150689855	20770	0	94	108	107	72	88	90	313	68	68
DLR00012709-2009-07-02_08-58-15	11	23	1635	788	1339	42559	96.5150689855	42401	0	98	111	107	72	87	88	382	68	68
DLR00012709-2009-07-02_08-58-15	11	24	1702	783	842	21189	96.5150689855	22949	0	90	103	101	70	84	86	163	68	68
DLR00012709-2009-07-02_08-58-15	12	1	136	855	1120	25931	96.5150689855	27167	0	97	109	107	77	91	92	130	68	68
DLR00012709-2009-07-02_08-58-15	12	2	199	860	500	11280	96.5150689855	14481	0	97	110	109	77	92	93	162	68	68
DLR00012709-2009-07-02_08-58-15	12	3	271	860	994	25893	96.5150689855	26665	0	102	116	112	79	94	95	286	68	68
DLR00012709-2009-07-02_08-58-15	12	4	340	862	419	10324	96.5150689855	13942	0	101	115	113	78	94	95	213	68	68
DLR00012709-2009-07-02_08-58-15	12	5	407	858	979	25050	96.5150689855	25909	0	103	117	113	79	96	96	233	68	68
DLR00012709-2009-07-02_08-58-15	12	6	474	855	439	9890	96.5150689855	13112	0	98	114	111	77	94	95	142	68	68
DLR00012709-2009-07-02_08-58-15	12	7	545	856	890	22592	96.5150689855	23633	0	101	116	111	78	95	95	269	68	68
DLR00012709-2009-07-02_08-58-15	12	8	613	856	470	11076	96.5150689855	14172	0	98	113	109	77	93	93	157	68	68
DLR00012709-2009-07-02_08-58-15	12	9	681	857	953	25651	96.5150689855	26569	2	103	117	111	78	94	93	219	68	68
DLR00012709-2009-07-02_08-58-15	12	10	751	857	415	9401	96.5150689855	13031	0	97	111	108	76	92	92	132	68	68
DLR00012709-2009-07-02_08-58-15	12	11	814	856	954	26073	96.5150689855	26400	0	102	116	110	78	93	92	323	68	68
DLR00012709-2009-07-02_08-58-15	12	12	887	854	459	11463	96.5150689855	14565	0	99	113	108	76	92	91	148	68	68
DLR00012709-2009-07-02_08-58-15	12	13	952	855	753	19153	96.5150689855	20371	0	99	113	108	76	92	91	204	68	68
DLR00012709-2009-07-02_08-58-15	12	14	1021	852	530	13902	96.5150689855	15925	0	99	113	108	75	91	91	228	68	68
DLR00012709-2009-07-02_08-58-15	12	15	1093	855	1004	27367	96.5150689855	27318	0	100	113	108	75	91	90	310	68	68
DLR00012709-2009-07-02_08-58-15	12	16	1156	855	621	14673	96.5150689855	16751	1	95	109	105	74	90	90	164	68	68
DLR00012709-2009-07-02_08-58-15	12	17	1228	854	1033	30850	96.5150689855	30384	0	101	115	110	75	91	91	423	68	68
DLR00012709-2009-07-02_08-58-15	12	18	1294	855	768	18911	96.5150689855	20413	0	95	109	107	74	90	90	233	68	68
DLR00012709-2009-07-02_08-58-15	12	19	1363	851	1060	31205	96.5150689855	30980	0	100	114	110	74	90	91	406	68	68
DLR00012709-2009-07-02_08-58-15	12	20	1431	852	618	16924	96.5150689855	19032	0	97	111	108	73	89	90	302	68	68
DLR00012709-2009-07-02_08-58-15	12	21	1501	853	1184	37690	96.5150689855	36853	1	101	114	111	74	89	90	470	68	68
DLR00012709-2009-07-02_08-58-15	12	22	1566	854	678	19242	96.5150689855	20700	0	96	109	107	72	87	88	363	68	68
DLR00012709-2009-07-02_08-58-15	12	23	1634	851	1091	32135	96.5150689855	32401	0	95	108	105	71	86	87	329	68	68
DLR00012709-2009-07-02_08-58-15	12	24	1701	851	833	21570	96.5150689855	23285	0	90	102	101	70	83	85	166	68	68
DLR00012709-2009-07-02_08-58-15	13	1	139	928	917	23605	96.5150689855	25282	0	99	111	109	77	91	92	179	68	68
DLR00012709-2009-07-02_08-58-15	13	2	203	928	557	13609	96.5150689855	16059	0	99	112	110	77	91	92	227	68	68
DLR00012709-2009-07-02_08-58-15	13	3	271	926	915	24911	96.5150689855	25569	0	103	116	112	78	93	94	322	68	68
DLR00012709-2009-07-02_08-58-15	13	4	339	928	542	12022	96.5150689855	14938	0	98	112	110	77	93	94	159	68	68
DLR00012709-2009-07-02_08-58-15	13	5	409	927	898	21713	96.5150689855	23071	0	101	115	111	79	95	95	217	68	68
DLR00012709-2009-07-02_08-58-15	13	6	478	927	571	12104	96.5150689855	14754	0	97	112	109	77	94	94	159	68	68
DLR00012709-2009-07-02_08-58-15	13	7	545	925	866	22184	96.5150689855	22824	0	101	116	111	78	95	94	279	68	68
DLR00012709-2009-07-02_08-58-15	13	8	616	927	441	10554	96.5150689855	13931	0	98	113	109	76	93	92	141	68	68
DLR00012709-2009-07-02_08-58-15	13	9	683	927	936	25713	96.5150689855	26052	0	102	116	111	78	94	93	314	68	68
DLR00012709-2009-07-02_08-58-15	13	10	749	925	559	13562	96.5150689855	15793	0	98	113	108	76	92	92	204	68	68
DLR00012709-2009-07-02_08-58-15	13	11	819	923	1017	27577	96.5150689855	27416	0	101	115	110	77	93	92	339	68	68
DLR00012709-2009-07-02_08-58-15	13	12	887	927	466	10577	96.5150689855	13301	0	96	110	106	76	91	91	151	68	68
DLR00012709-2009-07-02_08-58-15	13	13	957	926	973	27319	96.5150689855	28106	1	101	114	109	77	92	91	267	68	68
DLR00012709-2009-07-02_08-58-15	13	14	1022	922	445	10906	96.5150689855	13998	0	96	110	106	75	90	90	137	68	68
DLR00012709-2009-07-02_08-58-15	13	15	1091	923	1019	26894	96.5150689855	27021	1	98	112	107	75	90	90	325	68	68
DLR00012709-2009-07-02_08-58-15	13	16	1160	923	537	13413	96.5150689855	15903	0	95	110	106	73	89	89	175	68	68
DLR00012709-2009-07-02_08-58-15	13	17	1231	922	996	27174	96.5150689855	27841	0	98	112	107	74	90	90	274	68	68
DLR00012709-2009-07-02_08-58-15	13	18	1296	922	802	21943	96.5150689855	22833	0	97	111	108	74	90	90	369	68	68
DLR00012709-2009-07-02_08-58-15	13	19	1366	924	1101	33299	96.5150689855	33048	1	100	114	110	74	90	90	476	68	68
DLR00012709-2009-07-02_08-58-15	13	20	1433	922	761	19230	96.5150689855	20009	0	94	108	106	73	88	89	319	68	68
DLR00012709-2009-07-02_08-58-15	13	21	1502	925	1299	43079	96.5150689855	42355	0	101	114	110	73	88	89	462	68	68
DLR00012709-2009-07-02_08-58-15	13	22	1572	919	792	22096	96.5150689855	23388	1	94	107	105	71	86	88	337	68	68
DLR00012709-2009-07-02_08-58-15	13	23	1636	922	1362	43595	96.5150689855	43114	0	97	109	106	72	85	86	419	68	68
DLR00012709-2009-07-02_08-58-15	13	24	1705	921	865	23025	96.5150689855	25017	0	90	102	101	70	83	85	205	68	68
DLR00012709-2009-07-02_08-58-15	14	1	140	993	928	23448	96.5150689855	24753	0	98	110	108	76	90	91	235	68	68
DLR00012709-2009-07-02_08-58-15	14	2	210	994	420	9456	96.5150689855	12662	0	96	109	108	75	90	92	181	68	68
DLR00012709-2009-07-02_08-58-15	14	3	274	993	1122	29456	96.5150689855	29914	0	102	115	112	78	93	94	296	68	68
DLR00012709-2009-07-02_08-58-15	14	4	342	994	469	11574	96.5150689855	14567	0	101	114	112	78	93	94	248	68	68
DLR00012709-2009-07-02_08-58-15	14	5	409	995	1004	23931	96.5150689855	24541	0	101	114	111	79	94	95	261	68	68
DLR00012709-2009-07-02_08-58-15	14	6	476	994	430	9194	96.5150689855	12575	0	97	112	109	77	93	94	148	68	68
DLR00012709-2009-07-02_08-58-15	14	7	546	994	931	23762	96.5150689855	24650	0	101	116	111	78	94	94	258	68	68
DLR00012709-2009-07-02_08-58-15	14	8	614	994	470	10413	96.5150689855	13715	0	96	111	108	76	92	93	154	68	68
DLR00012709-2009-07-02_08-58-15	14	9	682	994	994	26461	96.5150689855	27152	0	100	115	110	77	92	92	269	68	68
DLR00012709-2009-07-02_08-58-15	14	10	752	989	513	11794	96.5150689855	14591	0	96	110	107	76	91	91	161	68	68
DLR00012709-2009-07-02_08-58-15	14	11	821	990	954	24370	96.5150689855	24932	0	98	112	108	76	92	91	267	68	68
DLR00012709-2009-07-02_08-58-15	14	12	883	992	572	14286	96.5150689855	16644	0	97	111	107	75	90	90	200	68	68
DLR00012709-2009-07-02_08-58-15	14	13	956	992	864	25485	96.5150689855	26330	0	101	114	109	75	90	90	390	68	68
DLR00012709-2009-07-02_08-58-15	14	14	1022	992	526	13839	96.5150689855	16627	0	96	110	106	73	89	89	239	68	68
DLR00012709-2009-07-02_08-58-15	14	15	1095	991	871	23053	96.5150689855	23569	0	96	110	106	73	89	89	283	68	68
DLR00012709-2009-07-02_08-58-15	14	16	1159	991	518	12849	96.5150689855	15722	1	94	108	105	73	88	88	198	68	68
DLR00012709-2009-07-02_08-58-15	14	17	1228	991	964	30330	96.5150689855	30296	0	101	114	110	74	89	90	411	68	68
DLR00012709-2009-07-02_08-58-15	14	18	1296	990	613	15259	96.5150689855	17320	0	93	108	106	72	88	89	259	68	68
DLR00012709-2009-07-02_08-58-15	14	19	1365	990	769	20068	96.5150689855	21159	0	95	109	106	72	88	89	313	68	68
DLR00012709-2009-07-02_08-58-15	14	20	1435	990	567	14924	96.5150689855	17460	0	94	108	106	72	87	88	260	68	68
DLR00012709-2009-07-02_08-58-15	14	21	1501	989	1106	33578	96.5150689855	33283	0	98	111	108	73	87	89	426	68	68
DLR00012709-2009-07-02_08-58-15	14	22	1569	988	601	15806	96.5150689855	17965	0	92	105	104	70	85	87	259	68	68
DLR00012709-2009-07-02_08-58-15	14	23	1634	991	1180	35145	96.5150689855	35826	0	93	105	103	69	83	85	330	68	68
DLR00012709-2009-07-02_08-58-15	14	24	1705	987	666	16893	96.5150689855	20517	0	88	100	99	69	82	84	122	68	68
DLR00012709-2009-07-02_08-58-15	15	1	136	1062	935	20721	96.5150689855	22582	1	94	106	105	76	89	91	95	68	68
DLR00012709-2009-07-02_08-58-15	15	2	203	1064	507	12561	96.5150689855	15188	0	97	109	109	75	89	92	257	68	68
DLR00012709-2009-07-02_08-58-15	15	3	273	1065	975	27275	96.5150689855	27950	4	103	116	114	78	93	95	353	68	68
DLR00012709-2009-07-02_08-58-15	15	4	337	1066	503	10190	96.5150689855	13917	0	96	110	109	78	93	95	67	68	68
DLR00012709-2009-07-02_08-58-15	15	5	409	1064	894	21813	96.5150689855	22908	2	100	114	112	79	94	96	242	68	68
DLR00012709-2009-07-02_08-58-15	15	6	477	1060	514	11451	96.5150689855	14413	0	97	112	110	77	93	94	148	68	68
DLR00012709-2009-07-02_08-58-15	15	7	547	1063	958	23588	96.5150689855	24098	0	100	114	111	78	94	94	284	68	68
DLR00012709-2009-07-02_08-58-15	15	8	610	1064	538	13131	96.5150689855	15844	0	98	113	111	76	92	94	164	68	68
DLR00012709-2009-07-02_08-58-15	15	9	683	1061	1003	26260	96.5150689855	26524	0	99	114	111	76	92	93	303	68	68
DLR00012709-2009-07-02_08-58-15	15	10	749	1062	605	14444	96.5150689855	16369	0	95	110	108	74	90	91	249	68	68
DLR00012709-2009-07-02_08-58-15	15	11	817	1061	926	24675	96.5150689855	25272	0	97	112	108	75	90	91	288	68	68
DLR00012709-2009-07-02_08-58-15	15	12	887	1061	583	14458	96.5150689855	16653	0	95	110	107	74	90	90	235	68	68
DLR00012709-2009-07-02_08-58-15	15	13	957	1062	888	24137	96.5150689855	25024	0	97	111	108	74	90	90	297	68	68
DLR00012709-2009-07-02_08-58-15	15	14	1024	1060	524	12430	96.5150689855	15015	0	92	107	105	72	88	89	201	68	68
DLR00012709-2009-07-02_08-58-15	15	15	1094	1062	1140	33433	96.5150689855	33183	0	98	112	108	73	89	89	373	68	68
DLR00012709-2009-07-02_08-58-15	15	16	1163	1058	500	13162	96.5150689855	16076	0	94	109	106	72	88	89	235	68	68
DLR00012709-2009-07-02_08-58-15	15	17	1231	1061	1038	30425	96.5150689855	31102	0	98	112	109	73	89	90	301	68	68
DLR00012709-2009-07-02_08-58-15	15	18	1296	1062	551	13877	96.5150689855	16876	0	93	108	106	72	88	90	173	68	68
DLR00012709-2009-07-02_08-58-15	15	19	1365	1058	988	29632	96.5150689855	29750	0	99	112	109	74	89	90	401	68	68
DLR00012709-2009-07-02_08-58-15	15	20	1434	1058	747	21534	96.5150689855	23014	1	97	111	108	73	88	90	322	68	68
DLR00012709-2009-07-02_08-58-15	15	21	1501	1057	1195	36605	96.5150689855	37226	0	98	111	109	73	88	89	369	68	68
DLR00012709-2009-07-02_08-58-15	15	22	1570	1059	638	17577	96.5150689855	19845	0	93	106	105	70	85	87	247	68	68
DLR00012709-2009-07-02_08-58-15	15	23	1640	1061	1038	30809	96.5150689855	31337	0	94	106	104	70	84	86	322	68	68
DLR00012709-2009-07-02_08-58-15	15	24	1705	1059	914	23238	96.5150689855	25237	0	89	101	100	70	83	85	176	68	68
DLR00012709-2009-07-02_08-58-15	16	1	130	1125	1031	20832	96.5150689855	24940	3	105	113	111	83	93	94	117	68	68
DLR00012709-2009-07-02_08-58-15	16	2	203	1127	879	16478	96.5150689855	20583	8	105	114	112	84	96	97	122	68	68
DLR00012709-2009-07-02_08-58-15	16	3	267	1126	1311	27438	96.5150689855	29138	7	107	117	115	85	98	99	294	68	68
DLR00012709-2009-07-02_08-58-15	16	4	336	1126	604	11133	96.5150689855	14977	4	106	117	115	85	98	100	127	68	68
DLR00012709-2009-07-02_08-58-15	16	5	404	1125	919	20200	96.5150689855	22268	5	107	118	116	84	98	99	263	68	68
DLR00012709-2009-07-02_08-58-15	16	6	469	1124	443	8093	96.5150689855	12428	1	100	112	112	80	95	96	87	68	68
DLR00012709-2009-07-02_08-58-15	16	7	546	1131	1161	26976	96.5150689855	27178	2	104	117	114	84	98	99	273	68	68
DLR00012709-2009-07-02_08-58-15	16	8	609	1123	541	10835	96.5150689855	13791	1	99	112	111	79	94	96	126	68	68
DLR00012709-2009-07-02_08-58-15	16	9	683	1131	862	19777	96.5150689855	20759	2	99	113	111	80	95	96	257	68	68
DLR00012709-2009-07-02_08-58-15	16	10	750	1132	553	11445	96.5150689855	14113	1	96	109	108	79	94	94	141	68	68
DLR00012709-2009-07-02_08-58-15	16	11	818	1132	1022	26443	96.5150689855	26400	1	102	115	112	81	96	96	306	68	68
DLR00012709-2009-07-02_08-58-15	16	12	893	1124	518	10024	96.5150689855	13359	2	97	110	108	77	92	93	93	68	68
DLR00012709-2009-07-02_08-58-15	16	13	955	1130	996	25670	96.5150689855	25854	8	101	114	111	80	94	94	278	68	68
DLR00012709-2009-07-02_08-58-15	16	14	1019	1122	638	12888	96.5150689855	15755	0	94	108	106	75	90	91	96	68	68
DLR00012709-2009-07-02_08-58-15	16	15	1092	1127	980	25141	96.5150689855	25862	2	99	112	110	78	93	93	256	68	68
DLR00012709-2009-07-02_08-58-15	16	16	1157	1130	642	13906	96.5150689855	16210	2	96	109	108	79	93	94	97	68	68
DLR00012709-2009-07-02_08-58-15	16	17	1227	1124	949	24099	96.5150689855	25306	2	103	115	113	79	94	95	270	68	68
DLR00012709-2009-07-02_08-58-15	16	18	1296	1125	654	13773	96.5150689855	17089	2	98	111	109	79	94	95	95	68	68
DLR00012709-2009-07-02_08-58-15	16	19	1365	1125	1090	27804	96.5150689855	28979	2	104	116	113	81	95	96	288	68	68
DLR00012709-2009-07-02_08-58-15	16	20	1428	1128	770	16768	96.5150689855	19236	5	100	112	110	81	95	96	155	68	68
DLR00012709-2009-07-02_08-58-15	16	21	1502	1125	1140	29448	96.5150689855	30944	6	103	114	112	81	94	95	331	68	68
DLR00012709-2009-07-02_08-58-15	16	22	1568	1122	1023	21766	96.5150689855	24399	5	97	108	107	77	90	91	207	68	68
DLR00012709-2009-07-02_08-58-15	16	23	1638	1127	1393	31318	96.5150689855	32973	12	97	107	106	81	93	94	179	68	68
DLR00012709-2009-07-02_08-58-15	16	24	1713	1121	1080	21069	96.5150689855	24902	7	95	104	103	76	87	89	57	68	68
