DLR00012647-2009-07-02_23-12-49	1	1	139	118	3	203	114.327255201	7958	3	156	161	138	83	94	93	5	68	68
DLR00012647-2009-07-02_23-12-49	1	2	198	109	1443	71410	114.327255201	71375	0	132	141	134	89	100	99	52	68	68
DLR00012647-2009-07-02_23-12-49	1	3	266	110	1443	73995	114.327255201	73348	0	138	147	138	91	103	101	132	68	68
DLR00012647-2009-07-02_23-12-49	1	4	334	111	1391	72158	114.327255201	71782	0	141	150	141	91	104	103	125	68	68
DLR00012647-2009-07-02_23-12-49	1	5	405	110	1714	90772	114.327255201	90409	0	142	152	142	91	105	104	138	68	68
DLR00012647-2009-07-02_23-12-49	1	6	472	107	0	0	114.327255201	6912	0				87	102	102	0	68	68
DLR00012647-2009-07-02_23-12-49	1	7	539	109	1262	58923	114.327255201	58847	0	136	147	138	91	105	104	90	68	68
DLR00012647-2009-07-02_23-12-49	1	8	606	105	1237	55518	114.327255201	54273	0	136	148	139	93	108	106	105	68	68
DLR00012647-2009-07-02_23-12-49	1	9	677	108	1453	73227	114.327255201	72685	0	140	152	141	92	107	105	146	68	68
DLR00012647-2009-07-02_23-12-49	1	10	744	104	1549	76167	114.327255201	76068	0	140	151	140	93	108	105	142	68	68
DLR00012647-2009-07-02_23-12-49	1	11	815	107	0	0	114.327255201	7542	0				86	102	101	0	68	68
DLR00012647-2009-07-02_23-12-49	1	12	884	107	3	117	114.327255201	7440	0	119	136	128	87	103	102	0	68	68
DLR00012647-2009-07-02_23-12-49	1	13	953	104	1768	91259	114.327255201	91072	0	144	154	142	94	108	105	133	68	68
DLR00012647-2009-07-02_23-12-49	1	14	1018	101	1639	80391	114.327255201	80787	0	141	152	141	94	109	106	112	68	68
DLR00012647-2009-07-02_23-12-49	1	15	1088	107	1673	84298	114.327255201	84326	0	140	151	140	92	106	104	112	68	68
DLR00012647-2009-07-02_23-12-49	1	16	1155	102	1697	81222	114.327255201	80941	1	140	151	141	94	109	106	142	68	68
DLR00012647-2009-07-02_23-12-49	1	17	1227	103	0	0	114.327255201	7199	0				88	104	103	0	68	68
DLR00012647-2009-07-02_23-12-49	1	18	1295	107	0	0	114.327255201	7640	0				86	102	102	0	68	68
DLR00012647-2009-07-02_23-12-49	1	19	1364	107	0	0	114.327255201	7379	0				86	101	101	0	68	68
DLR00012647-2009-07-02_23-12-49	1	20	1428	102	1547	79025	114.327255201	79701	0	139	149	140	92	106	104	120	68	68
DLR00012647-2009-07-02_23-12-49	1	21	1498	106	1786	101857	114.327255201	101747	4	142	151	141	89	102	100	136	68	68
DLR00012647-2009-07-02_23-12-49	1	22	1565	101	1611	87774	114.327255201	88592	0	137	146	137	89	100	98	108	68	68
DLR00012647-2009-07-02_23-12-49	1	23	1635	107	1618	83682	114.327255201	83762	0	129	138	130	85	95	94	68	68	68
DLR00012647-2009-07-02_23-12-49	1	24	1696	105	63	1891	114.327255201	9067	1	118	123	113	82	92	91	3	68	68
DLR00012647-2009-07-02_23-12-49	2	1	130	177	1746	93419	114.327255201	92279	0	129	138	130	82	93	93	57	68	68
DLR00012647-2009-07-02_23-12-49	2	2	199	176	1998	117368	114.327255201	115163	0	138	146	135	83	96	95	252	68	68
DLR00012647-2009-07-02_23-12-49	2	3	267	177	1791	103336	114.327255201	101332	0	142	150	139	85	99	97	244	68	68
DLR00012647-2009-07-02_23-12-49	2	4	334	174	2102	126824	114.327255201	124521	0	147	155	143	86	100	99	282	68	68
DLR00012647-2009-07-02_23-12-49	2	5	400	176	2046	117634	114.327255201	115190	0	144	153	141	86	101	99	257	68	68
DLR00012647-2009-07-02_23-12-49	2	6	471	175	1970	114137	114.327255201	112007	0	144	154	142	85	101	100	276	68	68
DLR00012647-2009-07-02_23-12-49	2	7	539	176	2010	118653	114.327255201	115488	0	146	156	143	87	103	101	276	68	68
DLR00012647-2009-07-02_23-12-49	2	8	607	174	1999	118980	114.327255201	115632	0	146	157	143	86	102	100	351	68	68
DLR00012647-2009-07-02_23-12-49	2	9	675	172	1885	106566	114.327255201	103207	0	143	153	140	86	102	100	273	68	68
DLR00012647-2009-07-02_23-12-49	2	10	744	172	2185	139021	114.327255201	136261	0	150	159	144	85	101	98	271	68	68
DLR00012647-2009-07-02_23-12-49	2	11	812	172	2133	123201	114.327255201	118851	0	142	153	139	86	101	99	321	68	68
DLR00012647-2009-07-02_23-12-49	2	12	880	173	2241	144332	114.327255201	141941	0	150	159	144	84	100	98	292	68	68
DLR00012647-2009-07-02_23-12-49	2	13	950	169	2147	121649	114.327255201	119022	0	142	153	139	85	102	99	252	68	68
DLR00012647-2009-07-02_23-12-49	2	14	1019	172	2371	154584	114.327255201	152890	0	151	160	144	83	100	97	279	68	68
DLR00012647-2009-07-02_23-12-49	2	15	1084	171	2093	119291	114.327255201	115741	0	141	152	138	85	101	98	256	68	68
DLR00012647-2009-07-02_23-12-49	2	16	1153	170	2252	134616	114.327255201	132292	0	145	155	141	85	101	98	272	68	68
DLR00012647-2009-07-02_23-12-49	2	17	1222	169	2202	131910	114.327255201	127197	0	145	155	142	87	103	100	328	68	68
DLR00012647-2009-07-02_23-12-49	2	18	1290	168	2055	129829	114.327255201	127496	0	148	157	144	84	100	99	289	68	68
DLR00012647-2009-07-02_23-12-49	2	19	1358	169	2200	124555	114.327255201	121224	0	140	151	139	85	101	99	254	68	68
DLR00012647-2009-07-02_23-12-49	2	20	1426	168	2038	124505	114.327255201	122753	0	145	154	142	84	99	98	249	68	68
DLR00012647-2009-07-02_23-12-49	2	21	1494	167	2248	133072	114.327255201	128374	0	142	151	140	86	100	98	324	68	68
DLR00012647-2009-07-02_23-12-49	2	22	1562	169	2168	137027	114.327255201	135391	0	140	149	138	82	95	94	250	68	68
DLR00012647-2009-07-02_23-12-49	2	23	1630	170	2292	153533	114.327255201	151624	0	139	148	136	79	92	91	187	68	68
DLR00012647-2009-07-02_23-12-49	2	24	1700	168	2030	125557	114.327255201	125073	0	131	140	130	79	90	89	76	68	68
DLR00012647-2009-07-02_23-12-49	3	1	133	244	1809	104916	114.327255201	102768	0	135	143	133	82	94	93	201	68	68
DLR00012647-2009-07-02_23-12-49	3	2	198	242	1689	102934	114.327255201	101293	0	142	149	137	84	96	95	249	68	68
DLR00012647-2009-07-02_23-12-49	3	3	269	241	1454	84155	114.327255201	80326	0	142	150	138	85	99	97	370	68	68
DLR00012647-2009-07-02_23-12-49	3	4	335	241	1366	77982	114.327255201	75353	0	143	152	140	86	100	99	307	68	68
DLR00012647-2009-07-02_23-12-49	3	5	406	245	1595	95957	114.327255201	93763	0	147	156	143	86	101	99	298	68	68
DLR00012647-2009-07-02_23-12-49	3	6	471	244	1619	92825	114.327255201	89295	0	145	154	141	87	102	100	345	68	68
DLR00012647-2009-07-02_23-12-49	3	7	541	244	1554	90740	114.327255201	87374	0	145	155	141	86	102	99	339	68	68
DLR00012647-2009-07-02_23-12-49	3	8	609	242	1544	86091	114.327255201	81943	0	142	152	139	86	102	99	367	68	68
DLR00012647-2009-07-02_23-12-49	3	9	678	241	1399	80518	114.327255201	76898	0	143	154	140	85	101	98	373	68	68
DLR00012647-2009-07-02_23-12-49	3	10	744	239	1455	84034	114.327255201	81607	0	143	153	139	84	100	97	292	68	68
DLR00012647-2009-07-02_23-12-49	3	11	815	242	1417	83463	114.327255201	79441	0	143	154	139	84	100	98	364	68	68
DLR00012647-2009-07-02_23-12-49	3	12	882	239	1711	105985	114.327255201	103121	0	147	157	141	84	101	98	303	68	68
DLR00012647-2009-07-02_23-12-49	3	13	950	239	1529	93195	114.327255201	90301	0	147	156	141	84	100	97	331	68	68
DLR00012647-2009-07-02_23-12-49	3	14	1018	240	1577	88323	114.327255201	84245	0	140	151	137	85	101	98	315	68	68
DLR00012647-2009-07-02_23-12-49	3	15	1087	238	1565	95870	114.327255201	93669	0	145	155	140	84	100	97	288	68	68
DLR00012647-2009-07-02_23-12-49	3	16	1156	238	1519	91019	114.327255201	89825	0	144	154	139	83	99	97	251	68	68
DLR00012647-2009-07-02_23-12-49	3	17	1224	242	1283	77894	114.327255201	74912	0	144	154	140	83	99	97	329	68	68
DLR00012647-2009-07-02_23-12-49	3	18	1294	238	1662	98195	114.327255201	94366	0	142	152	139	84	99	97	384	68	68
DLR00012647-2009-07-02_23-12-49	3	19	1364	240	1852	114074	114.327255201	110946	0	145	155	141	84	100	98	340	68	68
DLR00012647-2009-07-02_23-12-49	3	20	1426	238	1595	93652	114.327255201	89374	0	141	152	139	84	100	98	373	68	68
DLR00012647-2009-07-02_23-12-49	3	21	1500	238	1443	84248	114.327255201	81225	0	139	149	138	83	98	97	294	68	68
DLR00012647-2009-07-02_23-12-49	3	22	1564	238	1527	91906	114.327255201	89766	0	137	147	136	81	96	95	243	68	68
DLR00012647-2009-07-02_23-12-49	3	23	1633	239	1653	102668	114.327255201	99892	0	135	144	133	79	93	92	268	68	68
DLR00012647-2009-07-02_23-12-49	3	24	1701	237	1739	103472	114.327255201	101015	0	128	137	127	78	90	89	150	68	68
DLR00012647-2009-07-02_23-12-49	4	1	132	313	1958	114468	114.327255201	112254	0	136	144	134	84	95	94	196	68	68
DLR00012647-2009-07-02_23-12-49	4	2	199	311	1937	126104	114.327255201	124062	0	147	153	140	84	97	95	258	68	68
DLR00012647-2009-07-02_23-12-49	4	3	266	312	1981	117590	114.327255201	114587	0	144	152	139	87	100	98	300	68	68
DLR00012647-2009-07-02_23-12-49	4	4	336	311	1936	122107	114.327255201	120049	0	149	157	144	86	100	99	278	68	68
DLR00012647-2009-07-02_23-12-49	4	5	401	314	1549	88269	114.327255201	86875	0	143	153	140	85	100	99	245	68	68
DLR00012647-2009-07-02_23-12-49	4	6	469	312	2218	142514	114.327255201	141423	0	152	160	144	85	100	98	219	68	68
DLR00012647-2009-07-02_23-12-49	4	7	538	310	1973	116562	114.327255201	113667	0	146	156	141	86	101	99	309	68	68
DLR00012647-2009-07-02_23-12-49	4	8	606	310	2107	130237	114.327255201	127607	0	149	158	142	86	101	98	279	68	68
DLR00012647-2009-07-02_23-12-49	4	9	675	307	1830	102718	114.327255201	98553	0	142	152	138	86	102	98	313	68	68
DLR00012647-2009-07-02_23-12-49	4	10	744	310	2194	144325	114.327255201	141693	0	153	161	144	85	100	97	268	68	68
DLR00012647-2009-07-02_23-12-49	4	11	813	304	2033	117870	114.327255201	114278	0	143	153	138	85	101	98	270	68	68
DLR00012647-2009-07-02_23-12-49	4	12	880	308	2112	131781	114.327255201	130343	0	148	156	140	83	99	96	248	68	68
DLR00012647-2009-07-02_23-12-49	4	13	948	311	1865	111518	114.327255201	107644	0	145	154	138	85	101	97	318	68	68
DLR00012647-2009-07-02_23-12-49	4	14	1019	309	2087	137498	114.327255201	135635	0	151	160	142	83	99	97	257	68	68
DLR00012647-2009-07-02_23-12-49	4	15	1085	307	2254	135833	114.327255201	131142	0	145	155	139	85	101	98	351	68	68
DLR00012647-2009-07-02_23-12-49	4	16	1156	307	2020	123098	114.327255201	120925	0	145	155	139	84	99	97	242	68	68
DLR00012647-2009-07-02_23-12-49	4	17	1225	307	2231	136096	114.327255201	132054	0	145	155	140	85	100	97	326	68	68
DLR00012647-2009-07-02_23-12-49	4	18	1292	308	2131	136707	114.327255201	134041	0	148	157	142	84	99	97	306	68	68
DLR00012647-2009-07-02_23-12-49	4	19	1360	308	2395	147434	114.327255201	144050	0	145	155	140	84	100	97	297	68	68
DLR00012647-2009-07-02_23-12-49	4	20	1429	306	2207	145596	114.327255201	143626	0	150	158	144	84	99	97	273	68	68
DLR00012647-2009-07-02_23-12-49	4	21	1495	304	2395	149846	114.327255201	146521	0	144	153	140	84	98	97	274	68	68
DLR00012647-2009-07-02_23-12-49	4	22	1563	304	2172	145887	114.327255201	144027	0	145	154	141	82	96	95	264	68	68
DLR00012647-2009-07-02_23-12-49	4	23	1631	305	2278	153898	114.327255201	150752	0	140	149	136	80	93	92	296	68	68
DLR00012647-2009-07-02_23-12-49	4	24	1698	306	2249	164176	114.327255201	163033	0	140	147	135	77	89	88	206	68	68
DLR00012647-2009-07-02_23-12-49	5	1	132	382	1589	89922	114.327255201	87630	0	134	142	133	83	95	95	172	68	68
DLR00012647-2009-07-02_23-12-49	5	2	200	380	1676	102780	114.327255201	100499	0	143	150	138	84	97	96	289	68	68
DLR00012647-2009-07-02_23-12-49	5	3	269	379	1533	93931	114.327255201	92837	0	145	153	140	83	98	97	266	68	68
DLR00012647-2009-07-02_23-12-49	5	4	335	379	1481	82691	114.327255201	78883	0	141	150	139	85	100	99	336	68	68
DLR00012647-2009-07-02_23-12-49	5	5	408	380	1418	82205	114.327255201	80258	0	144	153	141	85	100	99	283	68	68
DLR00012647-2009-07-02_23-12-49	5	6	472	378	1557	85549	114.327255201	82675	0	141	151	138	85	101	99	272	68	68
DLR00012647-2009-07-02_23-12-49	5	7	543	378	1704	101609	114.327255201	98022	0	146	155	141	85	101	99	356	68	68
DLR00012647-2009-07-02_23-12-49	5	8	609	378	1757	101354	114.327255201	97771	0	144	153	139	86	101	98	339	68	68
DLR00012647-2009-07-02_23-12-49	5	9	680	378	1256	71991	114.327255201	69875	0	143	153	139	84	100	97	254	68	68
DLR00012647-2009-07-02_23-12-49	5	10	746	375	1609	92937	114.327255201	89029	0	143	152	138	85	101	97	302	68	68
DLR00012647-2009-07-02_23-12-49	5	11	815	376	1552	89868	114.327255201	86006	0	142	151	137	83	99	96	348	68	68
DLR00012647-2009-07-02_23-12-49	5	12	884	375	1518	90900	114.327255201	87484	0	144	153	138	84	99	97	295	68	68
DLR00012647-2009-07-02_23-12-49	5	13	954	377	1631	94567	114.327255201	90814	0	142	152	137	84	99	97	322	68	68
DLR00012647-2009-07-02_23-12-49	5	14	1018	374	1436	80621	114.327255201	76683	0	140	150	136	84	99	96	295	68	68
DLR00012647-2009-07-02_23-12-49	5	15	1089	379	1667	97700	114.327255201	94247	0	143	152	137	83	99	96	333	68	68
DLR00012647-2009-07-02_23-12-49	5	16	1157	378	1718	100562	114.327255201	97650	0	143	152	138	84	99	97	289	68	68
DLR00012647-2009-07-02_23-12-49	5	17	1227	380	1930	120249	114.327255201	117189	0	147	156	141	84	99	97	329	68	68
DLR00012647-2009-07-02_23-12-49	5	18	1294	377	1905	113384	114.327255201	110629	0	142	153	138	84	99	97	279	68	68
DLR00012647-2009-07-02_23-12-49	5	19	1361	375	1851	117724	114.327255201	114764	0	146	156	142	84	99	97	323	68	68
DLR00012647-2009-07-02_23-12-49	5	20	1430	375	1972	124853	114.327255201	123266	0	146	155	141	83	99	97	217	68	68
DLR00012647-2009-07-02_23-12-49	5	21	1500	376	1448	87728	114.327255201	86398	0	140	150	138	82	97	96	242	68	68
DLR00012647-2009-07-02_23-12-49	5	22	1566	377	1704	107514	114.327255201	105349	0	139	149	137	80	95	94	266	68	68
DLR00012647-2009-07-02_23-12-49	5	23	1634	377	1581	97041	114.327255201	94396	0	133	143	132	79	93	92	268	68	68
DLR00012647-2009-07-02_23-12-49	5	24	1699	377	1856	129049	114.327255201	127040	0	135	144	132	77	90	89	254	68	68
DLR00012647-2009-07-02_23-12-49	6	1	129	446	0	0	114.327255201	7249	0				78	91	93	0	68	68
DLR00012647-2009-07-02_23-12-49	6	2	201	447	2187	152462	114.327255201	150614	0	152	158	144	83	97	96	280	68	68
DLR00012647-2009-07-02_23-12-49	6	3	266	451	1961	119718	114.327255201	117140	0	145	153	140	85	99	98	268	68	68
DLR00012647-2009-07-02_23-12-49	6	4	334	448	1903	118968	114.327255201	116937	0	149	157	144	86	101	99	266	68	68
DLR00012647-2009-07-02_23-12-49	6	5	405	449	2131	129361	114.327255201	127186	0	147	156	142	85	101	99	274	68	68
DLR00012647-2009-07-02_23-12-49	6	6	472	446	0	0	114.327255201	6874	0				80	98	97	0	68	68
DLR00012647-2009-07-02_23-12-49	6	7	539	447	2049	124018	114.327255201	120262	0	147	156	142	85	101	99	341	68	68
DLR00012647-2009-07-02_23-12-49	6	8	609	448	2130	134595	114.327255201	132017	0	150	158	143	85	100	98	275	68	68
DLR00012647-2009-07-02_23-12-49	6	9	673	444	2069	118828	114.327255201	114034	1	143	152	138	86	101	98	320	68	68
DLR00012647-2009-07-02_23-12-49	6	10	746	446	1865	109006	114.327255201	106695	0	143	152	137	84	99	96	226	68	68
DLR00012647-2009-07-02_23-12-49	6	11	815	446	0	0	114.327255201	5675	0				80	96	95	0	68	68
DLR00012647-2009-07-02_23-12-49	6	12	884	446	0	0	114.327255201	6001	0				79	95	94	0	68	68
DLR00012647-2009-07-02_23-12-49	6	13	952	445	2126	128882	114.327255201	124695	0	144	153	138	85	99	97	346	68	68
DLR00012647-2009-07-02_23-12-49	6	14	1020	444	2207	141527	114.327255201	139035	0	149	157	141	83	98	96	302	68	68
DLR00012647-2009-07-02_23-12-49	6	15	1085	445	2331	146870	114.327255201	142759	0	149	157	141	85	100	97	331	68	68
DLR00012647-2009-07-02_23-12-49	6	16	1154	443	2196	140091	114.327255201	138043	0	149	157	141	83	99	96	267	68	68
DLR00012647-2009-07-02_23-12-49	6	17	1256	442	63	3601	114.327255201	9283	3	139	149	142	80	97	96	49	68	68
DLR00012647-2009-07-02_23-12-49	6	18	1298	443	0	0	114.327255201	6667	0				78	96	95	0	68	68
DLR00012647-2009-07-02_23-12-49	6	19	1364	446	0	0	114.327255201	6530	0				77	95	94	0	68	68
DLR00012647-2009-07-02_23-12-49	6	20	1427	443	2029	135695	114.327255201	134208	0	148	157	143	82	97	96	238	68	68
DLR00012647-2009-07-02_23-12-49	6	21	1495	442	2271	140875	114.327255201	137600	0	142	152	139	83	99	97	278	68	68
DLR00012647-2009-07-02_23-12-49	6	22	1564	442	2190	145020	114.327255201	143824	0	143	152	139	80	95	94	211	68	68
DLR00012647-2009-07-02_23-12-49	6	23	1631	443	2256	155479	114.327255201	152317	0	140	149	137	79	94	93	258	68	68
DLR00012647-2009-07-02_23-12-49	6	24	1707	446	0	0	114.327255201	8996	0				71	86	86	0	68	68
DLR00012647-2009-07-02_23-12-49	7	1	135	519	1842	114022	114.327255201	112256	0	141	149	139	83	96	96	240	68	68
DLR00012647-2009-07-02_23-12-49	7	2	201	520	1778	105680	114.327255201	103322	0	142	150	138	84	98	97	280	68	68
DLR00012647-2009-07-02_23-12-49	7	3	272	517	1756	104873	114.327255201	101728	0	145	153	141	85	100	98	338	68	68
DLR00012647-2009-07-02_23-12-49	7	4	337	516	1657	97682	114.327255201	95342	0	145	154	142	86	101	100	278	68	68
DLR00012647-2009-07-02_23-12-49	7	5	404	518	1613	95946	114.327255201	93022	0	146	156	143	85	101	99	331	68	68
DLR00012647-2009-07-02_23-12-49	7	6	471	515	1710	104204	114.327255201	101069	0	147	157	143	85	101	99	340	68	68
DLR00012647-2009-07-02_23-12-49	7	7	541	516	1422	79217	114.327255201	75736	0	141	151	138	85	101	99	279	68	68
DLR00012647-2009-07-02_23-12-49	7	8	611	515	1632	101392	114.327255201	98067	0	148	157	142	85	100	97	311	68	68
DLR00012647-2009-07-02_23-12-49	7	9	678	513	1573	95252	114.327255201	93260	0	146	155	140	84	99	97	260	68	68
DLR00012647-2009-07-02_23-12-49	7	10	744	516	1484	89001	114.327255201	86208	0	144	153	139	84	99	96	295	68	68
DLR00012647-2009-07-02_23-12-49	7	11	816	515	1515	89828	114.327255201	87258	0	142	152	138	83	98	96	284	68	68
DLR00012647-2009-07-02_23-12-49	7	12	884	512	1564	95142	114.327255201	92947	0	144	153	138	83	98	95	274	68	68
DLR00012647-2009-07-02_23-12-49	7	13	950	513	1187	65772	114.327255201	63686	0	137	147	134	82	97	95	293	68	68
DLR00012647-2009-07-02_23-12-49	7	14	1017	514	1483	82242	114.327255201	78136	0	137	147	134	83	98	96	352	68	68
DLR00012647-2009-07-02_23-12-49	7	15	1089	512	1524	90768	114.327255201	88732	0	142	152	137	83	98	96	273	68	68
DLR00012647-2009-07-02_23-12-49	7	16	1150	508	1347	78678	114.327255201	77304	0	142	152	137	83	99	96	196	68	68
DLR00012647-2009-07-02_23-12-49	7	17	1223	514	1684	97637	114.327255201	93738	0	141	151	138	85	100	98	299	68	68
DLR00012647-2009-07-02_23-12-49	7	18	1291	511	1552	93785	114.327255201	91734	0	142	152	138	82	98	96	230	68	68
DLR00012647-2009-07-02_23-12-49	7	19	1364	516	1393	80971	114.327255201	78541	0	138	149	137	82	98	96	228	68	68
DLR00012647-2009-07-02_23-12-49	7	20	1429	512	1507	92237	114.327255201	89581	0	141	151	139	81	98	96	306	68	68
DLR00012647-2009-07-02_23-12-49	7	21	1497	513	1858	119674	114.327255201	118476	0	144	153	140	80	97	95	241	68	68
DLR00012647-2009-07-02_23-12-49	7	22	1564	511	1775	110084	114.327255201	107375	0	137	147	136	80	95	95	266	68	68
DLR00012647-2009-07-02_23-12-49	7	23	1634	512	1677	108638	114.327255201	105218	0	134	145	133	78	93	92	300	68	68
DLR00012647-2009-07-02_23-12-49	7	24	1707	514	0	0	114.327255201	9193	0				70	86	86	0	68	68
DLR00012647-2009-07-02_23-12-49	8	1	135	585	1931	108882	114.327255201	106973	0	137	146	136	84	97	97	181	68	68
DLR00012647-2009-07-02_23-12-49	8	2	198	586	2119	140680	114.327255201	138551	0	150	157	144	84	99	97	292	68	68
DLR00012647-2009-07-02_23-12-49	8	3	267	584	1749	103717	114.327255201	100979	0	144	153	140	84	100	98	247	68	68
DLR00012647-2009-07-02_23-12-49	8	4	335	588	2031	133205	114.327255201	131503	0	152	160	146	85	100	99	284	68	68
DLR00012647-2009-07-02_23-12-49	8	5	407	581	1620	94210	114.327255201	90860	0	144	154	141	85	101	99	302	68	68
DLR00012647-2009-07-02_23-12-49	8	6	474	584	2225	142718	114.327255201	140843	0	151	159	144	84	100	98	280	68	68
DLR00012647-2009-07-02_23-12-49	8	7	538	586	1874	110054	114.327255201	105883	0	144	154	140	85	101	98	365	68	68
DLR00012647-2009-07-02_23-12-49	8	8	610	583	2258	143837	114.327255201	141099	0	150	158	142	84	100	97	312	68	68
DLR00012647-2009-07-02_23-12-49	8	9	677	582	1574	89227	114.327255201	85176	0	141	151	137	85	100	97	326	68	68
DLR00012647-2009-07-02_23-12-49	8	10	746	582	1958	123353	114.327255201	120501	0	148	156	141	83	99	96	281	68	68
DLR00012647-2009-07-02_23-12-49	8	11	816	584	2168	131625	114.327255201	127225	0	145	154	139	84	99	96	377	68	68
DLR00012647-2009-07-02_23-12-49	8	12	883	583	2113	141350	114.327255201	138920	0	152	159	142	83	97	95	306	68	68
DLR00012647-2009-07-02_23-12-49	8	13	950	584	2078	126016	114.327255201	121457	0	144	152	138	83	98	95	351	68	68
DLR00012647-2009-07-02_23-12-49	8	14	1019	583	2006	131583	114.327255201	129812	0	149	157	141	82	97	94	247	68	68
DLR00012647-2009-07-02_23-12-49	8	15	1088	584	2054	124343	114.327255201	121229	0	143	152	137	83	98	96	234	68	68
DLR00012647-2009-07-02_23-12-49	8	16	1155	580	1957	121112	114.327255201	118184	0	144	153	138	82	98	95	266	68	68
DLR00012647-2009-07-02_23-12-49	8	17	1223	581	2418	151859	114.327255201	148233	0	145	154	139	84	99	96	274	68	68
DLR00012647-2009-07-02_23-12-49	8	18	1294	578	2138	138524	114.327255201	136280	0	148	157	141	83	98	96	293	68	68
DLR00012647-2009-07-02_23-12-49	8	19	1360	581	2176	134514	114.327255201	130264	0	143	153	139	83	99	97	318	68	68
DLR00012647-2009-07-02_23-12-49	8	20	1429	578	2019	128110	114.327255201	126080	0	144	153	140	81	97	96	265	68	68
DLR00012647-2009-07-02_23-12-49	8	21	1495	579	2346	151444	114.327255201	148340	0	144	154	140	83	98	96	299	68	68
DLR00012647-2009-07-02_23-12-49	8	22	1563	579	2235	157655	114.327255201	156275	0	146	155	141	80	95	94	234	68	68
DLR00012647-2009-07-02_23-12-49	8	23	1634	580	2481	174134	114.327255201	170654	0	140	149	136	78	93	92	266	68	68
DLR00012647-2009-07-02_23-12-49	8	24	1704	568	1	42	114.327255201	9045	0	110	123	123	70	85	86	0	68	68
DLR00012647-2009-07-02_23-12-49	9	1	133	655	1659	87093	114.327255201	83840	0	132	142	133	83	97	96	233	68	68
DLR00012647-2009-07-02_23-12-49	9	2	201	653	1797	109271	114.327255201	106364	0	143	152	140	84	98	97	320	68	68
DLR00012647-2009-07-02_23-12-49	9	3	270	653	1710	103544	114.327255201	100498	0	144	153	141	84	99	98	298	68	68
DLR00012647-2009-07-02_23-12-49	9	4	339	651	1917	115331	114.327255201	113063	0	146	155	142	85	100	99	334	68	68
DLR00012647-2009-07-02_23-12-49	9	5	407	653	1655	97594	114.327255201	94054	0	144	154	141	85	101	99	314	68	68
DLR00012647-2009-07-02_23-12-49	9	6	475	651	1372	75484	114.327255201	73541	0	140	150	138	84	100	98	216	68	68
DLR00012647-2009-07-02_23-12-49	9	7	542	652	1850	114457	114.327255201	112232	0	147	156	142	84	100	98	267	68	68
DLR00012647-2009-07-02_23-12-49	9	8	609	650	1402	79468	114.327255201	75975	0	141	151	137	84	100	97	295	68	68
DLR00012647-2009-07-02_23-12-49	9	9	680	651	1751	101210	114.327255201	98201	0	143	152	138	85	100	97	259	68	68
DLR00012647-2009-07-02_23-12-49	9	10	749	650	1675	102003	114.327255201	98846	0	146	155	140	85	100	97	311	68	68
DLR00012647-2009-07-02_23-12-49	9	11	819	652	1506	88813	114.327255201	87535	0	146	154	139	86	100	97	216	68	68
DLR00012647-2009-07-02_23-12-49	9	12	884	650	1593	91373	114.327255201	88955	0	141	150	136	85	99	96	290	68	68
DLR00012647-2009-07-02_23-12-49	9	13	951	652	1447	80916	114.327255201	78212	0	139	149	135	85	99	96	291	68	68
DLR00012647-2009-07-02_23-12-49	9	14	1021	649	1478	86738	114.327255201	85418	0	141	150	135	83	98	95	196	68	68
DLR00012647-2009-07-02_23-12-49	9	15	1087	649	1758	105698	114.327255201	103699	0	142	151	136	84	98	95	214	68	68
DLR00012647-2009-07-02_23-12-49	9	16	1156	646	1672	105636	114.327255201	104086	0	146	154	139	84	99	96	256	68	68
DLR00012647-2009-07-02_23-12-49	9	17	1226	651	1637	101374	114.327255201	99614	0	146	155	140	84	99	96	247	68	68
DLR00012647-2009-07-02_23-12-49	9	18	1292	650	1786	112344	114.327255201	110625	0	146	155	140	85	100	97	222	68	68
DLR00012647-2009-07-02_23-12-49	9	19	1363	650	1606	99762	114.327255201	98252	0	143	153	139	81	97	96	237	68	68
DLR00012647-2009-07-02_23-12-49	9	20	1432	646	1388	82917	114.327255201	80584	0	137	148	136	80	97	96	258	68	68
DLR00012647-2009-07-02_23-12-49	9	21	1499	648	1933	125886	114.327255201	123922	0	143	153	140	80	96	95	276	68	68
DLR00012647-2009-07-02_23-12-49	9	22	1567	647	1869	119893	114.327255201	117676	0	138	148	136	79	94	93	257	68	68
DLR00012647-2009-07-02_23-12-49	9	23	1637	653	1933	129715	114.327255201	127406	5	137	146	134	77	92	90	261	68	68
DLR00012647-2009-07-02_23-12-49	9	24	1701	648	1794	114022	114.327255201	112701	0	129	138	128	75	89	88	154	68	68
DLR00012647-2009-07-02_23-12-49	10	1	134	721	1845	103483	114.327255201	101038	0	135	144	135	83	97	96	187	68	68
DLR00012647-2009-07-02_23-12-49	10	2	200	720	2077	137453	114.327255201	135712	0	149	156	143	84	98	97	268	68	68
DLR00012647-2009-07-02_23-12-49	10	3	269	720	2039	121789	114.327255201	118877	0	144	153	140	85	100	98	271	68	68
DLR00012647-2009-07-02_23-12-49	10	4	336	723	2197	141162	114.327255201	139899	0	150	158	144	84	100	98	262	68	68
DLR00012647-2009-07-02_23-12-49	10	5	404	720	2242	136613	114.327255201	132755	0	147	156	143	86	102	99	334	68	68
DLR00012647-2009-07-02_23-12-49	10	6	472	721	2013	127468	114.327255201	125525	0	148	157	143	84	100	98	233	68	68
DLR00012647-2009-07-02_23-12-49	10	7	538	719	1750	96835	114.327255201	92672	0	139	150	137	85	100	98	284	68	68
DLR00012647-2009-07-02_23-12-49	10	8	611	719	2063	137109	114.327255201	134906	0	150	159	143	83	99	97	266	68	68
DLR00012647-2009-07-02_23-12-49	10	9	679	720	1929	118851	114.327255201	113797	0	145	154	140	85	100	97	386	68	68
DLR00012647-2009-07-02_23-12-49	10	10	747	720	2253	147401	114.327255201	145476	0	151	158	142	83	98	95	252	68	68
DLR00012647-2009-07-02_23-12-49	10	11	814	719	2239	134273	114.327255201	130837	0	145	153	138	86	100	96	262	68	68
DLR00012647-2009-07-02_23-12-49	10	12	884	719	1940	124563	114.327255201	122583	0	148	155	139	82	97	95	290	68	68
DLR00012647-2009-07-02_23-12-49	10	13	951	719	2285	142921	114.327255201	139177	0	144	153	138	83	98	95	315	68	68
DLR00012647-2009-07-02_23-12-49	10	14	1021	718	0	0	114.327255201	6352	0				77	94	92	0	68	68
DLR00012647-2009-07-02_23-12-49	10	15	1090	718	0	0	114.327255201	5963	0				77	93	92	0	68	68
DLR00012647-2009-07-02_23-12-49	10	16	1158	718	1878	122360	114.327255201	120721	0	145	154	138	81	96	94	238	68	68
DLR00012647-2009-07-02_23-12-49	10	17	1223	715	2193	137323	114.327255201	133038	0	143	152	138	82	98	95	329	68	68
DLR00012647-2009-07-02_23-12-49	10	18	1294	716	1982	128960	114.327255201	126712	0	146	155	140	81	97	95	257	68	68
DLR00012647-2009-07-02_23-12-49	10	19	1361	717	2391	163765	114.327255201	159902	0	148	157	142	83	99	96	333	68	68
DLR00012647-2009-07-02_23-12-49	10	20	1433	718	0	0	114.327255201	6985	0				75	93	93	0	68	68
DLR00012647-2009-07-02_23-12-49	10	21	1499	717	2653	185440	114.327255201	182545	0	146	155	142	81	97	95	292	68	68
DLR00012647-2009-07-02_23-12-49	10	22	1566	716	2154	148933	114.327255201	147601	0	145	154	140	80	95	93	209	68	68
DLR00012647-2009-07-02_23-12-49	10	23	1632	717	2421	170294	114.327255201	168402	0	141	149	136	78	92	91	206	68	68
DLR00012647-2009-07-02_23-12-49	10	24	1703	718	2161	159127	114.327255201	158887	0	138	146	133	75	88	87	137	68	68
DLR00012647-2009-07-02_23-12-49	11	1	129	785	0	0	114.327255201	7661	0				78	93	94	0	68	68
DLR00012647-2009-07-02_23-12-49	11	2	203	789	1693	103937	114.327255201	101035	0	142	151	139	83	98	97	280	68	68
DLR00012647-2009-07-02_23-12-49	11	3	269	791	2209	144151	114.327255201	141510	0	150	157	144	85	99	98	283	68	68
DLR00012647-2009-07-02_23-12-49	11	4	336	790	1675	102561	114.327255201	101322	0	146	155	142	84	100	98	238	68	68
DLR00012647-2009-07-02_23-12-49	11	5	408	790	1924	115382	114.327255201	113786	0	144	153	140	84	100	98	212	68	68
DLR00012647-2009-07-02_23-12-49	11	6	472	785	0	0	114.327255201	6386	0				79	96	96	0	68	68
DLR00012647-2009-07-02_23-12-49	11	7	541	785	0	0	114.327255201	6608	0				78	96	95	0	68	68
DLR00012647-2009-07-02_23-12-49	11	8	594	795	1	24	114.327255201	6233	0	109	119	115	79	96	95	4	68	68
DLR00012647-2009-07-02_23-12-49	11	9	678	785	0	0	114.327255201	6186	0				78	95	94	0	68	68
DLR00012647-2009-07-02_23-12-49	11	10	747	787	1902	122084	114.327255201	119860	0	146	154	139	82	97	95	275	68	68
DLR00012647-2009-07-02_23-12-49	11	11	818	788	1383	82052	114.327255201	78137	0	141	150	136	83	98	95	305	68	68
DLR00012647-2009-07-02_23-12-49	11	12	883	786	1693	108170	114.327255201	104619	0	144	153	138	82	97	94	344	68	68
DLR00012647-2009-07-02_23-12-49	11	13	955	788	1536	93938	114.327255201	90880	0	140	149	135	81	96	94	259	68	68
DLR00012647-2009-07-02_23-12-49	11	14	1021	785	0	0	114.327255201	6235	0				77	93	92	0	68	68
DLR00012647-2009-07-02_23-12-49	11	15	1090	785	0	0	114.327255201	6057	0				77	93	92	0	68	68
DLR00012647-2009-07-02_23-12-49	11	16	1157	785	1591	97767	114.327255201	94463	0	139	149	135	81	96	94	309	68	68
DLR00012647-2009-07-02_23-12-49	11	17	1226	790	1597	96062	114.327255201	93137	0	138	148	134	81	96	94	272	68	68
DLR00012647-2009-07-02_23-12-49	11	18	1293	785	1972	123298	114.327255201	121050	0	141	151	137	81	97	95	253	68	68
DLR00012647-2009-07-02_23-12-49	11	19	1364	785	0	0	114.327255201	6777	0				75	93	93	0	68	68
DLR00012647-2009-07-02_23-12-49	11	20	1433	785	0	0	114.327255201	7292	0				75	92	93	0	68	68
DLR00012647-2009-07-02_23-12-49	11	21	1501	785	0	0	114.327255201	6989	0				75	91	92	0	68	68
DLR00012647-2009-07-02_23-12-49	11	22	1568	784	1740	106954	114.327255201	105996	0	136	146	134	80	95	94	184	68	68
DLR00012647-2009-07-02_23-12-49	11	23	1633	786	1814	122491	114.327255201	120376	0	137	145	133	77	91	90	271	68	68
DLR00012647-2009-07-02_23-12-49	11	24	1701	781	1555	97494	114.327255201	95911	0	126	136	125	74	87	86	147	68	68
DLR00012647-2009-07-02_23-12-49	12	1	129	853	0	0	114.327255201	7601	0				77	92	93	0	68	68
DLR00012647-2009-07-02_23-12-49	12	2	201	858	2199	151517	114.327255201	150242	0	149	156	143	82	96	95	252	68	68
DLR00012647-2009-07-02_23-12-49	12	3	268	858	1836	104082	114.327255201	98697	0	140	149	138	85	100	98	369	68	68
DLR00012647-2009-07-02_23-12-49	12	4	338	859	2078	137896	114.327255201	136332	0	151	159	145	84	99	98	237	68	68
DLR00012647-2009-07-02_23-12-49	12	5	406	859	2049	119109	114.327255201	114967	0	143	153	140	86	101	99	377	68	68
DLR00012647-2009-07-02_23-12-49	12	6	473	858	2035	132199	114.327255201	130332	0	149	158	143	84	99	98	245	68	68
DLR00012647-2009-07-02_23-12-49	12	7	540	856	1950	121219	114.327255201	117333	0	145	154	140	84	100	97	343	68	68
DLR00012647-2009-07-02_23-12-49	12	8	611	856	2043	130926	114.327255201	128505	0	147	156	141	83	98	96	278	68	68
DLR00012647-2009-07-02_23-12-49	12	9	679	858	2077	124465	114.327255201	119055	0	142	152	137	85	99	96	355	68	68
DLR00012647-2009-07-02_23-12-49	12	10	747	858	2056	140062	114.327255201	138563	0	150	158	141	82	96	94	267	68	68
DLR00012647-2009-07-02_23-12-49	12	11	814	854	2210	142108	114.327255201	138152	0	145	153	138	83	97	94	319	68	68
DLR00012647-2009-07-02_23-12-49	12	12	882	854	2032	133306	114.327255201	130324	0	145	153	137	81	96	93	297	68	68
DLR00012647-2009-07-02_23-12-49	12	13	951	856	2247	141073	114.327255201	137205	0	141	150	135	81	95	93	314	68	68
DLR00012647-2009-07-02_23-12-49	12	14	1021	855	1867	121577	114.327255201	118708	0	143	152	137	80	95	93	277	68	68
DLR00012647-2009-07-02_23-12-49	12	15	1088	855	2378	153110	114.327255201	149093	0	143	152	136	82	96	93	301	68	68
DLR00012647-2009-07-02_23-12-49	12	16	1154	857	1981	130312	114.327255201	128655	0	144	153	137	80	95	93	210	68	68
DLR00012647-2009-07-02_23-12-49	12	17	1223	853	2132	136796	114.327255201	132323	0	142	151	137	82	96	94	306	68	68
DLR00012647-2009-07-02_23-12-49	12	18	1293	850	2078	143952	114.327255201	142793	0	149	157	141	80	96	94	215	68	68
DLR00012647-2009-07-02_23-12-49	12	19	1361	853	2290	147663	114.327255201	144337	0	142	151	137	82	97	95	273	68	68
DLR00012647-2009-07-02_23-12-49	12	20	1431	852	2134	149351	114.327255201	147923	0	146	155	141	79	95	93	256	68	68
DLR00012647-2009-07-02_23-12-49	12	21	1500	854	2169	136947	114.327255201	134162	0	138	147	135	80	95	94	244	68	68
DLR00012647-2009-07-02_23-12-49	12	22	1565	850	2212	154507	114.327255201	153615	0	143	152	139	80	94	92	193	68	68
DLR00012647-2009-07-02_23-12-49	12	23	1632	851	2348	167652	114.327255201	165311	0	140	148	135	78	91	90	254	68	68
DLR00012647-2009-07-02_23-12-49	12	24	1699	851	2355	173803	114.327255201	172654	0	135	143	131	75	87	86	210	68	68
DLR00012647-2009-07-02_23-12-49	13	1	135	926	1968	124618	114.327255201	123347	0	140	148	137	82	95	95	185	68	68
DLR00012647-2009-07-02_23-12-49	13	2	202	927	2082	142442	114.327255201	140926	0	148	155	141	82	96	95	258	68	68
DLR00012647-2009-07-02_23-12-49	13	3	273	926	1967	128596	114.327255201	127186	0	148	155	142	83	97	96	266	68	68
DLR00012647-2009-07-02_23-12-49	13	4	340	928	1821	110562	114.327255201	108036	0	145	153	141	84	99	97	296	68	68
DLR00012647-2009-07-02_23-12-49	13	5	408	926	1979	114300	114.327255201	111647	0	143	152	139	85	100	98	272	68	68
DLR00012647-2009-07-02_23-12-49	13	6	474	928	1888	114844	114.327255201	111863	0	145	154	141	85	100	98	308	68	68
DLR00012647-2009-07-02_23-12-49	13	7	544	926	1762	106391	114.327255201	104625	0	143	152	139	83	98	96	262	68	68
DLR00012647-2009-07-02_23-12-49	13	8	612	924	2005	130240	114.327255201	127608	0	147	156	141	83	98	96	294	68	68
DLR00012647-2009-07-02_23-12-49	13	9	682	924	1846	113772	114.327255201	110272	0	143	152	138	83	98	95	337	68	68
DLR00012647-2009-07-02_23-12-49	13	10	748	925	1722	108052	114.327255201	106077	0	143	152	137	81	96	94	245	68	68
DLR00012647-2009-07-02_23-12-49	13	11	816	925	1846	116112	114.327255201	112820	0	142	151	136	82	97	94	277	68	68
DLR00012647-2009-07-02_23-12-49	13	12	886	920	1475	88569	114.327255201	85716	0	137	147	133	81	96	93	252	68	68
DLR00012647-2009-07-02_23-12-49	13	13	953	926	1583	97776	114.327255201	94746	0	139	148	134	81	95	93	281	68	68
DLR00012647-2009-07-02_23-12-49	13	14	1020	923	1673	106945	114.327255201	103831	0	141	150	135	80	95	92	312	68	68
DLR00012647-2009-07-02_23-12-49	13	15	1091	923	1609	97478	114.327255201	93822	0	137	147	133	81	95	93	267	68	68
DLR00012647-2009-07-02_23-12-49	13	16	1159	922	1601	97599	114.327255201	94030	0	137	147	133	80	94	92	300	68	68
DLR00012647-2009-07-02_23-12-49	13	17	1226	924	2060	134611	114.327255201	132061	0	141	150	135	79	94	92	254	68	68
DLR00012647-2009-07-02_23-12-49	13	18	1294	922	1927	123528	114.327255201	119672	4	140	150	136	80	95	93	359	68	68
DLR00012647-2009-07-02_23-12-49	13	19	1363	925	1611	99041	114.327255201	95730	0	138	148	135	81	96	94	298	68	68
DLR00012647-2009-07-02_23-12-49	13	20	1430	923	1919	128896	114.327255201	126527	0	142	152	138	79	94	93	270	68	68
DLR00012647-2009-07-02_23-12-49	13	21	1501	922	1590	103411	114.327255201	102532	0	138	148	136	78	93	92	180	68	68
DLR00012647-2009-07-02_23-12-49	13	22	1568	920	1586	100441	114.327255201	98976	0	133	143	132	77	91	91	186	68	68
DLR00012647-2009-07-02_23-12-49	13	23	1635	923	1645	111874	114.327255201	110673	0	134	142	131	76	89	88	223	68	68
DLR00012647-2009-07-02_23-12-49	13	24	1700	921	1583	107589	114.327255201	106025	0	129	137	127	74	87	86	167	68	68
DLR00012647-2009-07-02_23-12-49	14	1	135	998	1801	96940	114.327255201	95014	0	130	139	130	82	95	94	141	68	68
DLR00012647-2009-07-02_23-12-49	14	2	203	993	2068	142395	114.327255201	140757	0	148	154	141	82	95	94	271	68	68
DLR00012647-2009-07-02_23-12-49	14	3	271	995	1518	87081	114.327255201	82844	0	138	147	136	84	97	96	364	68	68
DLR00012647-2009-07-02_23-12-49	14	4	338	996	2061	138612	114.327255201	137279	0	151	158	145	84	99	97	239	68	68
DLR00012647-2009-07-02_23-12-49	14	5	404	994	1753	104355	114.327255201	99855	0	143	152	140	85	100	98	378	68	68
DLR00012647-2009-07-02_23-12-49	14	6	474	992	2259	152003	114.327255201	149682	0	151	159	145	84	99	97	299	68	68
DLR00012647-2009-07-02_23-12-49	14	7	542	991	1613	94795	114.327255201	90413	0	141	150	138	83	99	97	357	68	68
DLR00012647-2009-07-02_23-12-49	14	8	611	993	2114	145211	114.327255201	142752	0	151	159	143	83	98	96	296	68	68
DLR00012647-2009-07-02_23-12-49	14	9	680	995	2208	143594	114.327255201	139370	0	146	155	140	84	98	95	372	68	68
DLR00012647-2009-07-02_23-12-49	14	10	748	994	1917	125089	114.327255201	123208	0	145	154	138	81	96	94	237	68	68
DLR00012647-2009-07-02_23-12-49	14	11	816	990	2210	148686	114.327255201	144490	3	146	155	140	82	97	94	414	68	68
DLR00012647-2009-07-02_23-12-49	14	12	885	991	1893	126315	114.327255201	123350	0	145	153	138	80	95	93	304	68	68
DLR00012647-2009-07-02_23-12-49	14	13	953	992	2140	138714	114.327255201	134131	0	141	150	136	81	96	93	341	68	68
DLR00012647-2009-07-02_23-12-49	14	14	1021	992	2136	147560	114.327255201	144445	0	146	154	139	80	95	92	336	68	68
DLR00012647-2009-07-02_23-12-49	14	15	1090	990	2163	140051	114.327255201	135396	0	140	150	135	81	95	93	340	68	68
DLR00012647-2009-07-02_23-12-49	14	16	1158	989	1874	126333	114.327255201	123403	0	143	152	137	79	94	92	311	68	68
DLR00012647-2009-07-02_23-12-49	14	17	1224	991	2382	156491	114.327255201	151312	0	141	150	135	81	95	93	374	68	68
DLR00012647-2009-07-02_23-12-49	14	18	1292	989	2413	172661	114.327255201	170774	4	147	155	140	79	93	92	273	68	68
DLR00012647-2009-07-02_23-12-49	14	19	1362	988	2238	145886	114.327255201	141327	0	142	151	137	82	96	94	337	68	68
DLR00012647-2009-07-02_23-12-49	14	20	1430	988	1826	116276	114.327255201	113072	0	139	148	136	80	95	93	292	68	68
DLR00012647-2009-07-02_23-12-49	14	21	1497	989	2239	146816	114.327255201	142799	0	139	148	136	81	95	93	297	68	68
DLR00012647-2009-07-02_23-12-49	14	22	1569	988	2189	166146	114.327255201	164849	0	146	153	140	78	92	90	250	68	68
DLR00012647-2009-07-02_23-12-49	14	23	1634	988	2403	171998	114.327255201	169124	0	137	145	133	77	89	88	265	68	68
DLR00012647-2009-07-02_23-12-49	14	24	1707	989	0	0	114.327255201	9800	0				69	82	83	0	68	68
DLR00012647-2009-07-02_23-12-49	15	1	137	1064	2390	153421	114.327255201	152418	0	140	148	138	81	93	93	155	68	68
DLR00012647-2009-07-02_23-12-49	15	2	204	1065	2239	155064	114.327255201	153742	0	147	153	142	82	94	94	255	68	68
DLR00012647-2009-07-02_23-12-49	15	3	272	1061	1901	122646	114.327255201	119659	0	143	152	141	83	97	96	299	68	68
DLR00012647-2009-07-02_23-12-49	15	4	340	1063	1811	110092	114.327255201	108261	0	142	151	140	83	97	97	261	68	68
DLR00012647-2009-07-02_23-12-49	15	5	408	1063	1802	108000	114.327255201	104166	0	141	151	140	84	98	98	357	68	68
DLR00012647-2009-07-02_23-12-49	15	6	478	1062	1837	115013	114.327255201	112382	0	144	153	141	83	98	97	330	68	68
DLR00012647-2009-07-02_23-12-49	15	7	544	1062	1691	103557	114.327255201	99824	0	142	151	140	83	98	97	346	68	68
DLR00012647-2009-07-02_23-12-49	15	8	613	1059	1675	105911	114.327255201	103022	0	143	152	140	82	97	96	349	68	68
DLR00012647-2009-07-02_23-12-49	15	9	679	1059	1839	117315	114.327255201	114119	0	142	152	139	82	97	95	340	68	68
DLR00012647-2009-07-02_23-12-49	15	10	749	1062	2085	142329	114.327255201	139541	0	144	153	140	80	95	93	313	68	68
DLR00012647-2009-07-02_23-12-49	15	11	821	1064	1412	87959	114.327255201	85441	0	136	146	134	79	94	93	289	68	68
DLR00012647-2009-07-02_23-12-49	15	12	886	1062	1559	100996	114.327255201	97849	0	138	148	136	78	94	92	348	68	68
DLR00012647-2009-07-02_23-12-49	15	13	954	1060	1466	91334	114.327255201	87088	0	136	146	134	79	94	92	402	68	68
DLR00012647-2009-07-02_23-12-49	15	14	1023	1059	1718	111916	114.327255201	106552	0	139	149	137	80	95	93	417	68	68
DLR00012647-2009-07-02_23-12-49	15	15	1090	1062	1476	94401	114.327255201	91931	3	137	147	134	79	94	92	231	68	68
DLR00012647-2009-07-02_23-12-49	15	16	1160	1058	1756	112778	114.327255201	109311	0	137	147	134	79	94	92	310	68	68
DLR00012647-2009-07-02_23-12-49	15	17	1226	1060	1709	110211	114.327255201	106903	0	137	147	134	78	94	92	291	68	68
DLR00012647-2009-07-02_23-12-49	15	18	1299	1056	1791	121719	114.327255201	120353	0	140	150	136	77	93	91	254	68	68
DLR00012647-2009-07-02_23-12-49	15	19	1363	1060	1745	112312	114.327255201	108990	0	137	147	136	79	94	93	308	68	68
DLR00012647-2009-07-02_23-12-49	15	20	1431	1059	1377	81780	114.327255201	79276	0	131	142	132	78	93	93	222	68	68
DLR00012647-2009-07-02_23-12-49	15	21	1500	1057	1534	94781	114.327255201	92429	0	133	143	134	78	93	93	199	68	68
DLR00012647-2009-07-02_23-12-49	15	22	1569	1055	1616	103745	114.327255201	101778	0	133	143	133	77	91	91	252	68	68
DLR00012647-2009-07-02_23-12-49	15	23	1634	1056	1622	103514	114.327255201	99423	0	131	140	130	77	90	89	297	68	68
DLR00012647-2009-07-02_23-12-49	15	24	1701	1054	1705	109577	114.327255201	108721	0	128	136	127	76	88	87	104	68	68
DLR00012647-2009-07-02_23-12-49	16	1	138	1130	1667	73349	114.327255201	74170	5	133	140	134	94	104	103	42	68	68
DLR00012647-2009-07-02_23-12-49	16	2	202	1128	1782	98600	114.327255201	100017	0	150	156	146	91	102	101	112	68	68
DLR00012647-2009-07-02_23-12-49	16	3	266	1124	0	0	114.327255201	7049	0				87	99	100	0	68	68
DLR00012647-2009-07-02_23-12-49	16	4	336	1126	9	235	114.327255201	9550	0	116	125	122	89	102	103	3	68	68
DLR00012647-2009-07-02_23-12-49	16	5	410	1125	20	899	114.327255201	7862	7	134	142	136	88	101	102	14	68	68
DLR00012647-2009-07-02_23-12-49	16	6	476	1129	1807	100611	114.327255201	101002	0	149	158	147	94	107	105	166	68	68
DLR00012647-2009-07-02_23-12-49	16	7	539	1129	1906	94866	114.327255201	93640	0	146	155	144	96	109	106	223	68	68
DLR00012647-2009-07-02_23-12-49	16	8	610	1125	1867	105049	114.327255201	105685	0	151	160	147	90	104	102	169	68	68
DLR00012647-2009-07-02_23-12-49	16	9	680	1127	2257	121992	114.327255201	121758	4	144	153	142	93	106	104	160	68	68
DLR00012647-2009-07-02_23-12-49	16	10	747	1125	0	0	114.327255201	14451	0				83	98	97	0	68	68
DLR00012647-2009-07-02_23-12-49	16	11	815	1124	0	0	114.327255201	6994	0				82	97	97	0	68	68
DLR00012647-2009-07-02_23-12-49	16	12	884	1124	0	0	114.327255201	7186	0				83	98	97	0	68	68
DLR00012647-2009-07-02_23-12-49	16	13	952	1123	0	0	114.327255201	7309	0				82	97	96	0	68	68
DLR00012647-2009-07-02_23-12-49	16	14	1022	1127	1950	123398	114.327255201	123184	0	148	156	143	88	102	100	182	68	68
DLR00012647-2009-07-02_23-12-49	16	15	1091	1126	2431	138193	114.327255201	136191	2	143	152	140	89	103	101	220	68	68
DLR00012647-2009-07-02_23-12-49	16	16	1159	1126	2063	128281	114.327255201	127142	0	146	155	143	88	102	100	208	68	68
DLR00012647-2009-07-02_23-12-49	16	17	1228	1126	2478	141383	114.327255201	139023	0	143	152	141	91	105	103	221	68	68
DLR00012647-2009-07-02_23-12-49	16	18	1295	1124	0	0	114.327255201	7749	0				83	97	97	0	68	68
DLR00012647-2009-07-02_23-12-49	16	19	1364	1124	0	0	114.327255201	7288	0				82	97	97	0	68	68
DLR00012647-2009-07-02_23-12-49	16	20	1430	1121	0	0	114.327255201	7347	0				81	96	97	1	68	68
DLR00012647-2009-07-02_23-12-49	16	21	1499	1122	0	0	114.327255201	7069	0				82	96	97	2	68	68
DLR00012647-2009-07-02_23-12-49	16	22	1568	1123	1836	111750	114.327255201	112149	0	141	149	140	88	100	99	146	68	68
DLR00012647-2009-07-02_23-12-49	16	23	1635	1122	2442	147142	114.327255201	146400	1	141	149	138	88	99	97	165	68	68
DLR00012647-2009-07-02_23-12-49	16	24	1704	1123	2002	102738	114.327255201	104579	1	130	138	130	87	97	96	46	68	68
