DLR00012647-2009-06-30_22-38-46	1	1	154	132	61	422	93.8111645331	7998	6	88	99	98	80	93	93	404	68	68
DLR00012647-2009-06-30_22-38-46	1	2	214	124	32	203	93.8111645331	7636	0	85	98	99	81	95	96	260	68	68
DLR00012647-2009-06-30_22-38-46	1	3	271	122	18	98	93.8111645331	7388	1	86	100	100	83	98	99	245	68	68
DLR00012647-2009-06-30_22-38-46	1	4	338	125	15	107	93.8111645331	6716	0	90	104	104	83	99	101	143	68	68
DLR00012647-2009-06-30_22-38-46	1	5	418	122	19	153	93.8111645331	6188	0	92	107	107	84	101	102	234	68	68
DLR00012647-2009-06-30_22-38-46	1	6	493	124	6	38	93.8111645331	6116	0	88	105	105	84	101	102	205	68	68
DLR00012647-2009-06-30_22-38-46	1	7	527	124	13	76	93.8111645331	6461	0	89	106	105	83	101	102	202	68	68
DLR00012647-2009-06-30_22-38-46	1	8	642	143	12	98	93.8111645331	5245	0	88	106	105	81	100	100	142	68	68
DLR00012647-2009-06-30_22-38-46	1	9	680	125	9	76	93.8111645331	6043	2	88	107	106	83	101	101	170	68	68
DLR00012647-2009-06-30_22-38-46	1	10	761	146	7	39	93.8111645331	6077	0	85	102	102	80	99	99	121	68	68
DLR00012647-2009-06-30_22-38-46	1	11	831	123	23	146	93.8111645331	6155	0	90	105	104	82	100	100	173	68	68
DLR00012647-2009-06-30_22-38-46	1	12	867	123	15	100	93.8111645331	6208	0	90	106	104	82	100	100	182	68	68
DLR00012647-2009-06-30_22-38-46	1	13	959	126	12	74	93.8111645331	6177	2	88	105	104	82	100	100	183	68	68
DLR00012647-2009-06-30_22-38-46	1	14	1028	129	17	125	93.8111645331	5923	0	89	105	105	81	99	100	207	68	68
DLR00012647-2009-06-30_22-38-46	1	15	1106	130	17	119	93.8111645331	6113	0	87	105	104	81	99	100	199	68	68
DLR00012647-2009-06-30_22-38-46	1	16	1148	138	18	183	93.8111645331	6042	0	90	107	106	81	99	99	157	68	68
DLR00012647-2009-06-30_22-38-46	1	17	1240	120	15	108	93.8111645331	6340	0	90	106	106	83	100	101	215	68	68
DLR00012647-2009-06-30_22-38-46	1	18	1290	121	12	106	93.8111645331	6387	0	92	108	108	82	100	101	201	68	68
DLR00012647-2009-06-30_22-38-46	1	19	1378	139	17	102	93.8111645331	7029	2	85	101	101	80	97	99	199	68	68
DLR00012647-2009-06-30_22-38-46	1	20	1431	126	12	63	93.8111645331	7409	0	85	101	101	81	98	99	201	68	68
DLR00012647-2009-06-30_22-38-46	1	21	1518	123	10	59	93.8111645331	8028	2	83	97	98	79	95	96	165	68	68
DLR00012647-2009-06-30_22-38-46	1	22	1567	119	16	91	93.8111645331	7755	0	83	97	97	79	93	94	194	68	68
DLR00012647-2009-06-30_22-38-46	1	23	1632	122	27	184	93.8111645331	8129	0	82	95	95	77	90	91	195	68	68
DLR00012647-2009-06-30_22-38-46	1	24	1690	141	96	558	93.8111645331	8669	0	78	90	90	76	88	89	181	68	68
DLR00012647-2009-06-30_22-38-46	2	1	141	162	38	231	93.8111645331	7386	0	83	95	95	78	91	92	229	68	68
DLR00012647-2009-06-30_22-38-46	2	2	200	171	48	304	93.8111645331	7789	2	82	97	97	78	93	94	170	68	68
DLR00012647-2009-06-30_22-38-46	2	3	258	159	19	97	93.8111645331	7474	0	83	98	99	80	95	97	194	68	68
DLR00012647-2009-06-30_22-38-46	2	4	329	172	22	149	93.8111645331	6368	0	87	102	102	81	97	99	200	68	68
DLR00012647-2009-06-30_22-38-46	2	5	406	184	15	89	93.8111645331	5320	0	86	102	102	81	98	99	224	68	68
DLR00012647-2009-06-30_22-38-46	2	6	474	168	8	44	93.8111645331	5309	0	87	102	102	81	99	99	175	68	68
DLR00012647-2009-06-30_22-38-46	2	7	533	171	14	103	93.8111645331	5871	0	88	105	104	81	99	99	174	68	68
DLR00012647-2009-06-30_22-38-46	2	8	602	168	10	65	93.8111645331	5237	0	88	104	103	81	99	99	138	68	68
DLR00012647-2009-06-30_22-38-46	2	9	677	160	17	125	93.8111645331	4643	3	87	105	104	81	99	99	158	68	68
DLR00012647-2009-06-30_22-38-46	2	10	734	173	9	53	93.8111645331	5669	0	85	102	102	80	98	98	150	68	68
DLR00012647-2009-06-30_22-38-46	2	11	826	167	16	95	93.8111645331	6348	0	84	101	101	79	97	97	112	68	68
DLR00012647-2009-06-30_22-38-46	2	12	894	162	16	95	93.8111645331	5564	0	85	103	101	80	98	98	156	68	68
DLR00012647-2009-06-30_22-38-46	2	13	952	177	19	104	93.8111645331	5936	1	84	101	100	80	98	98	139	68	68
DLR00012647-2009-06-30_22-38-46	2	14	1031	180	39	258	93.8111645331	6768	1	84	101	100	79	97	97	163	68	68
DLR00012647-2009-06-30_22-38-46	2	15	1077	189	40	247	93.8111645331	6666	2	84	101	100	79	97	97	169	68	68
DLR00012647-2009-06-30_22-38-46	2	16	1144	180	45	335	93.8111645331	5396	0	85	103	102	79	98	98	208	68	68
DLR00012647-2009-06-30_22-38-46	2	17	1242	188	10	73	93.8111645331	5764	0	86	103	102	79	97	98	108	68	68
DLR00012647-2009-06-30_22-38-46	2	18	1291	179	10	57	93.8111645331	7333	0	84	101	100	79	97	98	135	68	68
DLR00012647-2009-06-30_22-38-46	2	19	1373	177	27	158	93.8111645331	8594	0	83	100	101	79	97	98	172	68	68
DLR00012647-2009-06-30_22-38-46	2	20	1430	177	34	211	93.8111645331	8555	0	83	100	101	79	96	98	200	68	68
DLR00012647-2009-06-30_22-38-46	2	21	1491	171	24	123	93.8111645331	7633	0	80	97	98	77	94	96	138	68	68
DLR00012647-2009-06-30_22-38-46	2	22	1569	179	48	269	93.8111645331	7450	2	78	94	95	75	91	93	184	68	68
DLR00012647-2009-06-30_22-38-46	2	23	1639	174	57	311	93.8111645331	7514	0	75	90	91	73	88	89	166	68	68
DLR00012647-2009-06-30_22-38-46	2	24	1718	170	143	769	93.8111645331	9622	2	78	89	89	76	88	88	246	68	68
DLR00012647-2009-06-30_22-38-46	3	1	135	246	70	382	93.8111645331	7941	0	82	94	94	78	92	93	184	68	68
DLR00012647-2009-06-30_22-38-46	3	2	210	258	33	238	93.8111645331	7061	0	85	99	99	79	94	95	169	68	68
DLR00012647-2009-06-30_22-38-46	3	3	254	250	34	240	93.8111645331	7297	2	86	100	100	80	95	96	185	68	68
DLR00012647-2009-06-30_22-38-46	3	4	331	246	23	150	93.8111645331	6692	2	86	102	102	80	97	98	183	68	68
DLR00012647-2009-06-30_22-38-46	3	5	418	249	20	143	93.8111645331	4951	1	87	104	103	81	98	99	160	68	68
DLR00012647-2009-06-30_22-38-46	3	6	463	225	13	82	93.8111645331	5473	2	86	103	103	81	98	99	184	68	68
DLR00012647-2009-06-30_22-38-46	3	7	532	241	5	26	93.8111645331	4719	0	84	103	102	81	99	98	127	68	68
DLR00012647-2009-06-30_22-38-46	3	8	614	240	16	95	93.8111645331	4669	3	86	103	101	81	99	98	167	68	68
DLR00012647-2009-06-30_22-38-46	3	9	660	252	25	147	93.8111645331	4633	0	85	103	100	80	98	98	172	68	68
DLR00012647-2009-06-30_22-38-46	3	10	727	228	19	130	93.8111645331	4902	2	86	103	101	80	98	97	164	68	68
DLR00012647-2009-06-30_22-38-46	3	11	800	230	27	176	93.8111645331	4777	1	85	102	101	79	97	97	167	68	68
DLR00012647-2009-06-30_22-38-46	3	12	888	255	10	54	93.8111645331	5254	0	84	100	100	79	98	97	113	68	68
DLR00012647-2009-06-30_22-38-46	3	13	948	251	22	119	93.8111645331	5544	1	83	100	99	79	98	97	108	68	68
DLR00012647-2009-06-30_22-38-46	3	14	1023	231	49	294	93.8111645331	6081	4	83	101	100	79	97	97	188	68	68
DLR00012647-2009-06-30_22-38-46	3	15	1091	241	18	110	93.8111645331	7920	0	83	101	100	79	97	97	139	68	68
DLR00012647-2009-06-30_22-38-46	3	16	1157	242	44	276	93.8111645331	6547	2	84	101	101	79	97	97	199	68	68
DLR00012647-2009-06-30_22-38-46	3	17	1220	238	25	171	93.8111645331	7115	1	84	102	101	79	97	97	155	68	68
DLR00012647-2009-06-30_22-38-46	3	18	1306	259	37	237	93.8111645331	8015	3	84	101	100	79	97	97	208	68	68
DLR00012647-2009-06-30_22-38-46	3	19	1362	228	23	123	93.8111645331	7664	2	82	100	100	78	96	97	192	68	68
DLR00012647-2009-06-30_22-38-46	3	20	1427	249	18	104	93.8111645331	7275	1	82	100	100	78	96	97	204	68	68
DLR00012647-2009-06-30_22-38-46	3	21	1507	243	20	127	93.8111645331	7122	0	81	98	99	77	94	96	172	68	68
DLR00012647-2009-06-30_22-38-46	3	22	1567	232	58	337	93.8111645331	7581	3	79	94	96	75	91	94	225	68	68
DLR00012647-2009-06-30_22-38-46	3	23	1635	248	103	542	93.8111645331	8357	5	75	91	92	73	89	90	179	68	68
DLR00012647-2009-06-30_22-38-46	3	24	1680	242	109	601	93.8111645331	7500	3	75	89	90	72	87	88	201	68	68
DLR00012647-2009-06-30_22-38-46	4	1	132	314	67	375	93.8111645331	7983	0	83	95	96	79	92	93	197	68	68
DLR00012647-2009-06-30_22-38-46	4	2	191	315	28	152	93.8111645331	7407	0	82	96	97	79	94	95	161	68	68
DLR00012647-2009-06-30_22-38-46	4	3	264	308	18	105	93.8111645331	7591	3	84	99	100	80	95	97	134	68	68
DLR00012647-2009-06-30_22-38-46	4	4	326	307	39	415	93.8111645331	6818	0	92	105	104	80	97	98	192	68	68
DLR00012647-2009-06-30_22-38-46	4	5	390	315	26	252	93.8111645331	5489	2	90	106	105	80	98	99	165	68	68
DLR00012647-2009-06-30_22-38-46	4	6	474	307	13	66	93.8111645331	4512	0	84	102	101	80	98	98	127	68	68
DLR00012647-2009-06-30_22-38-46	4	7	536	292	18	111	93.8111645331	4431	0	86	103	102	80	98	98	163	68	68
DLR00012647-2009-06-30_22-38-46	4	8	621	324	35	238	93.8111645331	5171	0	87	103	102	80	98	98	274	68	68
DLR00012647-2009-06-30_22-38-46	4	9	682	313	14	100	93.8111645331	5816	0	86	104	103	80	98	97	134	68	68
DLR00012647-2009-06-30_22-38-46	4	10	744	319	16	93	93.8111645331	5476	2	86	102	101	80	98	97	148	68	68
DLR00012647-2009-06-30_22-38-46	4	11	825	314	32	181	93.8111645331	5954	0	83	101	99	80	97	97	152	68	68
DLR00012647-2009-06-30_22-38-46	4	12	899	309	33	256	93.8111645331	4892	4	86	103	102	79	97	97	174	68	68
DLR00012647-2009-06-30_22-38-46	4	13	947	310	25	130	93.8111645331	7880	0	82	100	99	79	97	97	112	68	68
DLR00012647-2009-06-30_22-38-46	4	14	1025	313	24	136	93.8111645331	7662	1	83	100	99	79	97	97	128	68	68
DLR00012647-2009-06-30_22-38-46	4	15	1093	299	37	338	93.8111645331	8243	0	87	104	102	79	97	97	153	68	68
DLR00012647-2009-06-30_22-38-46	4	16	1156	296	24	133	93.8111645331	8262	1	83	100	100	79	97	97	142	68	68
DLR00012647-2009-06-30_22-38-46	4	17	1221	319	24	143	93.8111645331	8370	0	83	100	100	79	97	97	130	68	68
DLR00012647-2009-06-30_22-38-46	4	18	1282	304	25	159	93.8111645331	8117	2	83	101	100	78	97	97	177	68	68
DLR00012647-2009-06-30_22-38-46	4	19	1369	297	10	60	93.8111645331	7104	0	82	100	101	78	96	97	157	68	68
DLR00012647-2009-06-30_22-38-46	4	20	1441	310	51	285	93.8111645331	7714	1	82	99	99	78	96	97	202	68	68
DLR00012647-2009-06-30_22-38-46	4	21	1492	313	67	352	93.8111645331	8373	4	80	98	99	77	95	97	172	68	68
DLR00012647-2009-06-30_22-38-46	4	22	1567	292	101	557	93.8111645331	8193	2	79	94	96	75	92	94	211	68	68
DLR00012647-2009-06-30_22-38-46	4	23	1629	308	98	588	93.8111645331	8621	0	76	91	92	73	89	91	231	68	68
DLR00012647-2009-06-30_22-38-46	4	24	1714	297	211	1147	93.8111645331	9503	1	76	89	89	73	87	87	191	68	68
DLR00012647-2009-06-30_22-38-46	5	1	131	378	38	192	93.8111645331	8260	0	82	95	95	79	92	94	134	68	68
DLR00012647-2009-06-30_22-38-46	5	2	198	387	28	151	93.8111645331	7864	0	83	97	98	79	94	96	198	68	68
DLR00012647-2009-06-30_22-38-46	5	3	268	382	13	66	93.8111645331	7820	1	83	99	100	79	96	97	157	68	68
DLR00012647-2009-06-30_22-38-46	5	4	346	384	27	170	93.8111645331	5716	0	86	102	102	80	97	99	217	68	68
DLR00012647-2009-06-30_22-38-46	5	5	406	394	11	66	93.8111645331	5848	0	85	102	103	80	98	99	163	68	68
DLR00012647-2009-06-30_22-38-46	5	6	477	393	10	57	93.8111645331	4647	0	84	102	101	80	98	98	146	68	68
DLR00012647-2009-06-30_22-38-46	5	7	558	367	18	98	93.8111645331	4870	1	85	102	101	80	98	98	167	68	68
DLR00012647-2009-06-30_22-38-46	5	8	615	372	15	93	93.8111645331	5233	0	85	103	101	80	98	98	170	68	68
DLR00012647-2009-06-30_22-38-46	5	9	677	391	15	81	93.8111645331	5567	1	84	102	101	80	98	97	156	68	68
DLR00012647-2009-06-30_22-38-46	5	10	741	377	17	108	93.8111645331	5113	0	86	102	101	80	98	97	180	68	68
DLR00012647-2009-06-30_22-38-46	5	11	804	368	16	82	93.8111645331	6087	1	83	100	99	80	97	97	132	68	68
DLR00012647-2009-06-30_22-38-46	5	12	881	368	25	147	93.8111645331	7784	1	84	100	99	79	97	96	169	68	68
DLR00012647-2009-06-30_22-38-46	5	13	958	373	28	170	93.8111645331	8318	0	84	101	100	79	97	96	156	68	68
DLR00012647-2009-06-30_22-38-46	5	14	1014	394	134	1478	93.8111645331	8740	1	89	105	103	79	96	96	324	68	68
DLR00012647-2009-06-30_22-38-46	5	15	1086	384	22	151	93.8111645331	7629	2	85	101	100	79	96	96	149	68	68
DLR00012647-2009-06-30_22-38-46	5	16	1165	383	25	159	93.8111645331	7677	1	84	100	100	79	96	96	190	68	68
DLR00012647-2009-06-30_22-38-46	5	17	1217	369	28	182	93.8111645331	7612	0	84	100	100	78	96	97	167	68	68
DLR00012647-2009-06-30_22-38-46	5	18	1285	387	8	47	93.8111645331	7219	0	83	100	101	78	96	97	127	68	68
DLR00012647-2009-06-30_22-38-46	5	19	1366	376	37	244	93.8111645331	7965	0	83	101	102	78	96	98	216	68	68
DLR00012647-2009-06-30_22-38-46	5	20	1429	370	15	106	93.8111645331	7417	2	83	101	101	77	96	97	136	68	68
DLR00012647-2009-06-30_22-38-46	5	21	1508	383	24	146	93.8111645331	6563	2	80	98	99	76	94	96	194	68	68
DLR00012647-2009-06-30_22-38-46	5	22	1562	381	47	283	93.8111645331	7402	2	79	95	97	75	92	94	234	68	68
DLR00012647-2009-06-30_22-38-46	5	23	1630	372	70	374	93.8111645331	8444	2	75	91	92	72	89	91	155	68	68
DLR00012647-2009-06-30_22-38-46	5	24	1720	375	130	689	93.8111645331	9539	2	76	89	90	73	88	88	230	68	68
DLR00012647-2009-06-30_22-38-46	6	1	138	458	29	164	93.8111645331	6927	0	82	96	97	78	92	94	179	68	68
DLR00012647-2009-06-30_22-38-46	6	2	200	451	21	113	93.8111645331	7249	0	82	97	98	78	94	96	157	68	68
DLR00012647-2009-06-30_22-38-46	6	3	265	453	19	117	93.8111645331	8211	2	84	99	101	79	96	98	187	68	68
DLR00012647-2009-06-30_22-38-46	6	4	319	424	17	126	93.8111645331	6506	0	86	103	102	80	97	99	196	68	68
DLR00012647-2009-06-30_22-38-46	6	5	408	427	14	83	93.8111645331	6174	0	85	102	102	80	98	99	162	68	68
DLR00012647-2009-06-30_22-38-46	6	6	467	443	21	151	93.8111645331	5566	0	86	103	103	80	98	98	189	68	68
DLR00012647-2009-06-30_22-38-46	6	7	526	444	3	16	93.8111645331	5527	0	86	101	102	80	98	98	122	68	68
DLR00012647-2009-06-30_22-38-46	6	8	620	439	13	77	93.8111645331	5650	1	86	102	101	80	98	97	148	68	68
DLR00012647-2009-06-30_22-38-46	6	9	693	439	13	115	93.8111645331	4883	0	89	105	104	80	98	97	133	68	68
DLR00012647-2009-06-30_22-38-46	6	10	752	458	49	364	93.8111645331	6098	2	87	102	100	80	97	96	183	68	68
DLR00012647-2009-06-30_22-38-46	6	11	811	450	14	91	93.8111645331	8246	0	84	101	100	79	97	96	143	68	68
DLR00012647-2009-06-30_22-38-46	6	12	871	434	18	128	93.8111645331	7796	0	85	102	100	79	96	96	166	68	68
DLR00012647-2009-06-30_22-38-46	6	13	958	451	21	146	93.8111645331	7532	2	84	101	100	79	96	96	189	68	68
DLR00012647-2009-06-30_22-38-46	6	14	1021	459	19	127	93.8111645331	7190	3	84	100	100	78	96	95	146	68	68
DLR00012647-2009-06-30_22-38-46	6	15	1083	448	26	179	93.8111645331	7503	0	85	101	100	79	96	96	176	68	68
DLR00012647-2009-06-30_22-38-46	6	16	1156	458	22	126	93.8111645331	7892	3	83	100	99	79	96	96	177	68	68
DLR00012647-2009-06-30_22-38-46	6	17	1211	439	43	222	93.8111645331	8355	2	82	99	99	79	97	97	186	68	68
DLR00012647-2009-06-30_22-38-46	6	18	1301	440	32	186	93.8111645331	8029	0	82	100	100	78	96	97	230	68	68
DLR00012647-2009-06-30_22-38-46	6	19	1372	441	13	84	93.8111645331	6512	1	83	99	100	77	95	97	168	68	68
DLR00012647-2009-06-30_22-38-46	6	20	1441	452	68	450	93.8111645331	6936	3	82	99	99	76	95	96	246	68	68
DLR00012647-2009-06-30_22-38-46	6	21	1503	438	37	255	93.8111645331	7311	0	81	98	99	76	94	96	214	68	68
DLR00012647-2009-06-30_22-38-46	6	22	1579	440	71	429	93.8111645331	7687	3	77	94	95	74	91	94	312	68	68
DLR00012647-2009-06-30_22-38-46	6	23	1644	434	78	467	93.8111645331	7353	5	76	92	93	72	88	90	208	68	68
DLR00012647-2009-06-30_22-38-46	6	24	1723	436	124	693	93.8111645331	9231	4	77	90	90	74	88	88	198	68	68
DLR00012647-2009-06-30_22-38-46	7	1	139	506	29	178	93.8111645331	6842	0	83	97	97	78	93	95	217	68	68
DLR00012647-2009-06-30_22-38-46	7	2	197	515	22	169	93.8111645331	7402	2	84	100	101	78	94	96	197	68	68
DLR00012647-2009-06-30_22-38-46	7	3	257	502	25	146	93.8111645331	8020	0	83	99	101	79	96	97	174	68	68
DLR00012647-2009-06-30_22-38-46	7	4	347	514	20	143	93.8111645331	5747	3	86	103	103	80	97	99	165	68	68
DLR00012647-2009-06-30_22-38-46	7	5	387	517	15	118	93.8111645331	5899	0	87	104	104	80	98	99	160	68	68
DLR00012647-2009-06-30_22-38-46	7	6	463	515	7	39	93.8111645331	5643	0	83	101	101	79	98	98	134	68	68
DLR00012647-2009-06-30_22-38-46	7	7	544	518	27	241	93.8111645331	4817	3	89	105	104	79	98	98	187	68	68
DLR00012647-2009-06-30_22-38-46	7	8	604	526	32	193	93.8111645331	5667	0	83	101	100	80	97	97	195	68	68
DLR00012647-2009-06-30_22-38-46	7	9	666	527	47	320	93.8111645331	6816	0	85	101	100	79	97	97	215	68	68
DLR00012647-2009-06-30_22-38-46	7	10	746	509	61	451	93.8111645331	8504	5	86	101	100	80	97	96	239	68	68
DLR00012647-2009-06-30_22-38-46	7	11	817	510	4	21	93.8111645331	7796	0	83	100	99	79	96	96	85	68	68
DLR00012647-2009-06-30_22-38-46	7	12	887	516	26	158	93.8111645331	7149	1	84	100	99	79	96	95	188	68	68
DLR00012647-2009-06-30_22-38-46	7	13	936	501	25	183	93.8111645331	7340	4	85	101	100	79	96	95	195	68	68
DLR00012647-2009-06-30_22-38-46	7	14	1010	523	38	282	93.8111645331	7250	1	85	100	100	79	95	95	215	68	68
DLR00012647-2009-06-30_22-38-46	7	15	1102	519	28	163	93.8111645331	7920	2	82	100	99	79	96	96	155	68	68
DLR00012647-2009-06-30_22-38-46	7	16	1161	501	58	302	93.8111645331	8637	5	82	99	99	79	97	96	177	68	68
DLR00012647-2009-06-30_22-38-46	7	17	1227	513	46	246	93.8111645331	8206	0	82	99	99	78	96	96	166	68	68
DLR00012647-2009-06-30_22-38-46	7	18	1303	491	9	59	93.8111645331	7095	0	82	100	100	77	95	96	158	68	68
DLR00012647-2009-06-30_22-38-46	7	19	1359	533	6	38	93.8111645331	6659	0	83	99	100	76	95	96	121	68	68
DLR00012647-2009-06-30_22-38-46	7	20	1442	496	55	361	93.8111645331	6516	2	81	99	99	76	94	96	248	68	68
DLR00012647-2009-06-30_22-38-46	7	21	1501	515	30	197	93.8111645331	6684	0	80	98	99	75	93	95	183	68	68
DLR00012647-2009-06-30_22-38-46	7	22	1564	509	31	189	93.8111645331	7137	0	78	95	97	74	91	94	184	68	68
DLR00012647-2009-06-30_22-38-46	7	23	1633	514	64	332	93.8111645331	8046	3	74	91	92	72	89	91	143	68	68
DLR00012647-2009-06-30_22-38-46	7	24	1720	522	100	619	93.8111645331	8763	1	77	90	89	73	87	88	221	68	68
DLR00012647-2009-06-30_22-38-46	8	1	142	592	21	113	93.8111645331	6863	0	81	97	98	77	94	96	167	68	68
DLR00012647-2009-06-30_22-38-46	8	2	202	592	11	64	93.8111645331	7268	1	83	99	99	78	95	97	153	68	68
DLR00012647-2009-06-30_22-38-46	8	3	256	592	19	105	93.8111645331	7698	0	83	99	99	78	96	98	194	68	68
DLR00012647-2009-06-30_22-38-46	8	4	331	574	33	219	93.8111645331	5791	0	85	102	102	79	97	99	219	68	68
DLR00012647-2009-06-30_22-38-46	8	5	406	590	5	27	93.8111645331	5512	0	84	101	102	79	98	99	161	68	68
DLR00012647-2009-06-30_22-38-46	8	6	470	587	29	207	93.8111645331	5296	1	85	102	102	79	97	98	180	68	68
DLR00012647-2009-06-30_22-38-46	8	7	553	583	52	365	93.8111645331	6648	3	85	102	101	79	97	97	217	68	68
DLR00012647-2009-06-30_22-38-46	8	8	607	581	36	255	93.8111645331	8763	1	85	102	101	79	97	97	185	68	68
DLR00012647-2009-06-30_22-38-46	8	9	678	575	34	198	93.8111645331	8658	2	83	100	99	79	97	96	192	68	68
DLR00012647-2009-06-30_22-38-46	8	10	740	575	21	152	93.8111645331	7763	1	85	101	101	79	96	96	165	68	68
DLR00012647-2009-06-30_22-38-46	8	11	820	595	26	183	93.8111645331	7239	2	85	101	99	79	96	95	200	68	68
DLR00012647-2009-06-30_22-38-46	8	12	878	585	17	134	93.8111645331	6909	0	86	101	100	79	96	95	165	68	68
DLR00012647-2009-06-30_22-38-46	8	13	953	596	10	51	93.8111645331	6163	0	82	99	97	78	95	95	133	68	68
DLR00012647-2009-06-30_22-38-46	8	14	1013	582	24	139	93.8111645331	6616	0	83	99	98	78	95	95	160	68	68
DLR00012647-2009-06-30_22-38-46	8	15	1081	578	26	148	93.8111645331	7601	0	83	99	98	79	95	95	147	68	68
DLR00012647-2009-06-30_22-38-46	8	16	1161	581	40	273	93.8111645331	7281	1	83	100	99	77	95	95	263	68	68
DLR00012647-2009-06-30_22-38-46	8	17	1230	579	22	148	93.8111645331	7288	2	83	99	99	77	95	95	190	68	68
DLR00012647-2009-06-30_22-38-46	8	18	1282	568	16	116	93.8111645331	6734	5	83	100	99	77	94	95	190	68	68
DLR00012647-2009-06-30_22-38-46	8	19	1370	588	62	432	93.8111645331	6647	0	82	99	99	76	94	96	179	68	68
DLR00012647-2009-06-30_22-38-46	8	20	1440	581	39	297	93.8111645331	7360	0	81	100	100	75	94	96	237	68	68
DLR00012647-2009-06-30_22-38-46	8	21	1507	590	73	501	93.8111645331	7061	1	80	97	98	75	93	95	256	68	68
DLR00012647-2009-06-30_22-38-46	8	22	1566	586	51	271	93.8111645331	7300	1	76	94	95	73	91	93	185	68	68
DLR00012647-2009-06-30_22-38-46	8	23	1634	578	75	393	93.8111645331	7718	0	74	90	92	71	88	90	188	68	68
DLR00012647-2009-06-30_22-38-46	8	24	1722	590	121	736	93.8111645331	8418	3	76	90	90	73	87	87	264	68	68
DLR00012647-2009-06-30_22-38-46	9	1	136	645	46	279	93.8111645331	7547	0	83	98	98	77	94	95	225	68	68
DLR00012647-2009-06-30_22-38-46	9	2	211	651	54	340	93.8111645331	6969	1	83	99	99	78	95	96	311	68	68
DLR00012647-2009-06-30_22-38-46	9	3	276	645	19	125	93.8111645331	7665	1	84	101	101	78	96	97	236	68	68
DLR00012647-2009-06-30_22-38-46	9	4	331	664	26	136	93.8111645331	7718	1	82	100	101	79	97	98	202	68	68
DLR00012647-2009-06-30_22-38-46	9	5	390	656	36	279	93.8111645331	5773	0	86	104	103	79	98	98	215	68	68
DLR00012647-2009-06-30_22-38-46	9	6	477	644	34	189	93.8111645331	5956	2	83	101	100	79	97	98	167	68	68
DLR00012647-2009-06-30_22-38-46	9	7	536	647	20	123	93.8111645331	8569	1	83	101	101	79	97	97	136	68	68
DLR00012647-2009-06-30_22-38-46	9	8	635	637	118	727	93.8111645331	8748	2	84	101	99	79	97	96	290	68	68
DLR00012647-2009-06-30_22-38-46	9	9	699	671	524	3374	93.8111645331	10450	0	85	101	99	80	97	96	541	68	68
DLR00012647-2009-06-30_22-38-46	9	10	767	650	962	6680	93.8111645331	11993	1	86	102	100	81	98	97	931	68	68
DLR00012647-2009-06-30_22-38-46	9	11	839	672	1928	16989	93.8111645331	20974	6	88	103	100	82	98	97	1316	68	68
DLR00012647-2009-06-30_22-38-46	9	12	906	662	1435	13094	93.8111645331	17474	0	88	103	100	81	97	96	1217	68	68
DLR00012647-2009-06-30_22-38-46	9	13	932	663	1073	9898	93.8111645331	15077	7	88	103	100	80	97	96	1115	68	68
DLR00012647-2009-06-30_22-38-46	9	14	1033	650	1239	11072	93.8111645331	15939	10	87	102	99	80	97	96	913	68	68
DLR00012647-2009-06-30_22-38-46	9	15	1098	653	776	7564	93.8111645331	13378	8	88	103	100	80	97	96	737	68	68
DLR00012647-2009-06-30_22-38-46	9	16	1159	651	1862	17274	93.8111645331	21382	0	86	102	99	79	96	96	755	68	68
DLR00012647-2009-06-30_22-38-46	9	17	1248	625	1092	9910	93.8111645331	15080	7	86	102	100	78	96	96	1207	68	68
DLR00012647-2009-06-30_22-38-46	9	18	1270	633	1313	11221	93.8111645331	16282	4	85	101	100	79	96	96	1329	68	68
DLR00012647-2009-06-30_22-38-46	9	19	1359	639	336	1976	93.8111645331	9810	0	81	98	98	76	95	96	395	68	68
DLR00012647-2009-06-30_22-38-46	9	20	1437	648	48	399	93.8111645331	6773	0	82	100	100	75	93	95	181	68	68
DLR00012647-2009-06-30_22-38-46	9	21	1505	652	25	133	93.8111645331	6611	1	78	95	97	74	92	94	191	68	68
DLR00012647-2009-06-30_22-38-46	9	22	1567	661	118	664	93.8111645331	7886	4	76	93	94	73	91	93	220	68	68
DLR00012647-2009-06-30_22-38-46	9	23	1645	653	85	478	93.8111645331	8233	1	74	90	91	71	87	89	244	68	68
DLR00012647-2009-06-30_22-38-46	9	24	1679	652	70	391	93.8111645331	6800	3	73	89	89	70	86	87	203	68	68
DLR00012647-2009-06-30_22-38-46	10	1	136	710	8	50	93.8111645331	7744	0	83	98	99	77	93	95	168	68	68
DLR00012647-2009-06-30_22-38-46	10	2	202	716	32	186	93.8111645331	7017	1	82	98	99	78	95	96	244	68	68
DLR00012647-2009-06-30_22-38-46	10	3	257	731	19	112	93.8111645331	7374	0	83	99	99	78	96	97	199	68	68
DLR00012647-2009-06-30_22-38-46	10	4	340	720	29	161	93.8111645331	6238	2	83	100	100	79	97	98	164	68	68
DLR00012647-2009-06-30_22-38-46	10	5	398	709	23	195	93.8111645331	5089	0	87	104	104	79	97	98	171	68	68
DLR00012647-2009-06-30_22-38-46	10	6	476	712	44	370	93.8111645331	6162	4	87	103	103	79	97	98	198	68	68
DLR00012647-2009-06-30_22-38-46	10	7	547	715	21	117	93.8111645331	8077	0	83	100	99	79	97	97	149	68	68
DLR00012647-2009-06-30_22-38-46	10	8	612	729	25	166	93.8111645331	7523	0	84	100	100	78	96	96	161	68	68
DLR00012647-2009-06-30_22-38-46	10	9	693	726	25	148	93.8111645331	7401	3	84	100	99	78	96	95	193	68	68
DLR00012647-2009-06-30_22-38-46	10	10	733	728	88	486	93.8111645331	8292	2	83	100	98	79	96	95	275	68	68
DLR00012647-2009-06-30_22-38-46	10	11	831	735	322	2023	93.8111645331	8877	3	84	100	99	79	96	95	609	68	68
DLR00012647-2009-06-30_22-38-46	10	12	900	734	19	116	93.8111645331	6776	0	83	99	98	78	95	94	172	68	68
DLR00012647-2009-06-30_22-38-46	10	13	922	728	13	67	93.8111645331	6844	0	82	98	97	78	95	94	151	68	68
DLR00012647-2009-06-30_22-38-46	10	14	1032	736	30	180	93.8111645331	6902	0	83	98	96	77	94	94	205	68	68
DLR00012647-2009-06-30_22-38-46	10	15	1091	706	32	202	93.8111645331	6327	3	82	98	97	77	94	94	217	68	68
DLR00012647-2009-06-30_22-38-46	10	16	1158	719	36	261	93.8111645331	7369	0	82	98	97	76	93	93	202	68	68
DLR00012647-2009-06-30_22-38-46	10	17	1239	709	53	366	93.8111645331	7388	0	82	98	97	76	93	94	225	68	68
DLR00012647-2009-06-30_22-38-46	10	18	1310	706	138	768	93.8111645331	8179	1	80	97	97	76	94	95	254	68	68
DLR00012647-2009-06-30_22-38-46	10	19	1356	710	211	1279	93.8111645331	9091	0	80	98	97	76	94	95	409	68	68
DLR00012647-2009-06-30_22-38-46	10	20	1433	714	20	103	93.8111645331	7101	0	78	96	96	75	93	95	177	68	68
DLR00012647-2009-06-30_22-38-46	10	21	1501	721	36	206	93.8111645331	7396	0	78	95	96	74	92	94	217	68	68
DLR00012647-2009-06-30_22-38-46	10	22	1564	711	337	1868	93.8111645331	8893	1	77	93	94	74	91	93	304	68	68
DLR00012647-2009-06-30_22-38-46	10	23	1637	717	152	841	93.8111645331	8132	5	74	90	91	71	87	89	229	68	68
DLR00012647-2009-06-30_22-38-46	10	24	1686	707	81	577	93.8111645331	7346	5	75	90	90	70	85	86	211	68	68
DLR00012647-2009-06-30_22-38-46	11	1	139	774	20	104	93.8111645331	7118	3	82	96	97	77	93	95	208	68	68
DLR00012647-2009-06-30_22-38-46	11	2	214	794	17	102	93.8111645331	7230	0	82	99	100	78	95	96	176	68	68
DLR00012647-2009-06-30_22-38-46	11	3	259	780	22	130	93.8111645331	7353	0	83	99	100	78	96	97	152	68	68
DLR00012647-2009-06-30_22-38-46	11	4	329	779	34	222	93.8111645331	7471	2	84	101	101	79	97	98	209	68	68
DLR00012647-2009-06-30_22-38-46	11	5	414	792	49	308	93.8111645331	7194	1	84	101	101	79	97	98	181	68	68
DLR00012647-2009-06-30_22-38-46	11	6	488	793	25	143	93.8111645331	7971	0	83	100	100	79	97	98	167	68	68
DLR00012647-2009-06-30_22-38-46	11	7	552	775	28	158	93.8111645331	7636	2	83	100	100	78	96	97	158	68	68
DLR00012647-2009-06-30_22-38-46	11	8	601	793	20	139	93.8111645331	7193	0	84	100	100	78	96	96	152	68	68
DLR00012647-2009-06-30_22-38-46	11	9	680	791	13	78	93.8111645331	6637	2	82	99	98	78	95	95	128	68	68
DLR00012647-2009-06-30_22-38-46	11	10	739	773	44	387	93.8111645331	6995	1	86	102	101	78	95	95	267	68	68
DLR00012647-2009-06-30_22-38-46	11	11	816	783	71	432	93.8111645331	7397	0	83	99	97	78	95	94	286	68	68
DLR00012647-2009-06-30_22-38-46	11	12	896	801	97	590	93.8111645331	7384	0	82	98	97	77	94	94	257	68	68
DLR00012647-2009-06-30_22-38-46	11	13	959	782	16	87	93.8111645331	6218	1	81	98	97	77	94	94	170	68	68
DLR00012647-2009-06-30_22-38-46	11	14	1023	789	27	192	93.8111645331	7056	1	83	98	97	76	94	93	171	68	68
DLR00012647-2009-06-30_22-38-46	11	15	1092	784	13	84	93.8111645331	6981	0	81	97	97	76	93	93	125	68	68
DLR00012647-2009-06-30_22-38-46	11	16	1158	781	24	146	93.8111645331	6946	1	81	97	96	76	93	93	164	68	68
DLR00012647-2009-06-30_22-38-46	11	17	1222	782	16	108	93.8111645331	6915	2	81	97	97	75	93	93	141	68	68
DLR00012647-2009-06-30_22-38-46	11	18	1302	780	234	1274	93.8111645331	9194	5	79	96	96	76	93	94	245	68	68
DLR00012647-2009-06-30_22-38-46	11	19	1362	783	49	310	93.8111645331	7328	0	80	97	97	75	93	94	289	68	68
DLR00012647-2009-06-30_22-38-46	11	20	1436	769	161	1515	93.8111645331	8030	4	83	100	99	74	92	94	415	68	68
DLR00012647-2009-06-30_22-38-46	11	21	1499	785	17	86	93.8111645331	7657	0	77	93	95	73	91	93	168	68	68
DLR00012647-2009-06-30_22-38-46	11	22	1570	778	721	4874	93.8111645331	11370	2	78	94	95	74	91	92	488	68	68
DLR00012647-2009-06-30_22-38-46	11	23	1654	792	66	348	93.8111645331	7977	0	72	87	88	70	85	87	120	68	68
DLR00012647-2009-06-30_22-38-46	11	24	1687	780	46	241	93.8111645331	7741	2	72	86	87	69	84	85	131	68	68
DLR00012647-2009-06-30_22-38-46	12	1	123	856	284	1513	93.8111645331	9335	5	84	97	97	79	93	95	278	68	68
DLR00012647-2009-06-30_22-38-46	12	2	186	860	34	198	93.8111645331	7363	1	81	96	97	77	93	95	201	68	68
DLR00012647-2009-06-30_22-38-46	12	3	249	866	17	114	93.8111645331	7097	0	84	99	99	78	94	96	201	68	68
DLR00012647-2009-06-30_22-38-46	12	4	346	837	26	171	93.8111645331	7947	0	85	101	101	79	96	98	168	68	68
DLR00012647-2009-06-30_22-38-46	12	5	412	837	28	208	93.8111645331	8720	2	85	102	102	79	97	98	190	68	68
DLR00012647-2009-06-30_22-38-46	12	6	473	853	9	52	93.8111645331	7949	1	83	100	100	78	97	97	145	68	68
DLR00012647-2009-06-30_22-38-46	12	7	541	854	4	24	93.8111645331	7655	0	82	101	100	78	96	96	163	68	68
DLR00012647-2009-06-30_22-38-46	12	8	626	853	10	52	93.8111645331	6531	0	81	98	98	77	95	95	146	68	68
DLR00012647-2009-06-30_22-38-46	12	9	667	852	14	73	93.8111645331	7277	0	81	98	98	77	95	95	167	68	68
DLR00012647-2009-06-30_22-38-46	12	10	738	853	20	124	93.8111645331	7200	0	83	99	98	77	95	94	174	68	68
DLR00012647-2009-06-30_22-38-46	12	11	807	857	19	109	93.8111645331	7263	1	81	98	97	77	94	94	158	68	68
DLR00012647-2009-06-30_22-38-46	12	12	895	837	85	536	93.8111645331	7654	1	82	98	97	77	94	93	242	68	68
DLR00012647-2009-06-30_22-38-46	12	13	949	850	13	75	93.8111645331	6750	0	80	97	96	76	93	93	116	68	68
DLR00012647-2009-06-30_22-38-46	12	14	1008	841	30	210	93.8111645331	6620	2	82	98	97	76	93	93	185	68	68
DLR00012647-2009-06-30_22-38-46	12	15	1084	858	25	164	93.8111645331	7264	1	81	97	97	75	93	92	175	68	68
DLR00012647-2009-06-30_22-38-46	12	16	1154	846	44	289	93.8111645331	7092	0	81	97	96	75	92	92	225	68	68
DLR00012647-2009-06-30_22-38-46	12	17	1212	853	19	121	93.8111645331	6395	0	80	96	96	75	92	92	145	68	68
DLR00012647-2009-06-30_22-38-46	12	18	1271	868	65	435	93.8111645331	7497	0	80	96	96	74	92	93	252	68	68
DLR00012647-2009-06-30_22-38-46	12	19	1383	839	85	545	93.8111645331	6982	1	80	96	96	74	92	94	245	68	68
DLR00012647-2009-06-30_22-38-46	12	20	1437	860	117	735	93.8111645331	7137	0	79	95	95	74	91	93	259	68	68
DLR00012647-2009-06-30_22-38-46	12	21	1490	859	102	750	93.8111645331	7423	5	80	96	96	73	91	93	280	68	68
DLR00012647-2009-06-30_22-38-46	12	22	1570	852	559	4349	93.8111645331	10168	8	79	93	93	73	89	91	640	68	68
DLR00012647-2009-06-30_22-38-46	12	23	1660	836	66	353	93.8111645331	7877	3	72	87	88	69	84	86	111	68	68
DLR00012647-2009-06-30_22-38-46	12	24	1724	847	124	633	93.8111645331	9991	4	73	86	86	72	85	85	277	68	68
DLR00012647-2009-06-30_22-38-46	13	1	159	915	34	208	93.8111645331	6754	0	80	95	96	76	92	94	184	68	68
DLR00012647-2009-06-30_22-38-46	13	2	183	923	30	167	93.8111645331	6879	1	80	95	96	76	92	94	189	68	68
DLR00012647-2009-06-30_22-38-46	13	3	268	926	24	181	93.8111645331	7498	2	84	99	100	77	94	96	197	68	68
DLR00012647-2009-06-30_22-38-46	13	4	332	920	17	90	93.8111645331	7484	0	82	99	99	78	95	97	196	68	68
DLR00012647-2009-06-30_22-38-46	13	5	395	918	26	165	93.8111645331	7840	2	83	100	100	79	96	97	206	68	68
DLR00012647-2009-06-30_22-38-46	13	6	471	913	13	95	93.8111645331	7574	0	84	102	102	78	96	97	157	68	68
DLR00012647-2009-06-30_22-38-46	13	7	520	923	48	482	93.8111645331	7729	2	91	102	99	78	96	97	203	68	68
DLR00012647-2009-06-30_22-38-46	13	8	614	936	9	54	93.8111645331	6784	3	83	99	98	77	95	95	128	68	68
DLR00012647-2009-06-30_22-38-46	13	9	690	920	73	509	93.8111645331	7164	2	83	99	98	77	94	94	271	68	68
DLR00012647-2009-06-30_22-38-46	13	10	733	938	42	278	93.8111645331	7024	5	83	99	97	77	94	94	186	68	68
DLR00012647-2009-06-30_22-38-46	13	11	808	918	23	141	93.8111645331	7611	1	81	97	97	77	94	93	129	68	68
DLR00012647-2009-06-30_22-38-46	13	12	882	934	30	347	93.8111645331	6634	0	87	102	101	76	93	93	170	68	68
DLR00012647-2009-06-30_22-38-46	13	13	945	918	18	115	93.8111645331	6508	2	81	97	96	76	93	93	164	68	68
DLR00012647-2009-06-30_22-38-46	13	14	1014	920	17	110	93.8111645331	6722	2	80	97	96	76	92	92	140	68	68
DLR00012647-2009-06-30_22-38-46	13	15	1079	921	20	165	93.8111645331	6525	1	83	98	96	75	92	92	181	68	68
DLR00012647-2009-06-30_22-38-46	13	16	1165	926	28	167	93.8111645331	7272	2	80	95	95	74	92	92	163	68	68
DLR00012647-2009-06-30_22-38-46	13	17	1227	912	2	10	93.8111645331	6954	0	79	95	95	74	91	92	122	68	68
DLR00012647-2009-06-30_22-38-46	13	18	1296	919	120	819	93.8111645331	7944	0	80	97	96	74	92	93	244	68	68
DLR00012647-2009-06-30_22-38-46	13	19	1382	933	87	517	93.8111645331	7835	0	79	95	95	74	92	92	267	68	68
DLR00012647-2009-06-30_22-38-46	13	20	1439	927	15	83	93.8111645331	7272	0	77	93	94	73	90	92	188	68	68
DLR00012647-2009-06-30_22-38-46	13	21	1508	925	103	640	93.8111645331	7475	0	77	93	93	73	89	91	245	68	68
DLR00012647-2009-06-30_22-38-46	13	22	1568	922	76	461	93.8111645331	7421	0	76	91	92	71	88	90	220	68	68
DLR00012647-2009-06-30_22-38-46	13	23	1647	945	174	1012	93.8111645331	8629	3	72	87	88	69	84	85	183	68	68
DLR00012647-2009-06-30_22-38-46	13	24	1686	917	53	281	93.8111645331	8266	3	71	85	86	68	82	84	158	68	68
DLR00012647-2009-06-30_22-38-46	14	1	117	978	147	757	93.8111645331	9590	5	84	96	96	80	93	94	346	68	68
DLR00012647-2009-06-30_22-38-46	14	2	183	1003	22	123	93.8111645331	6815	1	80	94	96	76	91	93	163	68	68
DLR00012647-2009-06-30_22-38-46	14	3	264	972	38	260	93.8111645331	7567	0	83	98	98	77	93	95	248	68	68
DLR00012647-2009-06-30_22-38-46	14	4	326	975	42	233	93.8111645331	7348	2	83	98	98	78	95	96	244	68	68
DLR00012647-2009-06-30_22-38-46	14	5	411	989	16	118	93.8111645331	7607	1	85	101	101	78	96	97	176	68	68
DLR00012647-2009-06-30_22-38-46	14	6	461	979	11	75	93.8111645331	7548	1	83	101	101	78	96	97	167	68	68
DLR00012647-2009-06-30_22-38-46	14	7	534	991	17	127	93.8111645331	6749	0	84	101	101	77	95	96	178	68	68
DLR00012647-2009-06-30_22-38-46	14	8	625	985	5	25	93.8111645331	6949	0	81	97	97	77	94	95	105	68	68
DLR00012647-2009-06-30_22-38-46	14	9	682	977	11	71	93.8111645331	7151	0	82	99	97	77	94	94	133	68	68
DLR00012647-2009-06-30_22-38-46	14	10	764	1010	48	345	93.8111645331	7046	0	82	97	96	76	93	93	192	68	68
DLR00012647-2009-06-30_22-38-46	14	11	819	983	59	394	93.8111645331	7195	0	81	97	96	76	93	93	240	68	68
DLR00012647-2009-06-30_22-38-46	14	12	890	990	41	261	93.8111645331	7321	1	81	96	95	76	93	92	176	68	68
DLR00012647-2009-06-30_22-38-46	14	13	948	990	35	259	93.8111645331	6862	1	81	97	96	75	92	92	184	68	68
DLR00012647-2009-06-30_22-38-46	14	14	1012	990	32	166	93.8111645331	7596	2	78	94	94	75	92	92	136	68	68
DLR00012647-2009-06-30_22-38-46	14	15	1100	1002	121	1892	93.8111645331	7980	0	91	103	98	74	91	91	282	68	68
DLR00012647-2009-06-30_22-38-46	14	16	1155	983	14	71	93.8111645331	6762	2	78	94	93	74	91	91	152	68	68
DLR00012647-2009-06-30_22-38-46	14	17	1220	985	29	177	93.8111645331	6942	0	78	95	95	74	91	92	190	68	68
DLR00012647-2009-06-30_22-38-46	14	18	1299	979	13	66	93.8111645331	6614	2	77	94	94	74	91	92	128	68	68
DLR00012647-2009-06-30_22-38-46	14	19	1359	997	37	212	93.8111645331	7506	1	78	95	94	74	91	92	164	68	68
DLR00012647-2009-06-30_22-38-46	14	20	1437	985	31	283	93.8111645331	7208	0	81	96	96	73	90	91	199	68	68
DLR00012647-2009-06-30_22-38-46	14	21	1498	988	62	429	93.8111645331	7879	0	78	93	94	73	89	91	242	68	68
DLR00012647-2009-06-30_22-38-46	14	22	1570	991	84	472	93.8111645331	8106	4	74	89	91	71	87	89	175	68	68
DLR00012647-2009-06-30_22-38-46	14	23	1644	992	106	641	93.8111645331	8791	0	72	86	87	69	84	85	176	68	68
DLR00012647-2009-06-30_22-38-46	14	24	1681	1004	74	478	93.8111645331	8841	1	72	86	86	68	82	84	179	68	68
DLR00012647-2009-06-30_22-38-46	15	1	130	1071	135	773	93.8111645331	8942	0	81	93	94	77	90	93	254	68	68
DLR00012647-2009-06-30_22-38-46	15	2	206	1056	16	82	93.8111645331	7364	1	79	93	96	76	91	94	149	68	68
DLR00012647-2009-06-30_22-38-46	15	3	259	1063	37	289	93.8111645331	7338	1	83	97	98	77	92	95	182	68	68
DLR00012647-2009-06-30_22-38-46	15	4	339	1058	41	265	93.8111645331	6819	1	83	99	100	78	94	97	238	68	68
DLR00012647-2009-06-30_22-38-46	15	5	406	1054	55	403	93.8111645331	7118	0	84	100	100	78	95	97	276	68	68
DLR00012647-2009-06-30_22-38-46	15	6	455	1064	27	171	93.8111645331	6963	0	83	99	99	77	94	96	231	68	68
DLR00012647-2009-06-30_22-38-46	15	7	536	1064	16	111	93.8111645331	6930	0	84	100	100	77	94	96	175	68	68
DLR00012647-2009-06-30_22-38-46	15	8	614	1043	7	37	93.8111645331	7211	0	80	97	97	76	94	95	130	68	68
DLR00012647-2009-06-30_22-38-46	15	9	670	1047	17	102	93.8111645331	6912	0	81	97	97	76	93	94	151	68	68
DLR00012647-2009-06-30_22-38-46	15	10	758	1045	44	314	93.8111645331	6986	0	82	97	96	75	92	93	207	68	68
DLR00012647-2009-06-30_22-38-46	15	11	814	1047	19	203	93.8111645331	6852	0	85	100	99	74	92	92	139	68	68
DLR00012647-2009-06-30_22-38-46	15	12	894	1057	13	80	93.8111645331	6775	0	79	96	95	74	91	92	177	68	68
DLR00012647-2009-06-30_22-38-46	15	13	949	1071	34	197	93.8111645331	7152	0	78	95	95	74	91	92	232	68	68
DLR00012647-2009-06-30_22-38-46	15	14	1003	1065	21	191	93.8111645331	7064	0	82	97	98	73	90	91	211	68	68
DLR00012647-2009-06-30_22-38-46	15	15	1104	1056	47	346	93.8111645331	6464	1	79	95	95	73	90	91	231	68	68
DLR00012647-2009-06-30_22-38-46	15	16	1158	1057	18	117	93.8111645331	6331	0	79	94	96	73	90	91	237	68	68
DLR00012647-2009-06-30_22-38-46	15	17	1225	1035	34	386	93.8111645331	7399	0	84	99	99	73	91	92	202	68	68
DLR00012647-2009-06-30_22-38-46	15	18	1293	1059	26	151	93.8111645331	7447	3	78	94	96	73	91	92	215	68	68
DLR00012647-2009-06-30_22-38-46	15	19	1377	1050	118	694	93.8111645331	7858	2	78	94	94	73	90	92	285	68	68
DLR00012647-2009-06-30_22-38-46	15	20	1423	1043	120	706	93.8111645331	8085	2	78	93	94	74	90	92	291	68	68
DLR00012647-2009-06-30_22-38-46	15	21	1502	1061	17	87	93.8111645331	6986	1	77	91	94	73	89	92	152	68	68
DLR00012647-2009-06-30_22-38-46	15	22	1567	1042	49	246	93.8111645331	7889	2	74	89	91	71	87	89	145	68	68
DLR00012647-2009-06-30_22-38-46	15	23	1629	1056	54	282	93.8111645331	7631	2	72	87	89	70	85	87	138	68	68
DLR00012647-2009-06-30_22-38-46	15	24	1722	1056	257	1385	93.8111645331	10485	4	74	86	86	72	85	86	231	68	68
DLR00012647-2009-06-30_22-38-46	16	1	143	1098	58	346	93.8111645331	8219	4	82	94	95	78	91	94	241	68	68
DLR00012647-2009-06-30_22-38-46	16	2	196	1102	19	102	93.8111645331	7483	0	81	95	98	79	93	95	316	68	68
DLR00012647-2009-06-30_22-38-46	16	3	246	1092	29	234	93.8111645331	7850	2	83	97	99	78	93	96	217	68	68
DLR00012647-2009-06-30_22-38-46	16	4	326	1077	30	183	93.8111645331	7167	2	83	98	100	78	94	97	231	68	68
DLR00012647-2009-06-30_22-38-46	16	5	410	1089	34	269	93.8111645331	7107	2	84	101	102	78	95	98	242	68	68
DLR00012647-2009-06-30_22-38-46	16	6	476	1104	20	135	93.8111645331	7171	0	86	101	102	80	96	98	330	68	68
DLR00012647-2009-06-30_22-38-46	16	7	532	1105	34	462	93.8111645331	7370	0	94	108	106	81	97	98	423	68	68
DLR00012647-2009-06-30_22-38-46	16	8	589	1104	30	216	93.8111645331	7416	0	90	105	104	80	96	98	345	68	68
DLR00012647-2009-06-30_22-38-46	16	9	693	1105	12	71	93.8111645331	7586	0	85	100	100	78	95	96	269	68	68
DLR00012647-2009-06-30_22-38-46	16	10	753	1107	10	58	93.8111645331	7543	0	84	98	98	77	94	95	268	68	68
DLR00012647-2009-06-30_22-38-46	16	11	801	1110	14	89	93.8111645331	7362	0	86	100	100	77	94	95	302	68	68
DLR00012647-2009-06-30_22-38-46	16	12	866	1105	8	40	93.8111645331	7617	0	82	97	97	77	94	94	220	68	68
DLR00012647-2009-06-30_22-38-46	16	13	974	1096	48	500	93.8111645331	7764	0	87	99	97	75	92	93	331	68	68
DLR00012647-2009-06-30_22-38-46	16	14	1025	1107	14	234	93.8111645331	7688	0	100	106	97	76	93	94	240	68	68
DLR00012647-2009-06-30_22-38-46	16	15	1071	1107	17	90	93.8111645331	7527	0	80	96	96	76	93	94	300	68	68
DLR00012647-2009-06-30_22-38-46	16	16	1164	1106	8	51	93.8111645331	7517	0	79	96	97	76	92	94	266	68	68
DLR00012647-2009-06-30_22-38-46	16	17	1210	1107	12	70	93.8111645331	7528	0	81	97	98	76	93	95	310	68	68
DLR00012647-2009-06-30_22-38-46	16	18	1289	1094	12	64	93.8111645331	7412	0	78	95	95	74	91	93	183	68	68
DLR00012647-2009-06-30_22-38-46	16	19	1371	1107	9	51	93.8111645331	7481	0	85	99	100	76	92	94	334	68	68
DLR00012647-2009-06-30_22-38-46	16	20	1425	1096	37	223	93.8111645331	7346	2	80	95	95	75	90	93	276	68	68
DLR00012647-2009-06-30_22-38-46	16	21	1480	1102	20	117	93.8111645331	7522	0	83	97	98	76	91	94	313	68	68
DLR00012647-2009-06-30_22-38-46	16	22	1555	1105	10	50	93.8111645331	7563	0	84	97	98	76	90	93	311	68	68
DLR00012647-2009-06-30_22-38-46	16	23	1622	1098	30	161	93.8111645331	7835	1	74	88	90	73	87	90	247	68	68
DLR00012647-2009-06-30_22-38-46	16	24	1686	1106	78	528	93.8111645331	8785	0	79	90	91	75	88	89	455	68	68
