DLR00012647-2009-07-01_11-34-06	1	1	154	132	84	510	89.8692410778	8265	7	83	93	92	76	88	89	288	68	68
DLR00012647-2009-07-01_11-34-06	1	2	191	131	69	421	89.8692410778	7904	4	79	92	93	75	89	90	191	68	68
DLR00012647-2009-07-01_11-34-06	1	3	276	121	36	195	89.8692410778	7445	0	83	96	97	79	93	94	211	68	68
DLR00012647-2009-07-01_11-34-06	1	4	344	122	22	133	89.8692410778	6536	0	85	99	100	79	95	96	167	68	68
DLR00012647-2009-07-01_11-34-06	1	5	419	129	47	444	89.8692410778	6461	0	90	103	102	79	95	96	249	68	68
DLR00012647-2009-07-01_11-34-06	1	6	478	137	16	102	89.8692410778	5623	0	84	99	99	78	95	96	141	68	68
DLR00012647-2009-07-01_11-34-06	1	7	548	120	9	50	89.8692410778	6149	0	84	101	102	80	97	98	132	68	68
DLR00012647-2009-07-01_11-34-06	1	8	616	120	23	137	89.8692410778	6284	0	88	103	103	80	97	97	177	68	68
DLR00012647-2009-07-01_11-34-06	1	9	669	126	13	98	89.8692410778	6182	1	84	100	100	79	96	97	157	68	68
DLR00012647-2009-07-01_11-34-06	1	10	748	126	18	122	89.8692410778	6339	1	83	99	99	78	95	96	136	68	68
DLR00012647-2009-07-01_11-34-06	1	11	833	122	28	159	89.8692410778	6422	2	83	99	99	78	95	96	131	68	68
DLR00012647-2009-07-01_11-34-06	1	12	882	121	16	92	89.8692410778	6070	0	87	102	102	79	96	96	115	68	68
DLR00012647-2009-07-01_11-34-06	1	13	934	131	45	392	89.8692410778	6254	0	86	102	101	78	95	95	187	68	68
DLR00012647-2009-07-01_11-34-06	1	14	1001	130	34	197	89.8692410778	6139	0	81	99	98	77	95	95	161	68	68
DLR00012647-2009-07-01_11-34-06	1	15	1083	127	40	268	89.8692410778	6709	3	84	101	101	77	95	95	193	68	68
DLR00012647-2009-07-01_11-34-06	1	16	1151	138	47	401	89.8692410778	6028	1	84	100	100	77	94	95	200	68	68
DLR00012647-2009-07-01_11-34-06	1	17	1224	137	15	83	89.8692410778	5849	1	80	98	99	77	94	95	122	68	68
DLR00012647-2009-07-01_11-34-06	1	18	1291	128	31	218	89.8692410778	6648	1	83	99	100	77	95	96	176	68	68
DLR00012647-2009-07-01_11-34-06	1	19	1367	144	43	248	89.8692410778	7555	0	80	96	97	76	93	95	187	68	68
DLR00012647-2009-07-01_11-34-06	1	20	1430	135	57	323	89.8692410778	7995	3	80	96	97	76	93	94	229	68	68
DLR00012647-2009-07-01_11-34-06	1	21	1502	135	112	622	89.8692410778	8448	10	78	94	95	75	91	92	308	68	68
DLR00012647-2009-07-01_11-34-06	1	22	1567	122	121	737	89.8692410778	8161	4	81	93	93	74	89	90	195	68	68
DLR00012647-2009-07-01_11-34-06	1	23	1632	122	85	517	89.8692410778	8297	1	78	90	90	73	86	87	218	68	68
DLR00012647-2009-07-01_11-34-06	1	24	1688	147	158	867	89.8692410778	8419	7	73	85	86	71	84	84	158	68	68
DLR00012647-2009-07-01_11-34-06	2	1	119	183	145	764	89.8692410778	9246	5	78	89	90	75	87	88	304	68	68
DLR00012647-2009-07-01_11-34-06	2	2	201	175	126	745	89.8692410778	7595	3	78	91	92	74	88	90	214	68	68
DLR00012647-2009-07-01_11-34-06	2	3	268	175	45	238	89.8692410778	7165	1	79	94	95	76	91	92	170	68	68
DLR00012647-2009-07-01_11-34-06	2	4	331	180	53	294	89.8692410778	6288	0	80	96	97	77	92	94	196	68	68
DLR00012647-2009-07-01_11-34-06	2	5	400	180	30	157	89.8692410778	6115	0	81	96	97	77	93	94	172	68	68
DLR00012647-2009-07-01_11-34-06	2	6	476	178	25	130	89.8692410778	5396	0	81	97	98	77	94	95	152	68	68
DLR00012647-2009-07-01_11-34-06	2	7	540	173	37	231	89.8692410778	5592	0	82	99	98	77	94	95	174	68	68
DLR00012647-2009-07-01_11-34-06	2	8	597	176	43	250	89.8692410778	5511	1	82	98	98	77	94	94	162	68	68
DLR00012647-2009-07-01_11-34-06	2	9	675	163	22	152	89.8692410778	5305	0	83	99	99	76	94	94	141	68	68
DLR00012647-2009-07-01_11-34-06	2	10	748	176	40	217	89.8692410778	6350	1	80	97	96	76	93	93	158	68	68
DLR00012647-2009-07-01_11-34-06	2	11	808	168	40	218	89.8692410778	8066	1	79	96	96	75	93	93	121	68	68
DLR00012647-2009-07-01_11-34-06	2	12	873	179	62	370	89.8692410778	7019	0	79	97	96	75	93	93	186	68	68
DLR00012647-2009-07-01_11-34-06	2	13	959	170	32	183	89.8692410778	6524	1	80	97	96	76	94	93	99	68	68
DLR00012647-2009-07-01_11-34-06	2	14	1018	172	87	488	89.8692410778	7583	1	79	96	96	75	93	93	206	68	68
DLR00012647-2009-07-01_11-34-06	2	15	1083	174	44	261	89.8692410778	7943	2	79	96	96	75	93	93	142	68	68
DLR00012647-2009-07-01_11-34-06	2	16	1150	176	83	598	89.8692410778	7227	4	82	98	97	76	93	93	227	68	68
DLR00012647-2009-07-01_11-34-06	2	17	1233	176	33	206	89.8692410778	6513	1	80	97	97	76	93	94	138	68	68
DLR00012647-2009-07-01_11-34-06	2	18	1290	174	60	349	89.8692410778	7428	0	80	96	97	75	93	94	200	68	68
DLR00012647-2009-07-01_11-34-06	2	19	1360	169	49	267	89.8692410778	8180	2	79	96	97	75	92	94	200	68	68
DLR00012647-2009-07-01_11-34-06	2	20	1434	182	113	717	89.8692410778	8283	3	80	96	96	75	92	93	317	68	68
DLR00012647-2009-07-01_11-34-06	2	21	1495	164	109	584	89.8692410778	8053	0	77	93	94	74	90	92	217	68	68
DLR00012647-2009-07-01_11-34-06	2	22	1563	171	134	751	89.8692410778	7563	2	75	90	91	71	87	89	268	68	68
DLR00012647-2009-07-01_11-34-06	2	23	1633	172	171	981	89.8692410778	7625	5	73	87	88	70	84	86	343	68	68
DLR00012647-2009-07-01_11-34-06	2	24	1700	168	196	1068	89.8692410778	8726	4	73	85	85	71	83	84	167	68	68
DLR00012647-2009-07-01_11-34-06	3	1	117	234	123	642	89.8692410778	8766	4	78	90	90	75	88	88	239	68	68
DLR00012647-2009-07-01_11-34-06	3	2	196	243	67	372	89.8692410778	6946	0	78	92	93	74	89	90	170	68	68
DLR00012647-2009-07-01_11-34-06	3	3	263	247	59	378	89.8692410778	7217	1	80	95	95	75	91	92	177	68	68
DLR00012647-2009-07-01_11-34-06	3	4	336	240	65	399	89.8692410778	7320	1	81	96	96	76	92	93	197	68	68
DLR00012647-2009-07-01_11-34-06	3	5	408	249	37	224	89.8692410778	5904	0	82	97	98	76	93	94	178	68	68
DLR00012647-2009-07-01_11-34-06	3	6	472	238	38	217	89.8692410778	5771	0	81	98	98	77	94	94	181	68	68
DLR00012647-2009-07-01_11-34-06	3	7	539	247	30	169	89.8692410778	5483	0	81	98	98	76	94	94	151	68	68
DLR00012647-2009-07-01_11-34-06	3	8	607	232	16	86	89.8692410778	5562	0	81	98	97	76	94	93	117	68	68
DLR00012647-2009-07-01_11-34-06	3	9	676	239	31	185	89.8692410778	5502	2	81	98	97	76	94	93	165	68	68
DLR00012647-2009-07-01_11-34-06	3	10	740	235	46	282	89.8692410778	6159	2	80	97	96	76	93	93	127	68	68
DLR00012647-2009-07-01_11-34-06	3	11	808	240	39	233	89.8692410778	8705	1	79	97	96	75	93	93	108	68	68
DLR00012647-2009-07-01_11-34-06	3	12	880	245	97	530	89.8692410778	7056	0	78	96	95	75	93	93	142	68	68
DLR00012647-2009-07-01_11-34-06	3	13	960	238	148	845	89.8692410778	7335	5	79	97	95	75	93	93	204	68	68
DLR00012647-2009-07-01_11-34-06	3	14	1022	236	56	337	89.8692410778	8513	1	80	96	96	75	93	92	177	68	68
DLR00012647-2009-07-01_11-34-06	3	15	1089	234	63	363	89.8692410778	8329	3	79	96	96	75	93	92	168	68	68
DLR00012647-2009-07-01_11-34-06	3	16	1154	235	62	366	89.8692410778	8833	1	79	96	96	75	93	93	172	68	68
DLR00012647-2009-07-01_11-34-06	3	17	1222	231	58	374	89.8692410778	8578	0	80	97	97	75	93	93	168	68	68
DLR00012647-2009-07-01_11-34-06	3	18	1293	245	64	357	89.8692410778	8352	0	79	96	95	75	92	93	189	68	68
DLR00012647-2009-07-01_11-34-06	3	19	1363	236	73	397	89.8692410778	7633	0	78	95	96	74	92	93	236	68	68
DLR00012647-2009-07-01_11-34-06	3	20	1429	244	43	232	89.8692410778	7215	1	78	95	96	74	91	93	198	68	68
DLR00012647-2009-07-01_11-34-06	3	21	1503	235	54	283	89.8692410778	7311	2	76	93	94	73	90	92	137	68	68
DLR00012647-2009-07-01_11-34-06	3	22	1568	237	108	607	89.8692410778	7488	2	75	90	92	71	87	90	207	68	68
DLR00012647-2009-07-01_11-34-06	3	23	1636	243	177	992	89.8692410778	8004	3	72	87	88	69	84	86	209	68	68
DLR00012647-2009-07-01_11-34-06	3	24	1713	240	224	1215	89.8692410778	9427	4	72	85	85	70	83	83	206	68	68
DLR00012647-2009-07-01_11-34-06	4	1	122	313	111	623	89.8692410778	8718	3	79	91	91	75	88	89	218	68	68
DLR00012647-2009-07-01_11-34-06	4	2	196	311	83	456	89.8692410778	7322	0	78	92	93	74	89	90	200	68	68
DLR00012647-2009-07-01_11-34-06	4	3	270	306	53	303	89.8692410778	7320	0	80	94	95	76	91	92	222	68	68
DLR00012647-2009-07-01_11-34-06	4	4	329	309	109	788	89.8692410778	7620	0	82	97	97	76	92	94	254	68	68
DLR00012647-2009-07-01_11-34-06	4	5	379	310	86	591	89.8692410778	6248	2	82	98	98	77	93	94	245	68	68
DLR00012647-2009-07-01_11-34-06	4	6	468	307	56	336	89.8692410778	5966	0	82	98	98	76	94	94	242	68	68
DLR00012647-2009-07-01_11-34-06	4	7	536	300	42	295	89.8692410778	5600	2	83	99	98	76	94	94	195	68	68
DLR00012647-2009-07-01_11-34-06	4	8	615	314	41	244	89.8692410778	5590	0	82	98	97	76	94	93	222	68	68
DLR00012647-2009-07-01_11-34-06	4	9	680	309	13	87	89.8692410778	5072	0	81	99	97	76	93	93	101	68	68
DLR00012647-2009-07-01_11-34-06	4	10	743	313	47	264	89.8692410778	6070	0	80	97	96	76	93	93	167	68	68
DLR00012647-2009-07-01_11-34-06	4	11	815	305	80	427	89.8692410778	8728	2	79	96	95	76	93	93	120	68	68
DLR00012647-2009-07-01_11-34-06	4	12	887	308	110	663	89.8692410778	7443	0	80	97	96	76	93	93	234	68	68
DLR00012647-2009-07-01_11-34-06	4	13	946	311	362	2674	89.8692410778	8532	10	82	98	96	76	93	93	483	68	68
DLR00012647-2009-07-01_11-34-06	4	14	1022	309	64	344	89.8692410778	8617	2	79	96	95	75	93	92	161	68	68
DLR00012647-2009-07-01_11-34-06	4	15	1089	298	65	471	89.8692410778	8595	0	81	98	96	75	93	92	193	68	68
DLR00012647-2009-07-01_11-34-06	4	16	1160	302	30	175	89.8692410778	8143	0	79	96	95	75	92	92	139	68	68
DLR00012647-2009-07-01_11-34-06	4	17	1229	311	58	329	89.8692410778	8065	3	79	96	96	75	92	93	178	68	68
DLR00012647-2009-07-01_11-34-06	4	18	1284	308	86	490	89.8692410778	8357	2	79	96	96	75	92	93	273	68	68
DLR00012647-2009-07-01_11-34-06	4	19	1356	303	70	376	89.8692410778	7741	0	78	95	96	74	92	93	210	68	68
DLR00012647-2009-07-01_11-34-06	4	20	1436	306	121	654	89.8692410778	8262	4	78	95	96	74	92	93	267	68	68
DLR00012647-2009-07-01_11-34-06	4	21	1494	305	141	762	89.8692410778	7739	0	77	94	95	73	91	93	275	68	68
DLR00012647-2009-07-01_11-34-06	4	22	1566	295	216	1255	89.8692410778	8469	1	75	91	93	72	88	90	403	68	68
DLR00012647-2009-07-01_11-34-06	4	23	1632	306	211	1215	89.8692410778	8140	0	72	87	89	69	84	86	334	68	68
DLR00012647-2009-07-01_11-34-06	4	24	1713	311	262	1439	89.8692410778	9305	0	72	85	85	69	83	83	282	68	68
DLR00012647-2009-07-01_11-34-06	5	1	131	378	49	256	89.8692410778	7893	0	77	90	91	74	88	89	168	68	68
DLR00012647-2009-07-01_11-34-06	5	2	193	383	121	719	89.8692410778	7510	2	78	93	93	74	89	91	255	68	68
DLR00012647-2009-07-01_11-34-06	5	3	267	380	55	296	89.8692410778	7730	1	79	94	95	75	91	93	153	68	68
DLR00012647-2009-07-01_11-34-06	5	4	338	381	67	393	89.8692410778	7021	1	80	96	97	76	93	94	192	68	68
DLR00012647-2009-07-01_11-34-06	5	5	402	374	17	91	89.8692410778	5357	1	80	97	97	76	93	94	134	68	68
DLR00012647-2009-07-01_11-34-06	5	6	471	382	13	73	89.8692410778	5301	1	81	97	98	76	93	94	116	68	68
DLR00012647-2009-07-01_11-34-06	5	7	540	366	35	205	89.8692410778	5787	2	81	97	97	76	94	93	144	68	68
DLR00012647-2009-07-01_11-34-06	5	8	613	380	42	235	89.8692410778	5838	1	81	97	96	76	93	93	174	68	68
DLR00012647-2009-07-01_11-34-06	5	9	692	375	34	203	89.8692410778	5290	1	81	98	97	76	94	93	137	68	68
DLR00012647-2009-07-01_11-34-06	5	10	751	380	45	254	89.8692410778	6427	1	80	96	95	76	93	92	146	68	68
DLR00012647-2009-07-01_11-34-06	5	11	811	375	45	234	89.8692410778	8696	1	79	96	95	76	93	92	117	68	68
DLR00012647-2009-07-01_11-34-06	5	12	884	368	40	225	89.8692410778	7980	2	79	96	95	75	92	92	117	68	68
DLR00012647-2009-07-01_11-34-06	5	13	993	390	147	1522	89.8692410778	8698	2	85	100	97	75	92	92	294	68	68
DLR00012647-2009-07-01_11-34-06	5	14	1008	392	139	1483	89.8692410778	8700	3	85	100	98	75	92	92	271	68	68
DLR00012647-2009-07-01_11-34-06	5	15	1090	382	38	238	89.8692410778	7608	1	80	96	95	75	92	92	137	68	68
DLR00012647-2009-07-01_11-34-06	5	16	1162	384	47	280	89.8692410778	7720	1	79	96	95	75	92	92	160	68	68
DLR00012647-2009-07-01_11-34-06	5	17	1227	380	50	300	89.8692410778	7596	0	79	96	95	75	92	92	177	68	68
DLR00012647-2009-07-01_11-34-06	5	18	1289	381	66	350	89.8692410778	7884	0	79	95	95	75	92	93	191	68	68
DLR00012647-2009-07-01_11-34-06	5	19	1369	375	119	758	89.8692410778	8464	0	79	96	97	74	92	93	263	68	68
DLR00012647-2009-07-01_11-34-06	5	20	1427	366	69	404	89.8692410778	8132	3	78	95	96	74	92	93	230	68	68
DLR00012647-2009-07-01_11-34-06	5	21	1501	380	66	361	89.8692410778	7090	2	76	93	94	72	90	92	203	68	68
DLR00012647-2009-07-01_11-34-06	5	22	1565	380	105	618	89.8692410778	7723	1	74	91	93	71	87	90	240	68	68
DLR00012647-2009-07-01_11-34-06	5	23	1634	376	118	640	89.8692410778	7708	1	72	87	89	69	84	87	175	68	68
DLR00012647-2009-07-01_11-34-06	5	24	1688	367	133	740	89.8692410778	7243	0	70	85	86	67	82	84	198	68	68
DLR00012647-2009-07-01_11-34-06	6	1	107	440	174	896	89.8692410778	8327	3	87	96	95	78	90	91	753	68	68
DLR00012647-2009-07-01_11-34-06	6	2	203	446	121	651	89.8692410778	7302	0	78	93	94	75	90	91	264	68	68
DLR00012647-2009-07-01_11-34-06	6	3	264	448	67	409	89.8692410778	7609	0	80	95	96	75	91	93	230	68	68
DLR00012647-2009-07-01_11-34-06	6	4	333	450	124	703	89.8692410778	7890	1	80	96	97	76	93	94	211	68	68
DLR00012647-2009-07-01_11-34-06	6	5	396	448	30	162	89.8692410778	5523	0	80	97	97	76	93	94	177	68	68
DLR00012647-2009-07-01_11-34-06	6	6	474	453	21	142	89.8692410778	5048	1	82	98	98	76	93	94	110	68	68
DLR00012647-2009-07-01_11-34-06	6	7	532	456	15	92	89.8692410778	4940	2	82	97	97	76	93	93	132	68	68
DLR00012647-2009-07-01_11-34-06	6	8	613	444	78	446	89.8692410778	6631	0	79	96	95	76	93	93	160	68	68
DLR00012647-2009-07-01_11-34-06	6	9	677	437	58	331	89.8692410778	6893	4	80	96	95	76	93	92	109	68	68
DLR00012647-2009-07-01_11-34-06	6	10	744	451	64	493	89.8692410778	8607	3	82	98	96	76	92	92	158	68	68
DLR00012647-2009-07-01_11-34-06	6	11	803	455	28	166	89.8692410778	7705	0	79	96	95	76	92	91	110	68	68
DLR00012647-2009-07-01_11-34-06	6	12	882	438	27	255	89.8692410778	7659	1	85	98	95	75	91	91	99	68	68
DLR00012647-2009-07-01_11-34-06	6	13	955	443	18	95	89.8692410778	7387	0	79	95	95	75	91	91	123	68	68
DLR00012647-2009-07-01_11-34-06	6	14	1014	447	44	283	89.8692410778	7338	4	80	96	95	75	91	91	159	68	68
DLR00012647-2009-07-01_11-34-06	6	15	1086	444	55	324	89.8692410778	7689	0	79	96	95	75	92	91	212	68	68
DLR00012647-2009-07-01_11-34-06	6	16	1159	448	40	218	89.8692410778	7729	0	79	96	95	75	92	92	157	68	68
DLR00012647-2009-07-01_11-34-06	6	17	1254	442	192	4808	89.8692410778	12073	3	101	115	112	75	92	93	284	68	68
DLR00012647-2009-07-01_11-34-06	6	18	1302	441	71	402	89.8692410778	7887	0	78	95	96	74	92	93	138	68	68
DLR00012647-2009-07-01_11-34-06	6	19	1369	435	14	91	89.8692410778	7198	0	78	95	96	73	91	92	87	68	68
DLR00012647-2009-07-01_11-34-06	6	20	1434	445	84	464	89.8692410778	7254	0	77	94	95	73	91	92	207	68	68
DLR00012647-2009-07-01_11-34-06	6	21	1496	438	101	603	89.8692410778	7340	2	76	93	94	72	90	92	295	68	68
DLR00012647-2009-07-01_11-34-06	6	22	1570	440	147	804	89.8692410778	7747	1	73	90	92	70	87	90	273	68	68
DLR00012647-2009-07-01_11-34-06	6	23	1631	440	197	1153	89.8692410778	8304	5	72	88	89	69	85	87	310	68	68
DLR00012647-2009-07-01_11-34-06	6	24	1714	447	129	723	89.8692410778	8626	1	73	86	86	69	83	84	84	68	68
DLR00012647-2009-07-01_11-34-06	7	1	127	513	135	713	89.8692410778	8331	2	79	92	93	74	89	91	236	68	68
DLR00012647-2009-07-01_11-34-06	7	2	206	520	85	500	89.8692410778	7698	4	78	94	95	74	90	92	205	68	68
DLR00012647-2009-07-01_11-34-06	7	3	264	519	64	442	89.8692410778	7781	1	80	96	97	75	91	93	236	68	68
DLR00012647-2009-07-01_11-34-06	7	4	343	509	81	480	89.8692410778	7154	5	80	96	97	75	93	94	218	68	68
DLR00012647-2009-07-01_11-34-06	7	5	392	529	39	216	89.8692410778	5119	1	79	97	97	75	93	94	172	68	68
DLR00012647-2009-07-01_11-34-06	7	6	473	514	46	249	89.8692410778	6191	0	79	96	97	75	93	94	169	68	68
DLR00012647-2009-07-01_11-34-06	7	7	542	513	51	313	89.8692410778	8038	0	80	97	96	75	93	93	112	68	68
DLR00012647-2009-07-01_11-34-06	7	8	606	512	59	346	89.8692410778	8702	2	79	96	95	75	93	92	150	68	68
DLR00012647-2009-07-01_11-34-06	7	9	675	516	41	246	89.8692410778	8183	2	80	96	95	75	92	92	175	68	68
DLR00012647-2009-07-01_11-34-06	7	10	749	512	28	183	89.8692410778	7695	4	81	97	96	76	92	92	126	68	68
DLR00012647-2009-07-01_11-34-06	7	11	813	509	33	194	89.8692410778	7255	2	80	96	95	75	92	91	132	68	68
DLR00012647-2009-07-01_11-34-06	7	12	890	511	22	121	89.8692410778	6573	0	79	95	94	75	91	91	106	68	68
DLR00012647-2009-07-01_11-34-06	7	13	950	508	25	157	89.8692410778	6485	2	80	96	95	75	91	91	116	68	68
DLR00012647-2009-07-01_11-34-06	7	14	1009	516	29	244	89.8692410778	6720	0	81	97	96	74	91	91	132	68	68
DLR00012647-2009-07-01_11-34-06	7	15	1098	516	35	200	89.8692410778	7432	0	79	96	95	75	92	91	136	68	68
DLR00012647-2009-07-01_11-34-06	7	16	1155	504	81	440	89.8692410778	8401	0	79	95	95	75	92	92	165	68	68
DLR00012647-2009-07-01_11-34-06	7	17	1229	497	104	545	89.8692410778	8880	2	77	95	95	74	92	92	121	68	68
DLR00012647-2009-07-01_11-34-06	7	18	1277	517	96	927	89.8692410778	7456	4	82	98	97	73	91	91	247	68	68
DLR00012647-2009-07-01_11-34-06	7	19	1370	531	38	217	89.8692410778	6839	2	76	94	94	72	90	92	129	68	68
DLR00012647-2009-07-01_11-34-06	7	20	1434	512	62	401	89.8692410778	6631	0	78	94	95	72	90	92	268	68	68
DLR00012647-2009-07-01_11-34-06	7	21	1500	515	103	597	89.8692410778	7313	1	75	93	94	71	89	91	259	68	68
DLR00012647-2009-07-01_11-34-06	7	22	1563	508	104	594	89.8692410778	8036	3	74	90	92	70	87	90	199	68	68
DLR00012647-2009-07-01_11-34-06	7	23	1631	515	149	886	89.8692410778	7698	3	72	88	89	68	85	87	216	68	68
DLR00012647-2009-07-01_11-34-06	7	24	1694	532	45	357	89.8692410778	6955	1	73	87	86	66	82	83	83	68	68
DLR00012647-2009-07-01_11-34-06	8	1	134	579	70	373	89.8692410778	7842	0	78	92	93	74	89	91	182	68	68
DLR00012647-2009-07-01_11-34-06	8	2	200	585	122	696	89.8692410778	7474	0	78	94	95	74	90	92	273	68	68
DLR00012647-2009-07-01_11-34-06	8	3	259	571	63	428	89.8692410778	7486	3	80	96	96	75	91	93	209	68	68
DLR00012647-2009-07-01_11-34-06	8	4	337	588	124	724	89.8692410778	7652	0	79	96	97	75	93	94	288	68	68
DLR00012647-2009-07-01_11-34-06	8	5	410	584	59	336	89.8692410778	6154	3	79	97	97	75	93	94	152	68	68
DLR00012647-2009-07-01_11-34-06	8	6	473	581	93	533	89.8692410778	7953	0	79	96	96	75	93	94	217	68	68
DLR00012647-2009-07-01_11-34-06	8	7	544	585	71	418	89.8692410778	8326	3	80	96	96	75	93	93	188	68	68
DLR00012647-2009-07-01_11-34-06	8	8	603	588	60	325	89.8692410778	8400	0	79	96	95	75	92	92	191	68	68
DLR00012647-2009-07-01_11-34-06	8	9	677	583	34	214	89.8692410778	7761	0	80	96	96	75	92	92	131	68	68
DLR00012647-2009-07-01_11-34-06	8	10	753	582	42	268	89.8692410778	7250	1	80	96	95	75	92	91	188	68	68
DLR00012647-2009-07-01_11-34-06	8	11	822	579	51	277	89.8692410778	7174	1	79	95	94	75	91	91	204	68	68
DLR00012647-2009-07-01_11-34-06	8	12	887	581	57	367	89.8692410778	7030	0	80	96	94	75	91	91	191	68	68
DLR00012647-2009-07-01_11-34-06	8	13	953	589	27	140	89.8692410778	6109	0	78	94	93	75	91	90	117	68	68
DLR00012647-2009-07-01_11-34-06	8	14	1012	581	40	228	89.8692410778	6164	1	79	94	94	75	91	90	150	68	68
DLR00012647-2009-07-01_11-34-06	8	15	1090	579	73	408	89.8692410778	7424	0	78	95	94	75	91	91	178	68	68
DLR00012647-2009-07-01_11-34-06	8	16	1157	575	51	316	89.8692410778	7079	0	79	95	94	74	91	90	192	68	68
DLR00012647-2009-07-01_11-34-06	8	17	1225	578	49	260	89.8692410778	7352	5	77	94	94	73	91	91	233	68	68
DLR00012647-2009-07-01_11-34-06	8	18	1295	569	52	282	89.8692410778	6625	1	76	94	94	73	90	91	191	68	68
DLR00012647-2009-07-01_11-34-06	8	19	1352	570	56	302	89.8692410778	7219	0	76	93	94	72	90	91	150	68	68
DLR00012647-2009-07-01_11-34-06	8	20	1435	579	61	403	89.8692410778	7065	3	77	94	95	72	90	91	234	68	68
DLR00012647-2009-07-01_11-34-06	8	21	1502	581	146	882	89.8692410778	7078	0	76	93	94	71	89	91	383	68	68
DLR00012647-2009-07-01_11-34-06	8	22	1563	581	181	1005	89.8692410778	7861	3	73	90	92	70	87	90	289	68	68
DLR00012647-2009-07-01_11-34-06	8	23	1635	579	214	1171	89.8692410778	8425	2	71	87	88	68	84	86	269	68	68
DLR00012647-2009-07-01_11-34-06	8	24	1723	566	113	790	89.8692410778	8830	0	73	87	86	69	83	83	160	68	68
DLR00012647-2009-07-01_11-34-06	9	1	134	653	56	329	89.8692410778	7581	2	78	93	94	74	89	91	195	68	68
DLR00012647-2009-07-01_11-34-06	9	2	198	653	107	602	89.8692410778	7969	2	78	94	94	74	90	92	245	68	68
DLR00012647-2009-07-01_11-34-06	9	3	276	642	69	427	89.8692410778	7809	3	79	96	96	74	91	93	203	68	68
DLR00012647-2009-07-01_11-34-06	9	4	344	652	48	265	89.8692410778	8329	0	79	96	97	75	93	94	205	68	68
DLR00012647-2009-07-01_11-34-06	9	5	405	652	96	537	89.8692410778	7767	2	79	96	96	75	93	94	207	68	68
DLR00012647-2009-07-01_11-34-06	9	6	470	641	46	270	89.8692410778	8356	0	79	96	97	75	93	93	158	68	68
DLR00012647-2009-07-01_11-34-06	9	7	539	654	33	199	89.8692410778	7309	0	80	96	96	75	92	93	168	68	68
DLR00012647-2009-07-01_11-34-06	9	8	632	639	128	811	89.8692410778	8336	4	80	96	95	75	92	92	285	68	68
DLR00012647-2009-07-01_11-34-06	9	9	702	656	353	2302	89.8692410778	9562	1	81	97	95	76	93	92	402	68	68
DLR00012647-2009-07-01_11-34-06	9	10	765	645	814	5863	89.8692410778	11424	2	83	98	96	77	93	92	701	68	68
DLR00012647-2009-07-01_11-34-06	9	11	839	674	1879	16144	89.8692410778	20037	2	84	99	96	78	94	93	1107	68	68
DLR00012647-2009-07-01_11-34-06	9	12	907	662	1302	12020	89.8692410778	16581	1	84	99	96	77	93	92	1003	68	68
DLR00012647-2009-07-01_11-34-06	9	13	934	656	958	8923	89.8692410778	14264	7	84	99	96	76	92	92	881	68	68
DLR00012647-2009-07-01_11-34-06	9	14	1036	650	1136	10292	89.8692410778	15163	6	83	98	95	77	93	92	736	68	68
DLR00012647-2009-07-01_11-34-06	9	15	1099	647	639	6625	89.8692410778	12643	0	85	99	96	76	92	92	592	68	68
DLR00012647-2009-07-01_11-34-06	9	16	1159	651	1263	12106	89.8692410778	17124	0	83	98	95	76	92	92	529	68	68
DLR00012647-2009-07-01_11-34-06	9	17	1220	636	868	7714	89.8692410778	13473	11	82	97	95	75	92	92	887	68	68
DLR00012647-2009-07-01_11-34-06	9	18	1270	633	1286	10990	89.8692410778	16097	6	81	97	96	75	92	92	1135	68	68
DLR00012647-2009-07-01_11-34-06	9	19	1361	641	410	2372	89.8692410778	9588	1	77	94	94	73	90	91	340	68	68
DLR00012647-2009-07-01_11-34-06	9	20	1436	635	66	456	89.8692410778	7476	3	77	94	95	71	89	91	159	68	68
DLR00012647-2009-07-01_11-34-06	9	21	1497	644	94	561	89.8692410778	7674	0	75	92	93	71	88	90	202	68	68
DLR00012647-2009-07-01_11-34-06	9	22	1566	652	176	978	89.8692410778	7623	2	73	89	91	69	87	89	268	68	68
DLR00012647-2009-07-01_11-34-06	9	23	1641	652	194	1060	89.8692410778	7847	1	70	86	87	67	84	85	221	68	68
DLR00012647-2009-07-01_11-34-06	9	24	1689	646	125	699	89.8692410778	6866	4	70	85	85	66	82	83	191	68	68
DLR00012647-2009-07-01_11-34-06	10	1	142	707	57	329	89.8692410778	7303	0	77	92	93	73	89	91	222	68	68
DLR00012647-2009-07-01_11-34-06	10	2	197	715	123	737	89.8692410778	8078	1	78	94	95	74	90	91	355	68	68
DLR00012647-2009-07-01_11-34-06	10	3	267	719	63	353	89.8692410778	7367	0	78	94	95	74	91	92	234	68	68
DLR00012647-2009-07-01_11-34-06	10	4	337	723	109	582	89.8692410778	8228	3	79	96	96	75	92	93	279	68	68
DLR00012647-2009-07-01_11-34-06	10	5	408	719	128	874	89.8692410778	6762	2	81	97	97	75	93	94	262	68	68
DLR00012647-2009-07-01_11-34-06	10	6	480	725	68	420	89.8692410778	8476	2	79	97	97	75	93	93	242	68	68
DLR00012647-2009-07-01_11-34-06	10	7	537	713	32	194	89.8692410778	7533	4	79	96	97	75	92	93	144	68	68
DLR00012647-2009-07-01_11-34-06	10	8	611	719	49	280	89.8692410778	7908	2	79	95	95	74	92	92	223	68	68
DLR00012647-2009-07-01_11-34-06	10	9	680	726	51	273	89.8692410778	7566	1	78	94	94	75	91	91	139	68	68
DLR00012647-2009-07-01_11-34-06	10	10	754	712	305	1747	89.8692410778	9195	1	80	96	95	76	92	92	375	68	68
DLR00012647-2009-07-01_11-34-06	10	11	821	742	392	2280	89.8692410778	8796	2	79	95	94	75	91	91	363	68	68
DLR00012647-2009-07-01_11-34-06	10	12	896	724	20	119	89.8692410778	6056	0	79	95	94	74	91	90	116	68	68
DLR00012647-2009-07-01_11-34-06	10	13	931	739	18	93	89.8692410778	6491	0	77	93	92	74	90	90	96	68	68
DLR00012647-2009-07-01_11-34-06	10	14	1037	730	25	158	89.8692410778	6355	1	78	94	93	73	90	89	127	68	68
DLR00012647-2009-07-01_11-34-06	10	15	1090	715	33	204	89.8692410778	6640	2	78	94	94	73	90	89	143	68	68
DLR00012647-2009-07-01_11-34-06	10	16	1157	716	55	391	89.8692410778	6931	1	79	94	93	73	89	89	196	68	68
DLR00012647-2009-07-01_11-34-06	10	17	1233	713	72	502	89.8692410778	7046	0	78	94	93	72	89	90	233	68	68
DLR00012647-2009-07-01_11-34-06	10	18	1289	724	51	276	89.8692410778	7038	0	76	92	93	72	89	90	196	68	68
DLR00012647-2009-07-01_11-34-06	10	19	1357	712	355	2082	89.8692410778	9237	2	76	93	93	72	90	91	419	68	68
DLR00012647-2009-07-01_11-34-06	10	20	1434	720	13	98	89.8692410778	7118	0	77	94	94	71	89	90	90	68	68
DLR00012647-2009-07-01_11-34-06	10	21	1498	720	109	615	89.8692410778	7577	3	74	91	93	70	88	90	280	68	68
DLR00012647-2009-07-01_11-34-06	10	22	1564	712	362	2095	89.8692410778	8355	1	74	90	91	70	87	89	333	68	68
DLR00012647-2009-07-01_11-34-06	10	23	1631	716	239	1408	89.8692410778	7889	1	71	87	88	68	84	86	296	68	68
DLR00012647-2009-07-01_11-34-06	10	24	1693	719	160	967	89.8692410778	7746	0	70	84	85	66	81	82	227	68	68
DLR00012647-2009-07-01_11-34-06	11	1	127	796	159	843	89.8692410778	9121	0	80	92	93	74	89	90	130	68	68
DLR00012647-2009-07-01_11-34-06	11	2	203	788	70	365	89.8692410778	7413	1	77	93	94	74	90	91	213	68	68
DLR00012647-2009-07-01_11-34-06	11	3	264	785	115	692	89.8692410778	8052	2	78	95	96	74	91	92	301	68	68
DLR00012647-2009-07-01_11-34-06	11	4	325	787	52	304	89.8692410778	7876	2	79	96	96	75	92	93	155	68	68
DLR00012647-2009-07-01_11-34-06	11	5	403	790	89	657	89.8692410778	8641	1	82	97	97	75	92	93	243	68	68
DLR00012647-2009-07-01_11-34-06	11	6	486	783	28	155	89.8692410778	7925	3	79	96	96	75	92	93	131	68	68
DLR00012647-2009-07-01_11-34-06	11	7	531	762	53	327	89.8692410778	7906	0	79	96	96	75	92	93	142	68	68
DLR00012647-2009-07-01_11-34-06	11	8	596	772	33	179	89.8692410778	6975	5	78	95	95	74	91	92	135	68	68
DLR00012647-2009-07-01_11-34-06	11	9	678	783	9	58	89.8692410778	7118	2	79	95	94	74	91	91	71	68	68
DLR00012647-2009-07-01_11-34-06	11	10	749	783	41	323	89.8692410778	7191	0	80	97	96	74	90	90	209	68	68
DLR00012647-2009-07-01_11-34-06	11	11	826	784	77	498	89.8692410778	7249	3	79	95	94	74	90	90	195	68	68
DLR00012647-2009-07-01_11-34-06	11	12	897	801	105	650	89.8692410778	7111	2	78	94	93	73	90	90	224	68	68
DLR00012647-2009-07-01_11-34-06	11	13	957	784	41	223	89.8692410778	6586	0	77	93	92	73	90	89	114	68	68
DLR00012647-2009-07-01_11-34-06	11	14	1015	786	27	165	89.8692410778	7189	0	77	94	92	73	89	89	107	68	68
DLR00012647-2009-07-01_11-34-06	11	15	1088	785	11	74	89.8692410778	6035	0	77	94	93	72	89	89	72	68	68
DLR00012647-2009-07-01_11-34-06	11	16	1155	782	36	194	89.8692410778	6546	0	76	92	92	72	89	89	135	68	68
DLR00012647-2009-07-01_11-34-06	11	17	1227	787	37	216	89.8692410778	7248	0	76	92	92	72	88	89	152	68	68
DLR00012647-2009-07-01_11-34-06	11	18	1303	777	293	1626	89.8692410778	8984	5	76	92	92	72	89	90	251	68	68
DLR00012647-2009-07-01_11-34-06	11	19	1364	785	47	303	89.8692410778	6830	0	76	93	93	71	88	90	151	68	68
DLR00012647-2009-07-01_11-34-06	11	20	1421	784	107	874	89.8692410778	7208	5	78	94	93	71	88	90	193	68	68
DLR00012647-2009-07-01_11-34-06	11	21	1488	793	27	154	89.8692410778	7085	0	74	91	91	70	87	89	119	68	68
DLR00012647-2009-07-01_11-34-06	11	22	1562	774	814	5411	89.8692410778	11162	3	74	90	91	71	87	89	476	68	68
DLR00012647-2009-07-01_11-34-06	11	23	1635	782	257	1387	89.8692410778	9086	0	70	85	87	67	83	84	200	68	68
DLR00012647-2009-07-01_11-34-06	11	24	1696	778	78	407	89.8692410778	8261	1	68	83	83	66	80	81	105	68	68
DLR00012647-2009-07-01_11-34-06	12	1	147	835	26	156	89.8692410778	6556	0	77	92	93	73	88	90	131	68	68
DLR00012647-2009-07-01_11-34-06	12	2	196	854	137	760	89.8692410778	7177	0	77	92	94	73	89	91	378	68	68
DLR00012647-2009-07-01_11-34-06	12	3	266	857	65	348	89.8692410778	7808	0	78	93	94	74	90	92	215	68	68
DLR00012647-2009-07-01_11-34-06	12	4	339	856	86	491	89.8692410778	7747	0	79	95	96	75	91	93	244	68	68
DLR00012647-2009-07-01_11-34-06	12	5	409	858	43	250	89.8692410778	7650	0	79	96	97	75	92	93	179	68	68
DLR00012647-2009-07-01_11-34-06	12	6	479	867	66	405	89.8692410778	7513	1	79	96	96	74	92	93	244	68	68
DLR00012647-2009-07-01_11-34-06	12	7	541	850	23	119	89.8692410778	6941	0	78	95	95	74	91	92	151	68	68
DLR00012647-2009-07-01_11-34-06	12	8	608	849	39	246	89.8692410778	7263	0	78	95	95	74	91	91	155	68	68
DLR00012647-2009-07-01_11-34-06	12	9	676	854	25	128	89.8692410778	7106	0	77	94	93	73	90	90	141	68	68
DLR00012647-2009-07-01_11-34-06	12	10	746	861	59	338	89.8692410778	6884	0	77	94	93	73	90	90	175	68	68
DLR00012647-2009-07-01_11-34-06	12	11	810	856	59	317	89.8692410778	7207	0	77	93	92	73	90	89	140	68	68
DLR00012647-2009-07-01_11-34-06	12	12	891	848	47	289	89.8692410778	7117	3	78	94	93	73	90	89	189	68	68
DLR00012647-2009-07-01_11-34-06	12	13	951	858	52	304	89.8692410778	7073	3	77	92	92	72	89	89	154	68	68
DLR00012647-2009-07-01_11-34-06	12	14	1014	843	36	228	89.8692410778	6998	1	77	93	93	72	89	89	159	68	68
DLR00012647-2009-07-01_11-34-06	12	15	1083	862	26	148	89.8692410778	6940	1	76	92	92	72	88	88	143	68	68
DLR00012647-2009-07-01_11-34-06	12	16	1153	852	67	390	89.8692410778	7304	2	76	92	91	72	88	88	178	68	68
DLR00012647-2009-07-01_11-34-06	12	17	1220	848	53	319	89.8692410778	6974	1	76	92	92	71	88	88	193	68	68
DLR00012647-2009-07-01_11-34-06	12	18	1272	863	105	623	89.8692410778	7400	0	75	92	92	71	88	89	254	68	68
DLR00012647-2009-07-01_11-34-06	12	19	1381	844	107	664	89.8692410778	6896	2	75	92	92	71	88	90	243	68	68
DLR00012647-2009-07-01_11-34-06	12	20	1430	843	157	891	89.8692410778	7713	0	75	91	92	71	88	89	280	68	68
DLR00012647-2009-07-01_11-34-06	12	21	1498	858	135	814	89.8692410778	7422	0	74	90	91	70	86	89	264	68	68
DLR00012647-2009-07-01_11-34-06	12	22	1573	850	679	4825	89.8692410778	10807	8	74	89	90	70	86	87	607	68	68
DLR00012647-2009-07-01_11-34-06	12	23	1656	850	212	1230	89.8692410778	8359	11	69	84	85	66	81	82	272	68	68
DLR00012647-2009-07-01_11-34-06	12	24	1687	875	97	551	89.8692410778	8055	0	69	82	83	65	79	81	219	68	68
DLR00012647-2009-07-01_11-34-06	13	1	147	915	76	421	89.8692410778	7220	0	76	90	92	72	87	89	271	68	68
DLR00012647-2009-07-01_11-34-06	13	2	199	929	133	732	89.8692410778	7493	0	76	91	92	72	88	90	282	68	68
DLR00012647-2009-07-01_11-34-06	13	3	266	921	109	602	89.8692410778	7338	0	77	93	94	73	89	91	283	68	68
DLR00012647-2009-07-01_11-34-06	13	4	340	927	59	321	89.8692410778	7431	0	78	94	95	74	91	92	224	68	68
DLR00012647-2009-07-01_11-34-06	13	5	409	920	71	401	89.8692410778	7693	0	79	95	96	75	92	93	237	68	68
DLR00012647-2009-07-01_11-34-06	13	6	472	916	67	426	89.8692410778	7644	1	80	96	96	74	92	92	249	68	68
DLR00012647-2009-07-01_11-34-06	13	7	530	939	68	578	89.8692410778	7067	1	85	97	94	74	91	92	208	68	68
DLR00012647-2009-07-01_11-34-06	13	8	614	929	38	212	89.8692410778	7598	2	77	94	94	73	90	91	168	68	68
DLR00012647-2009-07-01_11-34-06	13	9	683	924	62	382	89.8692410778	7362	2	78	94	94	73	90	90	175	68	68
DLR00012647-2009-07-01_11-34-06	13	10	733	931	102	668	89.8692410778	7269	3	78	94	93	73	90	90	243	68	68
DLR00012647-2009-07-01_11-34-06	13	11	814	925	45	251	89.8692410778	7195	1	76	92	92	73	89	89	110	68	68
DLR00012647-2009-07-01_11-34-06	13	12	879	925	44	431	89.8692410778	6371	1	81	96	95	72	89	89	156	68	68
DLR00012647-2009-07-01_11-34-06	13	13	949	912	32	202	89.8692410778	7376	2	77	93	92	72	88	88	137	68	68
DLR00012647-2009-07-01_11-34-06	13	14	1018	924	89	535	89.8692410778	6461	1	76	92	91	72	88	88	169	68	68
DLR00012647-2009-07-01_11-34-06	13	15	1087	923	23	116	89.8692410778	6422	0	74	91	90	71	88	88	70	68	68
DLR00012647-2009-07-01_11-34-06	13	16	1155	920	44	263	89.8692410778	7098	1	75	91	91	71	87	88	170	68	68
DLR00012647-2009-07-01_11-34-06	13	17	1229	928	64	343	89.8692410778	7364	0	74	90	91	70	87	88	183	68	68
DLR00012647-2009-07-01_11-34-06	13	18	1284	928	60	321	89.8692410778	7418	0	74	91	91	70	87	88	159	68	68
DLR00012647-2009-07-01_11-34-06	13	19	1385	939	126	697	89.8692410778	7884	2	74	91	91	71	87	89	222	68	68
DLR00012647-2009-07-01_11-34-06	13	20	1430	930	53	288	89.8692410778	7320	0	74	90	91	70	87	88	208	68	68
DLR00012647-2009-07-01_11-34-06	13	21	1505	920	124	690	89.8692410778	7883	0	73	89	90	69	86	88	184	68	68
DLR00012647-2009-07-01_11-34-06	13	22	1570	916	136	799	89.8692410778	7259	2	71	87	88	68	84	86	213	68	68
DLR00012647-2009-07-01_11-34-06	13	23	1622	912	440	2531	89.8692410778	9884	8	70	84	86	67	82	84	254	68	68
DLR00012647-2009-07-01_11-34-06	13	24	1690	931	72	411	89.8692410778	8523	4	68	81	82	65	78	80	174	68	68
DLR00012647-2009-07-01_11-34-06	14	1	121	1003	151	790	89.8692410778	9165	0	79	91	91	74	88	89	218	68	68
DLR00012647-2009-07-01_11-34-06	14	2	201	990	121	676	89.8692410778	7321	5	76	90	92	72	87	89	338	68	68
DLR00012647-2009-07-01_11-34-06	14	3	264	980	113	739	89.8692410778	7510	4	78	93	94	73	89	91	248	68	68
DLR00012647-2009-07-01_11-34-06	14	4	338	992	109	603	89.8692410778	7507	1	78	94	95	74	90	92	305	68	68
DLR00012647-2009-07-01_11-34-06	14	5	408	990	58	350	89.8692410778	7106	0	79	95	96	74	91	92	188	68	68
DLR00012647-2009-07-01_11-34-06	14	6	472	992	79	450	89.8692410778	7303	2	78	95	95	74	91	92	232	68	68
DLR00012647-2009-07-01_11-34-06	14	7	541	989	51	351	89.8692410778	7313	0	80	96	96	74	91	91	188	68	68
DLR00012647-2009-07-01_11-34-06	14	8	611	993	61	374	89.8692410778	7288	1	77	94	94	73	90	91	234	68	68
DLR00012647-2009-07-01_11-34-06	14	9	678	993	58	311	89.8692410778	7410	1	76	93	93	73	89	90	188	68	68
DLR00012647-2009-07-01_11-34-06	14	10	742	995	45	235	89.8692410778	7241	0	76	92	91	72	89	89	124	68	68
DLR00012647-2009-07-01_11-34-06	14	11	820	987	124	761	89.8692410778	7211	1	77	92	92	72	89	89	263	68	68
DLR00012647-2009-07-01_11-34-06	14	12	889	991	66	406	89.8692410778	6655	2	76	92	91	72	88	88	141	68	68
DLR00012647-2009-07-01_11-34-06	14	13	950	989	77	476	89.8692410778	7137	0	76	92	91	72	88	88	183	68	68
DLR00012647-2009-07-01_11-34-06	14	14	1019	995	76	401	89.8692410778	7031	0	74	90	90	71	87	87	125	68	68
DLR00012647-2009-07-01_11-34-06	14	15	1089	999	139	1822	89.8692410778	8143	2	84	97	94	70	87	87	284	68	68
DLR00012647-2009-07-01_11-34-06	14	16	1161	992	47	256	89.8692410778	6848	0	74	90	90	70	87	87	145	68	68
DLR00012647-2009-07-01_11-34-06	14	17	1228	987	81	444	89.8692410778	6779	0	74	90	90	70	87	88	209	68	68
DLR00012647-2009-07-01_11-34-06	14	18	1291	990	91	493	89.8692410778	7617	1	74	90	91	70	87	88	225	68	68
DLR00012647-2009-07-01_11-34-06	14	19	1368	991	115	701	89.8692410778	7938	2	75	91	91	70	87	88	295	68	68
DLR00012647-2009-07-01_11-34-06	14	20	1434	991	68	492	89.8692410778	7683	0	76	92	92	70	86	88	276	68	68
DLR00012647-2009-07-01_11-34-06	14	21	1495	988	170	1008	89.8692410778	7884	2	74	89	90	70	86	87	341	68	68
DLR00012647-2009-07-01_11-34-06	14	22	1570	989	223	1308	89.8692410778	8353	2	71	86	88	68	83	85	308	68	68
DLR00012647-2009-07-01_11-34-06	14	23	1635	988	227	1278	89.8692410778	8783	3	69	83	84	66	80	82	216	68	68
DLR00012647-2009-07-01_11-34-06	14	24	1685	993	61	390	89.8692410778	8308	1	69	82	83	65	78	80	120	68	68
DLR00012647-2009-07-01_11-34-06	15	1	132	1060	172	968	89.8692410778	8641	0	76	89	91	73	86	88	367	68	68
DLR00012647-2009-07-01_11-34-06	15	2	206	1063	168	975	89.8692410778	7186	1	75	90	92	72	86	90	350	68	68
DLR00012647-2009-07-01_11-34-06	15	3	278	1065	124	804	89.8692410778	7508	2	78	93	94	73	88	91	332	68	68
DLR00012647-2009-07-01_11-34-06	15	4	341	1065	71	423	89.8692410778	7793	0	78	93	96	74	90	93	224	68	68
DLR00012647-2009-07-01_11-34-06	15	5	406	1054	97	634	89.8692410778	7624	2	79	95	96	74	90	92	274	68	68
DLR00012647-2009-07-01_11-34-06	15	6	467	1064	64	380	89.8692410778	7273	5	78	93	95	73	90	92	233	68	68
DLR00012647-2009-07-01_11-34-06	15	7	542	1064	31	166	89.8692410778	6398	0	77	93	94	73	90	91	144	68	68
DLR00012647-2009-07-01_11-34-06	15	8	615	1061	32	168	89.8692410778	7278	0	75	92	94	72	89	91	139	68	68
DLR00012647-2009-07-01_11-34-06	15	9	679	1050	32	182	89.8692410778	7065	0	76	92	93	71	88	90	185	68	68
DLR00012647-2009-07-01_11-34-06	15	10	746	1062	43	233	89.8692410778	6861	1	75	91	92	71	88	89	142	68	68
DLR00012647-2009-07-01_11-34-06	15	11	819	1049	38	298	89.8692410778	7086	1	77	93	92	71	87	88	125	68	68
DLR00012647-2009-07-01_11-34-06	15	12	897	1063	38	264	89.8692410778	6822	0	76	92	92	70	87	88	183	68	68
DLR00012647-2009-07-01_11-34-06	15	13	947	1064	43	248	89.8692410778	7135	2	74	91	91	70	87	88	173	68	68
DLR00012647-2009-07-01_11-34-06	15	14	1011	1063	23	187	89.8692410778	7164	2	76	93	93	70	86	87	126	68	68
DLR00012647-2009-07-01_11-34-06	15	15	1092	1059	82	553	89.8692410778	6983	0	75	90	90	70	86	87	214	68	68
DLR00012647-2009-07-01_11-34-06	15	16	1148	1057	52	309	89.8692410778	7042	2	74	90	90	69	86	87	206	68	68
DLR00012647-2009-07-01_11-34-06	15	17	1225	1041	56	511	89.8692410778	7075	1	78	93	93	70	87	88	211	68	68
DLR00012647-2009-07-01_11-34-06	15	18	1299	1055	42	234	89.8692410778	7232	0	74	90	91	70	87	88	160	68	68
DLR00012647-2009-07-01_11-34-06	15	19	1372	1055	152	1142	89.8692410778	8317	0	76	91	91	70	86	88	261	68	68
DLR00012647-2009-07-01_11-34-06	15	20	1430	1049	112	635	89.8692410778	8360	3	74	89	90	70	86	88	233	68	68
DLR00012647-2009-07-01_11-34-06	15	21	1502	1055	45	245	89.8692410778	6692	1	73	88	90	69	85	88	122	68	68
DLR00012647-2009-07-01_11-34-06	15	22	1568	1053	93	494	89.8692410778	7386	0	71	86	88	68	83	86	141	68	68
DLR00012647-2009-07-01_11-34-06	15	23	1630	1056	106	591	89.8692410778	7758	0	69	84	85	67	81	84	140	68	68
DLR00012647-2009-07-01_11-34-06	15	24	1711	1067	155	814	89.8692410778	8990	3	69	82	83	68	80	82	120	68	68
DLR00012647-2009-07-01_11-34-06	16	1	136	1094	108	650	89.8692410778	8471	5	78	90	91	74	87	89	336	68	68
DLR00012647-2009-07-01_11-34-06	16	2	177	1102	85	479	89.8692410778	7856	1	77	90	93	74	88	90	364	68	68
DLR00012647-2009-07-01_11-34-06	16	3	266	1109	65	593	89.8692410778	7542	0	89	100	100	77	91	93	402	68	68
DLR00012647-2009-07-01_11-34-06	16	4	343	1085	60	363	89.8692410778	8019	3	79	93	96	74	90	93	201	68	68
DLR00012647-2009-07-01_11-34-06	16	5	383	1084	58	419	89.8692410778	7737	4	80	95	97	74	90	93	211	68	68
DLR00012647-2009-07-01_11-34-06	16	6	480	1097	53	307	89.8692410778	7880	0	79	94	96	75	91	93	281	68	68
DLR00012647-2009-07-01_11-34-06	16	7	545	1102	32	168	89.8692410778	7281	1	79	95	95	75	92	93	230	68	68
DLR00012647-2009-07-01_11-34-06	16	8	597	1103	43	258	89.8692410778	7658	3	82	98	98	75	92	93	280	68	68
DLR00012647-2009-07-01_11-34-06	16	9	672	1105	25	157	89.8692410778	7618	0	80	95	96	74	91	92	257	68	68
DLR00012647-2009-07-01_11-34-06	16	10	727	1095	36	194	89.8692410778	7277	1	76	91	93	72	88	90	158	68	68
DLR00012647-2009-07-01_11-34-06	16	11	801	1110	24	129	89.8692410778	7272	0	79	94	94	74	89	90	207	68	68
DLR00012647-2009-07-01_11-34-06	16	12	868	1101	16	89	89.8692410778	7536	0	76	91	92	72	89	90	143	68	68
DLR00012647-2009-07-01_11-34-06	16	13	945	1101	38	233	89.8692410778	7710	4	76	92	92	72	89	89	215	68	68
DLR00012647-2009-07-01_11-34-06	16	14	1025	1107	33	340	89.8692410778	7728	0	85	96	93	73	89	90	222	68	68
DLR00012647-2009-07-01_11-34-06	16	15	1087	1102	42	234	89.8692410778	7790	0	76	92	92	71	88	89	239	68	68
DLR00012647-2009-07-01_11-34-06	16	16	1147	1097	43	243	89.8692410778	7441	1	75	90	92	71	87	89	225	68	68
DLR00012647-2009-07-01_11-34-06	16	17	1217	1106	31	186	89.8692410778	7507	2	77	92	94	72	89	90	253	68	68
DLR00012647-2009-07-01_11-34-06	16	18	1300	1092	19	104	89.8692410778	7251	0	74	90	91	71	87	89	124	68	68
DLR00012647-2009-07-01_11-34-06	16	19	1355	1102	28	160	89.8692410778	7538	5	75	90	92	72	87	90	117	68	68
DLR00012647-2009-07-01_11-34-06	16	20	1426	1095	41	230	89.8692410778	7710	1	75	89	91	71	86	89	164	68	68
DLR00012647-2009-07-01_11-34-06	16	21	1483	1106	14	72	89.8692410778	7325	0	80	94	95	73	88	91	251	68	68
DLR00012647-2009-07-01_11-34-06	16	22	1567	1098	39	210	89.8692410778	7614	0	75	88	91	71	85	88	200	68	68
DLR00012647-2009-07-01_11-34-06	16	23	1620	1099	112	692	89.8692410778	8237	9	75	88	89	71	84	86	459	68	68
DLR00012647-2009-07-01_11-34-06	16	24	1705	1087	107	562	89.8692410778	9074	5	70	82	84	69	81	83	116	68	68
