DLR00012709-2009-06-30_22-37-19	1	1	150	128	0	0	111.30654423	7690	0				80	93	94	424	68	68
DLR00012709-2009-06-30_22-37-19	1	2	198	107	0	0	111.30654423	10940	0				83	97	98	674	68	68
DLR00012709-2009-06-30_22-37-19	1	3	266	107	0	0	111.30654423	10464	0				86	100	101	662	68	68
DLR00012709-2009-06-30_22-37-19	1	4	335	107	0	0	111.30654423	9645	0				87	102	104	639	68	68
DLR00012709-2009-06-30_22-37-19	1	5	403	107	0	0	111.30654423	8617	0				88	103	105	586	68	68
DLR00012709-2009-06-30_22-37-19	1	6	472	107	0	0	111.30654423	8463	0				87	104	105	499	68	68
DLR00012709-2009-06-30_22-37-19	1	7	541	107	0	0	111.30654423	9150	0				88	104	105	591	68	68
DLR00012709-2009-06-30_22-37-19	1	8	630	138	1	23	111.30654423	5796	0	107	122	119	82	100	101	224	68	68
DLR00012709-2009-06-30_22-37-19	1	9	678	107	0	0	111.30654423	10639	0				88	105	105	696	68	68
DLR00012709-2009-06-30_22-37-19	1	10	732	132	2	57	111.30654423	6326	0	111	126	125	82	100	101	249	68	68
DLR00012709-2009-06-30_22-37-19	1	11	815	107	0	0	111.30654423	9101	0				88	105	104	654	68	68
DLR00012709-2009-06-30_22-37-19	1	12	884	107	0	0	111.30654423	9953	0				88	105	104	648	68	68
DLR00012709-2009-06-30_22-37-19	1	13	952	107	0	0	111.30654423	10805	0				88	105	104	648	68	68
DLR00012709-2009-06-30_22-37-19	1	14	1021	107	0	0	111.30654423	11515	0				87	104	103	696	68	68
DLR00012709-2009-06-30_22-37-19	1	15	1090	107	0	0	111.30654423	11459	0				87	104	104	691	68	68
DLR00012709-2009-06-30_22-37-19	1	16	1158	107	0	0	111.30654423	11149	0				87	104	104	669	68	68
DLR00012709-2009-06-30_22-37-19	1	17	1227	107	0	0	111.30654423	11298	0				87	104	104	733	68	68
DLR00012709-2009-06-30_22-37-19	1	18	1295	107	0	0	111.30654423	11534	0				87	103	104	745	68	68
DLR00012709-2009-06-30_22-37-19	1	19	1364	107	0	0	111.30654423	11590	0				86	102	103	755	68	68
DLR00012709-2009-06-30_22-37-19	1	20	1433	107	0	0	111.30654423	11749	0				86	101	102	867	68	68
DLR00012709-2009-06-30_22-37-19	1	21	1501	107	0	0	111.30654423	11874	0				84	98	100	866	68	68
DLR00012709-2009-06-30_22-37-19	1	22	1570	107	0	0	111.30654423	11397	0				82	95	96	847	68	68
DLR00012709-2009-06-30_22-37-19	1	23	1638	107	0	0	111.30654423	10909	0				81	93	94	823	68	68
DLR00012709-2009-06-30_22-37-19	1	24	1690	124	1	25	111.30654423	9352	0	111	118	111	79	91	91	546	68	68
DLR00012709-2009-06-30_22-37-19	2	1	129	175	0	0	111.30654423	8093	0				78	92	93	238	68	68
DLR00012709-2009-06-30_22-37-19	2	2	198	175	0	0	111.30654423	8239	0				79	94	95	260	68	68
DLR00012709-2009-06-30_22-37-19	2	3	266	175	0	0	111.30654423	8291	0				81	96	98	283	68	68
DLR00012709-2009-06-30_22-37-19	2	4	335	175	0	0	111.30654423	6209	0				82	98	100	345	68	68
DLR00012709-2009-06-30_22-37-19	2	5	403	175	0	0	111.30654423	5378	0				82	99	101	271	68	68
DLR00012709-2009-06-30_22-37-19	2	6	472	175	0	0	111.30654423	5628	0				82	100	101	276	68	68
DLR00012709-2009-06-30_22-37-19	2	7	541	175	0	0	111.30654423	5139	0				82	100	101	212	68	68
DLR00012709-2009-06-30_22-37-19	2	8	609	175	0	0	111.30654423	4944	0				81	100	100	225	68	68
DLR00012709-2009-06-30_22-37-19	2	9	678	175	0	0	111.30654423	5876	0				81	99	99	208	68	68
DLR00012709-2009-06-30_22-37-19	2	10	746	175	0	0	111.30654423	6511	0				80	99	99	223	68	68
DLR00012709-2009-06-30_22-37-19	2	11	815	175	0	0	111.30654423	7896	0				80	98	99	308	68	68
DLR00012709-2009-06-30_22-37-19	2	12	884	175	0	0	111.30654423	6594	0				80	99	99	216	68	68
DLR00012709-2009-06-30_22-37-19	2	13	952	175	0	0	111.30654423	7404	0				80	98	98	291	68	68
DLR00012709-2009-06-30_22-37-19	2	14	1021	175	0	0	111.30654423	7172	0				79	97	98	214	68	68
DLR00012709-2009-06-30_22-37-19	2	15	1090	175	0	0	111.30654423	7775	0				79	97	98	242	68	68
DLR00012709-2009-06-30_22-37-19	2	16	1132	182	2	53	111.30654423	7635	0	106	121	120	79	97	98	291	68	68
DLR00012709-2009-06-30_22-37-19	2	17	1227	175	0	0	111.30654423	7870	0				79	97	99	326	68	68
DLR00012709-2009-06-30_22-37-19	2	18	1295	175	0	0	111.30654423	7253	0				79	97	99	196	68	68
DLR00012709-2009-06-30_22-37-19	2	19	1364	175	0	0	111.30654423	6836	0				78	96	98	282	68	68
DLR00012709-2009-06-30_22-37-19	2	20	1433	175	0	0	111.30654423	7119	0				78	95	98	246	68	68
DLR00012709-2009-06-30_22-37-19	2	21	1501	175	0	0	111.30654423	8053	0				77	93	96	376	68	68
DLR00012709-2009-06-30_22-37-19	2	22	1565	167	1	27	111.30654423	8121	0	99	114	113	75	91	93	337	68	68
DLR00012709-2009-06-30_22-37-19	2	23	1638	175	0	0	111.30654423	7960	0				73	88	90	299	68	68
DLR00012709-2009-06-30_22-37-19	2	24	1707	175	0	0	111.30654423	10223	0				75	89	89	267	68	68
DLR00012709-2009-06-30_22-37-19	3	1	105	238	2	47	111.30654423	8262	0	100	113	113	81	93	93	631	68	68
DLR00012709-2009-06-30_22-37-19	3	2	198	243	0	0	111.30654423	7603	0				79	94	96	282	68	68
DLR00012709-2009-06-30_22-37-19	3	3	266	243	0	0	111.30654423	7836	0				81	97	98	286	68	68
DLR00012709-2009-06-30_22-37-19	3	4	335	243	0	0	111.30654423	6246	0				82	98	100	327	68	68
DLR00012709-2009-06-30_22-37-19	3	5	403	243	0	0	111.30654423	5359	0				82	99	100	334	68	68
DLR00012709-2009-06-30_22-37-19	3	6	472	243	0	0	111.30654423	5271	0				82	100	100	277	68	68
DLR00012709-2009-06-30_22-37-19	3	7	541	243	0	0	111.30654423	4940	0				81	100	99	249	68	68
DLR00012709-2009-06-30_22-37-19	3	8	609	243	0	0	111.30654423	4945	0				81	99	99	273	68	68
DLR00012709-2009-06-30_22-37-19	3	9	678	243	0	0	111.30654423	5359	0				81	99	98	200	68	68
DLR00012709-2009-06-30_22-37-19	3	10	746	243	0	0	111.30654423	6277	0				80	98	98	301	68	68
DLR00012709-2009-06-30_22-37-19	3	11	815	243	0	0	111.30654423	8469	0				80	98	98	266	68	68
DLR00012709-2009-06-30_22-37-19	3	12	892	270	1	26	111.30654423	8473	0	106	121	121	79	98	98	244	68	68
DLR00012709-2009-06-30_22-37-19	3	13	935	242	1	27	111.30654423	8349	0	106	123	119	79	98	98	217	68	68
DLR00012709-2009-06-30_22-37-19	3	14	1021	243	0	0	111.30654423	7638	0				79	98	97	288	68	68
DLR00012709-2009-06-30_22-37-19	3	15	1090	243	0	0	111.30654423	7473	0				79	97	97	232	68	68
DLR00012709-2009-06-30_22-37-19	3	16	1182	254	1	34	111.30654423	7461	0	113	128	126	79	97	97	261	68	68
DLR00012709-2009-06-30_22-37-19	3	17	1227	243	0	0	111.30654423	7235	0				79	97	97	246	68	68
DLR00012709-2009-06-30_22-37-19	3	18	1295	243	0	0	111.30654423	6903	0				78	96	97	274	68	68
DLR00012709-2009-06-30_22-37-19	3	19	1364	243	0	0	111.30654423	7397	0				78	96	97	295	68	68
DLR00012709-2009-06-30_22-37-19	3	20	1433	243	0	0	111.30654423	6695	0				77	95	97	202	68	68
DLR00012709-2009-06-30_22-37-19	3	21	1501	243	0	0	111.30654423	7568	0				76	93	96	322	68	68
DLR00012709-2009-06-30_22-37-19	3	22	1567	255	1	22	111.30654423	7625	0	95	107	109	74	91	94	334	68	68
DLR00012709-2009-06-30_22-37-19	3	23	1638	243	0	0	111.30654423	8074	0				72	88	91	298	68	68
DLR00012709-2009-06-30_22-37-19	3	24	1707	243	0	0	111.30654423	9798	0				74	88	89	349	68	68
DLR00012709-2009-06-30_22-37-19	4	1	129	311	0	0	111.30654423	8002	0				79	92	94	340	68	68
DLR00012709-2009-06-30_22-37-19	4	2	198	311	0	0	111.30654423	7344	0				79	95	96	288	68	68
DLR00012709-2009-06-30_22-37-19	4	3	266	311	0	0	111.30654423	7765	0				81	97	98	327	68	68
DLR00012709-2009-06-30_22-37-19	4	4	335	311	0	0	111.30654423	6365	0				81	98	100	354	68	68
DLR00012709-2009-06-30_22-37-19	4	5	403	311	0	0	111.30654423	5161	0				81	99	100	277	68	68
DLR00012709-2009-06-30_22-37-19	4	6	472	311	0	0	111.30654423	4535	0				81	99	100	254	68	68
DLR00012709-2009-06-30_22-37-19	4	7	541	311	0	0	111.30654423	5111	0				81	99	99	305	68	68
DLR00012709-2009-06-30_22-37-19	4	8	609	311	0	0	111.30654423	5776	0				81	99	99	237	68	68
DLR00012709-2009-06-30_22-37-19	4	9	678	311	0	0	111.30654423	5199	0				81	99	98	276	68	68
DLR00012709-2009-06-30_22-37-19	4	10	746	311	0	0	111.30654423	6064	0				80	98	98	198	68	68
DLR00012709-2009-06-30_22-37-19	4	11	815	311	0	0	111.30654423	8204	0				80	98	97	192	68	68
DLR00012709-2009-06-30_22-37-19	4	12	884	311	0	0	111.30654423	7658	0				79	98	97	197	68	68
DLR00012709-2009-06-30_22-37-19	4	13	952	311	0	0	111.30654423	7561	0				79	98	97	172	68	68
DLR00012709-2009-06-30_22-37-19	4	14	1021	311	0	0	111.30654423	7446	0				79	98	97	214	68	68
DLR00012709-2009-06-30_22-37-19	4	15	1118	307	3	74	111.30654423	7374	0	105	119	113	79	97	97	261	68	68
DLR00012709-2009-06-30_22-37-19	4	16	1158	311	0	0	111.30654423	7163	0				79	97	97	246	68	68
DLR00012709-2009-06-30_22-37-19	4	17	1227	311	0	0	111.30654423	7043	0				79	96	97	243	68	68
DLR00012709-2009-06-30_22-37-19	4	18	1295	311	0	0	111.30654423	7187	0				78	96	97	181	68	68
DLR00012709-2009-06-30_22-37-19	4	19	1364	311	0	0	111.30654423	6988	0				77	96	97	261	68	68
DLR00012709-2009-06-30_22-37-19	4	20	1433	311	0	0	111.30654423	7311	0				77	95	97	313	68	68
DLR00012709-2009-06-30_22-37-19	4	21	1501	311	0	0	111.30654423	7408	0				76	93	96	261	68	68
DLR00012709-2009-06-30_22-37-19	4	22	1600	316	1	23	111.30654423	7230	0	95	108	109	73	90	93	272	68	68
DLR00012709-2009-06-30_22-37-19	4	23	1638	311	0	0	111.30654423	7181	0				72	88	91	226	68	68
DLR00012709-2009-06-30_22-37-19	4	24	1707	311	0	0	111.30654423	9533	0				74	88	90	339	68	68
DLR00012709-2009-06-30_22-37-19	5	1	129	378	0	0	111.30654423	7570	0				79	92	94	346	68	68
DLR00012709-2009-06-30_22-37-19	5	2	198	378	0	0	111.30654423	7545	0				80	95	97	336	68	68
DLR00012709-2009-06-30_22-37-19	5	3	266	378	0	0	111.30654423	7897	0				81	97	99	271	68	68
DLR00012709-2009-06-30_22-37-19	5	4	335	378	0	0	111.30654423	6209	0				81	99	100	238	68	68
DLR00012709-2009-06-30_22-37-19	5	5	403	378	0	0	111.30654423	5144	0				81	99	100	306	68	68
DLR00012709-2009-06-30_22-37-19	5	6	472	378	0	0	111.30654423	4536	0				81	99	100	187	68	68
DLR00012709-2009-06-30_22-37-19	5	7	541	378	0	0	111.30654423	5694	0				81	99	99	244	68	68
DLR00012709-2009-06-30_22-37-19	5	8	609	378	0	0	111.30654423	5759	0				81	99	99	262	68	68
DLR00012709-2009-06-30_22-37-19	5	9	678	378	0	0	111.30654423	5644	0				81	99	98	216	68	68
DLR00012709-2009-06-30_22-37-19	5	10	746	378	0	0	111.30654423	8164	0				81	98	97	183	68	68
DLR00012709-2009-06-30_22-37-19	5	11	815	378	0	0	111.30654423	7868	0				80	97	97	255	68	68
DLR00012709-2009-06-30_22-37-19	5	12	884	378	0	0	111.30654423	7565	0				79	97	97	213	68	68
DLR00012709-2009-06-30_22-37-19	5	13	952	378	0	0	111.30654423	7507	0				79	97	97	253	68	68
DLR00012709-2009-06-30_22-37-19	5	14	1012	373	2	60	111.30654423	7616	0	109	125	121	79	97	97	309	68	68
DLR00012709-2009-06-30_22-37-19	5	15	1104	367	1	30	111.30654423	7563	0	110	124	121	79	97	97	263	68	68
DLR00012709-2009-06-30_22-37-19	5	16	1158	378	0	0	111.30654423	6957	0				79	96	96	267	68	68
DLR00012709-2009-06-30_22-37-19	5	17	1227	378	0	0	111.30654423	6547	0				78	96	97	313	68	68
DLR00012709-2009-06-30_22-37-19	5	18	1278	407	1	26	111.30654423	7209	0	103	119	118	78	96	97	320	68	68
DLR00012709-2009-06-30_22-37-19	5	19	1364	378	0	0	111.30654423	6647	0				77	95	97	273	68	68
DLR00012709-2009-06-30_22-37-19	5	20	1433	378	0	0	111.30654423	7026	0				76	95	97	259	68	68
DLR00012709-2009-06-30_22-37-19	5	21	1501	378	0	0	111.30654423	6842	0				75	93	96	267	68	68
DLR00012709-2009-06-30_22-37-19	5	22	1548	384	8	193	111.30654423	7540	0	100	112	108	75	92	95	446	68	68
DLR00012709-2009-06-30_22-37-19	5	23	1608	385	2	54	111.30654423	7259	0	99	113	114	73	90	93	266	68	68
DLR00012709-2009-06-30_22-37-19	5	24	1707	378	0	0	111.30654423	8689	0				73	89	91	240	68	68
DLR00012709-2009-06-30_22-37-19	6	1	129	446	0	0	111.30654423	7656	0				78	93	95	226	68	68
DLR00012709-2009-06-30_22-37-19	6	2	198	446	0	0	111.30654423	6735	0				79	95	97	298	68	68
DLR00012709-2009-06-30_22-37-19	6	3	266	446	0	0	111.30654423	8203	0				80	97	99	327	68	68
DLR00012709-2009-06-30_22-37-19	6	4	335	446	0	0	111.30654423	6296	0				81	99	100	345	68	68
DLR00012709-2009-06-30_22-37-19	6	5	403	446	0	0	111.30654423	4449	0				81	99	100	218	68	68
DLR00012709-2009-06-30_22-37-19	6	6	472	446	0	0	111.30654423	4947	0				81	99	100	264	68	68
DLR00012709-2009-06-30_22-37-19	6	7	541	446	0	0	111.30654423	5997	0				81	99	99	295	68	68
DLR00012709-2009-06-30_22-37-19	6	8	609	446	0	0	111.30654423	5505	0				81	99	98	271	68	68
DLR00012709-2009-06-30_22-37-19	6	9	678	446	0	0	111.30654423	4870	0				81	99	98	217	68	68
DLR00012709-2009-06-30_22-37-19	6	10	746	446	0	0	111.30654423	8017	0				81	98	97	248	68	68
DLR00012709-2009-06-30_22-37-19	6	11	815	446	0	0	111.30654423	8122	0				80	97	97	297	68	68
DLR00012709-2009-06-30_22-37-19	6	12	884	446	0	0	111.30654423	7819	0				80	97	97	263	68	68
DLR00012709-2009-06-30_22-37-19	6	13	920	468	2	52	111.30654423	7622	0	107	121	120	80	97	97	261	68	68
DLR00012709-2009-06-30_22-37-19	6	14	1021	446	0	0	111.30654423	7362	0				79	97	96	269	68	68
DLR00012709-2009-06-30_22-37-19	6	15	1090	446	0	0	111.30654423	6796	0				79	96	96	284	68	68
DLR00012709-2009-06-30_22-37-19	6	16	1158	446	0	0	111.30654423	7575	0				78	96	96	360	68	68
DLR00012709-2009-06-30_22-37-19	6	17	1218	464	2	53	111.30654423	7555	0	106	119	112	78	96	96	260	68	68
DLR00012709-2009-06-30_22-37-19	6	18	1295	446	0	0	111.30654423	6480	0				77	95	97	259	68	68
DLR00012709-2009-06-30_22-37-19	6	19	1364	446	0	0	111.30654423	6649	0				77	95	97	261	68	68
DLR00012709-2009-06-30_22-37-19	6	20	1433	446	0	0	111.30654423	6898	0				76	95	97	292	68	68
DLR00012709-2009-06-30_22-37-19	6	21	1501	446	0	0	111.30654423	7134	0				75	93	96	272	68	68
DLR00012709-2009-06-30_22-37-19	6	22	1570	446	0	0	111.30654423	7521	0				74	92	95	330	68	68
DLR00012709-2009-06-30_22-37-19	6	23	1638	446	0	0	111.30654423	7454	0				73	90	92	437	68	68
DLR00012709-2009-06-30_22-37-19	6	24	1707	446	0	0	111.30654423	8996	0				73	89	91	330	68	68
DLR00012709-2009-06-30_22-37-19	7	1	129	514	0	0	111.30654423	7380	0				78	93	95	235	68	68
DLR00012709-2009-06-30_22-37-19	7	2	198	514	0	0	111.30654423	7706	0				79	95	98	255	68	68
DLR00012709-2009-06-30_22-37-19	7	3	266	514	0	0	111.30654423	8112	0				80	97	99	258	68	68
DLR00012709-2009-06-30_22-37-19	7	4	335	514	0	0	111.30654423	5698	0				81	99	100	262	68	68
DLR00012709-2009-06-30_22-37-19	7	5	403	514	0	0	111.30654423	4620	0				81	99	100	194	68	68
DLR00012709-2009-06-30_22-37-19	7	6	472	514	0	0	111.30654423	5297	0				81	99	100	272	68	68
DLR00012709-2009-06-30_22-37-19	7	7	541	514	0	0	111.30654423	5917	0				81	99	99	214	68	68
DLR00012709-2009-06-30_22-37-19	7	8	609	514	0	0	111.30654423	5905	0				81	99	98	341	68	68
DLR00012709-2009-06-30_22-37-19	7	9	693	523	1	22	111.30654423	7222	0	102	117	116	81	98	97	279	68	68
DLR00012709-2009-06-30_22-37-19	7	10	746	514	0	0	111.30654423	8440	0				80	98	97	188	68	68
DLR00012709-2009-06-30_22-37-19	7	11	815	514	0	0	111.30654423	8501	0				80	97	97	222	68	68
DLR00012709-2009-06-30_22-37-19	7	12	888	492	2	52	111.30654423	7964	0	107	121	120	80	97	97	331	68	68
DLR00012709-2009-06-30_22-37-19	7	13	952	514	0	0	111.30654423	7357	0				80	97	96	276	68	68
DLR00012709-2009-06-30_22-37-19	7	14	1021	514	0	0	111.30654423	6748	0				79	96	96	333	68	68
DLR00012709-2009-06-30_22-37-19	7	15	1106	488	2	44	111.30654423	7481	0	102	115	110	79	96	96	346	68	68
DLR00012709-2009-06-30_22-37-19	7	16	1158	514	0	0	111.30654423	7149	0				78	96	96	267	68	68
DLR00012709-2009-06-30_22-37-19	7	17	1227	514	0	0	111.30654423	7195	0				78	95	96	310	68	68
DLR00012709-2009-06-30_22-37-19	7	18	1275	508	1	22	111.30654423	6887	0	99	115	114	77	95	96	344	68	68
DLR00012709-2009-06-30_22-37-19	7	19	1364	514	0	0	111.30654423	6815	0				76	95	97	230	68	68
DLR00012709-2009-06-30_22-37-19	7	20	1433	514	0	0	111.30654423	7755	0				76	95	97	624	68	68
DLR00012709-2009-06-30_22-37-19	7	21	1474	528	1	28	111.30654423	8061	0	105	118	117	76	94	96	499	68	68
DLR00012709-2009-06-30_22-37-19	7	22	1570	514	0	0	111.30654423	7227	0				74	92	95	333	68	68
DLR00012709-2009-06-30_22-37-19	7	23	1638	514	0	0	111.30654423	6960	0				72	90	92	312	68	68
DLR00012709-2009-06-30_22-37-19	7	24	1707	514	0	0	111.30654423	9119	0				73	89	91	293	68	68
DLR00012709-2009-06-30_22-37-19	8	1	129	582	0	0	111.30654423	7544	0				79	94	96	271	68	68
DLR00012709-2009-06-30_22-37-19	8	2	198	582	0	0	111.30654423	7100	0				79	96	98	226	68	68
DLR00012709-2009-06-30_22-37-19	8	3	266	582	0	0	111.30654423	7847	0				80	98	99	251	68	68
DLR00012709-2009-06-30_22-37-19	8	4	335	582	0	0	111.30654423	5375	0				80	99	100	275	68	68
DLR00012709-2009-06-30_22-37-19	8	5	403	582	0	0	111.30654423	5438	0				81	99	100	191	68	68
DLR00012709-2009-06-30_22-37-19	8	6	472	582	0	0	111.30654423	5980	0				81	99	100	332	68	68
DLR00012709-2009-06-30_22-37-19	8	7	557	555	1	26	111.30654423	5876	0	111	121	122	81	99	99	298	68	68
DLR00012709-2009-06-30_22-37-19	8	8	609	582	0	0	111.30654423	6092	0				80	98	98	279	68	68
DLR00012709-2009-06-30_22-37-19	8	9	678	582	0	0	111.30654423	8682	0				80	98	97	319	68	68
DLR00012709-2009-06-30_22-37-19	8	10	746	582	0	0	111.30654423	7500	0				80	97	97	266	68	68
DLR00012709-2009-06-30_22-37-19	8	11	789	585	8	243	111.30654423	7715	0	114	125	118	80	97	97	282	68	68
DLR00012709-2009-06-30_22-37-19	8	12	873	586	2	47	111.30654423	7884	0	105	118	114	80	97	96	362	68	68
DLR00012709-2009-06-30_22-37-19	8	13	952	582	0	0	111.30654423	7245	0				80	97	96	291	68	68
DLR00012709-2009-06-30_22-37-19	8	14	1021	582	0	0	111.30654423	6844	0				79	96	96	391	68	68
DLR00012709-2009-06-30_22-37-19	8	15	1090	582	0	0	111.30654423	7157	0				78	96	95	266	68	68
DLR00012709-2009-06-30_22-37-19	8	16	1187	568	3	85	111.30654423	6420	0	106	121	118	78	95	95	278	68	68
DLR00012709-2009-06-30_22-37-19	8	17	1227	582	0	0	111.30654423	6978	0				77	95	95	285	68	68
DLR00012709-2009-06-30_22-37-19	8	18	1295	582	0	0	111.30654423	6876	0				77	95	96	217	68	68
DLR00012709-2009-06-30_22-37-19	8	19	1364	582	0	0	111.30654423	6183	0				76	94	96	229	68	68
DLR00012709-2009-06-30_22-37-19	8	20	1458	578	1	22	111.30654423	7568	0	97	112	111	75	94	96	369	68	68
DLR00012709-2009-06-30_22-37-19	8	21	1501	582	0	0	111.30654423	7223	0				75	93	96	292	68	68
DLR00012709-2009-06-30_22-37-19	8	22	1570	582	0	0	111.30654423	6746	0				74	92	95	261	68	68
DLR00012709-2009-06-30_22-37-19	8	23	1638	582	0	0	111.30654423	8427	0				72	90	92	340	68	68
DLR00012709-2009-06-30_22-37-19	8	24	1707	582	0	0	111.30654423	8904	0				73	89	91	302	68	68
DLR00012709-2009-06-30_22-37-19	9	1	129	650	0	0	111.30654423	7839	0				79	94	96	276	68	68
DLR00012709-2009-06-30_22-37-19	9	2	198	650	0	0	111.30654423	7401	0				79	96	98	270	68	68
DLR00012709-2009-06-30_22-37-19	9	3	235	630	1	24	111.30654423	7744	0	104	119	115	80	97	98	286	68	68
DLR00012709-2009-06-30_22-37-19	9	4	335	650	0	0	111.30654423	5975	0				80	99	100	290	68	68
DLR00012709-2009-06-30_22-37-19	9	5	403	650	0	0	111.30654423	6192	0				81	99	100	279	68	68
DLR00012709-2009-06-30_22-37-19	9	6	472	650	0	0	111.30654423	5309	0				80	99	99	294	68	68
DLR00012709-2009-06-30_22-37-19	9	7	541	650	0	0	111.30654423	4941	0				80	99	99	269	68	68
DLR00012709-2009-06-30_22-37-19	9	8	609	650	0	0	111.30654423	8497	0				80	98	98	310	68	68
DLR00012709-2009-06-30_22-37-19	9	9	678	650	0	0	111.30654423	7709	0				80	97	97	216	68	68
DLR00012709-2009-06-30_22-37-19	9	10	746	650	0	0	111.30654423	7535	0				80	97	96	303	68	68
DLR00012709-2009-06-30_22-37-19	9	11	815	650	0	0	111.30654423	7586	0				80	97	96	260	68	68
DLR00012709-2009-06-30_22-37-19	9	12	884	650	0	0	111.30654423	7425	0				80	97	96	340	68	68
DLR00012709-2009-06-30_22-37-19	9	13	952	650	0	0	111.30654423	6985	0				79	97	96	353	68	68
DLR00012709-2009-06-30_22-37-19	9	14	1021	650	0	0	111.30654423	6686	0				79	96	95	274	68	68
DLR00012709-2009-06-30_22-37-19	9	15	1090	650	0	0	111.30654423	6477	0				78	95	94	264	68	68
DLR00012709-2009-06-30_22-37-19	9	16	1135	675	7	230	111.30654423	7526	0	111	124	116	77	95	94	302	68	68
DLR00012709-2009-06-30_22-37-19	9	17	1227	650	0	0	111.30654423	7122	0				77	95	95	287	68	68
DLR00012709-2009-06-30_22-37-19	9	18	1304	642	1	22	111.30654423	6230	0	98	114	113	76	94	95	251	68	68
DLR00012709-2009-06-30_22-37-19	9	19	1364	650	0	0	111.30654423	7064	0				76	94	96	252	68	68
DLR00012709-2009-06-30_22-37-19	9	20	1433	650	0	0	111.30654423	7002	0				75	94	96	279	68	68
DLR00012709-2009-06-30_22-37-19	9	21	1501	650	0	0	111.30654423	7198	0				75	93	95	242	68	68
DLR00012709-2009-06-30_22-37-19	9	22	1570	650	0	0	111.30654423	7585	0				74	92	94	318	68	68
DLR00012709-2009-06-30_22-37-19	9	23	1658	623	2	48	111.30654423	7372	0	96	108	106	72	89	91	362	68	68
DLR00012709-2009-06-30_22-37-19	9	24	1707	650	0	0	111.30654423	8911	0				73	89	91	333	68	68
DLR00012709-2009-06-30_22-37-19	10	1	127	719	4	93	111.30654423	8933	0	109	113	106	79	95	96	520	68	68
DLR00012709-2009-06-30_22-37-19	10	2	198	718	0	0	111.30654423	7809	0				79	96	97	290	68	68
DLR00012709-2009-06-30_22-37-19	10	3	268	704	3	72	111.30654423	8158	0	104	119	118	80	97	99	321	68	68
DLR00012709-2009-06-30_22-37-19	10	4	335	718	0	0	111.30654423	6198	0				81	99	100	303	68	68
DLR00012709-2009-06-30_22-37-19	10	5	403	718	0	0	111.30654423	6357	0				81	99	100	273	68	68
DLR00012709-2009-06-30_22-37-19	10	6	444	685	2	45	111.30654423	5780	0	105	120	117	80	99	100	264	68	68
DLR00012709-2009-06-30_22-37-19	10	7	541	718	0	0	111.30654423	6402	0				81	99	99	302	68	68
DLR00012709-2009-06-30_22-37-19	10	8	609	718	0	0	111.30654423	8811	0				80	98	98	312	68	68
DLR00012709-2009-06-30_22-37-19	10	9	678	718	0	0	111.30654423	7779	0				80	97	97	328	68	68
DLR00012709-2009-06-30_22-37-19	10	10	732	707	1	28	111.30654423	7652	0	109	121	118	80	97	96	315	68	68
DLR00012709-2009-06-30_22-37-19	10	11	815	718	0	0	111.30654423	8086	0				80	97	96	359	68	68
DLR00012709-2009-06-30_22-37-19	10	12	884	718	0	0	111.30654423	7147	0				79	97	96	313	68	68
DLR00012709-2009-06-30_22-37-19	10	13	952	718	0	0	111.30654423	6393	0				79	96	96	327	68	68
DLR00012709-2009-06-30_22-37-19	10	14	1021	718	0	0	111.30654423	7100	0				78	96	95	260	68	68
DLR00012709-2009-06-30_22-37-19	10	15	1102	698	8	261	111.30654423	7553	1	111	124	117	77	95	94	280	68	68
DLR00012709-2009-06-30_22-37-19	10	16	1158	718	0	0	111.30654423	7070	0				77	94	94	274	68	68
DLR00012709-2009-06-30_22-37-19	10	17	1227	718	0	0	111.30654423	6495	0				77	94	94	221	68	68
DLR00012709-2009-06-30_22-37-19	10	18	1286	715	1	25	111.30654423	7529	0	101	116	113	76	94	95	344	68	68
DLR00012709-2009-06-30_22-37-19	10	19	1393	691	2	62	111.30654423	7245	0	106	120	119	75	93	95	294	68	68
DLR00012709-2009-06-30_22-37-19	10	20	1433	718	0	0	111.30654423	7611	0				75	93	95	315	68	68
DLR00012709-2009-06-30_22-37-19	10	21	1501	718	0	0	111.30654423	7231	0				74	92	95	304	68	68
DLR00012709-2009-06-30_22-37-19	10	22	1600	690	1	23	111.30654423	7730	0	94	110	109	73	91	93	348	68	68
DLR00012709-2009-06-30_22-37-19	10	23	1671	698	3	74	111.30654423	8103	0	97	107	107	72	89	90	469	68	68
DLR00012709-2009-06-30_22-37-19	10	24	1707	718	0	0	111.30654423	9084	0				73	89	90	398	68	68
DLR00012709-2009-06-30_22-37-19	11	1	131	797	1	22	111.30654423	7969	0	99	112	113	79	95	96	288	68	68
DLR00012709-2009-06-30_22-37-19	11	2	198	785	0	0	111.30654423	7835	0				79	96	97	316	68	68
DLR00012709-2009-06-30_22-37-19	11	3	266	785	0	0	111.30654423	8564	0				80	98	99	320	68	68
DLR00012709-2009-06-30_22-37-19	11	4	335	785	0	0	111.30654423	5603	0				81	98	100	282	68	68
DLR00012709-2009-06-30_22-37-19	11	5	403	785	0	0	111.30654423	6272	0				81	99	100	390	68	68
DLR00012709-2009-06-30_22-37-19	11	6	472	785	0	0	111.30654423	5659	0				80	98	99	254	68	68
DLR00012709-2009-06-30_22-37-19	11	7	541	785	0	0	111.30654423	7836	0				80	98	98	296	68	68
DLR00012709-2009-06-30_22-37-19	11	8	609	785	0	0	111.30654423	8017	0				80	97	97	307	68	68
DLR00012709-2009-06-30_22-37-19	11	9	678	785	0	0	111.30654423	7425	0				79	97	96	260	68	68
DLR00012709-2009-06-30_22-37-19	11	10	746	785	0	0	111.30654423	7859	0				79	96	96	262	68	68
DLR00012709-2009-06-30_22-37-19	11	11	815	785	0	0	111.30654423	6883	0				79	96	96	294	68	68
DLR00012709-2009-06-30_22-37-19	11	12	884	785	0	0	111.30654423	7072	0				78	96	95	258	68	68
DLR00012709-2009-06-30_22-37-19	11	13	952	785	0	0	111.30654423	6852	0				78	96	95	299	68	68
DLR00012709-2009-06-30_22-37-19	11	14	1019	815	3	132	111.30654423	7104	0	122	133	131	77	95	94	410	68	68
DLR00012709-2009-06-30_22-37-19	11	15	1090	785	0	0	111.30654423	7006	0				77	94	94	239	68	68
DLR00012709-2009-06-30_22-37-19	11	16	1158	785	0	0	111.30654423	7387	0				77	94	94	300	68	68
DLR00012709-2009-06-30_22-37-19	11	17	1227	785	0	0	111.30654423	7220	0				76	93	94	280	68	68
DLR00012709-2009-06-30_22-37-19	11	18	1295	785	0	0	111.30654423	6978	0				76	93	94	234	68	68
DLR00012709-2009-06-30_22-37-19	11	19	1364	785	0	0	111.30654423	7137	0				75	93	95	362	68	68
DLR00012709-2009-06-30_22-37-19	11	20	1433	785	0	0	111.30654423	7929	0				75	93	94	381	68	68
DLR00012709-2009-06-30_22-37-19	11	21	1501	785	0	0	111.30654423	7131	0				74	92	94	307	68	68
DLR00012709-2009-06-30_22-37-19	11	22	1570	785	0	0	111.30654423	7560	0				74	91	93	261	68	68
DLR00012709-2009-06-30_22-37-19	11	23	1638	785	0	0	111.30654423	7914	0				72	89	91	292	68	68
DLR00012709-2009-06-30_22-37-19	11	24	1707	785	0	0	111.30654423	8249	0				72	88	90	265	68	68
DLR00012709-2009-06-30_22-37-19	12	1	127	879	1	22	111.30654423	8183	0	98	114	114	79	94	96	327	68	68
DLR00012709-2009-06-30_22-37-19	12	2	198	853	0	0	111.30654423	7869	0				79	96	97	325	68	68
DLR00012709-2009-06-30_22-37-19	12	3	266	853	0	0	111.30654423	7933	0				80	97	98	265	68	68
DLR00012709-2009-06-30_22-37-19	12	4	335	853	0	0	111.30654423	7661	0				80	98	99	363	68	68
DLR00012709-2009-06-30_22-37-19	12	5	403	853	0	0	111.30654423	5796	0				81	98	99	419	68	68
DLR00012709-2009-06-30_22-37-19	12	6	472	853	0	0	111.30654423	7676	0				80	98	99	254	68	68
DLR00012709-2009-06-30_22-37-19	12	7	541	852	0	0	111.30654423	7922	0				79	98	98	344	68	68
DLR00012709-2009-06-30_22-37-19	12	8	609	853	0	0	111.30654423	7805	0				79	97	97	355	68	68
DLR00012709-2009-06-30_22-37-19	12	9	678	853	0	0	111.30654423	7093	0				79	96	96	260	68	68
DLR00012709-2009-06-30_22-37-19	12	10	724	821	2	64	111.30654423	7554	0	112	124	123	79	96	96	265	68	68
DLR00012709-2009-06-30_22-37-19	12	11	793	856	2	46	111.30654423	7339	0	101	117	114	78	96	95	286	68	68
DLR00012709-2009-06-30_22-37-19	12	12	884	853	0	0	111.30654423	6461	0				78	95	95	293	68	68
DLR00012709-2009-06-30_22-37-19	12	13	952	853	0	0	111.30654423	7114	0				77	95	94	239	68	68
DLR00012709-2009-06-30_22-37-19	12	14	1021	853	0	0	111.30654423	6858	0				77	94	94	326	68	68
DLR00012709-2009-06-30_22-37-19	12	15	1119	846	3	99	111.30654423	7067	0	110	121	118	76	93	93	342	68	68
DLR00012709-2009-06-30_22-37-19	12	16	1155	880	1	27	111.30654423	7030	0	101	117	114	76	93	93	230	68	68
DLR00012709-2009-06-30_22-37-19	12	17	1227	853	0	0	111.30654423	7890	0				76	93	93	261	68	68
DLR00012709-2009-06-30_22-37-19	12	18	1295	853	0	0	111.30654423	7345	0				75	93	94	274	68	68
DLR00012709-2009-06-30_22-37-19	12	19	1364	853	0	0	111.30654423	7361	0				75	93	94	286	68	68
DLR00012709-2009-06-30_22-37-19	12	20	1433	853	0	0	111.30654423	7765	0				74	92	93	396	68	68
DLR00012709-2009-06-30_22-37-19	12	21	1501	853	0	0	111.30654423	6972	0				74	91	93	332	68	68
DLR00012709-2009-06-30_22-37-19	12	22	1591	854	1	26	111.30654423	7734	0	96	110	110	73	89	91	332	68	68
DLR00012709-2009-06-30_22-37-19	12	23	1638	853	0	0	111.30654423	7883	0				72	88	90	268	68	68
DLR00012709-2009-06-30_22-37-19	12	24	1707	853	0	0	111.30654423	8294	0				72	87	89	328	68	68
DLR00012709-2009-06-30_22-37-19	13	1	129	921	0	0	111.30654423	8346	0				79	94	96	277	68	68
DLR00012709-2009-06-30_22-37-19	13	2	198	921	0	0	111.30654423	7188	0				79	95	96	365	68	68
DLR00012709-2009-06-30_22-37-19	13	3	281	914	2	46	111.30654423	7596	0	102	117	117	80	96	98	360	68	68
DLR00012709-2009-06-30_22-37-19	13	4	335	921	0	0	111.30654423	8324	0				80	97	98	289	68	68
DLR00012709-2009-06-30_22-37-19	13	5	403	921	0	0	111.30654423	8271	0				80	98	99	298	68	68
DLR00012709-2009-06-30_22-37-19	13	6	472	921	0	0	111.30654423	8030	0				80	98	98	282	68	68
DLR00012709-2009-06-30_22-37-19	13	7	514	919	2	45	111.30654423	8241	0	109	116	107	80	98	98	347	68	68
DLR00012709-2009-06-30_22-37-19	13	8	609	921	0	0	111.30654423	7569	0				79	97	97	407	68	68
DLR00012709-2009-06-30_22-37-19	13	9	678	921	0	0	111.30654423	7443	0				79	96	96	346	68	68
DLR00012709-2009-06-30_22-37-19	13	10	746	921	0	0	111.30654423	6548	0				78	95	95	297	68	68
DLR00012709-2009-06-30_22-37-19	13	11	832	924	1	22	111.30654423	7581	0	99	114	113	78	95	95	199	68	68
DLR00012709-2009-06-30_22-37-19	13	12	883	951	2	81	111.30654423	7517	0	120	130	126	77	94	94	278	68	68
DLR00012709-2009-06-30_22-37-19	13	13	952	921	0	0	111.30654423	6703	0				77	94	94	323	68	68
DLR00012709-2009-06-30_22-37-19	13	14	1031	911	1	22	111.30654423	7142	0	96	112	111	76	93	93	251	68	68
DLR00012709-2009-06-30_22-37-19	13	15	1067	910	1	26	111.30654423	7494	0	102	114	112	76	93	93	304	68	68
DLR00012709-2009-06-30_22-37-19	13	16	1152	943	1	22	111.30654423	7799	0	96	110	108	75	92	92	427	68	68
DLR00012709-2009-06-30_22-37-19	13	17	1227	921	0	0	111.30654423	7275	0				75	92	93	260	68	68
DLR00012709-2009-06-30_22-37-19	13	18	1295	921	0	0	111.30654423	6815	0				75	92	93	298	68	68
DLR00012709-2009-06-30_22-37-19	13	19	1364	921	0	0	111.30654423	7334	0				75	92	93	356	68	68
DLR00012709-2009-06-30_22-37-19	13	20	1433	921	0	0	111.30654423	6807	0				74	91	92	315	68	68
DLR00012709-2009-06-30_22-37-19	13	21	1501	921	0	0	111.30654423	7229	0				74	90	92	319	68	68
DLR00012709-2009-06-30_22-37-19	13	22	1538	930	1	22	111.30654423	7474	0	90	109	108	73	89	92	342	68	68
DLR00012709-2009-06-30_22-37-19	13	23	1638	921	0	0	111.30654423	8007	0				71	87	89	248	68	68
DLR00012709-2009-06-30_22-37-19	13	24	1707	921	0	0	111.30654423	8029	0				72	86	88	272	68	68
DLR00012709-2009-06-30_22-37-19	14	1	129	989	0	0	111.30654423	8533	0				79	93	95	287	68	68
DLR00012709-2009-06-30_22-37-19	14	2	198	989	0	0	111.30654423	6795	0				78	94	96	253	68	68
DLR00012709-2009-06-30_22-37-19	14	3	235	1002	1	27	111.30654423	7152	0	106	118	118	79	95	97	300	68	68
DLR00012709-2009-06-30_22-37-19	14	4	330	957	1	25	111.30654423	7854	0	103	119	118	80	97	98	393	68	68
DLR00012709-2009-06-30_22-37-19	14	5	403	989	0	0	111.30654423	8219	0				80	97	99	364	68	68
DLR00012709-2009-06-30_22-37-19	14	6	472	989	0	0	111.30654423	7995	0				80	97	98	295	68	68
DLR00012709-2009-06-30_22-37-19	14	7	541	989	0	0	111.30654423	7617	0				79	97	98	328	68	68
DLR00012709-2009-06-30_22-37-19	14	8	609	989	0	0	111.30654423	7579	0				79	97	97	353	68	68
DLR00012709-2009-06-30_22-37-19	14	9	678	989	0	0	111.30654423	6909	0				78	95	96	219	68	68
DLR00012709-2009-06-30_22-37-19	14	10	746	989	0	0	111.30654423	6974	0				77	95	95	218	68	68
DLR00012709-2009-06-30_22-37-19	14	11	815	989	0	0	111.30654423	7210	0				77	94	94	247	68	68
DLR00012709-2009-06-30_22-37-19	14	12	884	989	0	0	111.30654423	7494	0				77	94	94	251	68	68
DLR00012709-2009-06-30_22-37-19	14	13	952	989	0	0	111.30654423	6969	0				76	93	93	273	68	68
DLR00012709-2009-06-30_22-37-19	14	14	1021	989	0	0	111.30654423	7168	0				75	92	92	234	68	68
DLR00012709-2009-06-30_22-37-19	14	15	1100	1005	34	946	111.30654423	8599	0	105	115	107	75	92	92	450	68	68
DLR00012709-2009-06-30_22-37-19	14	16	1158	989	0	0	111.30654423	7015	0				74	91	92	267	68	68
DLR00012709-2009-06-30_22-37-19	14	17	1227	989	0	0	111.30654423	7067	0				74	91	92	276	68	68
DLR00012709-2009-06-30_22-37-19	14	18	1295	989	0	0	111.30654423	7303	0				74	92	93	250	68	68
DLR00012709-2009-06-30_22-37-19	14	19	1364	989	0	0	111.30654423	7699	0				74	91	93	330	68	68
DLR00012709-2009-06-30_22-37-19	14	20	1453	976	1	24	111.30654423	7523	0	98	109	108	74	90	92	379	68	68
DLR00012709-2009-06-30_22-37-19	14	21	1501	989	0	0	111.30654423	6760	0				73	90	92	318	68	68
DLR00012709-2009-06-30_22-37-19	14	22	1570	989	0	0	111.30654423	7809	0				72	88	91	328	68	68
DLR00012709-2009-06-30_22-37-19	14	23	1638	989	0	0	111.30654423	7100	0				71	86	89	333	68	68
DLR00012709-2009-06-30_22-37-19	14	24	1707	989	0	0	111.30654423	9375	0				72	86	88	305	68	68
DLR00012709-2009-06-30_22-37-19	15	1	129	1057	0	0	111.30654423	8368	0				79	92	94	269	68	68
DLR00012709-2009-06-30_22-37-19	15	2	198	1057	0	0	111.30654423	7512	0				78	93	96	277	68	68
DLR00012709-2009-06-30_22-37-19	15	3	251	1082	8	445	111.30654423	7797	0	135	147	147	79	95	98	421	68	68
DLR00012709-2009-06-30_22-37-19	15	4	335	1057	0	0	111.30654423	8242	0				80	97	99	302	68	68
DLR00012709-2009-06-30_22-37-19	15	5	403	1057	0	0	111.30654423	8067	0				80	97	99	296	68	68
DLR00012709-2009-06-30_22-37-19	15	6	472	1057	0	0	111.30654423	8041	0				80	97	98	269	68	68
DLR00012709-2009-06-30_22-37-19	15	7	541	1057	0	0	111.30654423	8254	0				80	97	98	389	68	68
DLR00012709-2009-06-30_22-37-19	15	8	609	1057	0	0	111.30654423	7674	0				78	96	98	295	68	68
DLR00012709-2009-06-30_22-37-19	15	9	678	1057	0	0	111.30654423	7670	0				77	95	96	270	68	68
DLR00012709-2009-06-30_22-37-19	15	10	746	1057	0	0	111.30654423	7974	0				76	94	94	269	68	68
DLR00012709-2009-06-30_22-37-19	15	11	782	1024	1	23	111.30654423	7134	0	100	113	112	77	94	94	241	68	68
DLR00012709-2009-06-30_22-37-19	15	12	884	1057	0	0	111.30654423	7056	0				75	93	94	215	68	68
DLR00012709-2009-06-30_22-37-19	15	13	952	1057	0	0	111.30654423	6778	0				75	92	93	304	68	68
DLR00012709-2009-06-30_22-37-19	15	14	1021	1057	0	0	111.30654423	6642	0				74	91	93	206	68	68
DLR00012709-2009-06-30_22-37-19	15	15	1090	1057	0	0	111.30654423	6434	0				74	91	92	276	68	68
DLR00012709-2009-06-30_22-37-19	15	16	1158	1057	0	0	111.30654423	7173	0				74	91	92	283	68	68
DLR00012709-2009-06-30_22-37-19	15	17	1227	1057	0	0	111.30654423	6257	0				74	91	93	268	68	68
DLR00012709-2009-06-30_22-37-19	15	18	1295	1057	0	0	111.30654423	7133	0				74	92	93	304	68	68
DLR00012709-2009-06-30_22-37-19	15	19	1364	1057	0	0	111.30654423	7868	0				75	91	93	367	68	68
DLR00012709-2009-06-30_22-37-19	15	20	1433	1057	0	0	111.30654423	7576	0				75	91	93	294	68	68
DLR00012709-2009-06-30_22-37-19	15	21	1501	1057	0	0	111.30654423	8630	0				74	90	93	293	68	68
DLR00012709-2009-06-30_22-37-19	15	22	1570	1057	0	0	111.30654423	8096	0				73	88	91	238	68	68
DLR00012709-2009-06-30_22-37-19	15	23	1638	1057	0	0	111.30654423	7544	0				71	86	89	220	68	68
DLR00012709-2009-06-30_22-37-19	15	24	1707	1057	0	0	111.30654423	9496	0				72	86	88	284	68	68
DLR00012709-2009-06-30_22-37-19	16	1	129	1124	5	111	111.30654423	17183	0	119	124	119	88	99	99	1208	68	68
DLR00012709-2009-06-30_22-37-19	16	2	198	1124	0	0	111.30654423	16226	0				89	101	102	1217	68	68
DLR00012709-2009-06-30_22-37-19	16	3	258	1114	8	445	111.30654423	13170	0	135	147	147	85	99	101	814	68	68
DLR00012709-2009-06-30_22-37-19	16	4	335	1124	0	0	111.30654423	12927	0				88	103	104	980	68	68
DLR00012709-2009-06-30_22-37-19	16	5	403	1123	0	0	111.30654423	12902	0				86	101	103	855	68	68
DLR00012709-2009-06-30_22-37-19	16	6	472	1124	4	135	111.30654423	10576	0	122	132	131	84	100	101	825	68	68
DLR00012709-2009-06-30_22-37-19	16	7	541	1124	0	0	111.30654423	10113	0				84	99	101	688	68	68
DLR00012709-2009-06-30_22-37-19	16	8	609	1124	0	0	111.30654423	9866	0				82	98	100	582	68	68
DLR00012709-2009-06-30_22-37-19	16	9	678	1124	0	0	111.30654423	10273	0				80	97	98	715	68	68
DLR00012709-2009-06-30_22-37-19	16	10	746	1124	0	0	111.30654423	10394	0				79	95	97	683	68	68
DLR00012709-2009-06-30_22-37-19	16	11	815	1124	0	0	111.30654423	10277	0				79	96	97	606	68	68
DLR00012709-2009-06-30_22-37-19	16	12	884	1124	4	110	111.30654423	11239	0	107	120	119	80	97	98	660	68	68
DLR00012709-2009-06-30_22-37-19	16	13	952	1124	0	0	111.30654423	11567	0				80	96	97	856	68	68
DLR00012709-2009-06-30_22-37-19	16	14	994	1123	7	205	111.30654423	10630	0	117	115	98	78	95	96	682	68	68
DLR00012709-2009-06-30_22-37-19	16	15	1090	1124	0	0	111.30654423	9765	0				78	95	96	589	68	68
DLR00012709-2009-06-30_22-37-19	16	16	1158	1124	2	46	111.30654423	10820	0	106	116	113	79	95	97	690	68	68
DLR00012709-2009-06-30_22-37-19	16	17	1227	1124	0	0	111.30654423	11649	0				80	97	98	815	68	68
DLR00012709-2009-06-30_22-37-19	16	18	1295	1124	2	49	111.30654423	12196	0	122	131	126	82	98	99	926	68	68
DLR00012709-2009-06-30_22-37-19	16	19	1364	1124	0	0	111.30654423	11630	0				82	97	99	977	68	68
DLR00012709-2009-06-30_22-37-19	16	20	1427	1124	3	67	111.30654423	14503	0	107	118	114	82	97	99	1038	68	68
DLR00012709-2009-06-30_22-37-19	16	21	1510	1115	0	0	111.30654423	11946	0				79	94	96	662	68	68
DLR00012709-2009-06-30_22-37-19	16	22	1570	1124	1	24	111.30654423	14510	0	118	124	119	82	95	97	1066	68	68
DLR00012709-2009-06-30_22-37-19	16	23	1639	1125	18	418	111.30654423	16967	0	114	119	115	83	95	96	1173	68	68
DLR00012709-2009-06-30_22-37-19	16	24	1701	1117	42	1024	111.30654423	16884	0	116	121	117	80	92	93	901	68	68
