DLR00012709-2009-07-01_22-30-12	1	1	145	120	240	2461	93.8111645331	9092	15	91	100	100	79	91	92	176	68	68
DLR00012709-2009-07-01_22-30-12	1	2	192	110	628	5359	93.8111645331	11258	5	88	100	100	80	93	94	173	68	68
DLR00012709-2009-07-01_22-30-12	1	3	259	105	715	6276	93.8111645331	11526	8	93	104	105	85	98	99	293	68	68
DLR00012709-2009-07-01_22-30-12	1	4	336	109	481	4431	93.8111645331	10285	6	95	107	107	85	99	101	199	68	68
DLR00012709-2009-07-01_22-30-12	1	5	403	100	588	5835	93.8111645331	11046	9	96	110	109	88	102	103	362	68	68
DLR00012709-2009-07-01_22-30-12	1	6	472	106	445	3550	93.8111645331	10005	3	91	107	107	85	101	103	90	68	68
DLR00012709-2009-07-01_22-30-12	1	7	534	111	512	4431	93.8111645331	9666	4	93	108	108	84	101	102	175	68	68
DLR00012709-2009-07-01_22-30-12	1	8	610	111	466	4033	93.8111645331	9335	4	94	109	108	84	101	102	152	68	68
DLR00012709-2009-07-01_22-30-12	1	9	684	110	619	5266	93.8111645331	10659	7	93	109	108	84	101	101	150	68	68
DLR00012709-2009-07-01_22-30-12	1	10	746	110	471	3710	93.8111645331	10082	8	91	107	106	84	101	101	94	68	68
DLR00012709-2009-07-01_22-30-12	1	11	809	110	632	5414	93.8111645331	10652	4	91	107	107	84	101	101	153	68	68
DLR00012709-2009-07-01_22-30-12	1	12	888	98	574	4689	93.8111645331	11087	10	92	108	107	90	105	104	133	68	68
DLR00012709-2009-07-01_22-30-12	1	13	953	105	794	7159	93.8111645331	12853	5	94	109	108	87	103	102	209	68	68
DLR00012709-2009-07-01_22-30-12	1	14	1022	108	677	5379	93.8111645331	12113	8	94	108	107	83	100	100	58	68	68
DLR00012709-2009-07-01_22-30-12	1	15	1100	99	834	7239	93.8111645331	13088	7	94	109	107	88	104	104	244	68	68
DLR00012709-2009-07-01_22-30-12	1	16	1159	111	569	4876	93.8111645331	11474	4	91	107	106	83	100	100	173	68	68
DLR00012709-2009-07-01_22-30-12	1	17	1242	98	829	7168	93.8111645331	13099	10	94	108	107	89	104	104	209	68	68
DLR00012709-2009-07-01_22-30-12	1	18	1300	104	592	4968	93.8111645331	11964	6	94	108	107	86	101	102	152	68	68
DLR00012709-2009-07-01_22-30-12	1	19	1367	98	726	6699	93.8111645331	12211	6	92	107	106	89	103	103	233	68	68
DLR00012709-2009-07-01_22-30-12	1	20	1431	108	609	5300	93.8111645331	11612	7	90	103	104	82	97	98	226	68	68
DLR00012709-2009-07-01_22-30-12	1	21	1498	104	927	9027	93.8111645331	13971	9	92	104	104	84	97	98	340	68	68
DLR00012709-2009-07-01_22-30-12	1	22	1575	104	702	6210	93.8111645331	12678	11	88	99	99	80	93	94	188	68	68
DLR00012709-2009-07-01_22-30-12	1	23	1639	105	860	8177	93.8111645331	13521	7	88	99	98	79	91	91	268	68	68
DLR00012709-2009-07-01_22-30-12	1	24	1692	125	236	1844	93.8111645331	8856	8	83	94	94	77	88	89	55	68	68
DLR00012709-2009-07-01_22-30-12	2	1	132	177	459	4360	93.8111645331	9912	0	84	96	97	77	90	91	143	68	68
DLR00012709-2009-07-01_22-30-12	2	2	202	176	322	3063	93.8111645331	8602	1	85	99	99	77	91	93	152	68	68
DLR00012709-2009-07-01_22-30-12	2	3	269	171	632	6966	93.8111645331	11206	1	89	103	104	80	95	96	463	68	68
DLR00012709-2009-07-01_22-30-12	2	4	333	171	264	2293	93.8111645331	8057	2	87	102	103	80	96	97	126	68	68
DLR00012709-2009-07-01_22-30-12	2	5	404	175	402	3858	93.8111645331	8190	0	89	105	105	81	97	98	200	68	68
DLR00012709-2009-07-01_22-30-12	2	6	472	174	205	1892	93.8111645331	6814	0	88	105	105	80	97	98	118	68	68
DLR00012709-2009-07-01_22-30-12	2	7	543	174	392	3638	93.8111645331	7622	1	88	105	104	80	98	98	189	68	68
DLR00012709-2009-07-01_22-30-12	2	8	608	172	304	2534	93.8111645331	6996	4	87	104	103	79	97	98	142	68	68
DLR00012709-2009-07-01_22-30-12	2	9	680	173	438	4437	93.8111645331	7961	0	88	105	104	79	97	97	276	68	68
DLR00012709-2009-07-01_22-30-12	2	10	745	169	282	2467	93.8111645331	7754	1	86	103	102	79	96	96	126	68	68
DLR00012709-2009-07-01_22-30-12	2	11	816	169	528	4759	93.8111645331	9266	0	86	103	102	79	96	97	166	68	68
DLR00012709-2009-07-01_22-30-12	2	12	882	176	250	2419	93.8111645331	8212	2	87	104	103	79	97	97	86	68	68
DLR00012709-2009-07-01_22-30-12	2	13	947	172	502	4769	93.8111645331	9472	2	86	104	102	79	96	96	237	68	68
DLR00012709-2009-07-01_22-30-12	2	14	1021	169	313	2775	93.8111645331	8864	0	84	102	101	77	95	95	125	68	68
DLR00012709-2009-07-01_22-30-12	2	15	1090	171	493	5066	93.8111645331	9888	1	86	103	103	78	95	96	291	68	68
DLR00012709-2009-07-01_22-30-12	2	16	1156	172	300	2624	93.8111645331	8752	0	85	102	102	77	95	96	113	68	68
DLR00012709-2009-07-01_22-30-12	2	17	1226	172	470	4568	93.8111645331	9610	1	86	103	103	78	95	96	239	68	68
DLR00012709-2009-07-01_22-30-12	2	18	1291	173	370	3377	93.8111645331	9654	3	85	102	102	78	95	96	203	68	68
DLR00012709-2009-07-01_22-30-12	2	19	1362	169	505	5103	93.8111645331	10417	1	86	102	103	78	95	96	289	68	68
DLR00012709-2009-07-01_22-30-12	2	20	1429	168	368	3450	93.8111645331	8863	0	84	100	101	76	93	95	212	68	68
DLR00012709-2009-07-01_22-30-12	2	21	1499	168	668	7816	93.8111645331	12185	1	85	100	101	76	92	94	490	68	68
DLR00012709-2009-07-01_22-30-12	2	22	1565	170	397	4590	93.8111645331	9868	0	82	97	98	73	88	91	324	68	68
DLR00012709-2009-07-01_22-30-12	2	23	1631	168	613	7604	93.8111645331	11734	0	81	95	96	72	86	88	472	68	68
DLR00012709-2009-07-01_22-30-12	2	24	1702	167	400	3616	93.8111645331	9627	2	79	92	92	73	86	87	134	68	68
DLR00012709-2009-07-01_22-30-12	3	1	138	241	467	5356	93.8111645331	10553	1	86	98	99	76	90	91	338	68	68
DLR00012709-2009-07-01_22-30-12	3	2	204	237	467	4855	93.8111645331	9621	0	86	100	101	77	92	93	340	68	68
DLR00012709-2009-07-01_22-30-12	3	3	270	246	563	6057	93.8111645331	10591	0	88	103	103	79	94	96	375	68	68
DLR00012709-2009-07-01_22-30-12	3	4	336	244	321	3220	93.8111645331	8391	0	88	104	104	80	96	97	223	68	68
DLR00012709-2009-07-01_22-30-12	3	5	407	244	492	4936	93.8111645331	8628	0	89	105	105	80	97	98	359	68	68
DLR00012709-2009-07-01_22-30-12	3	6	469	241	398	3728	93.8111645331	7569	0	88	105	104	80	97	98	206	68	68
DLR00012709-2009-07-01_22-30-12	3	7	541	242	478	4759	93.8111645331	8201	1	89	106	105	80	97	97	276	68	68
DLR00012709-2009-07-01_22-30-12	3	8	610	238	387	3643	93.8111645331	7506	1	88	105	104	79	97	97	228	68	68
DLR00012709-2009-07-01_22-30-12	3	9	680	243	522	5685	93.8111645331	9000	1	89	105	104	79	97	96	354	68	68
DLR00012709-2009-07-01_22-30-12	3	10	749	242	393	3802	93.8111645331	9266	2	86	103	102	78	96	96	213	68	68
DLR00012709-2009-07-01_22-30-12	3	11	815	241	405	3806	93.8111645331	8601	1	86	103	102	78	96	95	227	68	68
DLR00012709-2009-07-01_22-30-12	3	12	885	236	337	3188	93.8111645331	8614	1	86	104	102	79	97	96	158	68	68
DLR00012709-2009-07-01_22-30-12	3	13	955	246	518	5330	93.8111645331	10364	0	87	104	103	79	97	96	278	68	68
DLR00012709-2009-07-01_22-30-12	3	14	1020	242	426	4173	93.8111645331	9308	2	86	103	102	78	96	95	247	68	68
DLR00012709-2009-07-01_22-30-12	3	15	1090	243	595	6464	93.8111645331	10188	0	87	104	103	78	95	95	410	68	68
DLR00012709-2009-07-01_22-30-12	3	16	1160	241	420	4210	93.8111645331	8902	1	86	103	102	77	95	95	308	68	68
DLR00012709-2009-07-01_22-30-12	3	17	1228	240	638	7019	93.8111645331	10758	3	87	104	103	78	95	95	411	68	68
DLR00012709-2009-07-01_22-30-12	3	18	1294	239	419	4090	93.8111645331	9862	5	86	102	102	77	95	95	244	68	68
DLR00012709-2009-07-01_22-30-12	3	19	1363	241	741	8711	93.8111645331	12401	2	87	103	103	77	94	95	569	68	68
DLR00012709-2009-07-01_22-30-12	3	20	1433	240	357	3746	93.8111645331	9541	0	84	101	101	75	92	95	265	68	68
DLR00012709-2009-07-01_22-30-12	3	21	1500	241	738	9355	93.8111645331	12976	0	85	101	102	75	91	94	636	68	68
DLR00012709-2009-07-01_22-30-12	3	22	1566	241	468	5619	93.8111645331	10244	0	83	98	99	73	89	91	411	68	68
DLR00012709-2009-07-01_22-30-12	3	23	1635	243	879	11497	93.8111645331	14528	0	81	96	96	71	86	88	643	68	68
DLR00012709-2009-07-01_22-30-12	3	24	1704	241	570	5910	93.8111645331	11083	5	79	92	93	72	85	87	280	68	68
DLR00012709-2009-07-01_22-30-12	4	1	135	312	549	6059	93.8111645331	10626	0	86	98	99	77	90	92	380	68	68
DLR00012709-2009-07-01_22-30-12	4	2	203	310	234	2140	93.8111645331	7833	2	85	99	100	77	92	94	98	68	68
DLR00012709-2009-07-01_22-30-12	4	3	266	313	494	5338	93.8111645331	9910	0	88	103	103	79	94	96	372	68	68
DLR00012709-2009-07-01_22-30-12	4	4	336	312	270	2399	93.8111645331	8342	1	87	102	103	79	96	97	96	68	68
DLR00012709-2009-07-01_22-30-12	4	5	405	313	434	4182	93.8111645331	8174	0	89	105	104	80	97	98	234	68	68
DLR00012709-2009-07-01_22-30-12	4	6	475	307	236	2038	93.8111645331	6703	1	87	104	104	80	97	98	135	68	68
DLR00012709-2009-07-01_22-30-12	4	7	540	307	455	4524	93.8111645331	8423	0	88	105	105	80	97	97	253	68	68
DLR00012709-2009-07-01_22-30-12	4	8	609	310	210	1778	93.8111645331	6394	1	87	104	103	79	97	97	95	68	68
DLR00012709-2009-07-01_22-30-12	4	9	680	309	472	4760	93.8111645331	8741	3	88	105	103	79	97	96	265	68	68
DLR00012709-2009-07-01_22-30-12	4	10	744	310	278	2682	93.8111645331	8464	0	86	103	102	79	96	96	178	68	68
DLR00012709-2009-07-01_22-30-12	4	11	816	310	379	3777	93.8111645331	9244	0	86	103	102	78	95	95	212	68	68
DLR00012709-2009-07-01_22-30-12	4	12	883	308	268	2507	93.8111645331	9088	0	86	103	102	78	96	95	137	68	68
DLR00012709-2009-07-01_22-30-12	4	13	953	307	478	4916	93.8111645331	10324	1	87	104	103	79	96	96	270	68	68
DLR00012709-2009-07-01_22-30-12	4	14	1016	305	290	2604	93.8111645331	8959	1	86	102	101	78	96	95	113	68	68
DLR00012709-2009-07-01_22-30-12	4	15	1091	308	463	4751	93.8111645331	9512	0	86	103	102	78	95	95	281	68	68
DLR00012709-2009-07-01_22-30-12	4	16	1156	305	330	2908	93.8111645331	8526	0	84	101	101	77	94	95	165	68	68
DLR00012709-2009-07-01_22-30-12	4	17	1227	309	455	4550	93.8111645331	9756	0	85	102	101	77	94	95	224	68	68
DLR00012709-2009-07-01_22-30-12	4	18	1293	307	381	3769	93.8111645331	9552	2	86	102	102	77	94	95	220	68	68
DLR00012709-2009-07-01_22-30-12	4	19	1362	308	710	7452	93.8111645331	11468	0	85	102	102	76	94	95	411	68	68
DLR00012709-2009-07-01_22-30-12	4	20	1431	307	361	3628	93.8111645331	9317	0	83	100	101	75	92	95	222	68	68
DLR00012709-2009-07-01_22-30-12	4	21	1498	305	657	7389	93.8111645331	11485	0	84	100	101	74	91	94	488	68	68
DLR00012709-2009-07-01_22-30-12	4	22	1564	307	446	4724	93.8111645331	9525	1	81	97	98	73	89	92	274	68	68
DLR00012709-2009-07-01_22-30-12	4	23	1633	307	713	9451	93.8111645331	13223	2	82	97	97	72	87	90	561	68	68
DLR00012709-2009-07-01_22-30-12	4	24	1699	307	438	4741	93.8111645331	10017	1	79	93	94	71	86	88	269	68	68
DLR00012709-2009-07-01_22-30-12	5	1	137	381	398	4174	93.8111645331	9061	0	85	98	99	76	90	92	276	68	68
DLR00012709-2009-07-01_22-30-12	5	2	204	381	315	3585	93.8111645331	9024	0	88	102	102	78	93	94	286	68	68
DLR00012709-2009-07-01_22-30-12	5	3	269	379	737	7867	93.8111645331	11504	0	88	103	103	79	95	96	461	68	68
DLR00012709-2009-07-01_22-30-12	5	4	335	378	344	3295	93.8111645331	8134	0	88	104	104	80	96	98	217	68	68
DLR00012709-2009-07-01_22-30-12	5	5	407	378	453	4495	93.8111645331	8245	0	89	105	105	80	97	98	284	68	68
DLR00012709-2009-07-01_22-30-12	5	6	475	375	268	2269	93.8111645331	6851	0	87	104	104	79	97	98	117	68	68
DLR00012709-2009-07-01_22-30-12	5	7	542	378	469	4821	93.8111645331	8380	0	89	106	105	80	97	97	312	68	68
DLR00012709-2009-07-01_22-30-12	5	8	611	379	324	3081	93.8111645331	6975	0	88	105	104	79	97	96	240	68	68
DLR00012709-2009-07-01_22-30-12	5	9	682	379	546	5495	93.8111645331	9310	0	88	105	103	80	97	96	295	68	68
DLR00012709-2009-07-01_22-30-12	5	10	748	376	312	2883	93.8111645331	8802	0	86	103	102	79	96	95	145	68	68
DLR00012709-2009-07-01_22-30-12	5	11	818	376	440	4554	93.8111645331	9375	0	87	103	102	78	95	95	304	68	68
DLR00012709-2009-07-01_22-30-12	5	12	881	375	356	3199	93.8111645331	8913	0	86	102	101	78	95	95	181	68	68
DLR00012709-2009-07-01_22-30-12	5	13	952	376	592	6598	93.8111645331	10630	0	87	104	103	78	95	95	414	68	68
DLR00012709-2009-07-01_22-30-12	5	14	1021	373	297	2834	93.8111645331	8549	0	86	102	101	77	95	95	194	68	68
DLR00012709-2009-07-01_22-30-12	5	15	1092	379	491	5112	93.8111645331	9276	0	87	103	102	78	95	95	308	68	68
DLR00012709-2009-07-01_22-30-12	5	16	1157	380	323	3486	93.8111645331	9054	0	87	103	102	77	94	94	298	68	68
DLR00012709-2009-07-01_22-30-12	5	17	1229	377	540	5786	93.8111645331	10581	0	86	102	102	77	94	95	362	68	68
DLR00012709-2009-07-01_22-30-12	5	18	1293	376	307	2998	93.8111645331	8869	0	84	101	101	76	94	95	190	68	68
DLR00012709-2009-07-01_22-30-12	5	19	1364	375	575	6606	93.8111645331	11081	0	86	103	103	76	94	95	397	68	68
DLR00012709-2009-07-01_22-30-12	5	20	1432	378	400	4623	93.8111645331	9661	3	85	102	102	75	93	95	322	68	68
DLR00012709-2009-07-01_22-30-12	5	21	1500	379	462	5024	93.8111645331	10195	2	83	100	101	74	91	94	320	68	68
DLR00012709-2009-07-01_22-30-12	5	22	1565	376	388	4292	93.8111645331	9344	3	82	98	99	73	89	92	318	68	68
DLR00012709-2009-07-01_22-30-12	5	23	1641	381	708	8277	93.8111645331	12056	0	81	96	97	71	87	90	501	68	68
DLR00012709-2009-07-01_22-30-12	5	24	1705	375	436	4430	93.8111645331	9934	4	79	93	94	71	86	88	192	68	68
DLR00012709-2009-07-01_22-30-12	6	1	137	449	580	5635	93.8111645331	10244	0	84	98	99	77	91	93	226	68	68
DLR00012709-2009-07-01_22-30-12	6	2	204	445	312	3135	93.8111645331	8885	0	86	100	101	78	93	95	202	68	68
DLR00012709-2009-07-01_22-30-12	6	3	270	446	677	7287	93.8111645331	11402	1	88	103	103	79	95	96	416	68	68
DLR00012709-2009-07-01_22-30-12	6	4	337	447	209	1933	93.8111645331	7387	1	88	104	104	79	96	98	116	68	68
DLR00012709-2009-07-01_22-30-12	6	5	405	445	462	4494	93.8111645331	8323	0	88	105	105	80	97	98	261	68	68
DLR00012709-2009-07-01_22-30-12	6	6	475	448	188	1524	93.8111645331	6365	3	86	103	103	79	97	98	66	68	68
DLR00012709-2009-07-01_22-30-12	6	7	540	446	440	3913	93.8111645331	7450	0	87	104	103	79	97	97	217	68	68
DLR00012709-2009-07-01_22-30-12	6	8	609	445	215	2010	93.8111645331	6596	0	87	104	103	79	96	96	136	68	68
DLR00012709-2009-07-01_22-30-12	6	9	678	445	387	3651	93.8111645331	7941	1	87	104	103	79	97	96	178	68	68
DLR00012709-2009-07-01_22-30-12	6	10	744	446	169	1482	93.8111645331	8706	1	86	102	101	79	96	95	59	68	68
DLR00012709-2009-07-01_22-30-12	6	11	818	444	476	4611	93.8111645331	9252	0	87	103	102	79	95	95	278	68	68
DLR00012709-2009-07-01_22-30-12	6	12	884	448	223	2016	93.8111645331	8494	1	86	102	101	79	95	95	88	68	68
DLR00012709-2009-07-01_22-30-12	6	13	950	444	416	4102	93.8111645331	9176	0	86	103	102	78	95	95	208	68	68
DLR00012709-2009-07-01_22-30-12	6	14	1020	446	240	2093	93.8111645331	8413	0	85	101	100	78	95	94	80	68	68
DLR00012709-2009-07-01_22-30-12	6	15	1088	446	466	4781	93.8111645331	9437	2	87	103	102	78	95	95	252	68	68
DLR00012709-2009-07-01_22-30-12	6	16	1159	443	300	2992	93.8111645331	8782	1	86	102	101	77	94	94	170	68	68
DLR00012709-2009-07-01_22-30-12	6	17	1230	445	480	5045	93.8111645331	9982	0	86	102	101	77	94	94	274	68	68
DLR00012709-2009-07-01_22-30-12	6	18	1295	449	315	3172	93.8111645331	9113	0	84	101	101	76	94	94	175	68	68
DLR00012709-2009-07-01_22-30-12	6	19	1364	444	596	6317	93.8111645331	10991	1	85	102	102	76	94	95	375	68	68
DLR00012709-2009-07-01_22-30-12	6	20	1431	445	392	3922	93.8111645331	9370	4	83	100	101	75	93	95	219	68	68
DLR00012709-2009-07-01_22-30-12	6	21	1496	443	567	6392	93.8111645331	11167	1	84	100	101	75	92	94	401	68	68
DLR00012709-2009-07-01_22-30-12	6	22	1564	439	398	4465	93.8111645331	9433	0	82	98	99	73	90	93	302	68	68
DLR00012709-2009-07-01_22-30-12	6	23	1628	438	753	8587	93.8111645331	12483	3	81	96	97	72	88	91	432	68	68
DLR00012709-2009-07-01_22-30-12	6	24	1700	442	408	4187	93.8111645331	9556	4	79	93	94	71	86	88	205	68	68
DLR00012709-2009-07-01_22-30-12	7	1	138	518	487	5238	93.8111645331	10061	0	86	100	100	77	91	93	330	68	68
DLR00012709-2009-07-01_22-30-12	7	2	202	517	291	3177	93.8111645331	8981	0	87	102	103	78	93	95	226	68	68
DLR00012709-2009-07-01_22-30-12	7	3	269	518	553	6258	93.8111645331	10794	0	89	104	104	79	95	97	414	68	68
DLR00012709-2009-07-01_22-30-12	7	4	338	521	216	1938	93.8111645331	7215	0	87	104	104	79	96	98	124	68	68
DLR00012709-2009-07-01_22-30-12	7	5	407	515	437	4220	93.8111645331	8094	1	88	105	105	79	97	98	246	68	68
DLR00012709-2009-07-01_22-30-12	7	6	476	517	231	2124	93.8111645331	6852	0	87	105	104	79	97	97	130	68	68
DLR00012709-2009-07-01_22-30-12	7	7	544	518	513	5215	93.8111645331	8524	0	89	106	105	80	97	97	346	68	68
DLR00012709-2009-07-01_22-30-12	7	8	614	517	345	2954	93.8111645331	7923	0	86	103	102	79	97	96	118	68	68
DLR00012709-2009-07-01_22-30-12	7	9	678	515	462	4726	93.8111645331	9571	0	88	104	103	79	96	96	244	68	68
DLR00012709-2009-07-01_22-30-12	7	10	745	516	265	2456	93.8111645331	8429	0	86	103	101	79	95	95	122	68	68
DLR00012709-2009-07-01_22-30-12	7	11	820	513	587	5951	93.8111645331	10221	0	87	103	102	79	95	95	320	68	68
DLR00012709-2009-07-01_22-30-12	7	12	886	514	250	2274	93.8111645331	8530	0	86	102	101	79	95	94	119	68	68
DLR00012709-2009-07-01_22-30-12	7	13	953	515	588	5768	93.8111645331	9996	0	87	102	101	78	95	94	306	68	68
DLR00012709-2009-07-01_22-30-12	7	14	1021	513	292	2547	93.8111645331	8307	0	85	101	100	78	94	94	118	68	68
DLR00012709-2009-07-01_22-30-12	7	15	1092	516	641	6524	93.8111645331	10716	1	86	102	101	78	94	94	344	68	68
DLR00012709-2009-07-01_22-30-12	7	16	1157	514	308	2963	93.8111645331	8913	2	85	101	100	77	94	94	188	68	68
DLR00012709-2009-07-01_22-30-12	7	17	1229	515	604	6781	93.8111645331	11224	1	86	103	102	77	94	94	403	68	68
DLR00012709-2009-07-01_22-30-12	7	18	1296	515	309	3116	93.8111645331	9072	0	84	101	101	76	93	94	166	68	68
DLR00012709-2009-07-01_22-30-12	7	19	1362	512	591	6393	93.8111645331	11005	1	84	102	102	76	93	95	360	68	68
DLR00012709-2009-07-01_22-30-12	7	20	1431	509	356	3231	93.8111645331	8882	0	82	99	100	74	92	94	142	68	68
DLR00012709-2009-07-01_22-30-12	7	21	1504	514	650	7615	93.8111645331	12166	3	84	101	101	74	92	94	405	68	68
DLR00012709-2009-07-01_22-30-12	7	22	1566	510	424	4939	93.8111645331	10192	4	82	99	100	73	90	93	306	68	68
DLR00012709-2009-07-01_22-30-12	7	23	1634	514	575	7175	93.8111645331	11661	0	81	97	98	71	88	90	424	68	68
DLR00012709-2009-07-01_22-30-12	7	24	1701	511	400	4428	93.8111645331	9747	0	79	95	95	71	87	89	256	68	68
DLR00012709-2009-07-01_22-30-12	8	1	138	584	509	5004	93.8111645331	10002	0	85	99	100	77	92	94	240	68	68
DLR00012709-2009-07-01_22-30-12	8	2	199	584	283	2723	93.8111645331	8365	0	85	101	102	77	93	95	201	68	68
DLR00012709-2009-07-01_22-30-12	8	3	268	584	558	5776	93.8111645331	10292	2	87	104	104	78	95	97	363	68	68
DLR00012709-2009-07-01_22-30-12	8	4	338	582	204	1817	93.8111645331	7279	0	86	103	104	79	96	98	74	68	68
DLR00012709-2009-07-01_22-30-12	8	5	407	584	537	4877	93.8111645331	8375	0	87	104	104	79	97	98	214	68	68
DLR00012709-2009-07-01_22-30-12	8	6	473	585	190	1677	93.8111645331	6254	0	87	104	103	79	97	97	93	68	68
DLR00012709-2009-07-01_22-30-12	8	7	545	583	507	4509	93.8111645331	8075	0	87	104	103	79	97	97	227	68	68
DLR00012709-2009-07-01_22-30-12	8	8	607	582	250	2277	93.8111645331	6899	0	87	104	103	80	97	96	128	68	68
DLR00012709-2009-07-01_22-30-12	8	9	678	582	474	4484	93.8111645331	9561	0	87	103	102	79	96	95	209	68	68
DLR00012709-2009-07-01_22-30-12	8	10	747	584	233	2048	93.8111645331	8659	1	86	101	101	78	95	94	101	68	68
DLR00012709-2009-07-01_22-30-12	8	11	818	580	408	4190	93.8111645331	9204	0	88	103	102	79	95	94	247	68	68
DLR00012709-2009-07-01_22-30-12	8	12	886	579	233	2148	93.8111645331	8526	1	86	102	100	78	95	94	109	68	68
DLR00012709-2009-07-01_22-30-12	8	13	955	581	352	3442	93.8111645331	8825	0	86	102	101	78	94	94	215	68	68
DLR00012709-2009-07-01_22-30-12	8	14	1021	579	189	1835	93.8111645331	8105	1	86	101	100	78	94	93	116	68	68
DLR00012709-2009-07-01_22-30-12	8	15	1092	582	415	4014	93.8111645331	9271	0	86	101	101	78	94	94	177	68	68
DLR00012709-2009-07-01_22-30-12	8	16	1160	579	314	2963	93.8111645331	8711	1	85	101	100	77	94	94	178	68	68
DLR00012709-2009-07-01_22-30-12	8	17	1227	584	444	4708	93.8111645331	9860	3	86	102	101	77	94	94	305	68	68
DLR00012709-2009-07-01_22-30-12	8	18	1290	583	301	3241	93.8111645331	9272	0	85	101	101	76	93	94	192	68	68
DLR00012709-2009-07-01_22-30-12	8	19	1362	580	513	5026	93.8111645331	10014	0	83	100	100	75	93	94	252	68	68
DLR00012709-2009-07-01_22-30-12	8	20	1429	576	371	3423	93.8111645331	8983	0	82	99	100	74	92	94	179	68	68
DLR00012709-2009-07-01_22-30-12	8	21	1498	579	569	6106	93.8111645331	10906	0	83	100	100	74	92	94	350	68	68
DLR00012709-2009-07-01_22-30-12	8	22	1565	580	493	4992	93.8111645331	9566	0	81	97	99	72	90	92	302	68	68
DLR00012709-2009-07-01_22-30-12	8	23	1635	580	606	7339	93.8111645331	11716	0	81	97	98	72	88	90	424	68	68
DLR00012709-2009-07-01_22-30-12	8	24	1701	578	355	3903	93.8111645331	9392	0	79	94	95	71	87	88	194	68	68
DLR00012709-2009-07-01_22-30-12	9	1	137	654	515	5132	93.8111645331	10308	0	85	100	100	77	92	94	231	68	68
DLR00012709-2009-07-01_22-30-12	9	2	203	654	451	4333	93.8111645331	9442	0	86	102	102	77	94	95	276	68	68
DLR00012709-2009-07-01_22-30-12	9	3	271	652	468	4559	93.8111645331	9500	0	87	103	103	78	95	97	286	68	68
DLR00012709-2009-07-01_22-30-12	9	4	337	651	309	3039	93.8111645331	8123	2	87	104	104	79	96	97	176	68	68
DLR00012709-2009-07-01_22-30-12	9	5	407	654	535	4704	93.8111645331	7926	0	87	104	104	79	97	98	236	68	68
DLR00012709-2009-07-01_22-30-12	9	6	473	655	330	2931	93.8111645331	6930	0	86	104	103	79	96	97	197	68	68
DLR00012709-2009-07-01_22-30-12	9	7	543	652	415	4031	93.8111645331	7604	0	89	105	104	80	97	97	229	68	68
DLR00012709-2009-07-01_22-30-12	9	8	613	656	263	2548	93.8111645331	7661	0	88	104	103	80	97	96	152	68	68
DLR00012709-2009-07-01_22-30-12	9	9	679	651	475	4607	93.8111645331	9923	2	87	103	102	79	96	95	216	68	68
DLR00012709-2009-07-01_22-30-12	9	10	750	653	263	2572	93.8111645331	8911	0	86	102	101	78	95	94	154	68	68
DLR00012709-2009-07-01_22-30-12	9	11	818	652	500	5315	93.8111645331	9956	0	88	103	102	79	95	94	342	68	68
DLR00012709-2009-07-01_22-30-12	9	12	885	653	239	2030	93.8111645331	8328	0	85	101	100	78	95	94	90	68	68
DLR00012709-2009-07-01_22-30-12	9	13	954	652	588	5814	93.8111645331	9980	2	87	102	101	78	95	94	300	68	68
DLR00012709-2009-07-01_22-30-12	9	14	1019	651	296	2946	93.8111645331	8685	0	86	102	100	77	94	93	186	68	68
DLR00012709-2009-07-01_22-30-12	9	15	1090	651	627	6398	93.8111645331	10659	2	85	101	100	77	94	93	287	68	68
DLR00012709-2009-07-01_22-30-12	9	16	1158	652	289	2557	93.8111645331	8211	0	83	99	99	76	93	93	113	68	68
DLR00012709-2009-07-01_22-30-12	9	17	1231	651	474	4929	93.8111645331	10068	0	85	101	100	76	93	93	307	68	68
DLR00012709-2009-07-01_22-30-12	9	18	1299	651	353	3493	93.8111645331	9146	1	83	100	100	75	92	93	231	68	68
DLR00012709-2009-07-01_22-30-12	9	19	1364	649	666	7208	93.8111645331	11331	0	84	101	101	75	93	94	418	68	68
DLR00012709-2009-07-01_22-30-12	9	20	1431	647	403	3865	93.8111645331	9359	2	82	99	100	74	92	94	208	68	68
DLR00012709-2009-07-01_22-30-12	9	21	1503	648	511	5812	93.8111645331	10540	0	83	100	100	73	91	93	353	68	68
DLR00012709-2009-07-01_22-30-12	9	22	1568	649	321	3475	93.8111645331	9158	0	81	97	99	72	89	92	227	68	68
DLR00012709-2009-07-01_22-30-12	9	23	1635	652	714	9016	93.8111645331	12881	0	82	97	98	72	88	90	512	68	68
DLR00012709-2009-07-01_22-30-12	9	24	1708	648	489	4951	93.8111645331	10616	0	79	93	94	71	87	88	209	68	68
DLR00012709-2009-07-01_22-30-12	10	1	134	720	638	6585	93.8111645331	11415	2	86	100	100	77	92	94	306	68	68
DLR00012709-2009-07-01_22-30-12	10	2	201	718	171	1518	93.8111645331	7762	0	84	100	100	77	93	95	84	68	68
DLR00012709-2009-07-01_22-30-12	10	3	273	720	488	4989	93.8111645331	9769	0	87	103	103	78	95	96	291	68	68
DLR00012709-2009-07-01_22-30-12	10	4	339	719	212	2099	93.8111645331	7586	0	87	104	104	79	96	97	127	68	68
DLR00012709-2009-07-01_22-30-12	10	5	408	719	473	4912	93.8111645331	8510	0	89	106	105	79	97	98	344	68	68
DLR00012709-2009-07-01_22-30-12	10	6	475	722	326	2898	93.8111645331	7616	0	86	103	103	79	97	97	169	68	68
DLR00012709-2009-07-01_22-30-12	10	7	544	720	404	4037	93.8111645331	7948	0	88	105	104	80	97	97	239	68	68
DLR00012709-2009-07-01_22-30-12	10	8	611	721	191	1775	93.8111645331	7469	0	87	103	102	79	96	96	85	68	68
DLR00012709-2009-07-01_22-30-12	10	9	682	719	424	3971	93.8111645331	9300	0	86	102	101	78	95	95	221	68	68
DLR00012709-2009-07-01_22-30-12	10	10	744	719	255	2324	93.8111645331	8646	2	85	102	101	78	95	94	116	68	68
DLR00012709-2009-07-01_22-30-12	10	11	815	719	385	3818	93.8111645331	9422	0	87	103	101	79	95	95	172	68	68
DLR00012709-2009-07-01_22-30-12	10	12	882	717	256	2359	93.8111645331	8426	0	86	102	100	78	94	94	129	68	68
DLR00012709-2009-07-01_22-30-12	10	13	957	720	464	4538	93.8111645331	9569	0	86	102	100	78	94	94	193	68	68
DLR00012709-2009-07-01_22-30-12	10	14	1021	720	282	2632	93.8111645331	8148	0	85	101	100	77	94	93	170	68	68
DLR00012709-2009-07-01_22-30-12	10	15	1090	719	473	5049	93.8111645331	9612	0	86	101	100	77	93	93	293	68	68
DLR00012709-2009-07-01_22-30-12	10	16	1160	717	333	3054	93.8111645331	8171	0	83	99	98	75	92	92	176	68	68
DLR00012709-2009-07-01_22-30-12	10	17	1229	718	625	6440	93.8111645331	10862	0	84	100	100	76	93	93	322	68	68
DLR00012709-2009-07-01_22-30-12	10	18	1295	719	271	2581	93.8111645331	8688	0	83	99	99	75	92	93	166	68	68
DLR00012709-2009-07-01_22-30-12	10	19	1363	714	502	5119	93.8111645331	10041	0	82	100	100	74	92	93	301	68	68
DLR00012709-2009-07-01_22-30-12	10	20	1434	715	302	2820	93.8111645331	8654	0	81	98	99	74	91	93	143	68	68
DLR00012709-2009-07-01_22-30-12	10	21	1502	715	612	7001	93.8111645331	11607	0	83	100	100	74	91	93	396	68	68
DLR00012709-2009-07-01_22-30-12	10	22	1568	715	409	4808	93.8111645331	10350	3	82	98	99	73	90	92	330	68	68
DLR00012709-2009-07-01_22-30-12	10	23	1636	716	740	9257	93.8111645331	13059	0	82	97	97	72	88	90	512	68	68
DLR00012709-2009-07-01_22-30-12	10	24	1703	713	428	4479	93.8111645331	10079	3	79	93	94	71	86	88	242	68	68
DLR00012709-2009-07-01_22-30-12	11	1	138	791	487	4662	93.8111645331	9664	0	85	99	100	77	92	94	230	68	68
DLR00012709-2009-07-01_22-30-12	11	2	202	789	381	3617	93.8111645331	8724	0	86	101	101	77	94	95	250	68	68
DLR00012709-2009-07-01_22-30-12	11	3	270	792	564	6392	93.8111645331	10891	0	89	104	104	79	96	97	415	68	68
DLR00012709-2009-07-01_22-30-12	11	4	336	792	300	2969	93.8111645331	8642	0	87	104	104	79	96	97	218	68	68
DLR00012709-2009-07-01_22-30-12	11	5	409	790	649	6187	93.8111645331	9505	1	88	104	104	79	97	98	307	68	68
DLR00012709-2009-07-01_22-30-12	11	6	476	790	213	2151	93.8111645331	8522	0	87	104	104	78	96	97	140	68	68
DLR00012709-2009-07-01_22-30-12	11	7	546	789	473	4916	93.8111645331	9498	3	87	104	103	79	96	96	258	68	68
DLR00012709-2009-07-01_22-30-12	11	8	613	788	335	2836	93.8111645331	8642	2	85	102	101	78	95	95	110	68	68
DLR00012709-2009-07-01_22-30-12	11	9	681	793	526	5431	93.8111645331	10005	0	86	103	102	78	95	95	292	68	68
DLR00012709-2009-07-01_22-30-12	11	10	748	788	246	2346	93.8111645331	8150	4	85	101	100	77	94	94	130	68	68
DLR00012709-2009-07-01_22-30-12	11	11	815	787	387	3775	93.8111645331	8888	2	86	102	101	78	94	94	230	68	68
DLR00012709-2009-07-01_22-30-12	11	12	882	788	316	2812	93.8111645331	8302	0	85	101	100	77	94	93	141	68	68
DLR00012709-2009-07-01_22-30-12	11	13	955	788	569	5999	93.8111645331	10427	0	86	102	101	77	94	93	303	68	68
DLR00012709-2009-07-01_22-30-12	11	14	1021	788	296	2632	93.8111645331	8061	2	84	100	99	76	93	93	109	68	68
DLR00012709-2009-07-01_22-30-12	11	15	1092	790	506	4952	93.8111645331	9762	1	84	100	99	76	92	92	236	68	68
DLR00012709-2009-07-01_22-30-12	11	16	1158	786	266	2432	93.8111645331	8179	1	83	99	98	75	92	92	142	68	68
DLR00012709-2009-07-01_22-30-12	11	17	1230	789	531	5153	93.8111645331	9906	3	83	99	99	75	92	92	264	68	68
DLR00012709-2009-07-01_22-30-12	11	18	1297	789	361	3644	93.8111645331	9245	2	83	99	99	74	91	92	216	68	68
DLR00012709-2009-07-01_22-30-12	11	19	1364	784	565	6265	93.8111645331	10817	0	83	100	100	74	91	93	348	68	68
DLR00012709-2009-07-01_22-30-12	11	20	1430	782	341	3233	93.8111645331	8910	0	81	98	99	74	91	93	160	68	68
DLR00012709-2009-07-01_22-30-12	11	21	1500	784	564	6263	93.8111645331	10852	0	83	99	99	73	90	92	367	68	68
DLR00012709-2009-07-01_22-30-12	11	22	1569	782	402	4249	93.8111645331	9476	0	81	97	98	73	89	91	232	68	68
DLR00012709-2009-07-01_22-30-12	11	23	1633	787	731	9109	93.8111645331	12739	1	82	96	97	72	87	89	511	68	68
DLR00012709-2009-07-01_22-30-12	11	24	1702	782	456	4630	93.8111645331	9722	0	78	92	93	71	85	87	196	68	68
DLR00012709-2009-07-01_22-30-12	12	1	136	855	559	5617	93.8111645331	10839	0	85	99	100	77	92	94	273	68	68
DLR00012709-2009-07-01_22-30-12	12	2	198	860	268	2551	93.8111645331	8568	1	86	101	101	78	93	95	166	68	68
DLR00012709-2009-07-01_22-30-12	12	3	271	859	480	5161	93.8111645331	10043	0	88	103	103	79	95	96	355	68	68
DLR00012709-2009-07-01_22-30-12	12	4	340	859	298	2996	93.8111645331	8708	0	87	103	103	79	96	97	173	68	68
DLR00012709-2009-07-01_22-30-12	12	5	406	859	416	4445	93.8111645331	8764	0	89	105	105	80	97	97	252	68	68
DLR00012709-2009-07-01_22-30-12	12	6	474	855	215	2043	93.8111645331	8334	0	86	103	103	78	96	96	116	68	68
DLR00012709-2009-07-01_22-30-12	12	7	545	856	433	4311	93.8111645331	9270	0	87	103	102	78	95	96	278	68	68
DLR00012709-2009-07-01_22-30-12	12	8	614	855	233	2139	93.8111645331	8429	0	85	102	101	78	95	95	126	68	68
DLR00012709-2009-07-01_22-30-12	12	9	681	857	409	4335	93.8111645331	9507	2	86	103	102	78	94	94	211	68	68
DLR00012709-2009-07-01_22-30-12	12	10	749	855	217	1927	93.8111645331	7926	3	84	100	100	77	94	93	117	68	68
DLR00012709-2009-07-01_22-30-12	12	11	814	856	519	5258	93.8111645331	9842	0	86	101	100	77	94	93	320	68	68
DLR00012709-2009-07-01_22-30-12	12	12	886	855	285	2565	93.8111645331	8212	0	84	100	99	76	93	93	118	68	68
DLR00012709-2009-07-01_22-30-12	12	13	952	856	317	3207	93.8111645331	8650	0	85	101	100	76	93	92	182	68	68
DLR00012709-2009-07-01_22-30-12	12	14	1021	851	261	2652	93.8111645331	8203	1	84	100	99	75	92	92	187	68	68
DLR00012709-2009-07-01_22-30-12	12	15	1093	854	514	5288	93.8111645331	9611	0	84	99	99	75	92	91	325	68	68
DLR00012709-2009-07-01_22-30-12	12	16	1156	854	348	3215	93.8111645331	8514	1	82	98	97	74	91	91	149	68	68
DLR00012709-2009-07-01_22-30-12	12	17	1227	854	524	5841	93.8111645331	10649	0	84	100	99	75	91	92	348	68	68
DLR00012709-2009-07-01_22-30-12	12	18	1293	854	393	3614	93.8111645331	9103	0	81	98	98	74	91	92	160	68	68
DLR00012709-2009-07-01_22-30-12	12	19	1363	851	522	5756	93.8111645331	10440	0	83	99	99	74	91	92	359	68	68
DLR00012709-2009-07-01_22-30-12	12	20	1430	852	307	3348	93.8111645331	8967	0	82	99	99	73	90	92	248	68	68
DLR00012709-2009-07-01_22-30-12	12	21	1501	852	573	7353	93.8111645331	11222	3	84	99	99	73	89	91	544	68	68
DLR00012709-2009-07-01_22-30-12	12	22	1566	853	364	4136	93.8111645331	9382	0	81	97	97	72	88	90	283	68	68
DLR00012709-2009-07-01_22-30-12	12	23	1632	851	676	7599	93.8111645331	11689	0	80	94	95	71	86	88	389	68	68
DLR00012709-2009-07-01_22-30-12	12	24	1701	851	489	4955	93.8111645331	10312	1	77	91	92	70	84	86	168	68	68
DLR00012709-2009-07-01_22-30-12	13	1	138	928	484	5157	93.8111645331	10316	2	85	100	100	77	92	93	296	68	68
DLR00012709-2009-07-01_22-30-12	13	2	204	927	283	3009	93.8111645331	8790	0	86	101	102	77	93	94	228	68	68
DLR00012709-2009-07-01_22-30-12	13	3	272	926	518	5665	93.8111645331	10272	1	87	103	103	78	94	95	419	68	68
DLR00012709-2009-07-01_22-30-12	13	4	340	927	259	2527	93.8111645331	8884	0	87	103	103	78	95	96	191	68	68
DLR00012709-2009-07-01_22-30-12	13	5	410	927	386	4006	93.8111645331	9450	0	87	104	103	79	96	97	221	68	68
DLR00012709-2009-07-01_22-30-12	13	6	478	927	258	2402	93.8111645331	8671	0	86	103	102	78	96	96	138	68	68
DLR00012709-2009-07-01_22-30-12	13	7	543	925	425	4451	93.8111645331	9344	0	87	103	102	78	95	95	295	68	68
DLR00012709-2009-07-01_22-30-12	13	8	615	926	204	1976	93.8111645331	7846	0	85	102	101	77	94	94	122	68	68
DLR00012709-2009-07-01_22-30-12	13	9	682	926	532	5255	93.8111645331	9838	0	85	102	100	77	94	94	271	68	68
DLR00012709-2009-07-01_22-30-12	13	10	747	926	283	2655	93.8111645331	8307	0	84	101	100	77	93	93	146	68	68
DLR00012709-2009-07-01_22-30-12	13	11	818	922	476	4966	93.8111645331	9782	0	85	101	100	77	93	93	319	68	68
DLR00012709-2009-07-01_22-30-12	13	12	888	927	256	2274	93.8111645331	8055	2	83	99	98	76	92	92	98	68	68
DLR00012709-2009-07-01_22-30-12	13	13	956	926	541	5482	93.8111645331	10506	2	84	100	99	76	92	92	259	68	68
DLR00012709-2009-07-01_22-30-12	13	14	1022	922	223	2192	93.8111645331	8202	0	83	99	98	75	91	91	116	68	68
DLR00012709-2009-07-01_22-30-12	13	15	1091	922	547	5314	93.8111645331	9845	2	82	98	97	74	91	91	279	68	68
DLR00012709-2009-07-01_22-30-12	13	16	1159	925	271	2772	93.8111645331	8423	0	82	98	97	74	90	91	150	68	68
DLR00012709-2009-07-01_22-30-12	13	17	1231	922	515	5180	93.8111645331	9995	0	82	98	98	74	90	91	225	68	68
DLR00012709-2009-07-01_22-30-12	13	18	1296	921	390	4115	93.8111645331	9541	0	82	98	99	73	90	92	266	68	68
DLR00012709-2009-07-01_22-30-12	13	19	1366	924	488	5944	93.8111645331	10788	1	83	99	99	73	90	92	408	68	68
DLR00012709-2009-07-01_22-30-12	13	20	1432	921	346	3609	93.8111645331	9219	1	81	97	97	73	89	91	240	68	68
DLR00012709-2009-07-01_22-30-12	13	21	1502	925	745	9256	93.8111645331	13113	2	82	98	98	73	89	90	526	68	68
DLR00012709-2009-07-01_22-30-12	13	22	1571	919	353	4197	93.8111645331	9709	3	81	96	96	72	87	89	276	68	68
DLR00012709-2009-07-01_22-30-12	13	23	1636	921	647	8543	93.8111645331	12790	0	81	95	96	71	86	88	544	68	68
DLR00012709-2009-07-01_22-30-12	13	24	1705	920	489	5171	93.8111645331	10746	0	77	91	92	70	84	86	257	68	68
DLR00012709-2009-07-01_22-30-12	14	1	139	992	489	5270	93.8111645331	10166	4	85	99	100	77	91	93	355	68	68
DLR00012709-2009-07-01_22-30-12	14	2	210	994	252	2456	93.8111645331	8129	2	85	99	100	76	92	94	204	68	68
DLR00012709-2009-07-01_22-30-12	14	3	275	993	586	6230	93.8111645331	10573	1	87	102	102	78	94	95	381	68	68
DLR00012709-2009-07-01_22-30-12	14	4	342	992	236	2395	93.8111645331	8471	0	87	103	103	78	95	96	191	68	68
DLR00012709-2009-07-01_22-30-12	14	5	408	995	459	4545	93.8111645331	9482	0	87	103	103	79	95	96	262	68	68
DLR00012709-2009-07-01_22-30-12	14	6	475	993	209	1936	93.8111645331	8467	1	86	102	102	78	95	96	115	68	68
DLR00012709-2009-07-01_22-30-12	14	7	545	995	515	4982	93.8111645331	9761	0	86	102	102	78	95	95	260	68	68
DLR00012709-2009-07-01_22-30-12	14	8	614	994	220	2006	93.8111645331	8116	1	84	101	100	76	94	94	108	68	68
DLR00012709-2009-07-01_22-30-12	14	9	682	994	452	4571	93.8111645331	9678	0	85	101	100	76	93	93	248	68	68
DLR00012709-2009-07-01_22-30-12	14	10	751	989	249	2328	93.8111645331	8145	0	84	100	99	76	93	93	151	68	68
DLR00012709-2009-07-01_22-30-12	14	11	821	990	445	4423	93.8111645331	9287	0	84	100	99	76	92	92	235	68	68
DLR00012709-2009-07-01_22-30-12	14	12	883	991	287	2721	93.8111645331	8060	0	83	99	98	75	92	92	141	68	68
DLR00012709-2009-07-01_22-30-12	14	13	956	991	428	4736	93.8111645331	9899	0	84	100	99	75	91	91	331	68	68
DLR00012709-2009-07-01_22-30-12	14	14	1021	991	228	2397	93.8111645331	8502	0	82	98	97	74	90	90	143	68	68
DLR00012709-2009-07-01_22-30-12	14	15	1093	993	438	5364	93.8111645331	10029	2	84	99	98	73	90	90	296	68	68
DLR00012709-2009-07-01_22-30-12	14	16	1159	990	269	2585	93.8111645331	8639	2	80	96	96	73	89	90	132	68	68
DLR00012709-2009-07-01_22-30-12	14	17	1228	991	493	5932	93.8111645331	10904	1	83	99	98	73	90	91	353	68	68
DLR00012709-2009-07-01_22-30-12	14	18	1296	991	267	2682	93.8111645331	8619	1	81	97	97	73	90	91	163	68	68
DLR00012709-2009-07-01_22-30-12	14	19	1365	989	384	3929	93.8111645331	9265	1	81	97	97	73	89	91	210	68	68
DLR00012709-2009-07-01_22-30-12	14	20	1435	989	292	3110	93.8111645331	8713	0	81	96	97	72	88	90	181	68	68
DLR00012709-2009-07-01_22-30-12	14	21	1500	989	516	6334	93.8111645331	11221	1	82	97	98	72	88	90	389	68	68
DLR00012709-2009-07-01_22-30-12	14	22	1570	988	361	3689	93.8111645331	9102	1	78	93	94	71	86	89	203	68	68
DLR00012709-2009-07-01_22-30-12	14	23	1634	991	623	7464	93.8111645331	11969	0	79	92	94	70	84	87	352	68	68
DLR00012709-2009-07-01_22-30-12	14	24	1710	986	359	3614	93.8111645331	10019	0	77	90	91	70	84	86	156	68	68
DLR00012709-2009-07-01_22-30-12	15	1	136	1061	485	4529	93.8111645331	9690	1	83	97	98	76	90	92	178	68	68
DLR00012709-2009-07-01_22-30-12	15	2	206	1065	291	2925	93.8111645331	8405	0	85	99	100	76	91	94	205	68	68
DLR00012709-2009-07-01_22-30-12	15	3	272	1065	540	6424	93.8111645331	11059	5	88	103	104	78	93	96	422	68	68
DLR00012709-2009-07-01_22-30-12	15	4	337	1066	272	2377	93.8111645331	8564	0	86	101	103	78	94	97	116	68	68
DLR00012709-2009-07-01_22-30-12	15	5	409	1065	559	5302	93.8111645331	10260	4	86	102	103	78	95	97	245	68	68
DLR00012709-2009-07-01_22-30-12	15	6	477	1060	230	2131	93.8111645331	8351	1	85	102	102	78	94	96	118	68	68
DLR00012709-2009-07-01_22-30-12	15	7	546	1062	508	4848	93.8111645331	9797	0	86	102	102	78	95	96	234	68	68
DLR00012709-2009-07-01_22-30-12	15	8	609	1062	226	2320	93.8111645331	8581	1	85	102	102	76	94	95	134	68	68
DLR00012709-2009-07-01_22-30-12	15	9	682	1060	528	5140	93.8111645331	10309	0	84	100	100	76	93	94	223	68	68
DLR00012709-2009-07-01_22-30-12	15	10	748	1062	285	2649	93.8111645331	8367	0	82	99	99	75	91	92	145	68	68
DLR00012709-2009-07-01_22-30-12	15	11	817	1060	407	4115	93.8111645331	9068	0	83	99	99	75	91	92	224	68	68
DLR00012709-2009-07-01_22-30-12	15	12	887	1061	306	2863	93.8111645331	8474	0	82	98	98	74	91	92	143	68	68
DLR00012709-2009-07-01_22-30-12	15	13	956	1062	443	4399	93.8111645331	9545	0	82	98	98	74	90	91	217	68	68
DLR00012709-2009-07-01_22-30-12	15	14	1023	1061	223	2062	93.8111645331	8337	0	80	96	96	73	89	91	106	68	68
DLR00012709-2009-07-01_22-30-12	15	15	1095	1062	564	6061	93.8111645331	10673	0	81	97	97	73	89	90	336	68	68
DLR00012709-2009-07-01_22-30-12	15	16	1163	1057	228	2299	93.8111645331	8360	0	81	96	97	73	89	91	112	68	68
DLR00012709-2009-07-01_22-30-12	15	17	1231	1060	472	5205	93.8111645331	10227	1	82	98	98	73	90	92	241	68	68
DLR00012709-2009-07-01_22-30-12	15	18	1295	1063	267	2565	93.8111645331	8553	0	80	97	97	73	90	91	96	68	68
DLR00012709-2009-07-01_22-30-12	15	19	1363	1058	495	5915	93.8111645331	10907	0	83	98	98	74	89	91	341	68	68
DLR00012709-2009-07-01_22-30-12	15	20	1434	1058	410	4548	93.8111645331	9817	0	82	97	98	73	89	91	270	68	68
DLR00012709-2009-07-01_22-30-12	15	21	1500	1057	651	7675	93.8111645331	11955	0	82	97	98	73	89	91	380	68	68
DLR00012709-2009-07-01_22-30-12	15	22	1569	1059	340	3882	93.8111645331	9553	1	80	94	96	71	86	89	207	68	68
DLR00012709-2009-07-01_22-30-12	15	23	1639	1062	501	6146	93.8111645331	10847	1	80	93	94	70	85	87	301	68	68
DLR00012709-2009-07-01_22-30-12	15	24	1705	1059	462	4817	93.8111645331	10256	0	78	90	92	70	83	86	203	68	68
DLR00012709-2009-07-01_22-30-12	16	1	125	1095	303	2969	93.8111645331	9183	7	86	98	100	79	91	93	150	68	68
DLR00012709-2009-07-01_22-30-12	16	2	200	1093	267	2643	93.8111645331	8679	7	86	100	101	78	92	94	209	68	68
DLR00012709-2009-07-01_22-30-12	16	3	267	1126	1329	13178	93.8111645331	17207	14	99	109	108	84	98	100	445	68	68
DLR00012709-2009-07-01_22-30-12	16	4	341	1095	240	2033	93.8111645331	8298	3	87	102	104	79	95	98	121	68	68
DLR00012709-2009-07-01_22-30-12	16	5	404	1125	879	8241	93.8111645331	14188	12	95	107	107	83	98	100	281	68	68
DLR00012709-2009-07-01_22-30-12	16	6	480	1101	146	1237	93.8111645331	7745	7	86	101	102	78	94	96	65	68	68
DLR00012709-2009-07-01_22-30-12	16	7	537	1125	668	6786	93.8111645331	11540	6	93	107	106	82	97	98	349	68	68
DLR00012709-2009-07-01_22-30-12	16	8	606	1109	169	1468	93.8111645331	7832	4	85	102	102	78	94	96	85	68	68
DLR00012709-2009-07-01_22-30-12	16	9	675	1124	577	5538	93.8111645331	11014	4	89	103	103	78	94	96	251	68	68
DLR00012709-2009-07-01_22-30-12	16	10	750	1128	346	3678	93.8111645331	9300	4	90	103	103	78	93	95	252	68	68
DLR00012709-2009-07-01_22-30-12	16	11	816	1125	531	5684	93.8111645331	11284	3	90	103	103	78	93	95	355	68	68
DLR00012709-2009-07-01_22-30-12	16	12	882	1119	170	1550	93.8111645331	8092	6	86	101	102	77	93	94	131	68	68
DLR00012709-2009-07-01_22-30-12	16	13	950	1126	585	6390	93.8111645331	11760	7	89	103	103	78	94	94	435	68	68
DLR00012709-2009-07-01_22-30-12	16	14	1024	1127	340	4026	93.8111645331	10083	6	90	103	102	77	93	94	279	68	68
DLR00012709-2009-07-01_22-30-12	16	15	1090	1123	533	5855	93.8111645331	11271	5	88	102	102	76	92	94	357	68	68
DLR00012709-2009-07-01_22-30-12	16	16	1153	1113	199	1877	93.8111645331	8673	1	84	99	100	75	91	93	103	68	68
DLR00012709-2009-07-01_22-30-12	16	17	1228	1126	685	7443	93.8111645331	13070	9	91	105	104	79	95	96	320	68	68
DLR00012709-2009-07-01_22-30-12	16	18	1295	1099	247	2247	93.8111645331	8511	8	82	98	99	75	91	93	122	68	68
DLR00012709-2009-07-01_22-30-12	16	19	1365	1125	837	8626	93.8111645331	13574	8	91	105	105	80	95	96	326	68	68
DLR00012709-2009-07-01_22-30-12	16	20	1432	1095	325	3430	93.8111645331	9190	15	83	98	99	74	90	92	217	68	68
DLR00012709-2009-07-01_22-30-12	16	21	1514	1119	957	10115	93.8111645331	15293	17	91	103	104	77	91	94	456	68	68
DLR00012709-2009-07-01_22-30-12	16	22	1576	1118	994	9732	93.8111645331	15255	18	90	101	101	75	89	92	251	68	68
DLR00012709-2009-07-01_22-30-12	16	23	1639	1122	1193	12039	93.8111645331	16490	15	90	100	100	77	90	92	372	68	68
DLR00012709-2009-07-01_22-30-12	16	24	1708	1104	264	2395	93.8111645331	8950	6	81	94	95	74	87	89	150	68	68
