DLR00012647-2009-07-05_09-32-25	1	1	130	108	162	13529	119.878876561	19324	18	176	167	132	84	93	92	102	68	68
DLR00012647-2009-07-05_09-32-25	1	2	198	108	2750	187294	119.878876561	188543	0	155	158	139	88	98	94	55	68	68
DLR00012647-2009-07-05_09-32-25	1	3	267	109	2521	169443	119.878876561	170441	0	158	162	142	90	100	95	97	68	68
DLR00012647-2009-07-05_09-32-25	1	4	334	108	2380	160575	119.878876561	161555	0	159	163	144	90	101	97	144	68	68
DLR00012647-2009-07-05_09-32-25	1	5	407	108	2675	187452	119.878876561	187530	0	162	166	145	90	102	98	159	68	68
DLR00012647-2009-07-05_09-32-25	1	6	472	107	0	0	119.878876561	6236	0				83	98	96	0	68	68
DLR00012647-2009-07-05_09-32-25	1	7	540	107	2313	155667	119.878876561	156878	0	160	165	145	90	103	99	169	68	68
DLR00012647-2009-07-05_09-32-25	1	8	607	104	2347	152343	119.878876561	153481	0	159	164	143	92	105	99	170	68	68
DLR00012647-2009-07-05_09-32-25	1	9	678	106	2451	162057	119.878876561	162812	0	159	165	143	92	104	99	169	68	68
DLR00012647-2009-07-05_09-32-25	1	10	745	104	2585	173975	119.878876561	174548	0	161	166	143	92	105	99	160	68	68
DLR00012647-2009-07-05_09-32-25	1	11	812	104	0	0	119.878876561	6335	0				84	99	96	7	68	68
DLR00012647-2009-07-05_09-32-25	1	12	884	107	1	40	119.878876561	6673	0	117	131	125	83	98	96	0	68	68
DLR00012647-2009-07-05_09-32-25	1	13	953	103	2669	178878	119.878876561	179212	3	161	166	143	92	105	99	176	68	68
DLR00012647-2009-07-05_09-32-25	1	14	1019	101	2492	161911	119.878876561	162587	0	158	164	142	92	104	98	153	68	68
DLR00012647-2009-07-05_09-32-25	1	15	1090	105	2506	163847	119.878876561	164113	0	158	163	141	91	103	97	151	68	68
DLR00012647-2009-07-05_09-32-25	1	16	1157	101	2740	179312	119.878876561	180905	0	161	166	144	94	106	101	139	68	68
DLR00012647-2009-07-05_09-32-25	1	17	1224	98	0	0	119.878876561	6077	0				86	101	99	0	68	68
DLR00012647-2009-07-05_09-32-25	1	18	1290	102	0	0	119.878876561	7013	0				85	99	98	0	68	68
DLR00012647-2009-07-05_09-32-25	1	19	1361	103	0	0	119.878876561	7000	0				84	98	96	9	68	68
DLR00012647-2009-07-05_09-32-25	1	20	1429	101	2530	175456	119.878876561	176674	0	160	165	144	91	102	98	130	68	68
DLR00012647-2009-07-05_09-32-25	1	21	1498	103	2547	178674	119.878876561	179537	0	157	161	141	89	99	94	121	68	68
DLR00012647-2009-07-05_09-32-25	1	22	1566	101	2482	174082	119.878876561	175209	0	154	158	139	86	96	91	67	68	68
DLR00012647-2009-07-05_09-32-25	1	23	1635	104	2749	201547	119.878876561	201443	0	151	155	136	86	94	89	41	68	68
DLR00012647-2009-07-05_09-32-25	1	24	1701	95	109	8458	119.878876561	15168	20	170	170	144	84	92	90	55	68	68
DLR00012647-2009-07-05_09-32-25	2	1	130	176	3178	229461	119.878876561	228120	0	153	156	136	82	91	88	56	68	68
DLR00012647-2009-07-05_09-32-25	2	2	199	175	2911	218242	119.878876561	215479	0	158	161	139	82	92	87	215	68	68
DLR00012647-2009-07-05_09-32-25	2	3	268	176	2598	188673	119.878876561	186754	0	159	162	140	83	94	89	231	68	68
DLR00012647-2009-07-05_09-32-25	2	4	335	174	2735	202267	119.878876561	200078	0	162	165	143	83	95	90	271	68	68
DLR00012647-2009-07-05_09-32-25	2	5	402	176	2749	200638	119.878876561	197617	0	160	165	142	84	96	91	276	68	68
DLR00012647-2009-07-05_09-32-25	2	6	472	174	2753	206362	119.878876561	204000	0	161	166	143	82	96	91	282	68	68
DLR00012647-2009-07-05_09-32-25	2	7	539	175	2853	209513	119.878876561	206928	0	161	166	142	83	96	91	272	68	68
DLR00012647-2009-07-05_09-32-25	2	8	608	173	2717	202687	119.878876561	200541	0	161	166	142	82	96	91	300	68	68
DLR00012647-2009-07-05_09-32-25	2	9	676	171	2756	197192	119.878876561	194075	2	158	163	140	83	97	90	300	68	68
DLR00012647-2009-07-05_09-32-25	2	10	746	172	2892	218515	119.878876561	215780	0	161	166	141	82	95	89	284	68	68
DLR00012647-2009-07-05_09-32-25	2	11	813	170	3135	237878	119.878876561	234289	0	160	165	140	81	94	89	296	68	68
DLR00012647-2009-07-05_09-32-25	2	12	881	172	2983	233030	119.878876561	230458	4	162	167	141	80	94	89	286	68	68
DLR00012647-2009-07-05_09-32-25	2	13	953	170	2879	209737	119.878876561	207155	3	158	163	139	81	95	88	256	68	68
DLR00012647-2009-07-05_09-32-25	2	14	1019	172	2840	216981	119.878876561	214204	6	161	165	140	81	94	88	290	68	68
DLR00012647-2009-07-05_09-32-25	2	15	1085	170	2839	204546	119.878876561	201423	0	156	161	138	82	95	89	273	68	68
DLR00012647-2009-07-05_09-32-25	2	16	1154	169	2883	214448	119.878876561	211712	0	160	165	140	82	95	89	264	68	68
DLR00012647-2009-07-05_09-32-25	2	17	1223	168	3313	256612	119.878876561	254410	23	162	166	142	82	96	90	281	68	68
DLR00012647-2009-07-05_09-32-25	2	18	1291	167	2934	233060	119.878876561	229892	0	163	168	144	81	95	90	268	68	68
DLR00012647-2009-07-05_09-32-25	2	19	1359	168	3172	245160	119.878876561	242075	5	160	165	142	82	95	90	294	68	68
DLR00012647-2009-07-05_09-32-25	2	20	1427	168	2671	200498	119.878876561	197892	0	160	164	142	81	94	89	255	68	68
DLR00012647-2009-07-05_09-32-25	2	21	1496	170	3035	224312	119.878876561	221385	0	156	160	139	81	93	88	256	68	68
DLR00012647-2009-07-05_09-32-25	2	22	1564	168	2757	217674	119.878876561	215095	0	155	159	138	79	90	85	222	68	68
DLR00012647-2009-07-05_09-32-25	2	23	1632	169	3117	248465	119.878876561	245486	10	155	158	136	78	88	83	212	68	68
DLR00012647-2009-07-05_09-32-25	2	24	1703	167	3365	268956	119.878876561	266888	8	152	156	134	79	88	84	37	68	68
DLR00012647-2009-07-05_09-32-25	3	1	134	243	3014	224572	119.878876561	222177	0	156	158	137	81	91	86	150	68	68
DLR00012647-2009-07-05_09-32-25	3	2	201	243	2461	190340	119.878876561	187763	0	159	162	139	82	92	86	281	68	68
DLR00012647-2009-07-05_09-32-25	3	3	269	241	2320	171127	119.878876561	167742	0	158	161	139	83	94	88	318	68	68
DLR00012647-2009-07-05_09-32-25	3	4	336	241	2109	154542	119.878876561	151599	0	158	162	141	83	95	90	362	68	68
DLR00012647-2009-07-05_09-32-25	3	5	407	244	2272	168558	119.878876561	166535	0	160	164	142	82	95	90	299	68	68
DLR00012647-2009-07-05_09-32-25	3	6	472	244	2401	176100	119.878876561	174292	0	159	163	140	82	95	89	302	68	68
DLR00012647-2009-07-05_09-32-25	3	7	543	243	2303	169206	119.878876561	166800	0	158	163	140	81	95	89	303	68	68
DLR00012647-2009-07-05_09-32-25	3	8	610	242	2330	169934	119.878876561	166610	0	157	162	139	82	95	88	360	68	68
DLR00012647-2009-07-05_09-32-25	3	9	679	242	2131	157774	119.878876561	153616	0	158	163	139	81	95	88	422	68	68
DLR00012647-2009-07-05_09-32-25	3	10	746	240	2101	158827	119.878876561	156431	0	158	163	138	80	93	87	321	68	68
DLR00012647-2009-07-05_09-32-25	3	11	816	241	2245	167654	119.878876561	164247	0	156	161	138	80	93	87	340	68	68
DLR00012647-2009-07-05_09-32-25	3	12	883	240	2361	181897	119.878876561	179122	0	159	163	138	79	93	86	295	68	68
DLR00012647-2009-07-05_09-32-25	3	13	951	240	2156	165104	119.878876561	162258	0	158	163	139	80	94	87	349	68	68
DLR00012647-2009-07-05_09-32-25	3	14	1019	240	2356	173070	119.878876561	170065	0	154	159	136	80	93	87	311	68	68
DLR00012647-2009-07-05_09-32-25	3	15	1089	239	2154	165896	119.878876561	163854	0	157	162	138	78	92	87	291	68	68
DLR00012647-2009-07-05_09-32-25	3	16	1157	238	2081	160430	119.878876561	158373	0	158	163	138	78	92	87	292	68	68
DLR00012647-2009-07-05_09-32-25	3	17	1225	241	2043	156334	119.878876561	153884	0	157	162	139	79	93	87	326	68	68
DLR00012647-2009-07-05_09-32-25	3	18	1294	237	2425	187327	119.878876561	184846	0	157	162	139	79	92	87	293	68	68
DLR00012647-2009-07-05_09-32-25	3	19	1364	240	2475	189445	119.878876561	186652	0	158	163	140	80	93	87	328	68	68
DLR00012647-2009-07-05_09-32-25	3	20	1427	238	2325	172440	119.878876561	169043	5	154	160	138	80	93	88	337	68	68
DLR00012647-2009-07-05_09-32-25	3	21	1500	238	2098	156322	119.878876561	153838	0	152	157	137	79	92	87	314	68	68
DLR00012647-2009-07-05_09-32-25	3	22	1565	239	2169	165786	119.878876561	163322	0	152	157	136	78	90	85	260	68	68
DLR00012647-2009-07-05_09-32-25	3	23	1635	239	2556	204088	119.878876561	201296	0	152	156	134	77	88	82	238	68	68
DLR00012647-2009-07-05_09-32-25	3	24	1704	237	3251	264395	119.878876561	262032	9	152	156	134	78	87	82	108	68	68
DLR00012647-2009-07-05_09-32-25	4	1	131	313	3133	236664	119.878876561	235386	14	157	160	138	82	91	87	162	68	68
DLR00012647-2009-07-05_09-32-25	4	2	200	310	2686	215147	119.878876561	212371	0	161	163	140	81	91	86	249	68	68
DLR00012647-2009-07-05_09-32-25	4	3	267	312	2710	206113	119.878876561	203176	0	159	162	140	82	93	88	276	68	68
DLR00012647-2009-07-05_09-32-25	4	4	336	312	2482	192674	119.878876561	190310	0	162	165	142	81	94	89	277	68	68
DLR00012647-2009-07-05_09-32-25	4	5	402	313	2118	153984	119.878876561	151842	0	158	162	140	82	95	89	302	68	68
DLR00012647-2009-07-05_09-32-25	4	6	470	312	2608	201914	119.878876561	199791	0	163	167	142	81	94	89	285	68	68
DLR00012647-2009-07-05_09-32-25	4	7	539	310	2556	189763	119.878876561	187099	0	159	164	140	81	95	88	313	68	68
DLR00012647-2009-07-05_09-32-25	4	8	607	310	2623	200162	119.878876561	197568	0	160	165	140	81	94	87	304	68	68
DLR00012647-2009-07-05_09-32-25	4	9	676	308	2556	186643	119.878876561	182732	0	157	161	137	82	95	88	345	68	68
DLR00012647-2009-07-05_09-32-25	4	10	745	310	2723	213784	119.878876561	210840	0	162	166	140	80	93	86	295	68	68
DLR00012647-2009-07-05_09-32-25	4	11	813	305	2736	204420	119.878876561	200710	3	157	161	136	81	93	86	298	68	68
DLR00012647-2009-07-05_09-32-25	4	12	882	308	2536	198657	119.878876561	196169	0	160	164	138	79	92	85	300	68	68
DLR00012647-2009-07-05_09-32-25	4	13	950	310	2562	194447	119.878876561	190566	0	157	161	137	79	93	86	352	68	68
DLR00012647-2009-07-05_09-32-25	4	14	1020	309	2526	199962	119.878876561	197453	0	160	164	138	78	92	85	286	68	68
DLR00012647-2009-07-05_09-32-25	4	15	1086	307	2907	222197	119.878876561	218949	2	157	162	137	80	93	86	301	68	68
DLR00012647-2009-07-05_09-32-25	4	16	1157	307	2515	195355	119.878876561	192785	0	158	162	137	78	92	86	293	68	68
DLR00012647-2009-07-05_09-32-25	4	17	1225	307	2859	221053	119.878876561	217765	0	158	162	138	80	92	86	315	68	68
DLR00012647-2009-07-05_09-32-25	4	18	1293	308	2616	206974	119.878876561	203743	0	159	164	139	79	92	86	323	68	68
DLR00012647-2009-07-05_09-32-25	4	19	1361	308	2930	222948	119.878876561	219980	0	157	162	138	80	93	87	302	68	68
DLR00012647-2009-07-05_09-32-25	4	20	1429	306	2624	205379	119.878876561	202580	2	159	163	140	80	92	87	281	68	68
DLR00012647-2009-07-05_09-32-25	4	21	1496	304	2907	223590	119.878876561	220685	2	156	160	138	80	92	87	254	68	68
DLR00012647-2009-07-05_09-32-25	4	22	1564	304	2653	216894	119.878876561	214401	0	156	161	139	78	90	85	241	68	68
DLR00012647-2009-07-05_09-32-25	4	23	1632	305	3038	250190	119.878876561	246897	3	155	159	136	78	88	83	250	68	68
DLR00012647-2009-07-05_09-32-25	4	24	1702	306	3336	292876	119.878876561	289953	14	157	160	137	77	86	81	141	68	68
DLR00012647-2009-07-05_09-32-25	5	1	133	381	3095	237686	119.878876561	235639	0	157	160	139	82	92	88	175	68	68
DLR00012647-2009-07-05_09-32-25	5	2	200	380	2533	199988	119.878876561	197517	0	160	162	140	81	92	87	240	68	68
DLR00012647-2009-07-05_09-32-25	5	3	271	379	2100	162385	119.878876561	160401	0	159	163	141	80	92	88	285	68	68
DLR00012647-2009-07-05_09-32-25	5	4	337	379	2232	162994	119.878876561	159808	0	156	161	140	82	94	89	342	68	68
DLR00012647-2009-07-05_09-32-25	5	5	408	380	2032	149398	119.878876561	146671	0	158	163	141	81	94	89	320	68	68
DLR00012647-2009-07-05_09-32-25	5	6	473	379	2261	166474	119.878876561	163858	0	157	162	140	81	95	89	324	68	68
DLR00012647-2009-07-05_09-32-25	5	7	543	378	2351	176445	119.878876561	173170	0	158	163	140	80	94	88	352	68	68
DLR00012647-2009-07-05_09-32-25	5	8	610	378	2400	179567	119.878876561	177156	0	157	162	138	80	93	87	297	68	68
DLR00012647-2009-07-05_09-32-25	5	9	681	379	1937	143223	119.878876561	140210	0	155	160	138	80	93	87	346	68	68
DLR00012647-2009-07-05_09-32-25	5	10	747	376	2370	180126	119.878876561	177236	0	157	162	138	80	92	86	311	68	68
DLR00012647-2009-07-05_09-32-25	5	11	817	377	2331	183637	119.878876561	180184	0	158	163	139	78	91	86	367	68	68
DLR00012647-2009-07-05_09-32-25	5	12	884	375	2339	183176	119.878876561	180085	0	158	163	138	78	92	86	344	68	68
DLR00012647-2009-07-05_09-32-25	5	13	955	377	2300	175350	119.878876561	172396	0	156	161	137	78	92	86	325	68	68
DLR00012647-2009-07-05_09-32-25	5	14	1019	375	2131	156905	119.878876561	152077	0	153	158	135	79	92	86	383	68	68
DLR00012647-2009-07-05_09-32-25	5	15	1090	379	2263	171953	119.878876561	169108	0	155	160	136	78	91	85	335	68	68
DLR00012647-2009-07-05_09-32-25	5	16	1158	378	2330	178332	119.878876561	175055	0	156	161	137	79	92	86	326	68	68
DLR00012647-2009-07-05_09-32-25	5	17	1228	380	2622	209224	119.878876561	206344	0	159	164	140	78	92	86	313	68	68
DLR00012647-2009-07-05_09-32-25	5	18	1295	377	2603	204272	119.878876561	201618	0	158	163	139	78	92	86	297	68	68
DLR00012647-2009-07-05_09-32-25	5	19	1362	377	2521	199817	119.878876561	197422	0	158	163	140	78	92	86	299	68	68
DLR00012647-2009-07-05_09-32-25	5	20	1430	375	2498	195006	119.878876561	192896	0	157	162	139	78	92	87	237	68	68
DLR00012647-2009-07-05_09-32-25	5	21	1500	376	2004	151592	119.878876561	150151	0	152	157	137	77	91	86	244	68	68
DLR00012647-2009-07-05_09-32-25	5	22	1567	377	2334	186828	119.878876561	184020	0	153	157	137	76	89	85	256	68	68
DLR00012647-2009-07-05_09-32-25	5	23	1636	377	2570	208879	119.878876561	205801	0	153	157	136	76	88	82	210	68	68
DLR00012647-2009-07-05_09-32-25	5	24	1703	379	3313	312695	119.878876561	309916	10	158	162	139	76	86	82	145	68	68
DLR00012647-2009-07-05_09-32-25	6	1	130	448	0	0	119.878876561	7077	0				75	87	87	4	68	68
DLR00012647-2009-07-05_09-32-25	6	2	200	447	2970	246429	119.878876561	243298	0	164	166	143	80	92	87	259	68	68
DLR00012647-2009-07-05_09-32-25	6	3	267	450	2560	198757	119.878876561	196053	0	159	163	141	82	93	88	295	68	68
DLR00012647-2009-07-05_09-32-25	6	4	335	448	2453	187459	119.878876561	185070	0	160	164	142	82	94	89	272	68	68
DLR00012647-2009-07-05_09-32-25	6	5	406	449	2679	206775	119.878876561	204307	0	161	165	142	81	94	89	307	68	68
DLR00012647-2009-07-05_09-32-25	6	6	472	446	0	0	119.878876561	6503	0				76	91	88	0	68	68
DLR00012647-2009-07-05_09-32-25	6	7	540	447	2694	207096	119.878876561	203829	0	160	164	141	80	94	88	324	68	68
DLR00012647-2009-07-05_09-32-25	6	8	610	448	2636	205200	119.878876561	202406	1	160	164	139	79	93	86	284	68	68
DLR00012647-2009-07-05_09-32-25	6	9	676	447	2752	205456	119.878876561	202431	0	157	161	137	80	93	86	319	68	68
DLR00012647-2009-07-05_09-32-25	6	10	748	446	2503	198148	119.878876561	196054	0	159	163	138	78	92	86	291	68	68
DLR00012647-2009-07-05_09-32-25	6	11	815	446	0	0	119.878876561	6458	0				74	89	86	0	68	68
DLR00012647-2009-07-05_09-32-25	6	12	884	446	0	0	119.878876561	6260	0				74	89	86	0	68	68
DLR00012647-2009-07-05_09-32-25	6	13	952	445	2898	230278	119.878876561	227058	0	158	162	138	78	91	85	336	68	68
DLR00012647-2009-07-05_09-32-25	6	14	1021	444	2653	212670	119.878876561	209283	2	159	163	138	78	90	84	312	68	68
DLR00012647-2009-07-05_09-32-25	6	15	1086	444	2897	225211	119.878876561	221579	3	158	162	137	79	91	85	307	68	68
DLR00012647-2009-07-05_09-32-25	6	16	1156	444	2687	214121	119.878876561	210960	0	160	164	139	78	92	86	299	68	68
DLR00012647-2009-07-05_09-32-25	6	17	1232	446	46	3091	119.878876561	9423	0	143	151	143	75	90	87	42	68	68
DLR00012647-2009-07-05_09-32-25	6	18	1299	444	0	0	119.878876561	6355	0				73	89	87	0	68	68
DLR00012647-2009-07-05_09-32-25	6	19	1364	446	0	0	119.878876561	6360	0				72	88	86	0	68	68
DLR00012647-2009-07-05_09-32-25	6	20	1428	444	2520	205977	119.878876561	203408	0	159	163	140	77	91	86	275	68	68
DLR00012647-2009-07-05_09-32-25	6	21	1496	443	2837	219657	119.878876561	216814	0	154	159	138	78	91	86	289	68	68
DLR00012647-2009-07-05_09-32-25	6	22	1565	442	2677	222893	119.878876561	220235	0	155	160	138	76	89	84	234	68	68
DLR00012647-2009-07-05_09-32-25	6	23	1634	444	3313	295238	119.878876561	292420	16	159	163	140	76	88	83	225	68	68
DLR00012647-2009-07-05_09-32-25	6	24	1707	446	0	0	119.878876561	7612	0				68	81	81	2	68	68
DLR00012647-2009-07-05_09-32-25	7	1	134	517	3079	232136	119.878876561	230255	23	159	163	141	82	93	90	162	68	68
DLR00012647-2009-07-05_09-32-25	7	2	202	519	2583	199216	119.878876561	196262	0	159	162	140	81	93	88	270	68	68
DLR00012647-2009-07-05_09-32-25	7	3	271	517	2416	182371	119.878876561	179913	0	158	162	140	81	93	88	300	68	68
DLR00012647-2009-07-05_09-32-25	7	4	338	516	2300	170221	119.878876561	168281	0	157	161	140	80	94	89	256	68	68
DLR00012647-2009-07-05_09-32-25	7	5	405	518	2233	165411	119.878876561	163374	0	158	163	141	80	94	89	280	68	68
DLR00012647-2009-07-05_09-32-25	7	6	472	515	2370	181035	119.878876561	178700	0	159	164	142	81	94	89	340	68	68
DLR00012647-2009-07-05_09-32-25	7	7	542	516	2224	158939	119.878876561	156745	0	154	159	137	80	94	88	305	68	68
DLR00012647-2009-07-05_09-32-25	7	8	611	515	2263	172527	119.878876561	168828	0	157	162	139	80	93	87	354	68	68
DLR00012647-2009-07-05_09-32-25	7	9	679	513	2136	163504	119.878876561	161429	0	157	161	138	78	92	86	278	68	68
DLR00012647-2009-07-05_09-32-25	7	10	746	516	2219	170161	119.878876561	167167	0	156	161	137	78	91	86	342	68	68
DLR00012647-2009-07-05_09-32-25	7	11	817	514	2249	177894	119.878876561	176088	0	158	163	139	78	91	85	313	68	68
DLR00012647-2009-07-05_09-32-25	7	12	885	512	2230	177767	119.878876561	175803	0	158	163	138	77	90	85	307	68	68
DLR00012647-2009-07-05_09-32-25	7	13	952	514	1876	142174	119.878876561	138904	0	153	158	135	77	90	84	375	68	68
DLR00012647-2009-07-05_09-32-25	7	14	1019	514	2216	168415	119.878876561	164728	0	153	157	135	77	90	84	365	68	68
DLR00012647-2009-07-05_09-32-25	7	15	1089	512	2085	162698	119.878876561	161322	0	155	160	136	77	90	84	275	68	68
DLR00012647-2009-07-05_09-32-25	7	16	1155	511	1970	149584	119.878876561	148147	0	155	159	136	77	91	85	270	68	68
DLR00012647-2009-07-05_09-32-25	7	17	1225	514	2512	193136	119.878876561	190311	0	156	161	138	78	92	87	283	68	68
DLR00012647-2009-07-05_09-32-25	7	18	1293	511	2293	181562	119.878876561	179237	0	157	162	139	76	90	86	257	68	68
DLR00012647-2009-07-05_09-32-25	7	19	1364	514	2209	171250	119.878876561	168619	0	154	159	137	76	91	86	287	68	68
DLR00012647-2009-07-05_09-32-25	7	20	1430	511	2152	166971	119.878876561	164365	0	153	159	137	76	90	86	303	68	68
DLR00012647-2009-07-05_09-32-25	7	21	1498	514	2289	182810	119.878876561	180727	0	155	160	138	76	89	85	260	68	68
DLR00012647-2009-07-05_09-32-25	7	22	1566	511	2499	202338	119.878876561	199861	0	151	157	136	75	88	84	237	68	68
DLR00012647-2009-07-05_09-32-25	7	23	1637	512	2954	267956	119.878876561	264485	0	158	162	139	75	87	83	241	68	68
DLR00012647-2009-07-05_09-32-25	7	24	1707	514	0	0	119.878876561	7743	0				68	82	81	0	68	68
DLR00012647-2009-07-05_09-32-25	8	1	134	585	3159	222693	119.878876561	220438	22	157	161	139	83	94	90	148	68	68
DLR00012647-2009-07-05_09-32-25	8	2	202	586	2791	218008	119.878876561	215146	0	161	164	141	82	94	88	262	68	68
DLR00012647-2009-07-05_09-32-25	8	3	268	584	2404	179533	119.878876561	177170	0	156	161	139	81	93	88	280	68	68
DLR00012647-2009-07-05_09-32-25	8	4	336	587	2511	194472	119.878876561	192135	0	160	165	142	80	94	89	282	68	68
DLR00012647-2009-07-05_09-32-25	8	5	404	583	2282	164627	119.878876561	162140	0	156	161	139	80	94	89	305	68	68
DLR00012647-2009-07-05_09-32-25	8	6	474	584	2636	206019	119.878876561	203070	0	161	165	141	80	93	88	301	68	68
DLR00012647-2009-07-05_09-32-25	8	7	541	582	2509	186954	119.878876561	182191	0	156	161	139	82	95	88	380	68	68
DLR00012647-2009-07-05_09-32-25	8	8	611	583	2716	213706	119.878876561	210701	0	160	164	139	79	92	86	306	68	68
DLR00012647-2009-07-05_09-32-25	8	9	678	582	2338	171254	119.878876561	166962	0	153	158	136	80	93	87	361	68	68
DLR00012647-2009-07-05_09-32-25	8	10	746	582	2490	195816	119.878876561	193447	0	158	162	138	77	91	85	294	68	68
DLR00012647-2009-07-05_09-32-25	8	11	816	583	2824	219705	119.878876561	216080	0	157	161	137	79	91	85	353	68	68
DLR00012647-2009-07-05_09-32-25	8	12	884	582	2594	210226	119.878876561	207229	0	160	163	138	77	90	84	323	68	68
DLR00012647-2009-07-05_09-32-25	8	13	951	584	2754	215578	119.878876561	212336	0	156	160	136	77	90	84	318	68	68
DLR00012647-2009-07-05_09-32-25	8	14	1019	582	2457	200741	119.878876561	198376	0	159	163	138	76	89	83	293	68	68
DLR00012647-2009-07-05_09-32-25	8	15	1090	582	2700	210202	119.878876561	207940	0	155	160	135	77	90	84	311	68	68
DLR00012647-2009-07-05_09-32-25	8	16	1158	582	2496	196323	119.878876561	193332	0	156	160	136	77	90	84	306	68	68
DLR00012647-2009-07-05_09-32-25	8	17	1224	581	3014	239157	119.878876561	236036	0	156	161	137	77	90	85	309	68	68
DLR00012647-2009-07-05_09-32-25	8	18	1295	578	2621	210458	119.878876561	207867	0	158	162	138	77	91	85	290	68	68
DLR00012647-2009-07-05_09-32-25	8	19	1361	580	2844	221839	119.878876561	218298	0	155	160	137	78	91	86	303	68	68
DLR00012647-2009-07-05_09-32-25	8	20	1430	579	2466	197774	119.878876561	195064	0	155	160	138	76	90	85	272	68	68
DLR00012647-2009-07-05_09-32-25	8	21	1496	579	2872	229004	119.878876561	225964	0	154	159	137	77	90	85	281	68	68
DLR00012647-2009-07-05_09-32-25	8	22	1565	579	2722	231439	119.878876561	228765	0	156	161	138	75	88	84	234	68	68
DLR00012647-2009-07-05_09-32-25	8	23	1637	580	3550	322163	119.878876561	319456	30	158	162	139	75	87	83	223	68	68
DLR00012647-2009-07-05_09-32-25	8	24	1705	568	1	42	119.878876561	7286	0	104	114	113	67	81	81	11	68	68
DLR00012647-2009-07-05_09-32-25	9	1	133	654	3001	217029	119.878876561	214460	3	156	160	139	82	93	90	180	68	68
DLR00012647-2009-07-05_09-32-25	9	2	201	653	2573	196573	119.878876561	193798	0	158	162	140	80	93	88	257	68	68
DLR00012647-2009-07-05_09-32-25	9	3	271	653	2342	177520	119.878876561	175450	0	157	161	140	79	93	88	280	68	68
DLR00012647-2009-07-05_09-32-25	9	4	339	652	2420	181702	119.878876561	179246	0	158	162	140	80	94	89	267	68	68
DLR00012647-2009-07-05_09-32-25	9	5	408	653	2283	168271	119.878876561	165080	0	156	161	140	80	94	89	312	68	68
DLR00012647-2009-07-05_09-32-25	9	6	476	653	2014	143991	119.878876561	141536	0	153	159	137	80	94	88	288	68	68
DLR00012647-2009-07-05_09-32-25	9	7	543	653	2375	183376	119.878876561	181022	0	159	163	140	79	93	87	286	68	68
DLR00012647-2009-07-05_09-32-25	9	8	610	651	2167	159618	119.878876561	156400	0	154	159	137	79	92	87	341	68	68
DLR00012647-2009-07-05_09-32-25	9	9	681	651	2393	179242	119.878876561	176935	0	155	160	137	78	92	86	291	68	68
DLR00012647-2009-07-05_09-32-25	9	10	749	651	2296	174495	119.878876561	171845	0	156	161	137	79	92	86	321	68	68
DLR00012647-2009-07-05_09-32-25	9	11	819	651	2031	149779	119.878876561	148325	0	155	160	136	80	93	86	283	68	68
DLR00012647-2009-07-05_09-32-25	9	12	885	650	2153	162316	119.878876561	159809	0	155	159	135	79	92	85	299	68	68
DLR00012647-2009-07-05_09-32-25	9	13	953	652	2189	164272	119.878876561	162062	0	154	159	135	79	91	85	293	68	68
DLR00012647-2009-07-05_09-32-25	9	14	1022	650	2226	177364	119.878876561	175304	0	157	161	137	78	91	85	308	68	68
DLR00012647-2009-07-05_09-32-25	9	15	1089	651	2478	199707	119.878876561	197044	0	158	162	137	78	90	85	295	68	68
DLR00012647-2009-07-05_09-32-25	9	16	1157	647	2264	180880	119.878876561	178957	0	157	161	137	77	90	85	259	68	68
DLR00012647-2009-07-05_09-32-25	9	17	1227	651	2200	168437	119.878876561	166128	0	155	159	136	79	91	85	266	68	68
DLR00012647-2009-07-05_09-32-25	9	18	1293	650	2327	181633	119.878876561	180105	0	155	160	137	78	91	86	226	68	68
DLR00012647-2009-07-05_09-32-25	9	19	1364	650	2117	167342	119.878876561	165211	0	155	160	138	76	90	86	295	68	68
DLR00012647-2009-07-05_09-32-25	9	20	1433	647	2104	165211	119.878876561	162272	0	152	157	136	76	90	86	302	68	68
DLR00012647-2009-07-05_09-32-25	9	21	1500	649	2466	197113	119.878876561	194740	0	154	159	137	76	89	85	247	68	68
DLR00012647-2009-07-05_09-32-25	9	22	1568	647	2470	200698	119.878876561	198379	0	151	156	135	74	88	83	255	68	68
DLR00012647-2009-07-05_09-32-25	9	23	1636	648	2684	227917	119.878876561	225413	3	154	158	135	75	87	82	218	68	68
DLR00012647-2009-07-05_09-32-25	9	24	1704	647	3229	299564	119.878876561	297271	22	155	159	136	74	85	81	102	68	68
DLR00012647-2009-07-05_09-32-25	10	1	134	722	3280	246816	119.878876561	244881	24	159	163	141	82	94	90	130	68	68
DLR00012647-2009-07-05_09-32-25	10	2	200	721	2774	219904	119.878876561	216954	3	162	165	142	82	94	88	253	68	68
DLR00012647-2009-07-05_09-32-25	10	3	268	721	2667	201349	119.878876561	198309	0	157	161	139	81	93	88	279	68	68
DLR00012647-2009-07-05_09-32-25	10	4	337	723	2566	200186	119.878876561	198317	0	160	165	142	80	93	88	281	68	68
DLR00012647-2009-07-05_09-32-25	10	5	405	720	2830	214426	119.878876561	211199	0	159	163	141	81	94	89	299	68	68
DLR00012647-2009-07-05_09-32-25	10	6	473	720	2583	203557	119.878876561	201266	0	160	165	142	80	93	88	275	68	68
DLR00012647-2009-07-05_09-32-25	10	7	540	720	2629	198916	119.878876561	195518	0	157	162	139	80	93	88	333	68	68
DLR00012647-2009-07-05_09-32-25	10	8	611	720	2667	218397	119.878876561	215704	0	162	166	141	78	92	87	298	68	68
DLR00012647-2009-07-05_09-32-25	10	9	680	721	2787	216593	119.878876561	212894	0	157	161	138	79	92	86	325	68	68
DLR00012647-2009-07-05_09-32-25	10	10	748	720	2662	211300	119.878876561	208889	0	160	163	138	79	91	85	286	68	68
DLR00012647-2009-07-05_09-32-25	10	11	815	719	2782	211111	119.878876561	208312	0	155	160	135	80	92	85	306	68	68
DLR00012647-2009-07-05_09-32-25	10	12	884	719	2421	191100	119.878876561	188493	0	157	161	136	77	90	84	291	68	68
DLR00012647-2009-07-05_09-32-25	10	13	953	720	3007	246576	119.878876561	243153	0	159	162	137	77	90	84	307	68	68
DLR00012647-2009-07-05_09-32-25	10	14	1021	718	0	0	119.878876561	5632	0				72	87	84	0	68	68
DLR00012647-2009-07-05_09-32-25	10	15	1090	718	0	0	119.878876561	6190	0				71	86	84	0	68	68
DLR00012647-2009-07-05_09-32-25	10	16	1158	718	2489	206886	119.878876561	204087	0	158	162	137	76	89	84	275	68	68
DLR00012647-2009-07-05_09-32-25	10	17	1224	716	2840	225575	119.878876561	221687	0	154	159	135	77	90	84	326	68	68
DLR00012647-2009-07-05_09-32-25	10	18	1295	716	2454	197926	119.878876561	195330	0	156	161	137	76	89	84	278	68	68
DLR00012647-2009-07-05_09-32-25	10	19	1362	718	3150	263461	119.878876561	259992	0	159	163	140	78	91	86	310	68	68
DLR00012647-2009-07-05_09-32-25	10	20	1433	718	0	0	119.878876561	6822	0				70	86	85	0	68	68
DLR00012647-2009-07-05_09-32-25	10	21	1499	716	3219	277796	119.878876561	274671	16	159	163	140	78	91	85	275	68	68
DLR00012647-2009-07-05_09-32-25	10	22	1567	716	2631	217463	119.878876561	214782	2	154	159	137	76	88	83	220	68	68
DLR00012647-2009-07-05_09-32-25	10	23	1632	718	3062	256339	119.878876561	253605	7	153	157	134	75	87	81	181	68	68
DLR00012647-2009-07-05_09-32-25	10	24	1707	717	3192	285612	119.878876561	283295	28	154	158	134	73	84	79	87	68	68
DLR00012647-2009-07-05_09-32-25	11	1	133	790	0	0	119.878876561	7201	0				75	89	89	0	68	68
DLR00012647-2009-07-05_09-32-25	11	2	201	789	2753	218390	119.878876561	215771	0	161	164	142	79	92	88	246	68	68
DLR00012647-2009-07-05_09-32-25	11	3	270	791	2761	215483	119.878876561	212533	0	160	164	142	81	93	88	262	68	68
DLR00012647-2009-07-05_09-32-25	11	4	336	789	2139	161607	119.878876561	160053	0	157	162	140	80	93	88	279	68	68
DLR00012647-2009-07-05_09-32-25	11	5	408	790	2456	188706	119.878876561	187077	0	158	163	141	80	93	89	248	68	68
DLR00012647-2009-07-05_09-32-25	11	6	472	785	0	0	119.878876561	6133	0				75	90	88	0	68	68
DLR00012647-2009-07-05_09-32-25	11	7	542	786	0	0	119.878876561	6139	0				74	90	88	0	68	68
DLR00012647-2009-07-05_09-32-25	11	8	609	785	0	0	119.878876561	6041	0				74	89	87	0	68	68
DLR00012647-2009-07-05_09-32-25	11	9	679	786	0	0	119.878876561	5924	0				73	88	86	6	68	68
DLR00012647-2009-07-05_09-32-25	11	10	748	788	2444	196383	119.878876561	193957	0	157	161	137	76	90	84	271	68	68
DLR00012647-2009-07-05_09-32-25	11	11	818	787	2152	160254	119.878876561	157082	0	150	155	133	77	90	84	322	68	68
DLR00012647-2009-07-05_09-32-25	11	12	884	786	2305	184377	119.878876561	181327	0	154	159	135	75	89	83	327	68	68
DLR00012647-2009-07-05_09-32-25	11	13	955	788	2347	190837	119.878876561	188034	0	155	160	136	76	89	83	284	68	68
DLR00012647-2009-07-05_09-32-25	11	14	1021	785	0	0	119.878876561	6455	0				71	86	84	0	68	68
DLR00012647-2009-07-05_09-32-25	11	15	1090	785	0	0	119.878876561	6161	0				71	86	83	0	68	68
DLR00012647-2009-07-05_09-32-25	11	16	1157	785	2395	197998	119.878876561	194656	0	155	159	136	75	88	83	312	68	68
DLR00012647-2009-07-05_09-32-25	11	17	1227	788	2272	176677	119.878876561	173919	0	150	155	133	75	88	83	294	68	68
DLR00012647-2009-07-05_09-32-25	11	18	1294	785	2516	203689	119.878876561	201236	0	155	159	136	76	89	84	267	68	68
DLR00012647-2009-07-05_09-32-25	11	19	1364	785	0	0	119.878876561	5857	0				70	86	85	5	68	68
DLR00012647-2009-07-05_09-32-25	11	20	1433	785	0	0	119.878876561	6471	0				70	86	85	0	68	68
DLR00012647-2009-07-05_09-32-25	11	21	1502	787	2	80	119.878876561	6427	2	107	120	108	70	85	84	11	68	68
DLR00012647-2009-07-05_09-32-25	11	22	1568	784	2372	189465	119.878876561	187533	0	150	155	134	75	88	83	216	68	68
DLR00012647-2009-07-05_09-32-25	11	23	1634	786	2481	208477	119.878876561	205848	0	150	155	133	74	85	80	211	68	68
DLR00012647-2009-07-05_09-32-25	11	24	1705	783	2867	246519	119.878876561	243764	0	149	153	131	72	83	79	126	68	68
DLR00012647-2009-07-05_09-32-25	12	1	129	853	0	0	119.878876561	7893	0				75	88	89	0	68	68
DLR00012647-2009-07-05_09-32-25	12	2	200	858	2992	249427	119.878876561	246596	0	164	167	143	80	92	88	246	68	68
DLR00012647-2009-07-05_09-32-25	12	3	268	859	2701	193808	119.878876561	190553	0	154	158	138	82	94	89	286	68	68
DLR00012647-2009-07-05_09-32-25	12	4	339	859	2496	197158	119.878876561	194944	0	160	164	142	80	93	88	261	68	68
DLR00012647-2009-07-05_09-32-25	12	5	407	858	2691	197071	119.878876561	193973	0	156	161	139	81	94	89	303	68	68
DLR00012647-2009-07-05_09-32-25	12	6	474	857	2565	202483	119.878876561	200017	0	161	165	142	80	93	88	270	68	68
DLR00012647-2009-07-05_09-32-25	12	7	542	855	2715	214484	119.878876561	211125	0	159	164	140	80	93	88	298	68	68
DLR00012647-2009-07-05_09-32-25	12	8	611	855	2633	211908	119.878876561	209035	0	160	164	140	78	91	86	291	68	68
DLR00012647-2009-07-05_09-32-25	12	9	679	857	2901	223550	119.878876561	220064	1	155	160	136	79	92	86	318	68	68
DLR00012647-2009-07-05_09-32-25	12	10	748	858	2439	199688	119.878876561	196968	0	159	163	138	77	90	84	288	68	68
DLR00012647-2009-07-05_09-32-25	12	11	815	855	2779	219401	119.878876561	216054	0	154	158	134	77	89	83	301	68	68
DLR00012647-2009-07-05_09-32-25	12	12	884	854	2523	205964	119.878876561	203044	0	155	159	134	75	88	82	297	68	68
DLR00012647-2009-07-05_09-32-25	12	13	952	855	2854	232907	119.878876561	229206	0	154	158	134	76	89	82	330	68	68
DLR00012647-2009-07-05_09-32-25	12	14	1022	854	2569	214968	119.878876561	211920	0	156	160	136	75	88	82	308	68	68
DLR00012647-2009-07-05_09-32-25	12	15	1089	854	3062	256403	119.878876561	252866	0	157	161	136	76	89	83	312	68	68
DLR00012647-2009-07-05_09-32-25	12	16	1155	856	2459	202264	119.878876561	199318	0	155	159	135	75	88	82	267	68	68
DLR00012647-2009-07-05_09-32-25	12	17	1224	853	2774	220924	119.878876561	217337	0	152	156	134	76	89	83	272	68	68
DLR00012647-2009-07-05_09-32-25	12	18	1294	850	2466	203632	119.878876561	201117	0	156	161	137	76	89	84	243	68	68
DLR00012647-2009-07-05_09-32-25	12	19	1362	852	2951	242331	119.878876561	239395	10	154	159	136	76	90	85	282	68	68
DLR00012647-2009-07-05_09-32-25	12	20	1431	852	2636	225937	119.878876561	223247	0	158	162	139	75	88	84	274	68	68
DLR00012647-2009-07-05_09-32-25	12	21	1500	854	2789	229150	119.878876561	226335	2	152	157	136	76	88	84	244	68	68
DLR00012647-2009-07-05_09-32-25	12	22	1565	851	2651	224229	119.878876561	221661	0	154	158	136	76	87	83	214	68	68
DLR00012647-2009-07-05_09-32-25	12	23	1634	852	2982	261528	119.878876561	258413	0	152	156	134	74	85	80	216	68	68
DLR00012647-2009-07-05_09-32-25	12	24	1702	851	3349	303300	119.878876561	300896	20	153	157	133	73	84	79	137	68	68
DLR00012647-2009-07-05_09-32-25	13	1	135	926	3229	250820	119.878876561	249060	7	159	163	141	83	93	89	99	68	68
DLR00012647-2009-07-05_09-32-25	13	2	202	927	2758	223915	119.878876561	221102	5	161	164	141	81	92	87	250	68	68
DLR00012647-2009-07-05_09-32-25	13	3	273	926	2436	191885	119.878876561	189810	0	159	163	141	79	92	87	247	68	68
DLR00012647-2009-07-05_09-32-25	13	4	341	928	2334	175482	119.878876561	173399	0	156	161	140	80	93	88	275	68	68
DLR00012647-2009-07-05_09-32-25	13	5	409	926	2471	179147	119.878876561	177030	0	156	160	139	81	94	88	271	68	68
DLR00012647-2009-07-05_09-32-25	13	6	473	922	2406	179801	119.878876561	177284	0	157	161	139	80	93	88	259	68	68
DLR00012647-2009-07-05_09-32-25	13	7	545	927	2227	171231	119.878876561	169263	0	156	161	138	78	92	86	269	68	68
DLR00012647-2009-07-05_09-32-25	13	8	613	924	2494	198034	119.878876561	195540	0	158	162	138	78	91	85	283	68	68
DLR00012647-2009-07-05_09-32-25	13	9	682	924	2413	187934	119.878876561	184932	1	154	159	136	77	90	84	309	68	68
DLR00012647-2009-07-05_09-32-25	13	10	749	925	2198	172999	119.878876561	171006	0	154	158	135	76	89	84	278	68	68
DLR00012647-2009-07-05_09-32-25	13	11	817	925	2426	192770	119.878876561	190284	0	153	157	134	76	89	83	264	68	68
DLR00012647-2009-07-05_09-32-25	13	12	886	921	2164	168479	119.878876561	165718	0	150	154	132	75	88	82	279	68	68
DLR00012647-2009-07-05_09-32-25	13	13	954	926	2208	174989	119.878876561	172168	0	151	155	132	75	88	82	262	68	68
DLR00012647-2009-07-05_09-32-25	13	14	1021	923	2283	184544	119.878876561	182030	0	152	156	133	74	87	82	289	68	68
DLR00012647-2009-07-05_09-32-25	13	15	1092	923	2309	180494	119.878876561	177521	0	149	154	131	75	88	82	283	68	68
DLR00012647-2009-07-05_09-32-25	13	16	1160	922	2211	171648	119.878876561	168764	0	148	154	131	74	87	82	303	68	68
DLR00012647-2009-07-05_09-32-25	13	17	1227	923	2484	201806	119.878876561	198989	0	151	156	133	74	87	82	276	68	68
DLR00012647-2009-07-05_09-32-25	13	18	1299	925	2496	199678	119.878876561	195818	0	151	156	133	76	89	83	314	68	68
DLR00012647-2009-07-05_09-32-25	13	19	1365	923	2227	172315	119.878876561	169701	0	149	154	133	75	88	83	261	68	68
DLR00012647-2009-07-05_09-32-25	13	20	1431	922	2449	200622	119.878876561	198016	0	153	157	135	75	88	83	274	68	68
DLR00012647-2009-07-05_09-32-25	13	21	1502	922	2071	167910	119.878876561	165972	0	150	155	134	74	87	83	226	68	68
DLR00012647-2009-07-05_09-32-25	13	22	1569	920	2221	179992	119.878876561	178125	0	147	151	132	73	85	81	210	68	68
DLR00012647-2009-07-05_09-32-25	13	23	1637	922	2430	209863	119.878876561	207712	0	149	153	132	73	84	79	208	68	68
DLR00012647-2009-07-05_09-32-25	13	24	1704	921	3155	282832	119.878876561	279768	2	151	154	132	74	84	79	136	68	68
DLR00012647-2009-07-05_09-32-25	14	1	133	996	3035	218605	119.878876561	216818	0	154	158	137	82	92	89	128	68	68
DLR00012647-2009-07-05_09-32-25	14	2	203	993	2684	216022	119.878876561	213369	0	160	163	140	80	91	86	235	68	68
DLR00012647-2009-07-05_09-32-25	14	3	272	995	2357	172418	119.878876561	169768	0	154	158	138	81	93	88	280	68	68
DLR00012647-2009-07-05_09-32-25	14	4	339	996	2572	201151	119.878876561	199071	0	161	165	142	81	93	88	256	68	68
DLR00012647-2009-07-05_09-32-25	14	5	405	994	2468	181088	119.878876561	178071	0	156	160	140	82	94	89	316	68	68
DLR00012647-2009-07-05_09-32-25	14	6	474	993	2691	211920	119.878876561	209367	0	160	165	141	80	93	88	279	68	68
DLR00012647-2009-07-05_09-32-25	14	7	544	992	2292	168572	119.878876561	164030	0	153	158	137	80	93	87	394	68	68
DLR00012647-2009-07-05_09-32-25	14	8	612	992	2570	206160	119.878876561	203402	0	159	163	139	78	91	86	278	68	68
DLR00012647-2009-07-05_09-32-25	14	9	681	995	2797	222075	119.878876561	218317	0	156	160	137	78	91	85	335	68	68
DLR00012647-2009-07-05_09-32-25	14	10	749	994	2387	194694	119.878876561	192213	0	157	161	136	76	89	83	281	68	68
DLR00012647-2009-07-05_09-32-25	14	11	817	991	2872	236713	119.878876561	233666	11	157	161	137	77	90	84	297	68	68
DLR00012647-2009-07-05_09-32-25	14	12	886	991	2478	205860	119.878876561	202690	4	156	160	136	75	88	82	290	68	68
DLR00012647-2009-07-05_09-32-25	14	13	953	992	2834	231733	119.878876561	227970	0	154	158	134	76	88	82	314	68	68
DLR00012647-2009-07-05_09-32-25	14	14	1022	992	2605	219568	119.878876561	216481	0	155	160	135	75	87	82	312	68	68
DLR00012647-2009-07-05_09-32-25	14	15	1091	991	2799	225621	119.878876561	221906	0	151	156	132	75	88	82	315	68	68
DLR00012647-2009-07-05_09-32-25	14	16	1159	992	2371	190971	119.878876561	187909	9	152	156	133	74	87	82	287	68	68
DLR00012647-2009-07-05_09-32-25	14	17	1225	991	2983	237312	119.878876561	233502	4	151	156	133	76	88	82	332	68	68
DLR00012647-2009-07-05_09-32-25	14	18	1295	992	2782	233181	119.878876561	230032	0	156	160	135	75	88	82	286	68	68
DLR00012647-2009-07-05_09-32-25	14	19	1363	988	2943	236093	119.878876561	232528	0	153	158	135	77	89	84	307	68	68
DLR00012647-2009-07-05_09-32-25	14	20	1431	989	2472	199827	119.878876561	197234	0	153	157	135	75	88	83	264	68	68
DLR00012647-2009-07-05_09-32-25	14	21	1499	989	2957	240000	119.878876561	237026	0	152	156	135	76	88	83	267	68	68
DLR00012647-2009-07-05_09-32-25	14	22	1570	988	2671	236931	119.878876561	234339	0	154	158	136	74	86	81	226	68	68
DLR00012647-2009-07-05_09-32-25	14	23	1638	989	3254	288214	119.878876561	285272	8	152	156	134	73	84	80	242	68	68
DLR00012647-2009-07-05_09-32-25	14	24	1707	988	2	94	119.878876561	7896	2	104	112	101	66	78	77	6	68	68
DLR00012647-2009-07-05_09-32-25	15	1	136	1065	3332	243000	119.878876561	240996	4	154	158	137	82	91	88	74	68	68
DLR00012647-2009-07-05_09-32-25	15	2	205	1065	2912	231482	119.878876561	228815	0	158	162	140	80	91	87	214	68	68
DLR00012647-2009-07-05_09-32-25	15	3	273	1063	2811	226768	119.878876561	224408	0	159	163	142	80	92	88	259	68	68
DLR00012647-2009-07-05_09-32-25	15	4	341	1064	2635	207621	119.878876561	205273	0	161	164	143	80	93	90	276	68	68
DLR00012647-2009-07-05_09-32-25	15	5	409	1064	2684	210292	119.878876561	207792	0	159	164	142	80	93	89	273	68	68
DLR00012647-2009-07-05_09-32-25	15	6	477	1063	2519	193057	119.878876561	190389	0	157	161	140	80	92	88	297	68	68
DLR00012647-2009-07-05_09-32-25	15	7	545	1062	2329	176597	119.878876561	173584	0	155	159	139	80	93	88	341	68	68
DLR00012647-2009-07-05_09-32-25	15	8	614	1060	2235	174238	119.878876561	171681	0	155	160	138	78	91	87	332	68	68
DLR00012647-2009-07-05_09-32-25	15	9	681	1060	2441	195062	119.878876561	191451	3	155	160	138	78	91	86	316	68	68
DLR00012647-2009-07-05_09-32-25	15	10	750	1063	2790	242764	119.878876561	239563	0	160	164	140	76	89	84	304	68	68
DLR00012647-2009-07-05_09-32-25	15	11	821	1065	2398	208487	119.878876561	205879	0	158	162	139	74	87	84	298	68	68
DLR00012647-2009-07-05_09-32-25	15	12	887	1063	2543	223279	119.878876561	220021	0	158	162	139	75	88	84	327	68	68
DLR00012647-2009-07-05_09-32-25	15	13	955	1061	2448	208884	119.878876561	205436	0	155	160	137	74	87	83	319	68	68
DLR00012647-2009-07-05_09-32-25	15	14	1023	1059	2554	211688	119.878876561	207955	0	153	158	135	76	89	84	339	68	68
DLR00012647-2009-07-05_09-32-25	15	15	1091	1058	2058	167877	119.878876561	165748	0	149	154	133	74	87	83	258	68	68
DLR00012647-2009-07-05_09-32-25	15	16	1161	1058	2356	192676	119.878876561	189482	0	149	154	133	74	87	83	293	68	68
DLR00012647-2009-07-05_09-32-25	15	17	1227	1057	2345	195301	119.878876561	192512	0	151	156	134	74	87	83	266	68	68
DLR00012647-2009-07-05_09-32-25	15	18	1299	1057	2492	214286	119.878876561	211772	0	155	160	137	74	87	83	283	68	68
DLR00012647-2009-07-05_09-32-25	15	19	1364	1061	2754	237455	119.878876561	234525	0	157	161	139	76	88	84	288	68	68
DLR00012647-2009-07-05_09-32-25	15	20	1433	1060	2502	214087	119.878876561	211796	0	155	159	138	75	87	84	252	68	68
DLR00012647-2009-07-05_09-32-25	15	21	1501	1057	2521	212506	119.878876561	210254	0	154	158	137	74	87	83	242	68	68
DLR00012647-2009-07-05_09-32-25	15	22	1569	1055	2373	196736	119.878876561	194636	0	150	154	134	75	86	83	210	68	68
DLR00012647-2009-07-05_09-32-25	15	23	1636	1056	2691	215377	119.878876561	210798	14	148	152	132	77	87	82	271	68	68
DLR00012647-2009-07-05_09-32-25	15	24	1705	1055	3176	271929	119.878876561	269473	15	150	153	132	75	84	81	64	68	68
DLR00012647-2009-07-05_09-32-25	16	1	136	1130	2989	178989	119.878876561	180310	20	151	155	137	94	102	99	42	68	68
DLR00012647-2009-07-05_09-32-25	16	2	204	1130	2453	161607	119.878876561	163288	10	162	165	146	91	101	97	102	68	68
DLR00012647-2009-07-05_09-32-25	16	3	270	1129	0	0	119.878876561	8301	0				87	98	97	0	68	68
DLR00012647-2009-07-05_09-32-25	16	4	330	1129	17	962	119.878876561	9318	9	135	140	129	88	100	100	12	68	68
DLR00012647-2009-07-05_09-32-25	16	5	413	1138	401	23534	119.878876561	29698	14	161	164	148	90	102	101	120	68	68
DLR00012647-2009-07-05_09-32-25	16	6	476	1129	2450	164656	119.878876561	165224	0	163	167	147	92	103	99	156	68	68
DLR00012647-2009-07-05_09-32-25	16	7	545	1130	2674	169391	119.878876561	169676	0	158	162	143	93	104	100	176	68	68
DLR00012647-2009-07-05_09-32-25	16	8	612	1127	2294	152403	119.878876561	153507	0	161	165	145	88	100	96	169	68	68
DLR00012647-2009-07-05_09-32-25	16	9	681	1127	3098	217236	119.878876561	216922	17	160	164	143	89	101	96	200	68	68
DLR00012647-2009-07-05_09-32-25	16	10	750	1129	0	0	119.878876561	6829	0				81	95	93	0	68	68
DLR00012647-2009-07-05_09-32-25	16	11	819	1128	0	0	119.878876561	7656	0				80	94	93	4	68	68
DLR00012647-2009-07-05_09-32-25	16	12	884	1127	1	46	119.878876561	7769	0	123	130	123	81	95	94	0	68	68
DLR00012647-2009-07-05_09-32-25	16	13	952	1123	0	0	119.878876561	6803	0				78	92	91	4	68	68
DLR00012647-2009-07-05_09-32-25	16	14	1022	1128	2582	198660	119.878876561	197883	0	160	164	142	87	99	94	190	68	68
DLR00012647-2009-07-05_09-32-25	16	15	1092	1126	3053	221494	119.878876561	220486	11	155	160	139	85	97	92	214	68	68
DLR00012647-2009-07-05_09-32-25	16	16	1160	1126	2543	188865	119.878876561	188378	0	156	161	140	84	96	93	198	68	68
DLR00012647-2009-07-05_09-32-25	16	17	1230	1125	3306	246165	119.878876561	245446	15	158	162	141	87	99	94	206	68	68
DLR00012647-2009-07-05_09-32-25	16	18	1296	1125	0	0	119.878876561	10107	0				79	93	92	4	68	68
DLR00012647-2009-07-05_09-32-25	16	19	1367	1127	0	0	119.878876561	8893	0				80	94	93	0	68	68
DLR00012647-2009-07-05_09-32-25	16	20	1430	1124	2	162	119.878876561	7475	0	161	169	155	79	93	92	5	68	68
DLR00012647-2009-07-05_09-32-25	16	21	1502	1122	0	0	119.878876561	7298	0				78	91	91	2	68	68
DLR00012647-2009-07-05_09-32-25	16	22	1568	1124	2682	203635	119.878876561	203795	0	157	161	141	86	96	93	119	68	68
DLR00012647-2009-07-05_09-32-25	16	23	1637	1122	3267	233910	119.878876561	233996	10	154	157	138	86	95	91	102	68	68
DLR00012647-2009-07-05_09-32-25	16	24	1707	1124	3108	215724	119.878876561	218512	0	151	154	135	88	97	93	33	68	68
