DLR00012709-2009-07-03_22-39-55	1	1	129	106	2849	183953	114.327255201	181539	18	149	153	138	88	97	94	104	68	68
DLR00012709-2009-07-03_22-39-55	1	2	201	109	2701	175455	114.327255201	173806	0	150	155	140	86	97	94	86	68	68
DLR00012709-2009-07-03_22-39-55	1	3	270	108	2522	163818	114.327255201	162448	0	157	161	145	89	100	98	110	68	68
DLR00012709-2009-07-03_22-39-55	1	4	337	107	2537	159152	114.327255201	158167	0	156	161	145	91	102	100	118	68	68
DLR00012709-2009-07-03_22-39-55	1	5	407	107	2796	182444	114.327255201	180972	0	159	164	147	91	103	100	142	68	68
DLR00012709-2009-07-03_22-39-55	1	6	473	107	2513	153284	114.327255201	151888	0	154	161	144	90	103	101	129	68	68
DLR00012709-2009-07-03_22-39-55	1	7	542	109	2693	176422	114.327255201	174851	4	159	165	146	90	103	100	154	68	68
DLR00012709-2009-07-03_22-39-55	1	8	610	106	2711	168555	114.327255201	167491	0	156	162	144	92	105	101	153	68	68
DLR00012709-2009-07-03_22-39-55	1	9	679	105	2659	171308	114.327255201	170268	0	158	164	145	92	105	101	147	68	68
DLR00012709-2009-07-03_22-39-55	1	10	748	103	2576	153638	114.327255201	152941	0	153	160	142	92	106	101	130	68	68
DLR00012709-2009-07-03_22-39-55	1	11	816	105	2783	179850	114.327255201	178259	0	158	164	144	92	105	101	173	68	68
DLR00012709-2009-07-03_22-39-55	1	12	883	104	2500	156448	114.327255201	155718	0	156	162	143	91	105	100	149	68	68
DLR00012709-2009-07-03_22-39-55	1	13	956	103	2797	167608	114.327255201	166796	3	159	165	144	94	107	102	116	68	68
DLR00012709-2009-07-03_22-39-55	1	14	1022	105	2375	131655	114.327255201	131234	4	152	159	142	90	103	99	111	68	68
DLR00012709-2009-07-03_22-39-55	1	15	1092	105	2592	172603	114.327255201	171454	0	159	165	145	90	103	99	170	68	68
DLR00012709-2009-07-03_22-39-55	1	16	1157	104	2473	155437	114.327255201	154416	0	155	161	143	91	104	100	158	68	68
DLR00012709-2009-07-03_22-39-55	1	17	1227	104	2650	174002	114.327255201	172945	0	158	164	145	91	104	101	168	68	68
DLR00012709-2009-07-03_22-39-55	1	18	1294	104	2490	154358	114.327255201	153190	0	154	161	144	91	104	101	139	68	68
DLR00012709-2009-07-03_22-39-55	1	19	1365	103	2659	173216	114.327255201	172312	0	158	163	146	91	103	100	146	68	68
DLR00012709-2009-07-03_22-39-55	1	20	1431	103	2404	151415	114.327255201	150812	0	153	159	143	89	101	99	140	68	68
DLR00012709-2009-07-03_22-39-55	1	21	1500	105	2661	182726	114.327255201	181644	0	156	161	144	88	100	96	139	68	68
DLR00012709-2009-07-03_22-39-55	1	22	1568	102	2346	149402	114.327255201	148841	0	147	153	138	87	98	94	109	68	68
DLR00012709-2009-07-03_22-39-55	1	23	1637	104	2670	185375	114.327255201	184363	0	150	154	139	85	95	91	64	68	68
DLR00012709-2009-07-03_22-39-55	1	24	1701	104	2482	144997	114.327255201	144593	14	144	149	135	85	94	92	34	68	68
DLR00012709-2009-07-03_22-39-55	2	1	132	175	2890	203112	114.327255201	200981	0	150	155	138	81	92	90	102	68	68
DLR00012709-2009-07-03_22-39-55	2	2	200	176	2300	152278	114.327255201	149976	0	150	155	138	83	95	92	155	68	68
DLR00012709-2009-07-03_22-39-55	2	3	268	174	2725	195926	114.327255201	193496	0	160	164	145	85	97	93	235	68	68
DLR00012709-2009-07-03_22-39-55	2	4	336	174	2181	139805	114.327255201	136916	0	152	158	141	86	99	95	247	68	68
DLR00012709-2009-07-03_22-39-55	2	5	404	174	2529	176229	114.327255201	174313	0	158	164	144	85	99	95	218	68	68
DLR00012709-2009-07-03_22-39-55	2	6	473	173	2442	160083	114.327255201	157545	0	153	160	141	85	100	96	221	68	68
DLR00012709-2009-07-03_22-39-55	2	7	543	174	2512	175076	114.327255201	172815	0	158	164	143	85	99	95	232	68	68
DLR00012709-2009-07-03_22-39-55	2	8	610	172	2392	160281	114.327255201	157606	0	153	160	140	84	99	94	233	68	68
DLR00012709-2009-07-03_22-39-55	2	9	681	173	2666	196815	114.327255201	194430	0	160	165	144	83	97	93	260	68	68
DLR00012709-2009-07-03_22-39-55	2	10	747	171	2368	160892	114.327255201	158535	0	152	159	139	82	97	93	211	68	68
DLR00012709-2009-07-03_22-39-55	2	11	816	173	2650	189894	114.327255201	187778	0	157	163	141	82	97	92	211	68	68
DLR00012709-2009-07-03_22-39-55	2	12	881	172	2503	164182	114.327255201	160800	0	150	158	137	83	98	93	232	68	68
DLR00012709-2009-07-03_22-39-55	2	13	951	171	2599	189988	114.327255201	187460	0	156	162	141	81	96	92	256	68	68
DLR00012709-2009-07-03_22-39-55	2	14	1020	170	2283	160843	114.327255201	158054	0	152	159	139	81	96	92	256	68	68
DLR00012709-2009-07-03_22-39-55	2	15	1090	171	2640	198504	114.327255201	196159	0	158	164	142	82	96	92	263	68	68
DLR00012709-2009-07-03_22-39-55	2	16	1157	171	2232	151208	114.327255201	148753	0	150	158	138	81	96	93	205	68	68
DLR00012709-2009-07-03_22-39-55	2	17	1226	171	2554	185912	114.327255201	183844	0	157	163	142	82	96	93	243	68	68
DLR00012709-2009-07-03_22-39-55	2	18	1292	172	2205	153502	114.327255201	151149	0	153	160	141	82	97	94	238	68	68
DLR00012709-2009-07-03_22-39-55	2	19	1364	174	2495	178191	114.327255201	176401	0	155	161	141	82	96	92	229	68	68
DLR00012709-2009-07-03_22-39-55	2	20	1430	168	2263	156902	114.327255201	153765	0	150	157	140	82	96	93	263	68	68
DLR00012709-2009-07-03_22-39-55	2	21	1500	169	2595	197445	114.327255201	195115	0	156	162	143	82	95	91	233	68	68
DLR00012709-2009-07-03_22-39-55	2	22	1566	170	2449	179492	114.327255201	177260	0	148	154	137	79	92	89	222	68	68
DLR00012709-2009-07-03_22-39-55	2	23	1635	172	2591	206085	114.327255201	204258	0	152	157	138	78	89	86	227	68	68
DLR00012709-2009-07-03_22-39-55	2	24	1702	168	2772	207799	114.327255201	205537	0	147	152	136	79	89	87	138	68	68
DLR00012709-2009-07-03_22-39-55	3	1	136	242	2907	215106	114.327255201	212576	0	155	159	141	82	92	90	205	68	68
DLR00012709-2009-07-03_22-39-55	3	2	202	240	2391	176515	114.327255201	174172	0	157	161	142	84	95	91	223	68	68
DLR00012709-2009-07-03_22-39-55	3	3	270	245	2540	185450	114.327255201	183452	0	159	163	143	84	96	92	214	68	68
DLR00012709-2009-07-03_22-39-55	3	4	336	245	2388	164130	114.327255201	161298	0	156	161	142	85	98	94	252	68	68
DLR00012709-2009-07-03_22-39-55	3	5	407	244	2734	194898	114.327255201	192284	1	160	165	144	84	98	94	243	68	68
DLR00012709-2009-07-03_22-39-55	3	6	472	241	2498	174916	114.327255201	172348	0	158	164	142	85	99	93	245	68	68
DLR00012709-2009-07-03_22-39-55	3	7	543	242	2525	183406	114.327255201	181281	0	160	165	143	83	98	93	232	68	68
DLR00012709-2009-07-03_22-39-55	3	8	611	240	2401	171778	114.327255201	169224	0	158	163	142	83	97	92	252	68	68
DLR00012709-2009-07-03_22-39-55	3	9	682	243	2612	198502	114.327255201	196052	0	162	167	144	82	96	91	272	68	68
DLR00012709-2009-07-03_22-39-55	3	10	750	241	2385	171068	114.327255201	167823	0	156	162	140	82	96	91	304	68	68
DLR00012709-2009-07-03_22-39-55	3	11	817	241	2549	186384	114.327255201	184077	0	156	162	139	81	95	90	262	68	68
DLR00012709-2009-07-03_22-39-55	3	12	886	239	2346	165926	114.327255201	163772	0	154	160	138	81	96	91	228	68	68
DLR00012709-2009-07-03_22-39-55	3	13	952	242	2581	193662	114.327255201	190919	0	158	164	141	80	95	90	261	68	68
DLR00012709-2009-07-03_22-39-55	3	14	1021	239	2465	176879	114.327255201	174270	0	154	160	138	81	96	91	269	68	68
DLR00012709-2009-07-03_22-39-55	3	15	1091	242	2644	206421	114.327255201	203736	0	161	166	142	80	95	90	279	68	68
DLR00012709-2009-07-03_22-39-55	3	16	1160	240	2329	173000	114.327255201	170413	0	156	162	140	80	95	91	268	68	68
DLR00012709-2009-07-03_22-39-55	3	17	1229	240	2605	205047	114.327255201	202403	0	161	166	143	81	95	91	281	68	68
DLR00012709-2009-07-03_22-39-55	3	18	1296	238	2119	149794	114.327255201	147738	0	153	159	138	80	95	91	255	68	68
DLR00012709-2009-07-03_22-39-55	3	19	1365	240	2639	208741	114.327255201	206020	0	161	166	145	81	95	91	287	68	68
DLR00012709-2009-07-03_22-39-55	3	20	1432	239	2272	161991	114.327255201	158821	0	151	158	139	81	95	92	279	68	68
DLR00012709-2009-07-03_22-39-55	3	21	1501	241	2603	206636	114.327255201	204220	0	159	163	143	80	93	90	277	68	68
DLR00012709-2009-07-03_22-39-55	3	22	1568	240	2400	182273	114.327255201	179994	0	151	156	138	79	91	89	247	68	68
DLR00012709-2009-07-03_22-39-55	3	23	1636	242	2714	225851	114.327255201	223110	0	156	160	140	78	90	86	241	68	68
DLR00012709-2009-07-03_22-39-55	3	24	1702	239	2890	236515	114.327255201	233717	0	154	158	140	78	89	86	227	68	68
DLR00012709-2009-07-03_22-39-55	4	1	132	310	2983	234444	114.327255201	231885	0	158	161	143	82	93	90	222	68	68
DLR00012709-2009-07-03_22-39-55	4	2	202	311	2072	141294	114.327255201	139209	0	151	155	138	83	95	91	195	68	68
DLR00012709-2009-07-03_22-39-55	4	3	268	313	2558	189471	114.327255201	187379	0	160	164	144	84	96	92	216	68	68
DLR00012709-2009-07-03_22-39-55	4	4	335	313	2080	133624	114.327255201	130610	0	151	157	139	85	98	94	255	68	68
DLR00012709-2009-07-03_22-39-55	4	5	405	311	2585	186534	114.327255201	184221	1	160	164	143	84	98	93	240	68	68
DLR00012709-2009-07-03_22-39-55	4	6	474	309	2097	137994	114.327255201	134950	0	152	158	139	84	98	93	290	68	68
DLR00012709-2009-07-03_22-39-55	4	7	542	309	2554	187218	114.327255201	184819	0	160	165	143	83	97	92	247	68	68
DLR00012709-2009-07-03_22-39-55	4	8	610	310	2061	138771	114.327255201	135960	0	152	158	138	82	97	92	254	68	68
DLR00012709-2009-07-03_22-39-55	4	9	680	309	2536	188126	114.327255201	185459	0	159	164	142	82	96	91	258	68	68
DLR00012709-2009-07-03_22-39-55	4	10	746	309	2249	156227	114.327255201	152885	0	153	159	137	82	96	91	298	68	68
DLR00012709-2009-07-03_22-39-55	4	11	816	308	2425	178787	114.327255201	176693	0	157	162	140	81	95	90	251	68	68
DLR00012709-2009-07-03_22-39-55	4	12	883	308	2256	158266	114.327255201	155814	0	153	158	137	81	95	90	255	68	68
DLR00012709-2009-07-03_22-39-55	4	13	953	308	2527	190141	114.327255201	187337	0	158	163	140	80	95	90	286	68	68
DLR00012709-2009-07-03_22-39-55	4	14	1020	307	2215	152534	114.327255201	149857	0	150	156	135	80	95	90	258	68	68
DLR00012709-2009-07-03_22-39-55	4	15	1090	309	2458	186401	114.327255201	184323	0	157	163	140	80	94	90	239	68	68
DLR00012709-2009-07-03_22-39-55	4	16	1156	307	2184	153112	114.327255201	149459	0	151	157	136	80	95	90	287	68	68
DLR00012709-2009-07-03_22-39-55	4	17	1227	308	2347	177632	114.327255201	175654	0	157	162	140	80	94	90	235	68	68
DLR00012709-2009-07-03_22-39-55	4	18	1293	308	2207	157788	114.327255201	154478	0	152	158	138	80	95	91	298	68	68
DLR00012709-2009-07-03_22-39-55	4	19	1363	307	2686	208004	114.327255201	205449	0	158	163	142	80	94	90	282	68	68
DLR00012709-2009-07-03_22-39-55	4	20	1432	306	2192	154945	114.327255201	151979	0	150	157	138	80	95	91	263	68	68
DLR00012709-2009-07-03_22-39-55	4	21	1499	307	2548	194507	114.327255201	192258	0	155	160	141	80	93	90	268	68	68
DLR00012709-2009-07-03_22-39-55	4	22	1565	306	2264	167013	114.327255201	164420	0	148	154	137	79	92	89	233	68	68
DLR00012709-2009-07-03_22-39-55	4	23	1635	307	2738	227347	114.327255201	224604	0	156	160	140	78	90	86	256	68	68
DLR00012709-2009-07-03_22-39-55	4	24	1702	308	2862	229468	114.327255201	226503	0	153	158	140	78	90	87	226	68	68
DLR00012709-2009-07-03_22-39-55	5	1	135	380	2974	225882	114.327255201	223456	0	156	160	141	82	93	90	206	68	68
DLR00012709-2009-07-03_22-39-55	5	2	203	381	2426	174717	114.327255201	172350	0	155	159	140	83	94	91	206	68	68
DLR00012709-2009-07-03_22-39-55	5	3	269	379	2701	204268	114.327255201	201873	0	161	165	145	84	96	92	243	68	68
DLR00012709-2009-07-03_22-39-55	5	4	337	378	2362	163566	114.327255201	161558	0	156	161	141	84	97	93	199	68	68
DLR00012709-2009-07-03_22-39-55	5	5	408	379	2542	183542	114.327255201	181288	0	160	165	144	83	97	93	234	68	68
DLR00012709-2009-07-03_22-39-55	5	6	475	377	2176	147621	114.327255201	145542	0	154	160	140	83	97	93	236	68	68
DLR00012709-2009-07-03_22-39-55	5	7	543	380	2658	196301	114.327255201	193602	0	160	165	143	82	97	92	268	68	68
DLR00012709-2009-07-03_22-39-55	5	8	611	378	2280	162931	114.327255201	159549	0	156	162	141	83	97	92	300	68	68
DLR00012709-2009-07-03_22-39-55	5	9	683	379	2616	197644	114.327255201	195087	0	161	165	142	81	95	90	260	68	68
DLR00012709-2009-07-03_22-39-55	5	10	749	377	2422	169624	114.327255201	166873	0	153	159	137	81	95	90	251	68	68
DLR00012709-2009-07-03_22-39-55	5	11	819	377	2594	192508	114.327255201	189352	0	158	163	140	80	94	89	293	68	68
DLR00012709-2009-07-03_22-39-55	5	12	885	379	2379	169065	114.327255201	166152	0	153	159	137	80	94	89	263	68	68
DLR00012709-2009-07-03_22-39-55	5	13	955	377	2697	214358	114.327255201	211371	0	161	166	142	79	94	89	303	68	68
DLR00012709-2009-07-03_22-39-55	5	14	1022	376	2201	154732	114.327255201	151637	0	151	157	136	80	94	90	267	68	68
DLR00012709-2009-07-03_22-39-55	5	15	1091	379	2598	200287	114.327255201	197727	0	158	163	140	79	94	89	258	68	68
DLR00012709-2009-07-03_22-39-55	5	16	1157	379	2331	169798	114.327255201	166051	0	153	159	138	80	94	90	300	68	68
DLR00012709-2009-07-03_22-39-55	5	17	1229	378	2576	197667	114.327255201	195039	0	157	162	141	80	94	90	283	68	68
DLR00012709-2009-07-03_22-39-55	5	18	1295	377	2178	154315	114.327255201	150734	0	150	157	137	80	94	91	285	68	68
DLR00012709-2009-07-03_22-39-55	5	19	1365	377	2559	197293	114.327255201	194892	0	158	163	142	80	94	90	251	68	68
DLR00012709-2009-07-03_22-39-55	5	20	1432	376	2352	170347	114.327255201	166998	0	152	158	139	80	95	91	281	68	68
DLR00012709-2009-07-03_22-39-55	5	21	1501	377	2282	169026	114.327255201	166269	0	151	158	139	80	93	91	231	68	68
DLR00012709-2009-07-03_22-39-55	5	22	1566	375	2198	162412	114.327255201	159886	0	148	154	137	78	91	89	251	68	68
DLR00012709-2009-07-03_22-39-55	5	23	1637	376	2613	216565	114.327255201	214464	0	154	159	139	77	90	87	235	68	68
DLR00012709-2009-07-03_22-39-55	5	24	1704	375	2681	219599	114.327255201	216980	0	154	159	141	78	90	87	235	68	68
DLR00012709-2009-07-03_22-39-55	6	1	134	448	2919	221991	114.327255201	219299	0	158	161	143	82	93	90	205	68	68
DLR00012709-2009-07-03_22-39-55	6	2	202	447	2480	174749	114.327255201	171930	0	153	157	139	83	95	92	210	68	68
DLR00012709-2009-07-03_22-39-55	6	3	269	446	2701	206490	114.327255201	203984	0	162	165	145	84	96	92	226	68	68
DLR00012709-2009-07-03_22-39-55	6	4	338	448	2098	138006	114.327255201	134215	0	151	157	139	85	98	94	248	68	68
DLR00012709-2009-07-03_22-39-55	6	5	406	446	2599	191918	114.327255201	189663	0	161	166	145	83	98	93	240	68	68
DLR00012709-2009-07-03_22-39-55	6	6	475	447	1950	129407	114.327255201	127377	0	151	158	138	83	97	93	205	68	68
DLR00012709-2009-07-03_22-39-55	6	7	543	445	2392	174819	114.327255201	172633	0	158	163	142	82	96	91	257	68	68
DLR00012709-2009-07-03_22-39-55	6	8	611	446	2154	147814	114.327255201	144084	0	152	158	138	82	96	91	323	68	68
DLR00012709-2009-07-03_22-39-55	6	9	680	446	2463	180602	114.327255201	178484	0	157	162	140	81	95	90	237	68	68
DLR00012709-2009-07-03_22-39-55	6	10	746	446	2009	132569	114.327255201	130089	0	148	155	135	81	95	90	230	68	68
DLR00012709-2009-07-03_22-39-55	6	11	821	443	2662	201191	114.327255201	198314	0	158	163	140	80	94	89	278	68	68
DLR00012709-2009-07-03_22-39-55	6	12	888	444	2094	144516	114.327255201	141609	0	150	156	135	80	94	89	266	68	68
DLR00012709-2009-07-03_22-39-55	6	13	952	444	2554	191904	114.327255201	189410	0	156	161	139	79	93	88	251	68	68
DLR00012709-2009-07-03_22-39-55	6	14	1022	444	2124	146169	114.327255201	142234	0	149	155	135	80	94	89	291	68	68
DLR00012709-2009-07-03_22-39-55	6	15	1090	446	2583	199585	114.327255201	197064	0	158	162	140	79	93	88	265	68	68
DLR00012709-2009-07-03_22-39-55	6	16	1159	444	2217	159588	114.327255201	156453	0	151	158	137	80	94	89	280	68	68
DLR00012709-2009-07-03_22-39-55	6	17	1229	445	2497	190557	114.327255201	188109	0	156	162	140	79	93	89	266	68	68
DLR00012709-2009-07-03_22-39-55	6	18	1296	447	2225	156772	114.327255201	153530	0	150	156	137	80	94	90	264	68	68
DLR00012709-2009-07-03_22-39-55	6	19	1363	444	2589	196200	114.327255201	193525	0	156	161	141	79	94	90	247	68	68
DLR00012709-2009-07-03_22-39-55	6	20	1431	445	2332	166419	114.327255201	163771	0	150	157	138	79	94	91	232	68	68
DLR00012709-2009-07-03_22-39-55	6	21	1499	444	2515	195200	114.327255201	192580	0	155	161	141	79	93	90	273	68	68
DLR00012709-2009-07-03_22-39-55	6	22	1569	442	2334	176908	114.327255201	173503	0	150	156	138	79	92	89	267	68	68
DLR00012709-2009-07-03_22-39-55	6	23	1635	441	2624	216758	114.327255201	214171	0	154	159	140	77	90	87	256	68	68
DLR00012709-2009-07-03_22-39-55	6	24	1704	443	2688	226968	114.327255201	224593	0	154	159	141	77	89	87	222	68	68
DLR00012709-2009-07-03_22-39-55	7	1	136	517	3058	229596	114.327255201	226481	0	158	162	143	82	93	91	225	68	68
DLR00012709-2009-07-03_22-39-55	7	2	203	517	2414	170120	114.327255201	167095	0	154	158	140	84	96	92	233	68	68
DLR00012709-2009-07-03_22-39-55	7	3	271	517	2603	198272	114.327255201	196043	0	162	166	145	83	96	92	232	68	68
DLR00012709-2009-07-03_22-39-55	7	4	338	518	2146	144318	114.327255201	142089	0	153	159	140	83	97	94	213	68	68
DLR00012709-2009-07-03_22-39-55	7	5	408	515	2554	188662	114.327255201	186511	0	160	165	144	82	97	93	213	68	68
DLR00012709-2009-07-03_22-39-55	7	6	477	516	2189	153455	114.327255201	151213	0	155	161	140	82	97	93	234	68	68
DLR00012709-2009-07-03_22-39-55	7	7	544	517	2826	215430	114.327255201	212498	0	161	166	144	82	96	91	287	68	68
DLR00012709-2009-07-03_22-39-55	7	8	613	514	2350	161429	114.327255201	158300	0	152	158	138	82	96	91	257	68	68
DLR00012709-2009-07-03_22-39-55	7	9	680	515	2476	185409	114.327255201	182960	0	159	164	141	81	95	90	255	68	68
DLR00012709-2009-07-03_22-39-55	7	10	747	514	2291	161921	114.327255201	159645	0	153	158	137	80	94	89	252	68	68
DLR00012709-2009-07-03_22-39-55	7	11	820	514	2730	214303	114.327255201	211447	0	160	165	142	80	94	88	278	68	68
DLR00012709-2009-07-03_22-39-55	7	12	887	514	2094	146951	114.327255201	143685	0	151	156	135	80	93	88	303	68	68
DLR00012709-2009-07-03_22-39-55	7	13	955	514	2639	205878	114.327255201	203238	0	159	163	140	79	93	88	284	68	68
DLR00012709-2009-07-03_22-39-55	7	14	1023	513	2171	150269	114.327255201	145996	0	149	155	135	80	94	89	328	68	68
DLR00012709-2009-07-03_22-39-55	7	15	1093	515	2692	211541	114.327255201	208545	0	159	163	141	79	93	88	300	68	68
DLR00012709-2009-07-03_22-39-55	7	16	1159	513	2273	161001	114.327255201	157113	0	150	156	136	80	94	89	297	68	68
DLR00012709-2009-07-03_22-39-55	7	17	1228	516	2619	205828	114.327255201	203036	0	158	163	141	79	93	89	278	68	68
DLR00012709-2009-07-03_22-39-55	7	18	1296	514	2185	155036	114.327255201	152039	0	150	156	136	79	93	90	249	68	68
DLR00012709-2009-07-03_22-39-55	7	19	1363	513	2603	201527	114.327255201	198901	0	157	162	141	79	93	90	269	68	68
DLR00012709-2009-07-03_22-39-55	7	20	1431	511	2220	153230	114.327255201	149932	0	146	154	136	79	93	90	256	68	68
DLR00012709-2009-07-03_22-39-55	7	21	1500	513	2518	196311	114.327255201	193959	0	154	160	141	79	93	90	245	68	68
DLR00012709-2009-07-03_22-39-55	7	22	1567	512	2443	182387	114.327255201	179718	0	149	155	137	78	92	89	226	68	68
DLR00012709-2009-07-03_22-39-55	7	23	1637	515	2588	210582	114.327255201	207207	0	154	159	140	78	91	87	270	68	68
DLR00012709-2009-07-03_22-39-55	7	24	1704	512	2902	247443	114.327255201	244816	0	155	160	142	77	90	87	248	68	68
DLR00012709-2009-07-03_22-39-55	8	1	133	586	3127	231441	114.327255201	229193	0	157	162	143	82	94	92	221	68	68
DLR00012709-2009-07-03_22-39-55	8	2	202	584	2379	162128	114.327255201	158863	0	152	157	139	84	97	93	246	68	68
DLR00012709-2009-07-03_22-39-55	8	3	269	584	2585	192668	114.327255201	190321	0	160	165	145	83	97	93	223	68	68
DLR00012709-2009-07-03_22-39-55	8	4	339	584	2022	133935	114.327255201	130824	0	151	158	139	83	97	94	260	68	68
DLR00012709-2009-07-03_22-39-55	8	5	408	584	2553	189044	114.327255201	186588	0	160	165	144	83	97	93	244	68	68
DLR00012709-2009-07-03_22-39-55	8	6	474	585	2040	137628	114.327255201	134179	0	152	159	139	83	97	93	299	68	68
DLR00012709-2009-07-03_22-39-55	8	7	544	584	2660	193835	114.327255201	191215	0	158	163	141	82	96	91	247	68	68
DLR00012709-2009-07-03_22-39-55	8	8	611	583	2289	155384	114.327255201	152654	0	151	157	137	82	96	91	231	68	68
DLR00012709-2009-07-03_22-39-55	8	9	679	584	2534	189115	114.327255201	186893	0	158	163	140	80	94	89	253	68	68
DLR00012709-2009-07-03_22-39-55	8	10	748	583	2221	152571	114.327255201	148870	0	150	156	136	81	95	90	252	68	68
DLR00012709-2009-07-03_22-39-55	8	11	819	581	2443	183448	114.327255201	181275	0	157	162	139	80	93	88	263	68	68
DLR00012709-2009-07-03_22-39-55	8	12	886	580	2201	149348	114.327255201	145429	0	148	154	134	80	94	89	278	68	68
DLR00012709-2009-07-03_22-39-55	8	13	955	581	2420	181183	114.327255201	179092	0	155	160	138	79	93	88	251	68	68
DLR00012709-2009-07-03_22-39-55	8	14	1021	580	2203	152464	114.327255201	149001	0	148	154	134	80	93	88	288	68	68
DLR00012709-2009-07-03_22-39-55	8	15	1092	582	2628	197406	114.327255201	194648	0	155	160	137	79	92	88	265	68	68
DLR00012709-2009-07-03_22-39-55	8	16	1159	580	2213	155502	114.327255201	152038	0	149	155	135	79	93	88	280	68	68
DLR00012709-2009-07-03_22-39-55	8	17	1227	583	2605	198641	114.327255201	195618	0	156	161	139	79	93	89	271	68	68
DLR00012709-2009-07-03_22-39-55	8	18	1294	582	2248	161866	114.327255201	159067	0	150	157	137	79	93	89	252	68	68
DLR00012709-2009-07-03_22-39-55	8	19	1363	579	2560	191274	114.327255201	188808	0	153	159	138	78	93	89	253	68	68
DLR00012709-2009-07-03_22-39-55	8	20	1429	577	2123	152677	114.327255201	150124	0	149	156	137	78	93	90	247	68	68
DLR00012709-2009-07-03_22-39-55	8	21	1499	579	2454	190521	114.327255201	188448	0	154	160	140	78	92	89	226	68	68
DLR00012709-2009-07-03_22-39-55	8	22	1567	580	2334	178563	114.327255201	176559	0	150	156	138	77	91	89	227	68	68
DLR00012709-2009-07-03_22-39-55	8	23	1636	580	2586	210481	114.327255201	208118	0	154	159	140	77	90	87	230	68	68
DLR00012709-2009-07-03_22-39-55	8	24	1704	578	2795	234167	114.327255201	231286	0	154	159	141	77	90	87	225	68	68
DLR00012709-2009-07-03_22-39-55	9	1	136	655	2880	214040	114.327255201	211380	0	157	161	143	81	94	92	180	68	68
DLR00012709-2009-07-03_22-39-55	9	2	202	653	2448	180359	114.327255201	178234	0	157	161	142	83	96	92	192	68	68
DLR00012709-2009-07-03_22-39-55	9	3	271	653	2594	186673	114.327255201	184317	0	158	162	142	83	97	93	218	68	68
DLR00012709-2009-07-03_22-39-55	9	4	338	651	2537	174608	114.327255201	172192	0	154	160	141	83	97	93	208	68	68
DLR00012709-2009-07-03_22-39-55	9	5	408	654	2583	186948	114.327255201	184396	0	159	164	143	83	97	93	231	68	68
DLR00012709-2009-07-03_22-39-55	9	6	475	654	2325	158240	114.327255201	155247	0	153	159	139	83	97	93	220	68	68
DLR00012709-2009-07-03_22-39-55	9	7	544	653	2407	177574	114.327255201	175364	0	158	163	142	81	96	91	244	68	68
DLR00012709-2009-07-03_22-39-55	9	8	612	654	2450	171911	114.327255201	169714	0	154	159	138	81	95	90	230	68	68
DLR00012709-2009-07-03_22-39-55	9	9	680	652	2550	191100	114.327255201	188964	0	158	163	140	81	94	89	228	68	68
DLR00012709-2009-07-03_22-39-55	9	10	749	650	2347	166573	114.327255201	164187	0	152	157	136	80	94	89	243	68	68
DLR00012709-2009-07-03_22-39-55	9	11	818	653	2763	213117	114.327255201	210073	0	158	163	140	80	93	88	286	68	68
DLR00012709-2009-07-03_22-39-55	9	12	885	652	2156	147513	114.327255201	144761	0	148	154	134	79	93	88	250	68	68
DLR00012709-2009-07-03_22-39-55	9	13	955	652	2686	212517	114.327255201	209785	1	158	163	140	79	92	87	282	68	68
DLR00012709-2009-07-03_22-39-55	9	14	1023	651	2310	168941	114.327255201	165832	0	152	157	136	78	92	87	297	68	68
DLR00012709-2009-07-03_22-39-55	9	15	1091	652	2685	213399	114.327255201	210609	0	158	162	139	78	92	87	291	68	68
DLR00012709-2009-07-03_22-39-55	9	16	1159	650	2134	152958	114.327255201	150579	0	149	155	134	77	92	88	221	68	68
DLR00012709-2009-07-03_22-39-55	9	17	1231	651	2473	191683	114.327255201	189539	0	155	160	138	78	92	88	240	68	68
DLR00012709-2009-07-03_22-39-55	9	18	1299	650	2221	162160	114.327255201	158836	0	150	157	137	79	93	89	270	68	68
DLR00012709-2009-07-03_22-39-55	9	19	1365	649	2579	202240	114.327255201	199760	0	156	162	141	78	93	89	255	68	68
DLR00012709-2009-07-03_22-39-55	9	20	1432	647	2277	166299	114.327255201	163747	0	150	156	137	78	93	90	239	68	68
DLR00012709-2009-07-03_22-39-55	9	21	1502	649	2440	190178	114.327255201	187704	0	154	160	140	77	92	89	281	68	68
DLR00012709-2009-07-03_22-39-55	9	22	1570	647	2106	154844	114.327255201	151459	0	146	153	136	77	91	89	277	68	68
DLR00012709-2009-07-03_22-39-55	9	23	1638	652	2687	222097	114.327255201	219632	0	155	160	140	78	90	87	243	68	68
DLR00012709-2009-07-03_22-39-55	9	24	1704	649	2760	230697	114.327255201	228238	0	154	159	141	77	89	87	225	68	68
DLR00012709-2009-07-03_22-39-55	10	1	134	721	3065	230185	114.327255201	227856	11	157	161	143	82	94	92	191	68	68
DLR00012709-2009-07-03_22-39-55	10	2	202	719	1958	131725	114.327255201	129463	0	149	155	138	82	96	92	189	68	68
DLR00012709-2009-07-03_22-39-55	10	3	273	720	2551	188818	114.327255201	186724	0	159	164	144	82	96	92	228	68	68
DLR00012709-2009-07-03_22-39-55	10	4	340	719	1968	132340	114.327255201	130187	0	152	158	140	83	97	94	222	68	68
DLR00012709-2009-07-03_22-39-55	10	5	407	720	2501	186150	114.327255201	183929	0	161	166	145	83	97	93	234	68	68
DLR00012709-2009-07-03_22-39-55	10	6	475	720	2272	156387	114.327255201	153747	0	153	159	140	82	97	93	236	68	68
DLR00012709-2009-07-03_22-39-55	10	7	544	721	2560	191373	114.327255201	189169	0	159	164	142	81	95	91	261	68	68
DLR00012709-2009-07-03_22-39-55	10	8	613	721	2112	142768	114.327255201	140597	0	150	156	136	81	95	90	218	68	68
DLR00012709-2009-07-03_22-39-55	10	9	681	720	2511	187445	114.327255201	184952	0	156	161	139	80	94	89	253	68	68
DLR00012709-2009-07-03_22-39-55	10	10	747	720	2296	159756	114.327255201	157422	0	150	155	134	80	94	89	213	68	68
DLR00012709-2009-07-03_22-39-55	10	11	817	718	2491	184851	114.327255201	182073	0	155	160	138	79	93	88	251	68	68
DLR00012709-2009-07-03_22-39-55	10	12	884	718	2245	160774	114.327255201	157869	0	151	157	136	79	93	88	265	68	68
DLR00012709-2009-07-03_22-39-55	10	13	955	720	2486	191809	114.327255201	189033	0	156	161	138	79	92	87	270	68	68
DLR00012709-2009-07-03_22-39-55	10	14	1022	719	2236	158591	114.327255201	155595	0	149	155	134	79	93	88	240	68	68
DLR00012709-2009-07-03_22-39-55	10	15	1090	718	2620	203502	114.327255201	200525	0	155	160	138	78	92	87	272	68	68
DLR00012709-2009-07-03_22-39-55	10	16	1160	717	2198	161114	114.327255201	157913	0	149	155	135	78	92	87	253	68	68
DLR00012709-2009-07-03_22-39-55	10	17	1229	719	2650	210738	114.327255201	207990	0	156	161	139	78	92	88	283	68	68
DLR00012709-2009-07-03_22-39-55	10	18	1296	718	2043	145599	114.327255201	141845	0	148	154	135	79	93	89	268	68	68
DLR00012709-2009-07-03_22-39-55	10	19	1364	715	2501	191810	114.327255201	188917	0	153	159	139	78	92	89	275	68	68
DLR00012709-2009-07-03_22-39-55	10	20	1433	714	2029	140480	114.327255201	137894	0	145	152	135	78	92	90	253	68	68
DLR00012709-2009-07-03_22-39-55	10	21	1501	715	2499	197600	114.327255201	195317	0	155	160	140	78	92	89	244	68	68
DLR00012709-2009-07-03_22-39-55	10	22	1569	715	2379	184281	114.327255201	181546	0	150	156	138	77	91	88	261	68	68
DLR00012709-2009-07-03_22-39-55	10	23	1637	717	2681	220494	114.327255201	217960	0	155	160	140	78	90	86	238	68	68
DLR00012709-2009-07-03_22-39-55	10	24	1704	716	2739	225653	114.327255201	222990	0	153	158	140	77	89	87	231	68	68
DLR00012709-2009-07-03_22-39-55	11	1	136	790	2984	219882	114.327255201	217932	19	156	161	143	82	94	92	173	68	68
DLR00012709-2009-07-03_22-39-55	11	2	204	788	2469	177853	114.327255201	174650	0	156	160	142	84	97	93	231	68	68
DLR00012709-2009-07-03_22-39-55	11	3	271	791	2703	208334	114.327255201	205939	0	163	167	146	84	97	93	240	68	68
DLR00012709-2009-07-03_22-39-55	11	4	338	792	2321	156539	114.327255201	154236	0	154	159	140	84	98	93	201	68	68
DLR00012709-2009-07-03_22-39-55	11	5	410	789	2711	199280	114.327255201	196679	0	161	165	144	83	97	93	242	68	68
DLR00012709-2009-07-03_22-39-55	11	6	477	789	2338	156287	114.327255201	153800	0	151	157	138	82	97	92	219	68	68
DLR00012709-2009-07-03_22-39-55	11	7	546	789	2558	191476	114.327255201	189225	0	159	164	142	81	96	91	254	68	68
DLR00012709-2009-07-03_22-39-55	11	8	614	788	2293	158609	114.327255201	155690	0	151	157	137	81	95	90	235	68	68
DLR00012709-2009-07-03_22-39-55	11	9	681	790	2714	209335	114.327255201	206602	0	158	163	141	80	94	89	258	68	68
DLR00012709-2009-07-03_22-39-55	11	10	749	789	2169	154218	114.327255201	151978	0	151	157	136	79	93	88	233	68	68
DLR00012709-2009-07-03_22-39-55	11	11	818	787	2518	187697	114.327255201	185284	0	154	160	137	79	93	88	275	68	68
DLR00012709-2009-07-03_22-39-55	11	12	884	787	2263	164989	114.327255201	162676	0	152	157	135	78	92	88	248	68	68
DLR00012709-2009-07-03_22-39-55	11	13	955	788	2675	214908	114.327255201	212091	0	158	163	139	78	92	87	267	68	68
DLR00012709-2009-07-03_22-39-55	11	14	1022	788	2217	156696	114.327255201	153732	0	148	154	133	79	93	88	245	68	68
DLR00012709-2009-07-03_22-39-55	11	15	1092	790	2546	201146	114.327255201	198583	0	155	160	138	78	91	86	270	68	68
DLR00012709-2009-07-03_22-39-55	11	16	1160	786	2172	155869	114.327255201	152536	0	147	153	133	78	92	87	251	68	68
DLR00012709-2009-07-03_22-39-55	11	17	1230	788	2519	194227	114.327255201	191493	0	154	159	137	78	92	87	264	68	68
DLR00012709-2009-07-03_22-39-55	11	18	1296	788	2313	171376	114.327255201	168317	0	150	156	136	77	92	88	255	68	68
DLR00012709-2009-07-03_22-39-55	11	19	1365	786	2565	202557	114.327255201	199700	0	154	160	139	78	92	88	285	68	68
DLR00012709-2009-07-03_22-39-55	11	20	1433	782	2081	151500	114.327255201	148417	0	148	155	136	78	92	89	232	68	68
DLR00012709-2009-07-03_22-39-55	11	21	1501	786	2439	190743	114.327255201	188178	0	153	159	139	78	92	88	253	68	68
DLR00012709-2009-07-03_22-39-55	11	22	1569	784	2295	168962	114.327255201	165865	0	146	153	135	78	91	88	241	68	68
DLR00012709-2009-07-03_22-39-55	11	23	1637	787	2650	222082	114.327255201	219530	0	154	159	139	77	89	86	246	68	68
DLR00012709-2009-07-03_22-39-55	11	24	1704	784	2820	235149	114.327255201	232240	0	153	158	140	76	89	86	233	68	68
DLR00012709-2009-07-03_22-39-55	12	1	135	857	3040	226039	114.327255201	223625	0	157	161	143	83	95	92	179	68	68
DLR00012709-2009-07-03_22-39-55	12	2	202	854	2285	156203	114.327255201	152980	0	152	157	139	84	97	93	222	68	68
DLR00012709-2009-07-03_22-39-55	12	3	272	859	2524	187729	114.327255201	185684	0	160	164	144	83	96	92	208	68	68
DLR00012709-2009-07-03_22-39-55	12	4	340	860	2083	138551	114.327255201	134525	0	152	158	140	85	98	94	274	68	68
DLR00012709-2009-07-03_22-39-55	12	5	409	856	2586	187621	114.327255201	185321	0	159	164	144	83	97	93	241	68	68
DLR00012709-2009-07-03_22-39-55	12	6	476	856	2198	144897	114.327255201	142864	0	150	156	137	82	97	93	188	68	68
DLR00012709-2009-07-03_22-39-55	12	7	545	856	2568	189223	114.327255201	187164	0	158	163	141	81	95	91	223	68	68
DLR00012709-2009-07-03_22-39-55	12	8	613	856	2107	148543	114.327255201	145648	0	152	158	137	81	95	90	243	68	68
DLR00012709-2009-07-03_22-39-55	12	9	682	857	2481	189711	114.327255201	187578	0	158	162	140	80	94	89	218	68	68
DLR00012709-2009-07-03_22-39-55	12	10	750	857	1977	134475	114.327255201	131230	0	147	154	134	80	94	89	216	68	68
DLR00012709-2009-07-03_22-39-55	12	11	816	856	2520	197989	114.327255201	195581	0	157	162	139	79	92	88	266	68	68
DLR00012709-2009-07-03_22-39-55	12	12	887	854	1930	140846	114.327255201	138752	0	150	156	135	78	92	88	238	68	68
DLR00012709-2009-07-03_22-39-55	12	13	954	855	2485	188094	114.327255201	185483	0	152	157	136	78	92	87	254	68	68
DLR00012709-2009-07-03_22-39-55	12	14	1022	853	2248	166016	114.327255201	163485	0	149	155	134	77	91	87	264	68	68
DLR00012709-2009-07-03_22-39-55	12	15	1092	855	2539	201046	114.327255201	198132	0	155	159	137	78	91	86	277	68	68
DLR00012709-2009-07-03_22-39-55	12	16	1158	855	2157	157427	114.327255201	154733	0	148	154	134	77	91	87	266	68	68
DLR00012709-2009-07-03_22-39-55	12	17	1227	855	2649	211900	114.327255201	208590	0	155	160	139	78	91	87	307	68	68
DLR00012709-2009-07-03_22-39-55	12	18	1294	854	2323	170642	114.327255201	168109	0	148	154	134	77	91	87	230	68	68
DLR00012709-2009-07-03_22-39-55	12	19	1363	851	2388	192914	114.327255201	190701	0	155	160	140	77	91	88	254	68	68
DLR00012709-2009-07-03_22-39-55	12	20	1432	851	2021	151171	114.327255201	148800	0	148	155	136	77	91	88	245	68	68
DLR00012709-2009-07-03_22-39-55	12	21	1501	853	2555	206154	114.327255201	203781	0	155	160	140	77	91	88	267	68	68
DLR00012709-2009-07-03_22-39-55	12	22	1569	852	2132	160538	114.327255201	157755	0	147	153	136	77	90	87	252	68	68
DLR00012709-2009-07-03_22-39-55	12	23	1637	851	2544	207532	114.327255201	205034	0	151	156	137	76	88	85	218	68	68
DLR00012709-2009-07-03_22-39-55	12	24	1704	852	2797	234506	114.327255201	232119	0	153	157	139	76	88	85	220	68	68
DLR00012709-2009-07-03_22-39-55	13	1	137	927	2964	222240	114.327255201	220021	0	158	162	143	83	95	92	148	68	68
DLR00012709-2009-07-03_22-39-55	13	2	204	927	2353	167013	114.327255201	164683	0	154	159	141	84	96	92	181	68	68
DLR00012709-2009-07-03_22-39-55	13	3	272	927	2450	183274	114.327255201	181476	0	160	164	144	83	96	92	202	68	68
DLR00012709-2009-07-03_22-39-55	13	4	340	926	2108	142418	114.327255201	140595	0	153	159	140	83	97	93	217	68	68
DLR00012709-2009-07-03_22-39-55	13	5	410	927	2497	180406	114.327255201	178195	0	158	163	143	83	97	93	246	68	68
DLR00012709-2009-07-03_22-39-55	13	6	478	927	2214	150706	114.327255201	147880	0	153	159	139	83	97	93	243	68	68
DLR00012709-2009-07-03_22-39-55	13	7	546	925	2616	194780	114.327255201	192422	0	158	163	142	82	96	91	234	68	68
DLR00012709-2009-07-03_22-39-55	13	8	614	925	2107	144303	114.327255201	141471	0	149	155	136	81	95	91	208	68	68
DLR00012709-2009-07-03_22-39-55	13	9	683	925	2619	202736	114.327255201	200311	0	158	163	140	80	94	89	247	68	68
DLR00012709-2009-07-03_22-39-55	13	10	749	925	2378	169627	114.327255201	166502	0	150	156	135	80	94	89	258	68	68
DLR00012709-2009-07-03_22-39-55	13	11	820	924	2581	204058	114.327255201	201353	0	157	162	139	79	92	88	280	68	68
DLR00012709-2009-07-03_22-39-55	13	12	887	925	2157	153058	114.327255201	150127	0	148	154	133	79	92	88	253	68	68
DLR00012709-2009-07-03_22-39-55	13	13	956	924	2543	203728	114.327255201	201191	0	157	161	139	78	91	87	271	68	68
DLR00012709-2009-07-03_22-39-55	13	14	1023	923	2161	157091	114.327255201	153789	0	148	154	134	78	91	87	268	68	68
DLR00012709-2009-07-03_22-39-55	13	15	1092	922	2529	203750	114.327255201	200906	0	155	160	138	77	91	87	275	68	68
DLR00012709-2009-07-03_22-39-55	13	16	1162	923	1990	148584	114.327255201	145740	0	148	154	134	76	90	87	282	68	68
DLR00012709-2009-07-03_22-39-55	13	17	1230	922	2456	192974	114.327255201	190140	0	153	158	137	77	91	87	276	68	68
DLR00012709-2009-07-03_22-39-55	13	18	1297	922	2389	180990	114.327255201	177598	0	151	157	137	78	92	88	304	68	68
DLR00012709-2009-07-03_22-39-55	13	19	1365	924	2464	199256	114.327255201	197162	0	155	160	139	77	91	87	259	68	68
DLR00012709-2009-07-03_22-39-55	13	20	1433	922	2269	170338	114.327255201	167805	0	148	154	136	77	90	87	265	68	68
DLR00012709-2009-07-03_22-39-55	13	21	1503	924	2581	213691	114.327255201	211172	0	155	160	141	77	90	87	256	68	68
DLR00012709-2009-07-03_22-39-55	13	22	1571	920	2254	173697	114.327255201	171923	0	147	153	135	76	89	86	212	68	68
DLR00012709-2009-07-03_22-39-55	13	23	1638	923	2765	235882	114.327255201	233438	0	154	158	139	77	89	85	266	68	68
DLR00012709-2009-07-03_22-39-55	13	24	1705	921	2868	240248	114.327255201	237578	0	153	157	139	77	88	85	220	68	68
DLR00012709-2009-07-03_22-39-55	14	1	138	994	2908	215916	114.327255201	213223	0	157	161	143	83	94	92	181	68	68
DLR00012709-2009-07-03_22-39-55	14	2	209	995	2140	146995	114.327255201	144233	0	152	157	139	83	96	92	234	68	68
DLR00012709-2009-07-03_22-39-55	14	3	274	993	2540	191882	114.327255201	190136	0	162	165	145	84	96	93	232	68	68
DLR00012709-2009-07-03_22-39-55	14	4	343	993	2082	141155	114.327255201	138498	0	154	159	141	84	97	94	269	68	68
DLR00012709-2009-07-03_22-39-55	14	5	409	994	2582	185479	114.327255201	183294	0	159	163	143	84	97	93	232	68	68
DLR00012709-2009-07-03_22-39-55	14	6	477	994	2222	143207	114.327255201	139588	0	149	156	138	84	98	94	238	68	68
DLR00012709-2009-07-03_22-39-55	14	7	546	993	2519	187745	114.327255201	185433	0	158	163	142	82	96	92	231	68	68
DLR00012709-2009-07-03_22-39-55	14	8	614	993	2069	143105	114.327255201	139725	0	150	156	137	81	95	91	260	68	68
DLR00012709-2009-07-03_22-39-55	14	9	683	993	2458	191445	114.327255201	189346	0	157	162	141	79	93	89	249	68	68
DLR00012709-2009-07-03_22-39-55	14	10	752	991	2220	157721	114.327255201	154268	0	149	155	135	80	93	89	278	68	68
DLR00012709-2009-07-03_22-39-55	14	11	820	991	2505	193796	114.327255201	191203	0	155	160	138	78	92	88	272	68	68
DLR00012709-2009-07-03_22-39-55	14	12	886	992	2104	157046	114.327255201	153248	0	151	156	136	79	92	88	303	68	68
DLR00012709-2009-07-03_22-39-55	14	13	956	991	2337	187836	114.327255201	185136	0	155	160	139	77	91	87	281	68	68
DLR00012709-2009-07-03_22-39-55	14	14	1023	991	2154	161297	114.327255201	157028	0	148	154	135	78	91	87	346	68	68
DLR00012709-2009-07-03_22-39-55	14	15	1094	991	2293	183443	114.327255201	180103	0	152	158	137	77	90	86	309	68	68
DLR00012709-2009-07-03_22-39-55	14	16	1161	991	2032	153096	114.327255201	149312	0	148	154	134	77	90	87	317	68	68
DLR00012709-2009-07-03_22-39-55	14	17	1228	990	2472	202157	114.327255201	199795	0	155	160	139	76	90	87	276	68	68
DLR00012709-2009-07-03_22-39-55	14	18	1296	989	2144	159255	114.327255201	154997	0	147	154	135	77	91	88	334	68	68
DLR00012709-2009-07-03_22-39-55	14	19	1365	988	2223	172247	114.327255201	169020	5	150	156	137	77	91	88	292	68	68
DLR00012709-2009-07-03_22-39-55	14	20	1435	989	1863	140186	114.327255201	136958	0	147	153	136	77	90	88	288	68	68
DLR00012709-2009-07-03_22-39-55	14	21	1501	989	2441	197893	114.327255201	195402	0	153	158	139	77	90	87	259	68	68
DLR00012709-2009-07-03_22-39-55	14	22	1570	988	2151	161194	114.327255201	157917	0	143	150	133	77	89	87	274	68	68
DLR00012709-2009-07-03_22-39-55	14	23	1636	989	2533	212344	114.327255201	210044	0	152	156	137	75	87	84	237	68	68
DLR00012709-2009-07-03_22-39-55	14	24	1705	987	2670	219443	114.327255201	216667	0	150	155	137	76	87	85	214	68	68
DLR00012709-2009-07-03_22-39-55	15	1	136	1062	2923	210296	114.327255201	208299	0	154	158	142	83	94	92	126	68	68
DLR00012709-2009-07-03_22-39-55	15	2	205	1063	2363	161616	114.327255201	158014	0	151	156	141	84	96	93	261	68	68
DLR00012709-2009-07-03_22-39-55	15	3	273	1063	2638	186541	114.327255201	184091	0	158	162	144	85	97	94	222	68	68
DLR00012709-2009-07-03_22-39-55	15	4	337	1063	2381	152616	114.327255201	149932	0	149	155	140	86	99	96	172	68	68
DLR00012709-2009-07-03_22-39-55	15	5	410	1061	2602	184006	114.327255201	181761	0	157	162	143	83	97	94	241	68	68
DLR00012709-2009-07-03_22-39-55	15	6	478	1060	2293	153653	114.327255201	151086	0	151	157	140	83	96	94	211	68	68
DLR00012709-2009-07-03_22-39-55	15	7	547	1062	2569	188236	114.327255201	185996	0	157	162	142	82	96	93	255	68	68
DLR00012709-2009-07-03_22-39-55	15	8	614	1062	2185	153017	114.327255201	149628	0	151	158	140	81	96	92	277	68	68
DLR00012709-2009-07-03_22-39-55	15	9	684	1061	2529	195211	114.327255201	192964	0	157	162	141	80	94	90	267	68	68
DLR00012709-2009-07-03_22-39-55	15	10	751	1062	2307	166893	114.327255201	163573	0	150	156	137	79	93	90	298	68	68
DLR00012709-2009-07-03_22-39-55	15	11	819	1062	2532	198809	114.327255201	196233	0	154	159	139	78	92	88	274	68	68
DLR00012709-2009-07-03_22-39-55	15	12	888	1060	2344	176273	114.327255201	173341	0	149	155	136	77	91	88	273	68	68
DLR00012709-2009-07-03_22-39-55	15	13	957	1062	2488	199287	114.327255201	196560	0	153	159	138	77	91	88	275	68	68
DLR00012709-2009-07-03_22-39-55	15	14	1025	1059	2200	163193	114.327255201	159602	0	146	153	135	77	91	88	308	68	68
DLR00012709-2009-07-03_22-39-55	15	15	1094	1062	2565	215368	114.327255201	212417	3	155	160	140	77	91	87	291	68	68
DLR00012709-2009-07-03_22-39-55	15	16	1162	1059	2142	160072	114.327255201	156717	0	146	153	135	77	90	88	299	68	68
DLR00012709-2009-07-03_22-39-55	15	17	1230	1060	2443	201197	114.327255201	198911	0	155	160	140	77	91	88	266	68	68
DLR00012709-2009-07-03_22-39-55	15	18	1297	1059	2096	153433	114.327255201	150343	0	146	153	135	78	92	89	269	68	68
DLR00012709-2009-07-03_22-39-55	15	19	1365	1059	2487	199039	114.327255201	196473	0	153	159	140	77	91	88	284	68	68
DLR00012709-2009-07-03_22-39-55	15	20	1434	1058	2355	181158	114.327255201	179163	0	149	155	138	78	91	89	229	68	68
DLR00012709-2009-07-03_22-39-55	15	21	1503	1058	2441	199682	114.327255201	197731	0	154	159	140	77	90	88	278	68	68
DLR00012709-2009-07-03_22-39-55	15	22	1572	1058	2201	166408	114.327255201	163586	0	145	151	135	77	90	87	256	68	68
DLR00012709-2009-07-03_22-39-55	15	23	1639	1058	2573	207957	114.327255201	206110	0	150	155	137	77	88	85	193	68	68
DLR00012709-2009-07-03_22-39-55	15	24	1707	1058	2780	230156	114.327255201	227560	4	152	156	138	77	88	86	190	68	68
DLR00012709-2009-07-03_22-39-55	16	1	132	1130	2532	158179	114.327255201	157655	12	156	160	145	91	100	98	60	68	68
DLR00012709-2009-07-03_22-39-55	16	2	212	1130	2390	133411	114.327255201	133247	0	153	158	144	93	103	101	87	68	68
DLR00012709-2009-07-03_22-39-55	16	3	274	1130	2649	163081	114.327255201	161797	0	159	163	148	95	105	102	157	68	68
DLR00012709-2009-07-03_22-39-55	16	4	339	1129	2322	130661	114.327255201	130619	0	153	158	145	93	104	102	143	68	68
DLR00012709-2009-07-03_22-39-55	16	5	411	1127	2390	156564	114.327255201	156218	3	159	164	147	89	101	99	186	68	68
DLR00012709-2009-07-03_22-39-55	16	6	479	1131	1986	119389	114.327255201	117296	0	149	156	142	89	102	100	174	68	68
DLR00012709-2009-07-03_22-39-55	16	7	547	1129	2662	188005	114.327255201	186038	0	159	164	147	88	101	98	211	68	68
DLR00012709-2009-07-03_22-39-55	16	8	615	1130	2280	148380	114.327255201	145898	0	151	157	142	87	100	97	230	68	68
DLR00012709-2009-07-03_22-39-55	16	9	684	1128	2568	185405	114.327255201	183205	0	154	160	143	84	97	94	239	68	68
DLR00012709-2009-07-03_22-39-55	16	10	751	1129	2363	159503	114.327255201	156294	0	148	154	139	84	96	94	272	68	68
DLR00012709-2009-07-03_22-39-55	16	11	819	1129	2622	199669	114.327255201	197615	0	156	161	143	83	96	93	240	68	68
DLR00012709-2009-07-03_22-39-55	16	12	888	1129	2212	147356	114.327255201	145420	3	148	154	139	85	98	95	219	68	68
DLR00012709-2009-07-03_22-39-55	16	13	957	1128	2521	192279	114.327255201	190149	3	155	161	142	83	96	93	246	68	68
DLR00012709-2009-07-03_22-39-55	16	14	1025	1128	2233	156143	114.327255201	153801	0	146	153	137	82	95	93	213	68	68
DLR00012709-2009-07-03_22-39-55	16	15	1094	1129	2464	188324	114.327255201	185837	3	153	159	141	84	96	94	289	68	68
DLR00012709-2009-07-03_22-39-55	16	16	1160	1126	2281	157082	114.327255201	154777	0	148	154	138	83	96	94	231	68	68
DLR00012709-2009-07-03_22-39-55	16	17	1230	1127	2570	188170	114.327255201	186922	0	155	160	142	84	97	95	204	68	68
DLR00012709-2009-07-03_22-39-55	16	18	1299	1127	2082	138045	114.327255201	137486	0	148	155	139	86	99	96	142	68	68
DLR00012709-2009-07-03_22-39-55	16	19	1367	1128	2436	173128	114.327255201	171559	0	155	161	143	88	100	97	199	68	68
DLR00012709-2009-07-03_22-39-55	16	20	1433	1125	2355	153659	114.327255201	152570	5	148	155	140	86	98	96	171	68	68
DLR00012709-2009-07-03_22-39-55	16	21	1503	1124	2456	178980	114.327255201	177679	3	155	159	144	86	98	95	184	68	68
DLR00012709-2009-07-03_22-39-55	16	22	1571	1123	2349	160791	114.327255201	160665	0	148	153	139	84	95	93	134	68	68
DLR00012709-2009-07-03_22-39-55	16	23	1639	1125	2607	188902	114.327255201	187898	0	152	156	141	87	97	95	127	68	68
DLR00012709-2009-07-03_22-39-55	16	24	1706	1124	2594	179973	114.327255201	179630	0	150	154	140	85	95	94	88	68	68
