DLR00012647-2009-07-04_09-35-20	1	1	129	107	191	15620	114.327255201	20988	19	180	174	138	90	100	97	102	68	68
DLR00012647-2009-07-04_09-35-20	1	2	198	108	2667	180832	114.327255201	179869	0	160	164	145	92	102	98	65	68	68
DLR00012647-2009-07-04_09-35-20	1	3	267	108	2490	165219	114.327255201	164009	0	163	167	148	95	106	101	109	68	68
DLR00012647-2009-07-04_09-35-20	1	4	334	108	2363	156795	114.327255201	155914	0	164	169	149	95	107	102	132	68	68
DLR00012647-2009-07-04_09-35-20	1	5	406	108	2650	182555	114.327255201	180655	0	167	171	151	95	107	103	143	68	68
DLR00012647-2009-07-04_09-35-20	1	6	472	107	0	0	114.327255201	5829	0				89	104	102	0	68	68
DLR00012647-2009-07-04_09-35-20	1	7	540	107	2313	152504	114.327255201	151558	0	165	171	150	95	109	104	159	68	68
DLR00012647-2009-07-04_09-35-20	1	8	607	104	2355	149240	114.327255201	148179	0	163	169	149	97	111	105	159	68	68
DLR00012647-2009-07-04_09-35-20	1	9	678	106	2454	159038	114.327255201	157279	0	164	170	149	96	110	104	157	68	68
DLR00012647-2009-07-04_09-35-20	1	10	745	104	2567	169880	114.327255201	168663	0	166	171	150	97	110	104	159	68	68
DLR00012647-2009-07-04_09-35-20	1	11	812	104	0	0	114.327255201	6175	0				90	105	102	3	68	68
DLR00012647-2009-07-04_09-35-20	1	12	884	107	2	80	114.327255201	6670	0	122	140	133	89	105	102	0	68	68
DLR00012647-2009-07-04_09-35-20	1	13	953	103	2646	175387	114.327255201	174132	3	167	172	150	97	111	104	177	68	68
DLR00012647-2009-07-04_09-35-20	1	14	1019	101	2499	159382	114.327255201	158532	0	164	170	148	97	110	103	159	68	68
DLR00012647-2009-07-04_09-35-20	1	15	1090	105	2501	160856	114.327255201	159560	0	163	169	147	96	109	103	151	68	68
DLR00012647-2009-07-04_09-35-20	1	16	1156	101	2741	176167	114.327255201	175441	0	166	172	150	99	112	105	147	68	68
DLR00012647-2009-07-04_09-35-20	1	17	1222	99	0	0	114.327255201	6082	0				92	108	105	6	68	68
DLR00012647-2009-07-04_09-35-20	1	18	1292	103	0	0	114.327255201	6413	0				91	106	104	4	68	68
DLR00012647-2009-07-04_09-35-20	1	19	1361	103	0	0	114.327255201	6141	0				90	105	102	5	68	68
DLR00012647-2009-07-04_09-35-20	1	20	1429	100	2495	170267	114.327255201	169671	0	166	171	151	97	109	103	138	68	68
DLR00012647-2009-07-04_09-35-20	1	21	1498	103	2524	174816	114.327255201	173651	0	163	168	148	94	106	100	118	68	68
DLR00012647-2009-07-04_09-35-20	1	22	1565	100	2445	168587	114.327255201	168091	0	160	165	145	93	103	97	92	68	68
DLR00012647-2009-07-04_09-35-20	1	23	1635	104	2659	190822	114.327255201	189222	0	157	161	143	90	100	94	69	68	68
DLR00012647-2009-07-04_09-35-20	1	24	1699	99	65	4352	114.327255201	10869	18	164	166	143	88	98	94	21	68	68
DLR00012647-2009-07-04_09-35-20	2	1	130	177	3013	219611	114.327255201	217119	0	158	162	143	86	97	93	89	68	68
DLR00012647-2009-07-04_09-35-20	2	2	199	175	2834	212661	114.327255201	210006	0	163	166	145	87	98	93	231	68	68
DLR00012647-2009-07-04_09-35-20	2	3	268	176	2556	184278	114.327255201	182004	0	163	167	146	88	100	95	226	68	68
DLR00012647-2009-07-04_09-35-20	2	4	335	174	2700	197956	114.327255201	195259	0	167	171	149	89	102	96	264	68	68
DLR00012647-2009-07-04_09-35-20	2	5	401	176	2708	196749	114.327255201	193705	0	165	170	148	89	103	97	282	68	68
DLR00012647-2009-07-04_09-35-20	2	6	471	174	2725	202468	114.327255201	199740	0	167	172	148	88	102	96	254	68	68
DLR00012647-2009-07-04_09-35-20	2	7	539	175	2821	205079	114.327255201	202274	0	166	172	148	88	103	96	272	68	68
DLR00012647-2009-07-04_09-35-20	2	8	607	173	2706	198625	114.327255201	195742	0	166	172	148	88	103	96	299	68	68
DLR00012647-2009-07-04_09-35-20	2	9	676	171	2714	192314	114.327255201	188643	0	163	169	146	89	103	96	302	68	68
DLR00012647-2009-07-04_09-35-20	2	10	745	172	2855	214327	114.327255201	211392	0	167	172	147	87	102	95	273	68	68
DLR00012647-2009-07-04_09-35-20	2	11	812	170	3089	231469	114.327255201	227732	0	165	171	146	86	101	95	295	68	68
DLR00012647-2009-07-04_09-35-20	2	12	880	172	2936	227453	114.327255201	224588	0	168	173	148	86	101	94	288	68	68
DLR00012647-2009-07-04_09-35-20	2	13	952	169	2845	204398	114.327255201	201851	2	164	169	145	87	102	95	244	68	68
DLR00012647-2009-07-04_09-35-20	2	14	1019	172	2813	212531	114.327255201	209422	2	167	172	147	86	101	94	276	68	68
DLR00012647-2009-07-04_09-35-20	2	15	1085	170	2799	199364	114.327255201	195746	0	162	168	144	87	102	95	267	68	68
DLR00012647-2009-07-04_09-35-20	2	16	1154	169	2838	208769	114.327255201	206047	0	166	171	147	88	102	96	269	68	68
DLR00012647-2009-07-04_09-35-20	2	17	1223	167	3260	249060	114.327255201	246277	22	167	173	149	88	103	96	270	68	68
DLR00012647-2009-07-04_09-35-20	2	18	1291	167	2876	225474	114.327255201	222363	0	169	174	150	87	102	96	279	68	68
DLR00012647-2009-07-04_09-35-20	2	19	1359	168	3107	237166	114.327255201	233687	2	166	171	149	88	102	97	279	68	68
DLR00012647-2009-07-04_09-35-20	2	20	1427	168	2629	195200	114.327255201	192775	0	166	171	148	87	101	95	249	68	68
DLR00012647-2009-07-04_09-35-20	2	21	1496	170	3004	218449	114.327255201	215255	0	161	167	145	87	100	94	267	68	68
DLR00012647-2009-07-04_09-35-20	2	22	1563	168	2717	211351	114.327255201	208996	0	161	166	144	85	97	91	245	68	68
DLR00012647-2009-07-04_09-35-20	2	23	1631	170	3023	239523	114.327255201	236503	0	161	165	143	84	95	89	234	68	68
DLR00012647-2009-07-04_09-35-20	2	24	1701	167	3165	253567	114.327255201	251047	0	158	163	142	84	94	89	80	68	68
DLR00012647-2009-07-04_09-35-20	3	1	133	243	2888	216237	114.327255201	213618	3	161	164	143	86	96	92	171	68	68
DLR00012647-2009-07-04_09-35-20	3	2	201	240	2402	184297	114.327255201	181282	0	164	167	145	87	98	92	269	68	68
DLR00012647-2009-07-04_09-35-20	3	3	269	241	2284	166273	114.327255201	162663	0	162	166	145	88	100	94	329	68	68
DLR00012647-2009-07-04_09-35-20	3	4	336	241	2070	149983	114.327255201	146717	0	163	168	146	88	101	95	346	68	68
DLR00012647-2009-07-04_09-35-20	3	5	406	244	2257	165167	114.327255201	162590	0	165	170	147	87	101	95	295	68	68
DLR00012647-2009-07-04_09-35-20	3	6	472	244	2385	172177	114.327255201	169334	0	164	169	146	88	102	95	299	68	68
DLR00012647-2009-07-04_09-35-20	3	7	542	243	2281	165420	114.327255201	162847	0	163	169	145	87	101	94	311	68	68
DLR00012647-2009-07-04_09-35-20	3	8	609	242	2318	165645	114.327255201	161870	0	162	168	144	87	102	94	369	68	68
DLR00012647-2009-07-04_09-35-20	3	9	679	242	2116	153686	114.327255201	149265	0	162	168	145	87	101	94	415	68	68
DLR00012647-2009-07-04_09-35-20	3	10	745	240	2085	154821	114.327255201	152194	0	163	168	144	85	100	93	296	68	68
DLR00012647-2009-07-04_09-35-20	3	11	816	241	2227	163382	114.327255201	159759	0	161	167	143	86	100	93	337	68	68
DLR00012647-2009-07-04_09-35-20	3	12	883	239	2334	177139	114.327255201	174429	0	164	170	144	85	100	92	294	68	68
DLR00012647-2009-07-04_09-35-20	3	13	951	240	2143	160284	114.327255201	156707	0	163	169	144	86	101	93	343	68	68
DLR00012647-2009-07-04_09-35-20	3	14	1019	240	2328	166791	114.327255201	163366	0	160	166	141	86	101	93	306	68	68
DLR00012647-2009-07-04_09-35-20	3	15	1088	238	2137	160488	114.327255201	158246	0	163	169	144	85	100	93	276	68	68
DLR00012647-2009-07-04_09-35-20	3	16	1157	238	2061	155599	114.327255201	153621	0	163	169	144	84	100	93	284	68	68
DLR00012647-2009-07-04_09-35-20	3	17	1225	241	2007	150640	114.327255201	147663	0	162	168	145	85	100	93	321	68	68
DLR00012647-2009-07-04_09-35-20	3	18	1294	237	2400	181953	114.327255201	179423	0	163	168	145	85	99	93	301	68	68
DLR00012647-2009-07-04_09-35-20	3	19	1364	240	2448	184498	114.327255201	181564	0	164	169	146	86	100	94	331	68	68
DLR00012647-2009-07-04_09-35-20	3	20	1427	238	2293	167149	114.327255201	163361	2	160	166	144	86	100	94	319	68	68
DLR00012647-2009-07-04_09-35-20	3	21	1500	238	2092	151872	114.327255201	148898	0	158	163	143	85	98	93	310	68	68
DLR00012647-2009-07-04_09-35-20	3	22	1565	239	2143	160210	114.327255201	157690	0	158	163	142	84	97	91	265	68	68
DLR00012647-2009-07-04_09-35-20	3	23	1635	239	2487	194379	114.327255201	191285	0	158	162	141	83	95	89	248	68	68
DLR00012647-2009-07-04_09-35-20	3	24	1703	237	3088	248703	114.327255201	245929	0	158	162	141	83	93	87	179	68	68
DLR00012647-2009-07-04_09-35-20	4	1	131	313	3033	230754	114.327255201	228592	12	162	166	144	86	97	92	199	68	68
DLR00012647-2009-07-04_09-35-20	4	2	200	310	2623	208947	114.327255201	206281	0	165	168	145	86	98	92	238	68	68
DLR00012647-2009-07-04_09-35-20	4	3	267	312	2674	200491	114.327255201	197465	0	163	167	145	87	100	94	266	68	68
DLR00012647-2009-07-04_09-35-20	4	4	336	312	2461	188730	114.327255201	186290	0	166	171	147	87	100	94	277	68	68
DLR00012647-2009-07-04_09-35-20	4	5	401	313	2110	151193	114.327255201	148463	0	162	168	145	87	101	95	289	68	68
DLR00012647-2009-07-04_09-35-20	4	6	469	312	2594	198580	114.327255201	196215	0	168	173	148	86	101	94	273	68	68
DLR00012647-2009-07-04_09-35-20	4	7	539	310	2553	186401	114.327255201	182993	0	164	169	145	87	101	94	315	68	68
DLR00012647-2009-07-04_09-35-20	4	8	606	309	2607	195959	114.327255201	192784	0	166	170	145	86	101	93	294	68	68
DLR00012647-2009-07-04_09-35-20	4	9	675	308	2538	181609	114.327255201	177165	0	162	167	143	87	101	93	360	68	68
DLR00012647-2009-07-04_09-35-20	4	10	745	310	2699	208963	114.327255201	205793	0	167	172	146	86	100	92	287	68	68
DLR00012647-2009-07-04_09-35-20	4	11	813	305	2713	199165	114.327255201	195274	0	162	167	142	86	100	92	307	68	68
DLR00012647-2009-07-04_09-35-20	4	12	881	308	2517	193544	114.327255201	190620	0	165	170	144	84	99	92	282	68	68
DLR00012647-2009-07-04_09-35-20	4	13	950	310	2544	189237	114.327255201	184992	0	162	167	142	85	100	92	341	68	68
DLR00012647-2009-07-04_09-35-20	4	14	1019	309	2516	195008	114.327255201	192242	0	165	170	144	84	99	91	266	68	68
DLR00012647-2009-07-04_09-35-20	4	15	1086	307	2870	215627	114.327255201	212051	0	163	168	143	86	100	93	302	68	68
DLR00012647-2009-07-04_09-35-20	4	16	1156	307	2502	190048	114.327255201	187369	0	163	169	143	84	99	92	290	68	68
DLR00012647-2009-07-04_09-35-20	4	17	1225	307	2841	215023	114.327255201	211584	0	163	168	144	86	100	92	314	68	68
DLR00012647-2009-07-04_09-35-20	4	18	1292	308	2585	201753	114.327255201	198407	0	165	170	145	85	99	92	327	68	68
DLR00012647-2009-07-04_09-35-20	4	19	1361	308	2912	217961	114.327255201	214570	0	163	168	144	86	100	93	291	68	68
DLR00012647-2009-07-04_09-35-20	4	20	1429	306	2608	200799	114.327255201	198126	4	165	170	146	85	100	93	275	68	68
DLR00012647-2009-07-04_09-35-20	4	21	1495	304	2885	217579	114.327255201	214537	0	161	167	144	86	99	93	274	68	68
DLR00012647-2009-07-04_09-35-20	4	22	1564	304	2626	210204	114.327255201	207714	0	162	167	145	84	97	91	243	68	68
DLR00012647-2009-07-04_09-35-20	4	23	1632	305	2969	240053	114.327255201	236699	0	160	165	143	84	95	89	257	68	68
DLR00012647-2009-07-04_09-35-20	4	24	1702	306	3158	279637	114.327255201	276549	3	163	167	144	82	93	87	202	68	68
DLR00012647-2009-07-04_09-35-20	5	1	133	381	2969	228985	114.327255201	225932	0	162	166	145	87	97	93	213	68	68
DLR00012647-2009-07-04_09-35-20	5	2	200	380	2483	193090	114.327255201	190675	0	164	167	146	86	98	93	239	68	68
DLR00012647-2009-07-04_09-35-20	5	3	270	379	2078	158471	114.327255201	156370	0	163	168	146	85	98	93	282	68	68
DLR00012647-2009-07-04_09-35-20	5	4	337	379	2212	159069	114.327255201	155635	0	161	166	145	87	101	95	330	68	68
DLR00012647-2009-07-04_09-35-20	5	5	408	380	2016	146156	114.327255201	143374	0	163	168	146	86	101	95	317	68	68
DLR00012647-2009-07-04_09-35-20	5	6	472	378	2258	163373	114.327255201	160302	0	162	167	145	86	101	95	300	68	68
DLR00012647-2009-07-04_09-35-20	5	7	543	378	2346	173034	114.327255201	169680	0	163	168	145	86	100	94	344	68	68
DLR00012647-2009-07-04_09-35-20	5	8	610	377	2382	175390	114.327255201	172455	0	162	167	144	85	100	93	292	68	68
DLR00012647-2009-07-04_09-35-20	5	9	680	379	1921	139109	114.327255201	135817	0	160	166	143	85	100	93	330	68	68
DLR00012647-2009-07-04_09-35-20	5	10	746	376	2350	175368	114.327255201	172110	0	162	168	143	85	99	92	299	68	68
DLR00012647-2009-07-04_09-35-20	5	11	817	377	2303	178032	114.327255201	174428	0	164	169	144	84	98	92	362	68	68
DLR00012647-2009-07-04_09-35-20	5	12	884	375	2334	179050	114.327255201	175486	0	163	168	144	84	98	92	343	68	68
DLR00012647-2009-07-04_09-35-20	5	13	954	377	2290	170681	114.327255201	167547	0	162	167	143	84	98	92	315	68	68
DLR00012647-2009-07-04_09-35-20	5	14	1019	375	2112	151859	114.327255201	146612	0	158	164	140	85	99	92	372	68	68
DLR00012647-2009-07-04_09-35-20	5	15	1090	379	2240	166557	114.327255201	163269	0	160	166	142	84	98	92	322	68	68
DLR00012647-2009-07-04_09-35-20	5	16	1158	378	2327	173776	114.327255201	170378	0	161	167	143	84	99	92	332	68	68
DLR00012647-2009-07-04_09-35-20	5	17	1227	380	2608	203825	114.327255201	200816	0	165	170	145	84	99	92	318	68	68
DLR00012647-2009-07-04_09-35-20	5	18	1294	377	2591	199076	114.327255201	196322	0	164	169	145	84	99	93	295	68	68
DLR00012647-2009-07-04_09-35-20	5	19	1361	377	2494	194540	114.327255201	191918	0	164	170	146	84	99	93	290	68	68
DLR00012647-2009-07-04_09-35-20	5	20	1430	375	2491	189897	114.327255201	188014	0	163	168	145	84	99	93	244	68	68
DLR00012647-2009-07-04_09-35-20	5	21	1500	375	1987	146885	114.327255201	145592	0	158	164	143	83	98	93	227	68	68
DLR00012647-2009-07-04_09-35-20	5	22	1566	377	2296	179537	114.327255201	176763	0	158	164	143	82	96	91	276	68	68
DLR00012647-2009-07-04_09-35-20	5	23	1635	377	2504	199033	114.327255201	196246	0	158	163	142	82	95	89	217	68	68
DLR00012647-2009-07-04_09-35-20	5	24	1702	377	3053	287673	114.327255201	284769	0	164	169	146	80	93	87	241	68	68
DLR00012647-2009-07-04_09-35-20	6	1	130	448	0	0	114.327255201	7464	0				80	93	92	0	68	68
DLR00012647-2009-07-04_09-35-20	6	2	200	447	2892	239051	114.327255201	235849	0	169	172	149	85	98	93	277	68	68
DLR00012647-2009-07-04_09-35-20	6	3	267	450	2542	194752	114.327255201	191782	0	164	168	145	86	99	94	283	68	68
DLR00012647-2009-07-04_09-35-20	6	4	335	448	2446	183973	114.327255201	181587	0	165	170	147	86	100	95	256	68	68
DLR00012647-2009-07-04_09-35-20	6	5	405	449	2660	202946	114.327255201	200043	0	166	171	147	86	101	95	293	68	68
DLR00012647-2009-07-04_09-35-20	6	6	472	446	0	0	114.327255201	7297	0				81	98	94	0	68	68
DLR00012647-2009-07-04_09-35-20	6	7	539	447	2683	202499	114.327255201	199146	0	165	170	146	85	100	94	340	68	68
DLR00012647-2009-07-04_09-35-20	6	8	609	448	2615	200561	114.327255201	197631	0	165	170	145	85	99	92	261	68	68
DLR00012647-2009-07-04_09-35-20	6	9	676	447	2735	200065	114.327255201	196574	0	162	167	143	85	100	92	300	68	68
DLR00012647-2009-07-04_09-35-20	6	10	747	446	2485	193325	114.327255201	190860	0	164	169	144	84	98	92	275	68	68
DLR00012647-2009-07-04_09-35-20	6	11	815	446	0	0	114.327255201	7085	0				80	96	92	0	68	68
DLR00012647-2009-07-04_09-35-20	6	12	884	446	0	0	114.327255201	6606	0				80	96	92	0	68	68
DLR00012647-2009-07-04_09-35-20	6	13	951	445	2868	223619	114.327255201	219890	0	164	168	144	84	98	92	333	68	68
DLR00012647-2009-07-04_09-35-20	6	14	1020	444	2633	206900	114.327255201	203535	0	165	169	144	83	97	91	314	68	68
DLR00012647-2009-07-04_09-35-20	6	15	1086	444	2883	219105	114.327255201	215276	0	163	168	143	84	98	91	311	68	68
DLR00012647-2009-07-04_09-35-20	6	16	1155	444	2666	208611	114.327255201	205438	0	166	171	145	84	99	92	293	68	68
DLR00012647-2009-07-04_09-35-20	6	17	1232	446	55	3374	114.327255201	9635	0	144	153	144	80	97	94	40	68	68
DLR00012647-2009-07-04_09-35-20	6	18	1299	444	0	0	114.327255201	6623	0				79	97	94	0	68	68
DLR00012647-2009-07-04_09-35-20	6	19	1364	446	0	0	114.327255201	6661	0				78	96	93	0	68	68
DLR00012647-2009-07-04_09-35-20	6	20	1428	443	2500	199370	114.327255201	196835	0	165	170	146	84	98	93	272	68	68
DLR00012647-2009-07-04_09-35-20	6	21	1495	442	2812	212925	114.327255201	210000	0	160	166	144	84	99	93	264	68	68
DLR00012647-2009-07-04_09-35-20	6	22	1564	442	2625	213691	114.327255201	211328	0	161	167	145	83	96	91	235	68	68
DLR00012647-2009-07-04_09-35-20	6	23	1633	444	3187	278393	114.327255201	275370	7	164	169	146	82	95	89	254	68	68
DLR00012647-2009-07-04_09-35-20	6	24	1707	446	0	0	114.327255201	6776	0				73	88	87	0	68	68
DLR00012647-2009-07-04_09-35-20	7	1	134	518	2956	225873	114.327255201	223521	18	165	169	148	87	99	95	193	68	68
DLR00012647-2009-07-04_09-35-20	7	2	201	519	2519	193788	114.327255201	190839	0	163	167	145	86	99	93	269	68	68
DLR00012647-2009-07-04_09-35-20	7	3	271	517	2387	177597	114.327255201	174851	0	162	167	145	86	99	94	290	68	68
DLR00012647-2009-07-04_09-35-20	7	4	337	516	2273	165935	114.327255201	163745	0	162	167	145	86	100	95	240	68	68
DLR00012647-2009-07-04_09-35-20	7	5	405	518	2225	162215	114.327255201	159968	0	163	168	146	86	100	94	284	68	68
DLR00012647-2009-07-04_09-35-20	7	6	472	515	2352	177859	114.327255201	174931	0	164	170	146	86	101	94	318	68	68
DLR00012647-2009-07-04_09-35-20	7	7	542	516	2230	156006	114.327255201	153140	0	158	164	142	85	100	93	301	68	68
DLR00012647-2009-07-04_09-35-20	7	8	611	515	2244	168328	114.327255201	164476	0	163	168	144	85	99	92	338	68	68
DLR00012647-2009-07-04_09-35-20	7	9	679	513	2122	159586	114.327255201	157488	0	162	167	143	84	98	91	270	68	68
DLR00012647-2009-07-04_09-35-20	7	10	745	515	2199	165636	114.327255201	162548	0	162	167	143	84	98	91	335	68	68
DLR00012647-2009-07-04_09-35-20	7	11	817	514	2237	173643	114.327255201	171387	0	164	168	144	83	98	91	299	68	68
DLR00012647-2009-07-04_09-35-20	7	12	885	512	2208	173847	114.327255201	171809	0	164	169	144	83	97	91	298	68	68
DLR00012647-2009-07-04_09-35-20	7	13	951	513	1848	137362	114.327255201	133962	0	159	164	141	83	97	90	356	68	68
DLR00012647-2009-07-04_09-35-20	7	14	1018	514	2193	162568	114.327255201	158643	0	158	164	140	83	97	90	362	68	68
DLR00012647-2009-07-04_09-35-20	7	15	1089	512	2080	157713	114.327255201	155940	0	160	166	141	82	97	90	276	68	68
DLR00012647-2009-07-04_09-35-20	7	16	1155	511	1956	145156	114.327255201	143233	0	160	166	142	83	98	92	264	68	68
DLR00012647-2009-07-04_09-35-20	7	17	1224	514	2495	187602	114.327255201	184714	0	162	167	144	84	99	93	279	68	68
DLR00012647-2009-07-04_09-35-20	7	18	1292	510	2262	176469	114.327255201	173904	0	163	169	145	83	98	93	244	68	68
DLR00012647-2009-07-04_09-35-20	7	19	1364	514	2190	165709	114.327255201	163061	0	159	166	143	83	98	93	290	68	68
DLR00012647-2009-07-04_09-35-20	7	20	1430	511	2116	160475	114.327255201	157815	0	159	166	143	83	98	92	293	68	68
DLR00012647-2009-07-04_09-35-20	7	21	1497	513	2255	176547	114.327255201	174609	0	161	167	144	82	97	92	237	68	68
DLR00012647-2009-07-04_09-35-20	7	22	1565	511	2456	193670	114.327255201	191113	0	157	163	142	81	95	91	242	68	68
DLR00012647-2009-07-04_09-35-20	7	23	1636	512	2801	247276	114.327255201	243951	0	163	168	146	80	94	89	258	68	68
DLR00012647-2009-07-04_09-35-20	7	24	1707	514	0	0	114.327255201	6529	0				73	89	87	0	68	68
DLR00012647-2009-07-04_09-35-20	8	1	134	585	3073	218658	114.327255201	215812	19	162	166	145	87	99	95	183	68	68
DLR00012647-2009-07-04_09-35-20	8	2	201	585	2733	213607	114.327255201	210571	0	166	170	147	87	100	93	259	68	68
DLR00012647-2009-07-04_09-35-20	8	3	268	584	2373	174885	114.327255201	172066	0	161	166	144	86	100	94	274	68	68
DLR00012647-2009-07-04_09-35-20	8	4	336	587	2494	190765	114.327255201	188179	0	165	170	147	86	100	94	277	68	68
DLR00012647-2009-07-04_09-35-20	8	5	404	583	2279	161790	114.327255201	158575	0	160	166	144	85	100	94	282	68	68
DLR00012647-2009-07-04_09-35-20	8	6	474	584	2612	201304	114.327255201	198287	0	166	171	147	85	100	94	292	68	68
DLR00012647-2009-07-04_09-35-20	8	7	539	584	2508	183269	114.327255201	177795	5	161	167	144	87	101	94	395	68	68
DLR00012647-2009-07-04_09-35-20	8	8	611	582	2695	209104	114.327255201	206070	0	165	170	145	84	99	92	299	68	68
DLR00012647-2009-07-04_09-35-20	8	9	678	582	2338	167756	114.327255201	163386	0	158	164	141	85	99	92	346	68	68
DLR00012647-2009-07-04_09-35-20	8	10	746	582	2475	191545	114.327255201	188908	0	163	168	143	83	97	91	284	68	68
DLR00012647-2009-07-04_09-35-20	8	11	816	584	2799	213905	114.327255201	209977	0	162	167	142	84	98	91	355	68	68
DLR00012647-2009-07-04_09-35-20	8	12	884	582	2578	205637	114.327255201	202277	0	165	170	144	83	97	89	322	68	68
DLR00012647-2009-07-04_09-35-20	8	13	950	583	2748	210372	114.327255201	206588	0	161	166	141	83	97	90	317	68	68
DLR00012647-2009-07-04_09-35-20	8	14	1019	582	2447	196733	114.327255201	194202	0	165	169	144	82	96	89	293	68	68
DLR00012647-2009-07-04_09-35-20	8	15	1090	582	2693	205979	114.327255201	203058	0	161	166	141	83	97	90	301	68	68
DLR00012647-2009-07-04_09-35-20	8	16	1158	582	2478	191532	114.327255201	188362	0	162	167	142	83	97	90	301	68	68
DLR00012647-2009-07-04_09-35-20	8	17	1227	581	2999	233462	114.327255201	230350	0	162	167	143	83	97	91	303	68	68
DLR00012647-2009-07-04_09-35-20	8	18	1294	578	2591	204257	114.327255201	201447	0	164	169	145	83	98	91	284	68	68
DLR00012647-2009-07-04_09-35-20	8	19	1361	580	2817	214877	114.327255201	211075	0	161	166	143	84	98	92	301	68	68
DLR00012647-2009-07-04_09-35-20	8	20	1430	578	2443	191854	114.327255201	189238	0	161	167	144	83	98	92	284	68	68
DLR00012647-2009-07-04_09-35-20	8	21	1496	579	2850	222480	114.327255201	219279	0	160	166	143	83	97	92	279	68	68
DLR00012647-2009-07-04_09-35-20	8	22	1564	579	2676	223462	114.327255201	220971	0	162	167	145	81	96	90	226	68	68
DLR00012647-2009-07-04_09-35-20	8	23	1636	580	3399	303604	114.327255201	300465	5	164	169	146	82	95	89	275	68	68
DLR00012647-2009-07-04_09-35-20	8	24	1705	568	2	53	114.327255201	6224	0	100	115	112	73	88	87	0	68	68
DLR00012647-2009-07-04_09-35-20	9	1	133	654	2902	209688	114.327255201	206733	0	161	165	145	86	99	94	214	68	68
DLR00012647-2009-07-04_09-35-20	9	2	201	653	2521	191449	114.327255201	188890	0	163	167	145	86	99	93	241	68	68
DLR00012647-2009-07-04_09-35-20	9	3	270	653	2312	173025	114.327255201	170624	0	162	167	145	85	99	93	265	68	68
DLR00012647-2009-07-04_09-35-20	9	4	339	652	2398	177911	114.327255201	175512	0	162	167	145	85	100	94	265	68	68
DLR00012647-2009-07-04_09-35-20	9	5	408	653	2280	164695	114.327255201	161242	0	160	166	144	85	100	94	304	68	68
DLR00012647-2009-07-04_09-35-20	9	6	475	652	2005	140984	114.327255201	138181	0	158	164	142	85	100	94	272	68	68
DLR00012647-2009-07-04_09-35-20	9	7	542	652	2359	180362	114.327255201	177930	0	164	169	145	84	99	93	280	68	68
DLR00012647-2009-07-04_09-35-20	9	8	610	651	2138	155266	114.327255201	151404	0	159	165	142	85	99	92	356	68	68
DLR00012647-2009-07-04_09-35-20	9	9	681	651	2380	175426	114.327255201	172846	0	160	166	142	84	98	92	285	68	68
DLR00012647-2009-07-04_09-35-20	9	10	749	651	2295	170532	114.327255201	167447	0	161	166	142	85	98	91	309	68	68
DLR00012647-2009-07-04_09-35-20	9	11	819	651	2025	145785	114.327255201	143501	0	160	165	142	86	99	92	271	68	68
DLR00012647-2009-07-04_09-35-20	9	12	884	650	2141	158027	114.327255201	155462	0	160	165	141	85	99	91	302	68	68
DLR00012647-2009-07-04_09-35-20	9	13	953	652	2176	160097	114.327255201	157849	0	160	165	141	84	98	91	295	68	68
DLR00012647-2009-07-04_09-35-20	9	14	1022	650	2204	173643	114.327255201	171260	0	163	167	143	84	98	91	289	68	68
DLR00012647-2009-07-04_09-35-20	9	15	1088	651	2454	194255	114.327255201	191809	0	164	168	143	84	98	91	282	68	68
DLR00012647-2009-07-04_09-35-20	9	16	1157	647	2238	176433	114.327255201	174562	0	163	168	143	83	97	91	252	68	68
DLR00012647-2009-07-04_09-35-20	9	17	1226	651	2176	163596	114.327255201	161086	0	161	166	142	85	99	92	257	68	68
DLR00012647-2009-07-04_09-35-20	9	18	1293	650	2304	176169	114.327255201	174571	0	161	167	143	85	99	92	211	68	68
DLR00012647-2009-07-04_09-35-20	9	19	1364	650	2107	162922	114.327255201	160446	0	161	167	144	82	98	92	289	68	68
DLR00012647-2009-07-04_09-35-20	9	20	1433	647	2064	159325	114.327255201	156275	0	158	164	143	82	97	92	314	68	68
DLR00012647-2009-07-04_09-35-20	9	21	1499	649	2456	191033	114.327255201	188468	0	159	165	143	82	96	91	245	68	68
DLR00012647-2009-07-04_09-35-20	9	22	1568	647	2432	192942	114.327255201	190457	0	156	163	141	81	95	90	247	68	68
DLR00012647-2009-07-04_09-35-20	9	23	1636	648	2626	219747	114.327255201	217008	0	159	164	142	80	94	88	247	68	68
DLR00012647-2009-07-04_09-35-20	9	24	1704	647	3010	278059	114.327255201	275564	15	161	166	144	79	92	87	201	68	68
DLR00012647-2009-07-04_09-35-20	10	1	133	721	3151	238569	114.327255201	236085	16	164	168	147	86	99	95	176	68	68
DLR00012647-2009-07-04_09-35-20	10	2	200	721	2695	213686	114.327255201	210714	0	167	171	148	87	100	93	246	68	68
DLR00012647-2009-07-04_09-35-20	10	3	268	721	2632	196455	114.327255201	193434	0	161	166	144	86	100	94	270	68	68
DLR00012647-2009-07-04_09-35-20	10	4	337	723	2549	196802	114.327255201	194567	0	165	170	146	85	100	94	264	68	68
DLR00012647-2009-07-04_09-35-20	10	5	404	720	2814	210403	114.327255201	207077	0	163	169	146	86	101	94	300	68	68
DLR00012647-2009-07-04_09-35-20	10	6	473	720	2554	199152	114.327255201	196698	0	166	171	147	85	100	94	264	68	68
DLR00012647-2009-07-04_09-35-20	10	7	540	720	2605	194480	114.327255201	190669	0	162	167	144	85	100	94	312	68	68
DLR00012647-2009-07-04_09-35-20	10	8	611	720	2641	214421	114.327255201	211687	0	167	172	147	83	98	92	298	68	68
DLR00012647-2009-07-04_09-35-20	10	9	680	721	2769	211679	114.327255201	207757	0	162	167	143	84	98	92	333	68	68
DLR00012647-2009-07-04_09-35-20	10	10	748	720	2649	207511	114.327255201	204736	0	165	169	144	84	98	90	280	68	68
DLR00012647-2009-07-04_09-35-20	10	11	815	719	2770	206377	114.327255201	202862	0	161	166	141	85	99	91	300	68	68
DLR00012647-2009-07-04_09-35-20	10	12	884	719	2407	187109	114.327255201	184300	0	162	167	142	82	97	90	291	68	68
DLR00012647-2009-07-04_09-35-20	10	13	952	719	2976	241451	114.327255201	237768	0	164	169	143	84	97	90	312	68	68
DLR00012647-2009-07-04_09-35-20	10	14	1021	718	0	0	114.327255201	7025	0				78	94	90	0	68	68
DLR00012647-2009-07-04_09-35-20	10	15	1090	718	0	0	114.327255201	6676	0				77	93	90	0	68	68
DLR00012647-2009-07-04_09-35-20	10	16	1158	718	2470	202201	114.327255201	199429	0	164	169	144	82	96	90	280	68	68
DLR00012647-2009-07-04_09-35-20	10	17	1224	716	2812	218641	114.327255201	214551	0	160	165	141	83	97	90	321	68	68
DLR00012647-2009-07-04_09-35-20	10	18	1294	716	2424	192461	114.327255201	189931	0	162	167	143	82	97	90	275	68	68
DLR00012647-2009-07-04_09-35-20	10	19	1362	718	3118	256044	114.327255201	252304	0	165	170	146	84	98	93	294	68	68
DLR00012647-2009-07-04_09-35-20	10	20	1433	718	0	0	114.327255201	6564	0				77	94	91	0	68	68
DLR00012647-2009-07-04_09-35-20	10	21	1499	716	3192	270293	114.327255201	267187	15	165	170	147	84	98	92	273	68	68
DLR00012647-2009-07-04_09-35-20	10	22	1566	716	2597	210563	114.327255201	207872	0	160	166	143	82	96	90	221	68	68
DLR00012647-2009-07-04_09-35-20	10	23	1634	716	3004	248495	114.327255201	245550	9	159	164	141	81	94	87	201	68	68
DLR00012647-2009-07-04_09-35-20	10	24	1706	717	3031	275804	114.327255201	273474	17	161	165	142	78	90	85	165	68	68
DLR00012647-2009-07-04_09-35-20	11	1	133	789	0	0	114.327255201	7234	0				80	95	94	0	68	68
DLR00012647-2009-07-04_09-35-20	11	2	201	789	2655	210600	114.327255201	208001	0	165	170	147	84	98	93	253	68	68
DLR00012647-2009-07-04_09-35-20	11	3	269	791	2719	210713	114.327255201	207886	0	165	170	147	86	99	93	254	68	68
DLR00012647-2009-07-04_09-35-20	11	4	336	789	2119	158306	114.327255201	156273	0	162	167	145	86	100	94	255	68	68
DLR00012647-2009-07-04_09-35-20	11	5	408	790	2443	184933	114.327255201	182820	0	163	168	145	85	99	94	237	68	68
DLR00012647-2009-07-04_09-35-20	11	6	472	785	0	0	114.327255201	6236	0				80	97	94	0	68	68
DLR00012647-2009-07-04_09-35-20	11	7	542	786	0	0	114.327255201	6311	0				80	97	94	0	68	68
DLR00012647-2009-07-04_09-35-20	11	8	609	785	0	0	114.327255201	6695	0				79	96	93	0	68	68
DLR00012647-2009-07-04_09-35-20	11	9	679	787	0	0	114.327255201	6699	0				79	95	91	0	68	68
DLR00012647-2009-07-04_09-35-20	11	10	747	788	2428	192182	114.327255201	189746	0	162	167	142	82	96	90	284	68	68
DLR00012647-2009-07-04_09-35-20	11	11	818	787	2128	155269	114.327255201	151570	0	155	161	138	82	96	90	313	68	68
DLR00012647-2009-07-04_09-35-20	11	12	884	786	2282	179799	114.327255201	176601	0	160	165	141	81	95	89	324	68	68
DLR00012647-2009-07-04_09-35-20	11	13	955	787	2328	185695	114.327255201	182908	0	161	166	141	81	96	89	285	68	68
DLR00012647-2009-07-04_09-35-20	11	14	1021	785	0	0	114.327255201	5997	0				77	93	90	0	68	68
DLR00012647-2009-07-04_09-35-20	11	15	1090	785	0	0	114.327255201	6434	0				77	93	89	0	68	68
DLR00012647-2009-07-04_09-35-20	11	16	1157	785	2366	191765	114.327255201	188472	0	161	166	142	81	95	90	322	68	68
DLR00012647-2009-07-04_09-35-20	11	17	1227	788	2249	171094	114.327255201	168109	0	156	162	139	82	96	90	292	68	68
DLR00012647-2009-07-04_09-35-20	11	18	1294	785	2512	198461	114.327255201	195952	0	160	166	142	82	96	91	267	68	68
DLR00012647-2009-07-04_09-35-20	11	19	1364	785	0	0	114.327255201	5866	0				77	94	91	1	68	68
DLR00012647-2009-07-04_09-35-20	11	20	1433	785	0	0	114.327255201	6524	0				76	94	92	0	68	68
DLR00012647-2009-07-04_09-35-20	11	21	1502	787	0	0	114.327255201	5930	0				76	92	90	6	68	68
DLR00012647-2009-07-04_09-35-20	11	22	1567	784	2340	182603	114.327255201	180650	0	156	162	141	81	95	90	217	68	68
DLR00012647-2009-07-04_09-35-20	11	23	1634	786	2422	200485	114.327255201	197838	0	156	161	140	80	92	87	226	68	68
DLR00012647-2009-07-04_09-35-20	11	24	1702	781	2726	234427	114.327255201	231360	0	155	160	138	78	90	84	187	68	68
DLR00012647-2009-07-04_09-35-20	12	1	129	853	0	0	114.327255201	7293	0				80	94	94	0	68	68
DLR00012647-2009-07-04_09-35-20	12	2	200	857	2901	241589	114.327255201	238712	0	168	172	149	85	98	93	250	68	68
DLR00012647-2009-07-04_09-35-20	12	3	268	859	2665	189143	114.327255201	185146	0	158	163	142	88	100	94	280	68	68
DLR00012647-2009-07-04_09-35-20	12	4	338	859	2462	192339	114.327255201	190153	0	165	170	147	85	99	94	255	68	68
DLR00012647-2009-07-04_09-35-20	12	5	406	858	2658	192568	114.327255201	189186	0	161	166	144	87	101	94	300	68	68
DLR00012647-2009-07-04_09-35-20	12	6	474	857	2533	197989	114.327255201	195359	0	166	171	147	85	100	94	258	68	68
DLR00012647-2009-07-04_09-35-20	12	7	542	855	2697	210295	114.327255201	207049	0	164	169	146	85	99	93	298	68	68
DLR00012647-2009-07-04_09-35-20	12	8	611	855	2607	207576	114.327255201	204571	0	165	170	145	84	98	92	292	68	68
DLR00012647-2009-07-04_09-35-20	12	9	679	857	2878	219390	114.327255201	215591	0	160	165	142	84	98	91	300	68	68
DLR00012647-2009-07-04_09-35-20	12	10	747	858	2412	195524	114.327255201	192847	0	164	169	143	82	96	89	292	68	68
DLR00012647-2009-07-04_09-35-20	12	11	814	854	2760	214413	114.327255201	210801	0	159	164	140	82	96	89	296	68	68
DLR00012647-2009-07-04_09-35-20	12	12	883	854	2504	200505	114.327255201	197401	0	160	165	140	81	95	88	299	68	68
DLR00012647-2009-07-04_09-35-20	12	13	952	855	2831	226586	114.327255201	222528	0	160	165	140	82	95	88	333	68	68
DLR00012647-2009-07-04_09-35-20	12	14	1022	854	2545	208118	114.327255201	204761	0	162	167	142	81	95	88	310	68	68
DLR00012647-2009-07-04_09-35-20	12	15	1088	854	3023	249270	114.327255201	245594	0	163	167	142	83	96	89	311	68	68
DLR00012647-2009-07-04_09-35-20	12	16	1155	856	2434	196662	114.327255201	193769	0	161	166	141	81	95	88	261	68	68
DLR00012647-2009-07-04_09-35-20	12	17	1224	853	2762	214620	114.327255201	210744	0	157	163	139	82	96	89	268	68	68
DLR00012647-2009-07-04_09-35-20	12	18	1294	850	2446	197993	114.327255201	195514	0	162	167	143	82	96	90	247	68	68
DLR00012647-2009-07-04_09-35-20	12	19	1361	852	2932	235551	114.327255201	232612	11	160	166	142	82	97	91	281	68	68
DLR00012647-2009-07-04_09-35-20	12	20	1431	852	2605	219166	114.327255201	216472	0	164	169	146	81	96	90	271	68	68
DLR00012647-2009-07-04_09-35-20	12	21	1500	854	2770	222051	114.327255201	219114	0	158	164	142	82	96	90	255	68	68
DLR00012647-2009-07-04_09-35-20	12	22	1565	850	2624	217269	114.327255201	214755	0	160	165	143	82	95	89	216	68	68
DLR00012647-2009-07-04_09-35-20	12	23	1633	852	2929	252072	114.327255201	249010	0	158	163	140	80	93	86	224	68	68
DLR00012647-2009-07-04_09-35-20	12	24	1702	851	3223	291978	114.327255201	289324	12	160	164	141	79	90	85	207	68	68
DLR00012647-2009-07-04_09-35-20	13	1	135	926	3082	242544	114.327255201	239922	0	164	168	147	87	98	94	162	68	68
DLR00012647-2009-07-04_09-35-20	13	2	202	927	2686	217192	114.327255201	214425	0	166	169	147	86	98	92	249	68	68
DLR00012647-2009-07-04_09-35-20	13	3	273	926	2401	186584	114.327255201	184436	0	164	168	146	85	98	92	240	68	68
DLR00012647-2009-07-04_09-35-20	13	4	341	928	2292	170359	114.327255201	168048	0	161	166	145	86	99	94	267	68	68
DLR00012647-2009-07-04_09-35-20	13	5	409	926	2461	176302	114.327255201	173632	0	160	165	143	86	100	94	274	68	68
DLR00012647-2009-07-04_09-35-20	13	6	473	922	2387	176239	114.327255201	173626	0	162	167	144	85	99	93	267	68	68
DLR00012647-2009-07-04_09-35-20	13	7	545	926	2217	167812	114.327255201	165895	0	161	166	143	83	98	92	257	68	68
DLR00012647-2009-07-04_09-35-20	13	8	613	924	2484	194392	114.327255201	191886	0	162	167	143	83	97	91	276	68	68
DLR00012647-2009-07-04_09-35-20	13	9	682	924	2405	184295	114.327255201	181195	0	159	164	141	83	97	90	311	68	68
DLR00012647-2009-07-04_09-35-20	13	10	749	924	2180	168933	114.327255201	166791	0	159	164	140	81	96	89	266	68	68
DLR00012647-2009-07-04_09-35-20	13	11	816	925	2421	188818	114.327255201	186197	0	158	163	139	82	95	89	276	68	68
DLR00012647-2009-07-04_09-35-20	13	12	886	921	2154	164349	114.327255201	161659	0	155	160	137	81	95	88	270	68	68
DLR00012647-2009-07-04_09-35-20	13	13	954	926	2177	170505	114.327255201	167747	0	156	162	138	81	95	88	268	68	68
DLR00012647-2009-07-04_09-35-20	13	14	1020	923	2274	179593	114.327255201	177160	0	157	162	138	80	94	88	287	68	68
DLR00012647-2009-07-04_09-35-20	13	15	1092	923	2289	175740	114.327255201	172569	0	155	160	137	81	95	88	270	68	68
DLR00012647-2009-07-04_09-35-20	13	16	1159	922	2196	167753	114.327255201	164829	0	154	160	137	80	94	88	294	68	68
DLR00012647-2009-07-04_09-35-20	13	17	1226	923	2471	197098	114.327255201	194462	0	157	163	138	80	94	88	270	68	68
DLR00012647-2009-07-04_09-35-20	13	18	1298	924	2484	193840	114.327255201	189937	0	156	162	139	82	96	90	328	68	68
DLR00012647-2009-07-04_09-35-20	13	19	1364	923	2193	166524	114.327255201	163615	0	155	161	139	82	96	90	254	68	68
DLR00012647-2009-07-04_09-35-20	13	20	1431	922	2420	194225	114.327255201	191466	0	159	164	142	81	95	90	272	68	68
DLR00012647-2009-07-04_09-35-20	13	21	1501	922	2068	163680	114.327255201	161670	0	156	162	140	80	94	89	239	68	68
DLR00012647-2009-07-04_09-35-20	13	22	1569	920	2187	173176	114.327255201	171147	0	153	158	138	79	92	88	222	68	68
DLR00012647-2009-07-04_09-35-20	13	23	1637	922	2363	201271	114.327255201	199022	0	156	160	139	79	91	86	215	68	68
DLR00012647-2009-07-04_09-35-20	13	24	1703	920	2956	263358	114.327255201	260048	0	157	161	140	79	90	85	201	68	68
DLR00012647-2009-07-04_09-35-20	14	1	134	997	2930	211222	114.327255201	208292	0	159	163	143	86	97	93	170	68	68
DLR00012647-2009-07-04_09-35-20	14	2	203	993	2628	211981	114.327255201	209561	0	165	168	146	84	97	91	235	68	68
DLR00012647-2009-07-04_09-35-20	14	3	272	995	2336	168512	114.327255201	165410	0	158	163	142	86	99	93	281	68	68
DLR00012647-2009-07-04_09-35-20	14	4	339	996	2542	197789	114.327255201	195574	0	166	170	147	86	99	93	245	68	68
DLR00012647-2009-07-04_09-35-20	14	5	405	994	2462	178097	114.327255201	174489	0	160	166	144	87	100	94	311	68	68
DLR00012647-2009-07-04_09-35-20	14	6	474	992	2671	208048	114.327255201	205383	0	165	170	146	85	99	93	278	68	68
DLR00012647-2009-07-04_09-35-20	14	7	543	992	2266	164931	114.327255201	160212	0	158	164	142	85	99	93	370	68	68
DLR00012647-2009-07-04_09-35-20	14	8	612	992	2544	203420	114.327255201	200844	0	164	169	144	83	97	91	275	68	68
DLR00012647-2009-07-04_09-35-20	14	9	681	995	2767	217590	114.327255201	213693	0	161	166	142	84	97	91	329	68	68
DLR00012647-2009-07-04_09-35-20	14	10	749	994	2365	189690	114.327255201	187337	0	162	167	142	81	96	89	266	68	68
DLR00012647-2009-07-04_09-35-20	14	11	817	991	2844	231533	114.327255201	228344	11	162	167	142	83	96	89	313	68	68
DLR00012647-2009-07-04_09-35-20	14	12	886	989	2452	201322	114.327255201	198312	0	161	166	141	81	94	88	286	68	68
DLR00012647-2009-07-04_09-35-20	14	13	953	992	2806	226375	114.327255201	222515	0	159	164	140	82	95	88	301	68	68
DLR00012647-2009-07-04_09-35-20	14	14	1022	992	2577	213656	114.327255201	210513	0	161	166	141	80	94	88	305	68	68
DLR00012647-2009-07-04_09-35-20	14	15	1091	991	2777	219690	114.327255201	215602	0	157	162	138	81	95	88	322	68	68
DLR00012647-2009-07-04_09-35-20	14	16	1156	990	2332	186079	114.327255201	183124	4	158	163	139	80	94	88	266	68	68
DLR00012647-2009-07-04_09-35-20	14	17	1224	991	2966	232023	114.327255201	228098	6	157	162	139	82	95	88	318	68	68
DLR00012647-2009-07-04_09-35-20	14	18	1296	991	2755	227024	114.327255201	223968	0	162	167	142	81	95	88	287	68	68
DLR00012647-2009-07-04_09-35-20	14	19	1363	988	2919	229283	114.327255201	225309	0	159	164	141	83	96	90	297	68	68
DLR00012647-2009-07-04_09-35-20	14	20	1431	989	2438	193243	114.327255201	190685	0	159	164	142	82	95	90	263	68	68
DLR00012647-2009-07-04_09-35-20	14	21	1498	989	2934	232978	114.327255201	229522	0	158	163	141	82	95	90	273	68	68
DLR00012647-2009-07-04_09-35-20	14	22	1569	988	2635	228507	114.327255201	226072	0	161	165	143	81	93	88	237	68	68
DLR00012647-2009-07-04_09-35-20	14	23	1638	989	3176	276150	114.327255201	272978	4	159	163	141	79	90	86	264	68	68
DLR00012647-2009-07-04_09-35-20	14	24	1707	988	0	0	114.327255201	7841	0				71	85	83	0	68	68
DLR00012647-2009-07-04_09-35-20	15	1	136	1065	3223	237576	114.327255201	234836	0	159	163	143	86	97	93	117	68	68
DLR00012647-2009-07-04_09-35-20	15	2	204	1065	2849	228740	114.327255201	226234	0	163	167	146	85	97	92	217	68	68
DLR00012647-2009-07-04_09-35-20	15	3	272	1063	2751	220701	114.327255201	217967	0	164	168	148	85	98	94	255	68	68
DLR00012647-2009-07-04_09-35-20	15	4	341	1064	2581	202392	114.327255201	199816	0	165	170	149	85	99	95	274	68	68
DLR00012647-2009-07-04_09-35-20	15	5	408	1064	2638	205234	114.327255201	202697	0	164	169	148	85	99	95	276	68	68
DLR00012647-2009-07-04_09-35-20	15	6	477	1063	2490	189974	114.327255201	187125	0	162	167	145	85	99	94	295	68	68
DLR00012647-2009-07-04_09-35-20	15	7	545	1062	2317	173623	114.327255201	170518	0	159	165	144	85	99	94	312	68	68
DLR00012647-2009-07-04_09-35-20	15	8	614	1060	2224	170620	114.327255201	167826	0	160	165	144	83	97	93	312	68	68
DLR00012647-2009-07-04_09-35-20	15	9	681	1060	2414	190286	114.327255201	186483	0	161	166	144	83	97	92	311	68	68
DLR00012647-2009-07-04_09-35-20	15	10	750	1063	2738	235494	114.327255201	232325	0	165	170	146	81	95	90	313	68	68
DLR00012647-2009-07-04_09-35-20	15	11	821	1065	2336	201166	114.327255201	198715	0	163	168	145	80	94	90	300	68	68
DLR00012647-2009-07-04_09-35-20	15	12	886	1062	2473	214820	114.327255201	211391	0	164	169	145	80	94	89	315	68	68
DLR00012647-2009-07-04_09-35-20	15	13	955	1061	2394	201287	114.327255201	197820	0	161	166	143	80	94	89	325	68	68
DLR00012647-2009-07-04_09-35-20	15	14	1023	1059	2522	206199	114.327255201	201980	1	158	164	141	82	95	90	365	68	68
DLR00012647-2009-07-04_09-35-20	15	15	1090	1057	2035	162018	114.327255201	159739	0	155	161	139	80	94	88	260	68	68
DLR00012647-2009-07-04_09-35-20	15	16	1161	1058	2347	188027	114.327255201	184882	0	155	161	139	80	94	89	297	68	68
DLR00012647-2009-07-04_09-35-20	15	17	1227	1057	2310	188612	114.327255201	185924	0	157	163	141	80	94	89	267	68	68
DLR00012647-2009-07-04_09-35-20	15	18	1299	1057	2429	205441	114.327255201	202953	0	162	167	144	80	94	89	276	68	68
DLR00012647-2009-07-04_09-35-20	15	19	1364	1061	2687	227723	114.327255201	224443	0	163	168	146	81	95	90	303	68	68
DLR00012647-2009-07-04_09-35-20	15	20	1433	1060	2429	203274	114.327255201	200971	0	161	166	145	81	95	91	256	68	68
DLR00012647-2009-07-04_09-35-20	15	21	1501	1057	2472	203418	114.327255201	201160	0	160	165	144	80	94	90	239	68	68
DLR00012647-2009-07-04_09-35-20	15	22	1569	1055	2347	189578	114.327255201	187125	0	156	161	141	80	93	89	213	68	68
DLR00012647-2009-07-04_09-35-20	15	23	1636	1056	2628	206284	114.327255201	200811	9	154	159	139	82	93	88	288	68	68
DLR00012647-2009-07-04_09-35-20	15	24	1707	1054	2993	257039	114.327255201	254526	1	156	161	140	80	91	87	125	68	68
DLR00012647-2009-07-04_09-35-20	16	1	135	1130	2969	176084	114.327255201	174675	15	156	160	143	96	105	102	49	68	68
DLR00012647-2009-07-04_09-35-20	16	2	206	1138	2868	195259	114.327255201	193996	16	168	171	152	100	109	104	287	68	68
DLR00012647-2009-07-04_09-35-20	16	3	267	1126	13	753	114.327255201	8136	8	138	145	134	90	103	101	14	68	68
DLR00012647-2009-07-04_09-35-20	16	4	315	1125	63	4388	114.327255201	10895	14	154	158	144	91	104	103	25	68	68
DLR00012647-2009-07-04_09-35-20	16	5	413	1138	576	35582	114.327255201	41661	21	154	159	146	94	107	105	131	68	68
DLR00012647-2009-07-04_09-35-20	16	6	475	1130	2459	163424	114.327255201	162035	4	167	172	152	97	110	105	158	68	68
DLR00012647-2009-07-04_09-35-20	16	7	545	1130	2722	168970	114.327255201	167639	12	162	167	148	97	109	104	173	68	68
DLR00012647-2009-07-04_09-35-20	16	8	612	1127	2306	151038	114.327255201	150845	0	166	171	150	93	106	101	164	68	68
DLR00012647-2009-07-04_09-35-20	16	9	681	1127	3094	214456	114.327255201	212953	20	165	170	149	94	106	101	197	68	68
DLR00012647-2009-07-04_09-35-20	16	10	750	1128	0	0	114.327255201	6906	0				86	101	98	4	68	68
DLR00012647-2009-07-04_09-35-20	16	11	818	1127	0	0	114.327255201	6825	0				86	100	98	7	68	68
DLR00012647-2009-07-04_09-35-20	16	12	872	1127	0	0	114.327255201	6910	0				86	101	99	0	68	68
DLR00012647-2009-07-04_09-35-20	16	13	952	1123	0	0	114.327255201	6749	0				84	99	97	0	68	68
DLR00012647-2009-07-04_09-35-20	16	14	1022	1126	2563	194188	114.327255201	192922	0	166	171	148	90	103	98	182	68	68
DLR00012647-2009-07-04_09-35-20	16	15	1091	1127	3072	217242	114.327255201	215233	14	160	166	145	91	104	99	212	68	68
DLR00012647-2009-07-04_09-35-20	16	16	1160	1126	2550	185267	114.327255201	183838	0	162	167	146	90	103	98	201	68	68
DLR00012647-2009-07-04_09-35-20	16	17	1229	1125	3296	239409	114.327255201	237466	17	163	168	147	92	105	99	207	68	68
DLR00012647-2009-07-04_09-35-20	16	18	1296	1125	0	0	114.327255201	9910	0				85	100	98	0	68	68
DLR00012647-2009-07-04_09-35-20	16	19	1365	1126	0	0	114.327255201	8558	0				86	100	99	0	68	68
DLR00012647-2009-07-04_09-35-20	16	20	1429	1122	0	0	114.327255201	6695	0				84	99	98	7	68	68
DLR00012647-2009-07-04_09-35-20	16	21	1499	1122	0	0	114.327255201	6943	0				84	99	97	3	68	68
DLR00012647-2009-07-04_09-35-20	16	22	1568	1124	2645	195679	114.327255201	194542	0	163	167	148	92	103	98	134	68	68
DLR00012647-2009-07-04_09-35-20	16	23	1636	1123	3237	226945	114.327255201	225535	12	160	164	145	92	102	97	115	68	68
DLR00012647-2009-07-04_09-35-20	16	24	1709	1124	3002	205182	114.327255201	204706	0	157	161	142	92	102	98	50	68	68
