DLR00012709-2009-07-03_15-37-55	1	1	131	105	2757	174639	116.536982697	172182	20	150	155	140	90	99	96	123	68	68
DLR00012709-2009-07-03_15-37-55	1	2	200	109	2646	168380	116.536982697	166833	0	151	156	142	88	99	96	94	68	68
DLR00012709-2009-07-03_15-37-55	1	3	270	108	2471	158307	116.536982697	157315	0	158	162	147	92	103	100	125	68	68
DLR00012709-2009-07-03_15-37-55	1	4	336	107	2480	153736	116.536982697	152629	1	157	162	147	93	105	102	114	68	68
DLR00012709-2009-07-03_15-37-55	1	5	406	107	2757	177402	116.536982697	175917	0	160	166	149	93	106	102	150	68	68
DLR00012709-2009-07-03_15-37-55	1	6	472	107	2446	145621	116.536982697	144290	0	155	162	146	93	106	103	141	68	68
DLR00012709-2009-07-03_15-37-55	1	7	541	109	2643	171107	116.536982697	169732	0	160	167	149	92	106	103	156	68	68
DLR00012709-2009-07-03_15-37-55	1	8	609	106	2659	162603	116.536982697	161630	0	157	164	147	94	108	104	144	68	68
DLR00012709-2009-07-03_15-37-55	1	9	679	106	2615	166184	116.536982697	165433	0	159	166	147	94	107	103	149	68	68
DLR00012709-2009-07-03_15-37-55	1	10	747	104	2524	146825	116.536982697	146107	0	153	161	144	94	108	103	128	68	68
DLR00012709-2009-07-03_15-37-55	1	11	815	105	2733	174805	116.536982697	173323	0	159	166	147	94	108	103	174	68	68
DLR00012709-2009-07-03_15-37-55	1	12	882	104	2458	151450	116.536982697	150958	0	157	164	145	94	107	103	141	68	68
DLR00012709-2009-07-03_15-37-55	1	13	955	104	2758	162300	116.536982697	161583	0	161	167	147	96	109	103	126	68	68
DLR00012709-2009-07-03_15-37-55	1	14	1022	105	2331	124750	116.536982697	125079	0	152	160	143	92	106	101	107	68	68
DLR00012709-2009-07-03_15-37-55	1	15	1091	105	2562	169174	116.536982697	168281	0	160	166	147	92	106	102	178	68	68
DLR00012709-2009-07-03_15-37-55	1	16	1157	104	2424	149970	116.536982697	149167	0	156	163	146	93	107	103	151	68	68
DLR00012709-2009-07-03_15-37-55	1	17	1226	104	2613	169534	116.536982697	168427	0	160	166	148	94	107	103	165	68	68
DLR00012709-2009-07-03_15-37-55	1	18	1294	104	2454	149160	116.536982697	148280	0	155	162	146	94	107	103	147	68	68
DLR00012709-2009-07-03_15-37-55	1	19	1365	104	2613	168731	116.536982697	167771	0	159	165	148	93	106	102	141	68	68
DLR00012709-2009-07-03_15-37-55	1	20	1431	103	2361	145427	116.536982697	145077	0	154	160	145	92	104	101	135	68	68
DLR00012709-2009-07-03_15-37-55	1	21	1500	105	2620	177647	116.536982697	176730	0	157	162	146	91	102	98	140	68	68
DLR00012709-2009-07-03_15-37-55	1	22	1568	102	2292	143528	116.536982697	143440	0	148	154	140	89	100	97	119	68	68
DLR00012709-2009-07-03_15-37-55	1	23	1636	104	2627	180561	116.536982697	179655	0	151	156	141	87	97	93	79	68	68
DLR00012709-2009-07-03_15-37-55	1	24	1699	105	2397	136922	116.536982697	137265	10	144	150	136	86	96	93	38	68	68
DLR00012709-2009-07-03_15-37-55	2	1	131	176	2797	193853	116.536982697	191640	0	151	156	140	83	94	91	147	68	68
DLR00012709-2009-07-03_15-37-55	2	2	200	176	2242	144242	116.536982697	142121	0	150	155	139	85	97	94	163	68	68
DLR00012709-2009-07-03_15-37-55	2	3	268	174	2684	190760	116.536982697	188365	0	162	166	147	87	100	96	232	68	68
DLR00012709-2009-07-03_15-37-55	2	4	335	174	2107	131625	116.536982697	128815	0	152	159	143	88	101	98	218	68	68
DLR00012709-2009-07-03_15-37-55	2	5	404	174	2497	169655	116.536982697	167808	0	159	165	146	88	102	98	212	68	68
DLR00012709-2009-07-03_15-37-55	2	6	472	174	2405	152700	116.536982697	150100	0	154	161	143	88	102	98	215	68	68
DLR00012709-2009-07-03_15-37-55	2	7	542	175	2468	168729	116.536982697	166398	0	159	166	146	87	102	98	230	68	68
DLR00012709-2009-07-03_15-37-55	2	8	609	172	2339	153043	116.536982697	150327	0	154	161	143	87	102	97	235	68	68
DLR00012709-2009-07-03_15-37-55	2	9	680	173	2644	191385	116.536982697	189108	0	161	167	146	85	100	96	256	68	68
DLR00012709-2009-07-03_15-37-55	2	10	747	171	2322	154053	116.536982697	151783	0	152	160	141	85	100	96	210	68	68
DLR00012709-2009-07-03_15-37-55	2	11	816	171	2635	184966	116.536982697	182597	5	158	165	143	84	100	95	228	68	68
DLR00012709-2009-07-03_15-37-55	2	12	881	172	2437	155760	116.536982697	152595	0	151	159	140	85	101	96	213	68	68
DLR00012709-2009-07-03_15-37-55	2	13	951	171	2563	182512	116.536982697	180165	0	157	164	143	84	99	95	258	68	68
DLR00012709-2009-07-03_15-37-55	2	14	1020	170	2237	153066	116.536982697	150156	0	153	160	141	83	99	95	256	68	68
DLR00012709-2009-07-03_15-37-55	2	15	1089	171	2615	192481	116.536982697	190216	0	159	165	144	84	99	94	255	68	68
DLR00012709-2009-07-03_15-37-55	2	16	1157	171	2200	144551	116.536982697	142169	0	151	159	140	84	99	95	204	68	68
DLR00012709-2009-07-03_15-37-55	2	17	1225	172	2534	180341	116.536982697	178227	0	158	164	144	84	99	95	239	68	68
DLR00012709-2009-07-03_15-37-55	2	18	1291	172	2174	146905	116.536982697	144560	0	153	161	143	85	100	96	235	68	68
DLR00012709-2009-07-03_15-37-55	2	19	1364	174	2452	172324	116.536982697	170513	0	156	162	144	84	99	95	234	68	68
DLR00012709-2009-07-03_15-37-55	2	20	1429	168	2222	150026	116.536982697	146741	0	151	158	141	84	98	95	261	68	68
DLR00012709-2009-07-03_15-37-55	2	21	1500	169	2566	192291	116.536982697	190119	0	158	163	145	84	97	94	247	68	68
DLR00012709-2009-07-03_15-37-55	2	22	1566	170	2406	170861	116.536982697	168633	0	149	155	139	81	94	91	213	68	68
DLR00012709-2009-07-03_15-37-55	2	23	1636	173	2550	199191	116.536982697	197571	0	153	158	140	80	92	88	230	68	68
DLR00012709-2009-07-03_15-37-55	2	24	1701	168	2659	194164	116.536982697	191926	0	147	153	138	81	91	89	181	68	68
DLR00012709-2009-07-03_15-37-55	3	1	136	242	2804	204965	116.536982697	202544	0	157	160	143	84	95	92	209	68	68
DLR00012709-2009-07-03_15-37-55	3	2	202	241	2339	168195	116.536982697	166011	0	158	162	143	86	97	93	220	68	68
DLR00012709-2009-07-03_15-37-55	3	3	270	245	2510	178674	116.536982697	176657	0	160	164	145	86	99	94	220	68	68
DLR00012709-2009-07-03_15-37-55	3	4	336	245	2364	157913	116.536982697	155092	0	157	162	144	87	100	96	251	68	68
DLR00012709-2009-07-03_15-37-55	3	5	406	244	2707	189072	116.536982697	186660	1	161	166	146	87	101	96	257	68	68
DLR00012709-2009-07-03_15-37-55	3	6	471	241	2463	167899	116.536982697	165302	0	160	165	144	87	101	96	241	68	68
DLR00012709-2009-07-03_15-37-55	3	7	543	242	2504	177435	116.536982697	175418	0	161	167	145	86	100	95	246	68	68
DLR00012709-2009-07-03_15-37-55	3	8	611	240	2362	164757	116.536982697	162329	0	159	165	144	86	100	95	241	68	68
DLR00012709-2009-07-03_15-37-55	3	9	681	243	2577	192466	116.536982697	190118	0	164	169	146	85	99	94	255	68	68
DLR00012709-2009-07-03_15-37-55	3	10	749	241	2357	164930	116.536982697	161745	0	157	163	142	84	99	94	308	68	68
DLR00012709-2009-07-03_15-37-55	3	11	816	241	2513	179057	116.536982697	176631	0	158	163	142	83	98	93	247	68	68
DLR00012709-2009-07-03_15-37-55	3	12	885	239	2325	159677	116.536982697	157511	0	155	161	140	83	99	93	239	68	68
DLR00012709-2009-07-03_15-37-55	3	13	951	242	2569	188877	116.536982697	186322	0	160	165	143	83	98	93	272	68	68
DLR00012709-2009-07-03_15-37-55	3	14	1021	239	2428	169739	116.536982697	166898	0	155	161	140	83	98	93	253	68	68
DLR00012709-2009-07-03_15-37-55	3	15	1091	242	2621	201135	116.536982697	198557	0	162	167	145	83	98	93	280	68	68
DLR00012709-2009-07-03_15-37-55	3	16	1159	240	2302	166780	116.536982697	164218	0	157	163	142	83	98	93	264	68	68
DLR00012709-2009-07-03_15-37-55	3	17	1228	240	2583	200377	116.536982697	198017	0	163	168	146	83	98	93	273	68	68
DLR00012709-2009-07-03_15-37-55	3	18	1295	238	2069	143201	116.536982697	141072	0	154	161	141	83	98	94	253	68	68
DLR00012709-2009-07-03_15-37-55	3	19	1364	240	2616	204129	116.536982697	201579	0	163	168	147	83	97	93	287	68	68
DLR00012709-2009-07-03_15-37-55	3	20	1432	239	2254	155701	116.536982697	152731	0	152	159	141	83	97	94	294	68	68
DLR00012709-2009-07-03_15-37-55	3	21	1501	241	2581	201150	116.536982697	198864	0	160	165	145	82	96	92	275	68	68
DLR00012709-2009-07-03_15-37-55	3	22	1567	240	2373	175070	116.536982697	172765	0	151	157	140	81	94	91	252	68	68
DLR00012709-2009-07-03_15-37-55	3	23	1636	242	2671	218714	116.536982697	216024	0	158	162	142	80	92	88	252	68	68
DLR00012709-2009-07-03_15-37-55	3	24	1701	240	2782	224400	116.536982697	221822	0	155	159	142	80	91	88	235	68	68
DLR00012709-2009-07-03_15-37-55	4	1	131	311	2881	223656	116.536982697	221078	0	159	163	145	84	95	92	233	68	68
DLR00012709-2009-07-03_15-37-55	4	2	201	311	1991	130952	116.536982697	128616	0	151	155	139	85	97	94	219	68	68
DLR00012709-2009-07-03_15-37-55	4	3	267	313	2528	182835	116.536982697	180892	0	161	165	145	86	99	95	216	68	68
DLR00012709-2009-07-03_15-37-55	4	4	334	313	2055	127541	116.536982697	124689	0	151	157	140	87	101	96	254	68	68
DLR00012709-2009-07-03_15-37-55	4	5	405	312	2561	181198	116.536982697	179013	0	161	166	146	87	100	96	247	68	68
DLR00012709-2009-07-03_15-37-55	4	6	473	309	2062	131447	116.536982697	128492	0	153	160	141	86	101	96	272	68	68
DLR00012709-2009-07-03_15-37-55	4	7	541	309	2525	180823	116.536982697	178592	0	161	167	145	86	100	95	239	68	68
DLR00012709-2009-07-03_15-37-55	4	8	610	310	2062	133176	116.536982697	130826	0	152	159	139	85	99	94	252	68	68
DLR00012709-2009-07-03_15-37-55	4	9	679	309	2509	181950	116.536982697	179240	0	161	166	144	85	99	94	262	68	68
DLR00012709-2009-07-03_15-37-55	4	10	746	309	2212	149690	116.536982697	146413	0	154	160	139	84	99	93	284	68	68
DLR00012709-2009-07-03_15-37-55	4	11	816	309	2400	173052	116.536982697	171088	0	159	164	142	83	98	93	249	68	68
DLR00012709-2009-07-03_15-37-55	4	12	883	308	2230	151949	116.536982697	149759	0	154	160	138	83	98	93	248	68	68
DLR00012709-2009-07-03_15-37-55	4	13	953	308	2514	184381	116.536982697	181700	0	159	164	142	83	97	92	290	68	68
DLR00012709-2009-07-03_15-37-55	4	14	1019	307	2199	145705	116.536982697	143059	0	151	157	137	83	97	93	252	68	68
DLR00012709-2009-07-03_15-37-55	4	15	1089	309	2440	180301	116.536982697	178319	0	159	164	142	82	97	92	240	68	68
DLR00012709-2009-07-03_15-37-55	4	16	1156	308	2163	146438	116.536982697	143032	0	151	158	138	83	97	93	285	68	68
DLR00012709-2009-07-03_15-37-55	4	17	1227	308	2330	171945	116.536982697	170133	0	158	164	142	82	97	93	241	68	68
DLR00012709-2009-07-03_15-37-55	4	18	1293	308	2172	151195	116.536982697	147939	0	153	160	140	83	97	93	290	68	68
DLR00012709-2009-07-03_15-37-55	4	19	1362	307	2653	201508	116.536982697	199017	0	160	165	144	83	97	93	269	68	68
DLR00012709-2009-07-03_15-37-55	4	20	1431	306	2168	149207	116.536982697	146155	0	151	158	140	83	97	94	245	68	68
DLR00012709-2009-07-03_15-37-55	4	21	1498	307	2528	188563	116.536982697	186391	0	156	162	143	82	96	93	264	68	68
DLR00012709-2009-07-03_15-37-55	4	22	1565	307	2240	160301	116.536982697	157794	0	149	155	138	81	94	91	240	68	68
DLR00012709-2009-07-03_15-37-55	4	23	1635	307	2705	220313	116.536982697	217584	0	157	161	142	80	92	89	270	68	68
DLR00012709-2009-07-03_15-37-55	4	24	1701	308	2756	216657	116.536982697	213736	0	154	159	141	80	92	89	242	68	68
DLR00012709-2009-07-03_15-37-55	5	1	135	381	2866	214418	116.536982697	212047	0	157	161	143	84	95	92	223	68	68
DLR00012709-2009-07-03_15-37-55	5	2	203	381	2343	165130	116.536982697	162649	0	156	160	142	85	97	94	204	68	68
DLR00012709-2009-07-03_15-37-55	5	3	268	379	2660	197614	116.536982697	195176	0	163	167	147	86	99	95	227	68	68
DLR00012709-2009-07-03_15-37-55	5	4	336	378	2326	156959	116.536982697	155096	0	157	162	143	86	100	96	207	68	68
DLR00012709-2009-07-03_15-37-55	5	5	407	379	2512	177480	116.536982697	175325	0	162	167	146	86	100	96	226	68	68
DLR00012709-2009-07-03_15-37-55	5	6	475	377	2145	141534	116.536982697	139608	0	155	161	141	85	100	96	212	68	68
DLR00012709-2009-07-03_15-37-55	5	7	542	380	2630	190604	116.536982697	188104	0	162	167	146	85	100	94	255	68	68
DLR00012709-2009-07-03_15-37-55	5	8	610	378	2248	156011	116.536982697	152431	0	157	163	143	85	100	94	301	68	68
DLR00012709-2009-07-03_15-37-55	5	9	682	379	2590	192172	116.536982697	189788	0	162	167	145	84	98	93	261	68	68
DLR00012709-2009-07-03_15-37-55	5	10	748	377	2405	163296	116.536982697	160660	0	154	160	139	84	98	93	257	68	68
DLR00012709-2009-07-03_15-37-55	5	11	818	377	2579	188103	116.536982697	185463	0	159	164	142	83	97	92	295	68	68
DLR00012709-2009-07-03_15-37-55	5	12	884	378	2352	162427	116.536982697	159480	0	154	160	139	82	97	92	260	68	68
DLR00012709-2009-07-03_15-37-55	5	13	954	377	2677	209036	116.536982697	206209	0	163	168	145	82	96	92	287	68	68
DLR00012709-2009-07-03_15-37-55	5	14	1022	376	2160	148012	116.536982697	144975	0	152	159	138	82	97	92	250	68	68
DLR00012709-2009-07-03_15-37-55	5	15	1091	379	2580	194840	116.536982697	192312	0	160	165	143	82	96	92	267	68	68
DLR00012709-2009-07-03_15-37-55	5	16	1157	379	2305	163706	116.536982697	160118	0	154	161	140	83	97	92	308	68	68
DLR00012709-2009-07-03_15-37-55	5	17	1228	378	2554	192332	116.536982697	189628	0	159	164	143	82	97	92	278	68	68
DLR00012709-2009-07-03_15-37-55	5	18	1295	377	2162	148982	116.536982697	145653	0	151	158	139	82	97	93	286	68	68
DLR00012709-2009-07-03_15-37-55	5	19	1364	377	2552	192496	116.536982697	190300	0	159	165	144	82	97	93	253	68	68
DLR00012709-2009-07-03_15-37-55	5	20	1432	376	2326	163893	116.536982697	160616	0	153	160	141	83	97	94	276	68	68
DLR00012709-2009-07-03_15-37-55	5	21	1500	377	2272	163053	116.536982697	160534	0	152	159	141	82	96	93	228	68	68
DLR00012709-2009-07-03_15-37-55	5	22	1565	376	2153	154691	116.536982697	152031	0	148	155	139	80	94	91	259	68	68
DLR00012709-2009-07-03_15-37-55	5	23	1636	376	2577	208954	116.536982697	207018	0	154	160	141	79	92	89	232	68	68
DLR00012709-2009-07-03_15-37-55	5	24	1703	375	2574	207599	116.536982697	205224	0	154	160	143	79	92	89	238	68	68
DLR00012709-2009-07-03_15-37-55	6	1	134	449	2828	213412	116.536982697	210855	0	159	162	145	83	95	92	224	68	68
DLR00012709-2009-07-03_15-37-55	6	2	202	447	2430	166149	116.536982697	163371	0	153	158	141	85	98	94	231	68	68
DLR00012709-2009-07-03_15-37-55	6	3	269	446	2669	199913	116.536982697	197553	0	163	167	147	86	99	94	237	68	68
DLR00012709-2009-07-03_15-37-55	6	4	337	448	2063	131516	116.536982697	128004	0	152	158	141	87	101	97	251	68	68
DLR00012709-2009-07-03_15-37-55	6	5	406	446	2581	186544	116.536982697	184566	0	163	168	147	86	100	96	242	68	68
DLR00012709-2009-07-03_15-37-55	6	6	475	447	1929	123697	116.536982697	121604	0	152	159	140	85	100	96	207	68	68
DLR00012709-2009-07-03_15-37-55	6	7	542	446	2365	168952	116.536982697	166676	0	159	165	144	84	99	94	238	68	68
DLR00012709-2009-07-03_15-37-55	6	8	610	446	2137	141790	116.536982697	138208	0	152	159	140	85	99	94	308	68	68
DLR00012709-2009-07-03_15-37-55	6	9	679	446	2447	174908	116.536982697	172953	0	159	164	142	83	98	93	235	68	68
DLR00012709-2009-07-03_15-37-55	6	10	746	446	1941	124864	116.536982697	122258	0	149	156	137	84	98	93	228	68	68
DLR00012709-2009-07-03_15-37-55	6	11	820	443	2638	195308	116.536982697	192739	0	160	165	142	83	97	91	270	68	68
DLR00012709-2009-07-03_15-37-55	6	12	887	443	2080	138201	116.536982697	135339	0	151	157	137	82	96	91	264	68	68
DLR00012709-2009-07-03_15-37-55	6	13	952	444	2519	186527	116.536982697	184159	0	158	163	141	82	96	91	260	68	68
DLR00012709-2009-07-03_15-37-55	6	14	1021	444	2103	140534	116.536982697	136692	0	149	156	137	82	97	92	283	68	68
DLR00012709-2009-07-03_15-37-55	6	15	1089	446	2574	194635	116.536982697	192316	0	159	164	142	81	96	91	275	68	68
DLR00012709-2009-07-03_15-37-55	6	16	1158	444	2187	153700	116.536982697	150598	0	153	159	139	82	97	92	282	68	68
DLR00012709-2009-07-03_15-37-55	6	17	1228	445	2478	185527	116.536982697	183164	0	158	163	142	81	96	92	272	68	68
DLR00012709-2009-07-03_15-37-55	6	18	1295	448	2210	151289	116.536982697	148099	0	150	157	138	82	97	93	263	68	68
DLR00012709-2009-07-03_15-37-55	6	19	1362	444	2577	190934	116.536982697	188397	0	157	163	143	82	96	93	263	68	68
DLR00012709-2009-07-03_15-37-55	6	20	1431	445	2302	159265	116.536982697	156632	0	151	158	140	82	97	93	242	68	68
DLR00012709-2009-07-03_15-37-55	6	21	1499	444	2493	189420	116.536982697	186864	0	156	162	143	81	96	92	271	68	68
DLR00012709-2009-07-03_15-37-55	6	22	1568	442	2298	169965	116.536982697	166585	0	151	158	140	81	95	92	277	68	68
DLR00012709-2009-07-03_15-37-55	6	23	1635	441	2581	209400	116.536982697	206957	0	155	160	142	79	92	89	248	68	68
DLR00012709-2009-07-03_15-37-55	6	24	1703	443	2577	212674	116.536982697	210398	0	154	160	142	79	91	89	248	68	68
DLR00012709-2009-07-03_15-37-55	7	1	135	517	2965	220695	116.536982697	217794	0	159	163	145	83	95	93	242	68	68
DLR00012709-2009-07-03_15-37-55	7	2	202	517	2367	162003	116.536982697	159021	0	154	159	141	86	98	95	224	68	68
DLR00012709-2009-07-03_15-37-55	7	3	270	517	2577	191510	116.536982697	189335	0	163	167	147	85	99	95	236	68	68
DLR00012709-2009-07-03_15-37-55	7	4	338	518	2139	138942	116.536982697	136971	0	153	159	141	85	100	96	203	68	68
DLR00012709-2009-07-03_15-37-55	7	5	407	515	2528	182514	116.536982697	180595	0	162	167	146	85	100	96	211	68	68
DLR00012709-2009-07-03_15-37-55	7	6	476	517	2171	148141	116.536982697	146033	0	156	162	142	84	100	95	225	68	68
DLR00012709-2009-07-03_15-37-55	7	7	543	517	2800	208562	116.536982697	205625	0	163	168	146	84	99	94	280	68	68
DLR00012709-2009-07-03_15-37-55	7	8	613	515	2314	154184	116.536982697	150982	0	153	160	140	84	99	94	254	68	68
DLR00012709-2009-07-03_15-37-55	7	9	680	516	2466	180172	116.536982697	177905	0	160	165	143	83	98	92	251	68	68
DLR00012709-2009-07-03_15-37-55	7	10	747	514	2265	155122	116.536982697	153010	0	154	160	139	83	97	92	243	68	68
DLR00012709-2009-07-03_15-37-55	7	11	819	515	2712	208426	116.536982697	205550	0	162	167	144	82	96	91	286	68	68
DLR00012709-2009-07-03_15-37-55	7	12	886	514	2054	139953	116.536982697	136703	0	152	158	137	82	96	91	283	68	68
DLR00012709-2009-07-03_15-37-55	7	13	955	514	2614	200216	116.536982697	197645	0	161	165	143	81	96	91	280	68	68
DLR00012709-2009-07-03_15-37-55	7	14	1023	514	2131	143515	116.536982697	139159	0	150	156	137	82	96	92	314	68	68
DLR00012709-2009-07-03_15-37-55	7	15	1092	515	2661	205488	116.536982697	202529	0	161	165	143	82	96	91	287	68	68
DLR00012709-2009-07-03_15-37-55	7	16	1158	514	2242	154976	116.536982697	151094	0	151	158	138	83	97	92	296	68	68
DLR00012709-2009-07-03_15-37-55	7	17	1228	516	2599	200772	116.536982697	198289	0	160	165	143	81	96	91	279	68	68
DLR00012709-2009-07-03_15-37-55	7	18	1295	514	2169	149226	116.536982697	146509	0	150	157	138	81	96	92	254	68	68
DLR00012709-2009-07-03_15-37-55	7	19	1363	513	2583	196185	116.536982697	193853	0	158	164	143	81	96	92	260	68	68
DLR00012709-2009-07-03_15-37-55	7	20	1430	511	2153	144502	116.536982697	140887	0	148	156	138	82	97	93	244	68	68
DLR00012709-2009-07-03_15-37-55	7	21	1500	514	2499	190396	116.536982697	187826	0	156	162	143	81	95	92	258	68	68
DLR00012709-2009-07-03_15-37-55	7	22	1567	512	2393	175582	116.536982697	173144	0	149	157	139	80	94	91	225	68	68
DLR00012709-2009-07-03_15-37-55	7	23	1636	515	2541	203545	116.536982697	200431	0	154	161	142	80	93	89	273	68	68
DLR00012709-2009-07-03_15-37-55	7	24	1703	512	2787	234094	116.536982697	231416	0	156	161	143	79	92	89	270	68	68
DLR00012709-2009-07-03_15-37-55	8	1	133	586	3010	222276	116.536982697	220002	0	159	163	145	85	97	94	219	68	68
DLR00012709-2009-07-03_15-37-55	8	2	201	584	2281	151331	116.536982697	147814	0	152	158	141	87	99	95	254	68	68
DLR00012709-2009-07-03_15-37-55	8	3	269	585	2543	186063	116.536982697	183742	0	162	166	147	86	99	95	242	68	68
DLR00012709-2009-07-03_15-37-55	8	4	338	584	2006	127878	116.536982697	124886	0	151	158	141	85	100	96	254	68	68
DLR00012709-2009-07-03_15-37-55	8	5	407	585	2527	182558	116.536982697	180159	0	161	167	146	85	100	96	248	68	68
DLR00012709-2009-07-03_15-37-55	8	6	474	585	2007	131944	116.536982697	128521	0	153	160	141	85	100	96	278	68	68
DLR00012709-2009-07-03_15-37-55	8	7	543	584	2633	187878	116.536982697	185381	0	159	165	143	84	99	94	238	68	68
DLR00012709-2009-07-03_15-37-55	8	8	610	584	2249	148669	116.536982697	145861	0	152	159	139	84	99	93	229	68	68
DLR00012709-2009-07-03_15-37-55	8	9	678	584	2514	183322	116.536982697	181204	0	159	164	142	83	97	92	245	68	68
DLR00012709-2009-07-03_15-37-55	8	10	747	584	2180	144940	116.536982697	141366	0	151	157	138	83	97	92	262	68	68
DLR00012709-2009-07-03_15-37-55	8	11	818	581	2424	178009	116.536982697	175878	0	158	163	141	82	96	91	263	68	68
DLR00012709-2009-07-03_15-37-55	8	12	886	580	2155	142294	116.536982697	138448	0	149	155	136	83	97	91	268	68	68
DLR00012709-2009-07-03_15-37-55	8	13	954	582	2403	175861	116.536982697	173867	0	157	162	140	81	95	90	245	68	68
DLR00012709-2009-07-03_15-37-55	8	14	1021	580	2171	145247	116.536982697	141867	0	149	156	136	82	96	91	285	68	68
DLR00012709-2009-07-03_15-37-55	8	15	1091	583	2611	192277	116.536982697	189633	0	156	161	140	81	95	90	264	68	68
DLR00012709-2009-07-03_15-37-55	8	16	1159	581	2163	148677	116.536982697	145339	0	150	157	137	82	96	91	284	68	68
DLR00012709-2009-07-03_15-37-55	8	17	1226	583	2589	193578	116.536982697	190753	0	157	162	141	81	96	91	272	68	68
DLR00012709-2009-07-03_15-37-55	8	18	1294	582	2216	155949	116.536982697	153213	0	151	158	139	81	96	92	260	68	68
DLR00012709-2009-07-03_15-37-55	8	19	1362	579	2534	185306	116.536982697	183014	0	154	161	141	81	96	92	247	68	68
DLR00012709-2009-07-03_15-37-55	8	20	1429	577	2087	146721	116.536982697	144314	0	150	158	139	80	96	93	242	68	68
DLR00012709-2009-07-03_15-37-55	8	21	1498	579	2422	184866	116.536982697	182795	0	155	162	142	80	95	92	230	68	68
DLR00012709-2009-07-03_15-37-55	8	22	1567	580	2322	173900	116.536982697	171884	0	150	157	139	79	93	91	243	68	68
DLR00012709-2009-07-03_15-37-55	8	23	1636	580	2544	204128	116.536982697	201962	0	155	161	141	79	92	89	236	68	68
DLR00012709-2009-07-03_15-37-55	8	24	1704	579	2686	220499	116.536982697	217696	0	154	160	142	78	92	89	246	68	68
DLR00012709-2009-07-03_15-37-55	9	1	136	655	2771	205563	116.536982697	203213	0	158	163	145	83	96	94	194	68	68
DLR00012709-2009-07-03_15-37-55	9	2	201	653	2396	172280	116.536982697	170286	0	157	162	144	85	98	94	198	68	68
DLR00012709-2009-07-03_15-37-55	9	3	270	653	2561	180373	116.536982697	178085	0	159	164	144	85	99	95	222	68	68
DLR00012709-2009-07-03_15-37-55	9	4	337	651	2490	166498	116.536982697	164065	0	155	161	143	86	100	96	220	68	68
DLR00012709-2009-07-03_15-37-55	9	5	407	654	2566	181462	116.536982697	179074	0	160	166	145	85	100	96	246	68	68
DLR00012709-2009-07-03_15-37-55	9	6	474	654	2314	152388	116.536982697	149611	0	153	160	141	85	100	95	224	68	68
DLR00012709-2009-07-03_15-37-55	9	7	544	653	2382	171684	116.536982697	169784	0	160	165	144	84	99	94	230	68	68
DLR00012709-2009-07-03_15-37-55	9	8	612	654	2429	166043	116.536982697	164112	0	155	161	140	84	98	93	219	68	68
DLR00012709-2009-07-03_15-37-55	9	9	680	652	2542	186178	116.536982697	184096	0	159	164	142	83	97	92	231	68	68
DLR00012709-2009-07-03_15-37-55	9	10	748	651	2324	160260	116.536982697	157911	0	153	159	138	82	96	91	224	68	68
DLR00012709-2009-07-03_15-37-55	9	11	817	653	2745	207163	116.536982697	204246	0	160	165	143	82	96	91	300	68	68
DLR00012709-2009-07-03_15-37-55	9	12	884	652	2130	140929	116.536982697	138232	0	149	155	136	82	96	91	267	68	68
DLR00012709-2009-07-03_15-37-55	9	13	955	653	2671	207053	116.536982697	204184	0	160	165	142	81	95	90	286	68	68
DLR00012709-2009-07-03_15-37-55	9	14	1022	652	2289	162519	116.536982697	159422	0	153	158	137	81	95	90	287	68	68
DLR00012709-2009-07-03_15-37-55	9	15	1091	652	2662	207190	116.536982697	204402	0	159	164	142	81	95	90	280	68	68
DLR00012709-2009-07-03_15-37-55	9	16	1159	651	2123	146528	116.536982697	144168	0	149	156	136	80	94	90	224	68	68
DLR00012709-2009-07-03_15-37-55	9	17	1230	651	2442	184793	116.536982697	182616	0	156	162	140	81	95	91	233	68	68
DLR00012709-2009-07-03_15-37-55	9	18	1298	650	2178	155721	116.536982697	152349	0	152	158	139	82	96	92	273	68	68
DLR00012709-2009-07-03_15-37-55	9	19	1365	649	2558	197051	116.536982697	194612	0	158	164	143	81	95	92	263	68	68
DLR00012709-2009-07-03_15-37-55	9	20	1431	647	2284	161966	116.536982697	159587	0	150	157	139	80	95	92	230	68	68
DLR00012709-2009-07-03_15-37-55	9	21	1501	650	2393	184679	116.536982697	182314	0	155	162	143	80	95	92	259	68	68
DLR00012709-2009-07-03_15-37-55	9	22	1569	647	2058	147814	116.536982697	144554	0	147	155	138	80	94	91	274	68	68
DLR00012709-2009-07-03_15-37-55	9	23	1637	652	2650	215492	116.536982697	213266	0	156	162	142	79	93	89	238	68	68
DLR00012709-2009-07-03_15-37-55	9	24	1703	649	2653	218937	116.536982697	216627	0	154	160	142	78	91	89	237	68	68
DLR00012709-2009-07-03_15-37-55	10	1	133	721	2962	219309	116.536982697	216965	0	158	163	145	84	97	94	207	68	68
DLR00012709-2009-07-03_15-37-55	10	2	201	719	1882	122356	116.536982697	120247	0	149	156	139	84	98	95	179	68	68
DLR00012709-2009-07-03_15-37-55	10	3	272	720	2516	181952	116.536982697	179981	0	160	165	146	84	99	95	222	68	68
DLR00012709-2009-07-03_15-37-55	10	4	339	720	1929	126115	116.536982697	123977	0	153	159	142	85	100	96	239	68	68
DLR00012709-2009-07-03_15-37-55	10	5	406	720	2480	181192	116.536982697	179233	0	162	168	147	85	100	95	230	68	68
DLR00012709-2009-07-03_15-37-55	10	6	475	720	2254	150526	116.536982697	148002	0	154	161	141	84	99	95	229	68	68
DLR00012709-2009-07-03_15-37-55	10	7	544	721	2544	185987	116.536982697	183881	0	160	165	144	83	98	93	243	68	68
DLR00012709-2009-07-03_15-37-55	10	8	612	721	2094	137123	116.536982697	135187	0	150	157	137	83	98	93	209	68	68
DLR00012709-2009-07-03_15-37-55	10	9	681	720	2493	181969	116.536982697	179610	0	157	163	141	82	97	92	249	68	68
DLR00012709-2009-07-03_15-37-55	10	10	747	720	2286	153172	116.536982697	150882	0	150	156	136	82	96	91	215	68	68
DLR00012709-2009-07-03_15-37-55	10	11	816	718	2460	177726	116.536982697	175095	0	156	161	140	82	96	91	261	68	68
DLR00012709-2009-07-03_15-37-55	10	12	884	718	2231	155232	116.536982697	152595	0	152	158	138	81	96	91	265	68	68
DLR00012709-2009-07-03_15-37-55	10	13	954	720	2482	186982	116.536982697	184378	0	157	162	140	81	95	90	275	68	68
DLR00012709-2009-07-03_15-37-55	10	14	1021	719	2200	152208	116.536982697	149336	0	150	156	136	82	96	90	239	68	68
DLR00012709-2009-07-03_15-37-55	10	15	1090	718	2598	197923	116.536982697	194996	0	157	162	140	80	94	90	257	68	68
DLR00012709-2009-07-03_15-37-55	10	16	1159	717	2177	154889	116.536982697	151722	0	150	157	137	80	94	90	251	68	68
DLR00012709-2009-07-03_15-37-55	10	17	1228	719	2636	205166	116.536982697	202358	0	158	163	142	80	94	90	266	68	68
DLR00012709-2009-07-03_15-37-55	10	18	1295	718	2019	140167	116.536982697	136478	0	148	156	137	81	96	92	262	68	68
DLR00012709-2009-07-03_15-37-55	10	19	1364	715	2471	185786	116.536982697	183050	0	154	161	141	80	95	91	276	68	68
DLR00012709-2009-07-03_15-37-55	10	20	1433	714	1984	133878	116.536982697	131446	0	146	154	137	80	95	92	245	68	68
DLR00012709-2009-07-03_15-37-55	10	21	1501	715	2485	192716	116.536982697	190565	0	156	162	142	80	94	91	254	68	68
DLR00012709-2009-07-03_15-37-55	10	22	1568	715	2367	177900	116.536982697	175302	0	150	157	139	79	93	90	265	68	68
DLR00012709-2009-07-03_15-37-55	10	23	1637	717	2644	214532	116.536982697	212181	0	156	161	142	79	92	88	247	68	68
DLR00012709-2009-07-03_15-37-55	10	24	1703	716	2631	213976	116.536982697	211372	0	153	159	141	79	91	89	255	68	68
DLR00012709-2009-07-03_15-37-55	11	1	136	790	2869	209389	116.536982697	207509	7	158	162	145	84	97	94	196	68	68
DLR00012709-2009-07-03_15-37-55	11	2	204	788	2402	168262	116.536982697	165085	0	156	161	144	86	100	95	234	68	68
DLR00012709-2009-07-03_15-37-55	11	3	270	791	2675	202130	116.536982697	199983	0	164	168	148	86	99	95	235	68	68
DLR00012709-2009-07-03_15-37-55	11	4	338	792	2269	150205	116.536982697	148170	0	155	161	142	86	100	96	200	68	68
DLR00012709-2009-07-03_15-37-55	11	5	409	789	2685	193733	116.536982697	191329	0	162	167	146	85	100	95	247	68	68
DLR00012709-2009-07-03_15-37-55	11	6	476	789	2271	148549	116.536982697	145918	0	152	159	141	85	100	95	216	68	68
DLR00012709-2009-07-03_15-37-55	11	7	545	789	2531	185558	116.536982697	183326	0	160	166	145	84	98	94	249	68	68
DLR00012709-2009-07-03_15-37-55	11	8	613	788	2258	152208	116.536982697	149269	0	152	158	139	83	98	93	227	68	68
DLR00012709-2009-07-03_15-37-55	11	9	681	791	2696	203443	116.536982697	200746	0	160	165	143	82	96	92	267	68	68
DLR00012709-2009-07-03_15-37-55	11	10	748	789	2144	147415	116.536982697	145371	0	152	158	138	82	96	91	222	68	68
DLR00012709-2009-07-03_15-37-55	11	11	818	788	2493	181485	116.536982697	179140	0	156	161	140	81	96	91	256	68	68
DLR00012709-2009-07-03_15-37-55	11	12	883	787	2239	158814	116.536982697	156463	0	153	158	137	81	95	90	245	68	68
DLR00012709-2009-07-03_15-37-55	11	13	954	789	2662	208963	116.536982697	206215	0	160	165	142	80	95	90	278	68	68
DLR00012709-2009-07-03_15-37-55	11	14	1022	788	2205	151212	116.536982697	148250	0	148	155	135	81	95	90	244	68	68
DLR00012709-2009-07-03_15-37-55	11	15	1092	790	2524	195783	116.536982697	193307	0	156	162	140	80	94	89	263	68	68
DLR00012709-2009-07-03_15-37-55	11	16	1159	787	2136	149538	116.536982697	146254	0	148	155	135	80	94	90	253	68	68
DLR00012709-2009-07-03_15-37-55	11	17	1229	789	2511	189335	116.536982697	186760	0	155	160	139	80	94	90	255	68	68
DLR00012709-2009-07-03_15-37-55	11	18	1295	788	2299	166351	116.536982697	163602	0	151	157	138	80	94	90	256	68	68
DLR00012709-2009-07-03_15-37-55	11	19	1364	786	2544	197225	116.536982697	194397	0	156	162	142	80	94	91	272	68	68
DLR00012709-2009-07-03_15-37-55	11	20	1432	783	2090	147296	116.536982697	144430	0	148	155	137	79	94	91	247	68	68
DLR00012709-2009-07-03_15-37-55	11	21	1501	786	2418	185569	116.536982697	183050	0	154	160	142	80	94	91	248	68	68
DLR00012709-2009-07-03_15-37-55	11	22	1569	784	2248	161100	116.536982697	157985	0	147	154	137	80	94	91	235	68	68
DLR00012709-2009-07-03_15-37-55	11	23	1636	787	2609	215550	116.536982697	213038	0	156	161	141	79	92	88	248	68	68
DLR00012709-2009-07-03_15-37-55	11	24	1703	784	2714	223751	116.536982697	220834	0	153	158	141	78	90	88	255	68	68
DLR00012709-2009-07-03_15-37-55	12	1	135	857	2919	215569	116.536982697	213236	0	159	163	145	85	97	94	197	68	68
DLR00012709-2009-07-03_15-37-55	12	2	201	859	2206	146260	116.536982697	143043	0	152	158	141	86	99	95	212	68	68
DLR00012709-2009-07-03_15-37-55	12	3	271	859	2493	181828	116.536982697	179982	0	161	166	146	85	99	95	211	68	68
DLR00012709-2009-07-03_15-37-55	12	4	339	860	2056	132690	116.536982697	128839	0	152	159	142	87	100	96	294	68	68
DLR00012709-2009-07-03_15-37-55	12	5	408	856	2537	181142	116.536982697	178712	0	161	166	146	86	100	95	232	68	68
DLR00012709-2009-07-03_15-37-55	12	6	476	856	2188	138991	116.536982697	137107	0	150	157	139	84	99	95	202	68	68
DLR00012709-2009-07-03_15-37-55	12	7	545	856	2543	183667	116.536982697	181780	0	159	164	143	83	98	93	228	68	68
DLR00012709-2009-07-03_15-37-55	12	8	613	856	2089	142856	116.536982697	139929	0	152	159	139	83	97	93	251	68	68
DLR00012709-2009-07-03_15-37-55	12	9	682	857	2455	183683	116.536982697	181582	0	159	164	142	82	96	91	219	68	68
DLR00012709-2009-07-03_15-37-55	12	10	749	857	1964	128499	116.536982697	125434	0	147	154	135	82	96	92	226	68	68
DLR00012709-2009-07-03_15-37-55	12	11	815	856	2499	192302	116.536982697	190038	1	159	164	142	81	95	90	267	68	68
DLR00012709-2009-07-03_15-37-55	12	12	886	854	1898	134651	116.536982697	132429	0	151	157	137	81	95	90	225	68	68
DLR00012709-2009-07-03_15-37-55	12	13	953	856	2463	181645	116.536982697	179036	0	154	159	138	80	94	89	262	68	68
DLR00012709-2009-07-03_15-37-55	12	14	1021	853	2215	159112	116.536982697	156542	0	150	156	136	80	94	89	257	68	68
DLR00012709-2009-07-03_15-37-55	12	15	1092	855	2523	194918	116.536982697	192087	0	156	161	139	80	94	89	272	68	68
DLR00012709-2009-07-03_15-37-55	12	16	1157	855	2117	150585	116.536982697	147666	0	149	155	135	79	94	89	251	68	68
DLR00012709-2009-07-03_15-37-55	12	17	1227	855	2637	206223	116.536982697	202915	0	156	162	141	80	94	89	311	68	68
DLR00012709-2009-07-03_15-37-55	12	18	1294	855	2309	164619	116.536982697	162089	0	149	155	136	79	93	90	238	68	68
DLR00012709-2009-07-03_15-37-55	12	19	1363	851	2378	187322	116.536982697	185105	0	156	162	141	79	94	90	278	68	68
DLR00012709-2009-07-03_15-37-55	12	20	1432	851	1994	145022	116.536982697	142748	0	149	156	138	79	94	91	235	68	68
DLR00012709-2009-07-03_15-37-55	12	21	1501	854	2536	201040	116.536982697	198746	0	156	161	142	80	93	90	271	68	68
DLR00012709-2009-07-03_15-37-55	12	22	1568	852	2079	153321	116.536982697	150513	0	148	154	137	80	93	90	258	68	68
DLR00012709-2009-07-03_15-37-55	12	23	1636	852	2508	201199	116.536982697	199238	0	152	157	139	78	90	88	224	68	68
DLR00012709-2009-07-03_15-37-55	12	24	1703	852	2692	223531	116.536982697	221310	0	153	158	141	78	90	88	226	68	68
DLR00012709-2009-07-03_15-37-55	13	1	137	927	2859	212242	116.536982697	210029	0	159	163	145	84	97	94	184	68	68
DLR00012709-2009-07-03_15-37-55	13	2	204	927	2280	157805	116.536982697	155533	0	155	160	142	86	98	95	192	68	68
DLR00012709-2009-07-03_15-37-55	13	3	272	927	2417	176785	116.536982697	175101	0	161	165	146	85	98	95	199	68	68
DLR00012709-2009-07-03_15-37-55	13	4	340	927	2055	135774	116.536982697	133937	0	154	160	142	86	99	95	223	68	68
DLR00012709-2009-07-03_15-37-55	13	5	409	927	2457	174455	116.536982697	172146	0	160	165	145	85	99	95	243	68	68
DLR00012709-2009-07-03_15-37-55	13	6	477	927	2214	145262	116.536982697	142542	0	153	159	140	85	99	95	242	68	68
DLR00012709-2009-07-03_15-37-55	13	7	545	925	2586	188405	116.536982697	185995	0	159	164	144	84	98	94	240	68	68
DLR00012709-2009-07-03_15-37-55	13	8	614	925	2073	138016	116.536982697	135357	0	150	157	138	83	97	93	207	68	68
DLR00012709-2009-07-03_15-37-55	13	9	682	925	2610	197873	116.536982697	195567	0	159	164	142	82	96	91	263	68	68
DLR00012709-2009-07-03_15-37-55	13	10	748	925	2340	162128	116.536982697	158920	0	151	157	137	82	96	91	262	68	68
DLR00012709-2009-07-03_15-37-55	13	11	819	924	2560	198765	116.536982697	196088	0	159	164	142	81	95	90	273	68	68
DLR00012709-2009-07-03_15-37-55	13	12	887	925	2127	146817	116.536982697	144151	0	148	155	135	81	95	90	252	68	68
DLR00012709-2009-07-03_15-37-55	13	13	956	924	2526	198875	116.536982697	196428	0	158	163	141	80	94	89	263	68	68
DLR00012709-2009-07-03_15-37-55	13	14	1022	923	2113	149534	116.536982697	146272	0	149	155	136	80	94	90	268	68	68
DLR00012709-2009-07-03_15-37-55	13	15	1092	923	2523	198398	116.536982697	195736	0	156	161	140	79	93	89	288	68	68
DLR00012709-2009-07-03_15-37-55	13	16	1161	923	1955	142443	116.536982697	139605	0	149	155	136	79	93	89	290	68	68
DLR00012709-2009-07-03_15-37-55	13	17	1230	922	2440	187845	116.536982697	185081	0	154	160	139	79	93	89	264	68	68
DLR00012709-2009-07-03_15-37-55	13	18	1296	922	2360	174530	116.536982697	171050	0	152	158	138	80	94	90	316	68	68
DLR00012709-2009-07-03_15-37-55	13	19	1365	924	2429	192607	116.536982697	190330	0	156	162	142	79	93	90	250	68	68
DLR00012709-2009-07-03_15-37-55	13	20	1433	922	2246	164300	116.536982697	161880	0	149	155	137	79	93	90	261	68	68
DLR00012709-2009-07-03_15-37-55	13	21	1502	924	2547	208494	116.536982697	205920	0	157	162	143	80	93	90	253	68	68
DLR00012709-2009-07-03_15-37-55	13	22	1570	920	2238	167668	116.536982697	166066	0	147	153	136	78	91	88	211	68	68
DLR00012709-2009-07-03_15-37-55	13	23	1637	923	2728	230039	116.536982697	227685	0	155	160	141	79	91	87	262	68	68
DLR00012709-2009-07-03_15-37-55	13	24	1705	921	2774	228326	116.536982697	225750	0	153	158	141	78	90	87	249	68	68
DLR00012709-2009-07-03_15-37-55	14	1	137	994	2803	206338	116.536982697	203929	0	158	162	145	85	96	94	200	68	68
DLR00012709-2009-07-03_15-37-55	14	2	208	995	2058	136951	116.536982697	134250	0	152	157	141	85	98	95	230	68	68
DLR00012709-2009-07-03_15-37-55	14	3	273	993	2513	186005	116.536982697	184218	0	163	167	147	86	99	95	225	68	68
DLR00012709-2009-07-03_15-37-55	14	4	342	994	2048	134483	116.536982697	131971	0	154	160	143	86	99	96	270	68	68
DLR00012709-2009-07-03_15-37-55	14	5	409	995	2556	179442	116.536982697	177326	0	160	165	145	86	100	96	214	68	68
DLR00012709-2009-07-03_15-37-55	14	6	476	994	2205	137536	116.536982697	133785	0	149	156	139	86	100	96	255	68	68
DLR00012709-2009-07-03_15-37-55	14	7	546	993	2498	183266	116.536982697	181105	0	159	165	144	84	98	94	225	68	68
DLR00012709-2009-07-03_15-37-55	14	8	614	993	2030	137520	116.536982697	134479	0	150	157	138	83	98	94	259	68	68
DLR00012709-2009-07-03_15-37-55	14	9	683	993	2441	186988	116.536982697	184974	0	159	164	143	81	96	91	250	68	68
DLR00012709-2009-07-03_15-37-55	14	10	752	991	2194	151444	116.536982697	148209	0	149	156	137	82	96	91	273	68	68
DLR00012709-2009-07-03_15-37-55	14	11	819	991	2477	187484	116.536982697	184867	0	156	161	140	81	95	90	269	68	68
DLR00012709-2009-07-03_15-37-55	14	12	885	992	2069	150583	116.536982697	146780	0	151	158	138	81	95	90	292	68	68
DLR00012709-2009-07-03_15-37-55	14	13	955	991	2309	181741	116.536982697	179056	0	156	162	141	80	94	90	272	68	68
DLR00012709-2009-07-03_15-37-55	14	14	1023	991	2106	153501	116.536982697	149091	0	149	156	137	80	94	90	344	68	68
DLR00012709-2009-07-03_15-37-55	14	15	1093	991	2267	176989	116.536982697	173635	0	154	159	139	79	93	89	307	68	68
DLR00012709-2009-07-03_15-37-55	14	16	1160	991	1994	145680	116.536982697	141802	0	148	155	136	79	93	89	309	68	68
DLR00012709-2009-07-03_15-37-55	14	17	1228	990	2450	196138	116.536982697	193764	0	156	162	141	79	93	89	268	68	68
DLR00012709-2009-07-03_15-37-55	14	18	1295	990	2092	151805	116.536982697	147538	0	148	155	137	80	94	91	330	68	68
DLR00012709-2009-07-03_15-37-55	14	19	1365	989	2178	165746	116.536982697	162474	0	151	158	139	79	93	90	292	68	68
DLR00012709-2009-07-03_15-37-55	14	20	1434	989	1864	136191	116.536982697	133180	0	147	154	137	79	92	90	302	68	68
DLR00012709-2009-07-03_15-37-55	14	21	1501	989	2431	193201	116.536982697	190853	0	154	159	140	79	92	89	260	68	68
DLR00012709-2009-07-03_15-37-55	14	22	1570	988	2125	153973	116.536982697	150465	0	143	150	134	78	91	89	277	68	68
DLR00012709-2009-07-03_15-37-55	14	23	1636	989	2496	205063	116.536982697	202898	0	152	157	139	77	89	86	241	68	68
DLR00012709-2009-07-03_15-37-55	14	24	1704	987	2561	206168	116.536982697	203499	0	150	155	139	77	89	87	219	68	68
DLR00012709-2009-07-03_15-37-55	15	1	135	1062	2819	200147	116.536982697	198129	0	154	159	143	84	96	94	176	68	68
DLR00012709-2009-07-03_15-37-55	15	2	205	1063	2264	151230	116.536982697	147621	0	151	157	142	86	98	96	280	68	68
DLR00012709-2009-07-03_15-37-55	15	3	273	1064	2604	181621	116.536982697	179138	0	159	164	146	87	99	96	225	68	68
DLR00012709-2009-07-03_15-37-55	15	4	336	1063	2327	144455	116.536982697	141958	0	150	156	141	88	101	98	164	68	68
DLR00012709-2009-07-03_15-37-55	15	5	410	1062	2565	178620	116.536982697	176284	0	158	163	146	85	99	96	250	68	68
DLR00012709-2009-07-03_15-37-55	15	6	477	1060	2241	147120	116.536982697	144483	0	151	158	142	85	99	96	212	68	68
DLR00012709-2009-07-03_15-37-55	15	7	547	1062	2546	183780	116.536982697	181530	0	158	164	145	84	98	95	258	68	68
DLR00012709-2009-07-03_15-37-55	15	8	613	1062	2145	147306	116.536982697	143990	0	152	159	141	84	98	95	274	68	68
DLR00012709-2009-07-03_15-37-55	15	9	684	1061	2510	191181	116.536982697	189113	0	158	163	143	82	96	93	266	68	68
DLR00012709-2009-07-03_15-37-55	15	10	750	1062	2287	162064	116.536982697	158983	0	150	157	138	81	95	92	286	68	68
DLR00012709-2009-07-03_15-37-55	15	11	819	1062	2507	194471	116.536982697	192157	0	155	161	141	80	94	90	268	68	68
DLR00012709-2009-07-03_15-37-55	15	12	888	1061	2312	170118	116.536982697	167326	0	150	156	138	79	94	90	275	68	68
DLR00012709-2009-07-03_15-37-55	15	13	957	1062	2475	194958	116.536982697	192459	0	154	160	140	79	93	90	275	68	68
DLR00012709-2009-07-03_15-37-55	15	14	1024	1059	2163	156765	116.536982697	153189	0	147	154	137	79	93	90	306	68	68
DLR00012709-2009-07-03_15-37-55	15	15	1093	1062	2545	210700	116.536982697	207883	0	157	162	142	79	93	89	286	68	68
DLR00012709-2009-07-03_15-37-55	15	16	1162	1059	2093	152866	116.536982697	149400	0	147	154	137	79	93	90	296	68	68
DLR00012709-2009-07-03_15-37-55	15	17	1230	1060	2429	197422	116.536982697	195280	0	156	161	142	78	93	90	259	68	68
DLR00012709-2009-07-03_15-37-55	15	18	1297	1059	2074	147641	116.536982697	144389	0	146	154	137	80	94	91	274	68	68
DLR00012709-2009-07-03_15-37-55	15	19	1365	1059	2479	194337	116.536982697	191965	0	154	160	141	79	93	90	286	68	68
DLR00012709-2009-07-03_15-37-55	15	20	1433	1058	2330	175069	116.536982697	172923	0	150	156	139	80	93	91	234	68	68
DLR00012709-2009-07-03_15-37-55	15	21	1502	1058	2412	195124	116.536982697	193179	0	155	161	143	79	92	90	267	68	68
DLR00012709-2009-07-03_15-37-55	15	22	1571	1058	2149	158116	116.536982697	155021	0	146	152	137	80	92	90	283	68	68
DLR00012709-2009-07-03_15-37-55	15	23	1639	1058	2550	200811	116.536982697	199113	0	150	155	139	78	90	87	188	68	68
DLR00012709-2009-07-03_15-37-55	15	24	1706	1058	2679	218545	116.536982697	216094	0	152	157	140	79	89	88	229	68	68
DLR00012709-2009-07-03_15-37-55	16	1	132	1130	2427	150214	116.536982697	150266	4	157	161	147	93	102	100	78	68	68
DLR00012709-2009-07-03_15-37-55	16	2	212	1130	2320	126169	116.536982697	126276	0	153	158	145	95	105	103	96	68	68
DLR00012709-2009-07-03_15-37-55	16	3	274	1130	2612	158688	116.536982697	157701	0	161	165	150	96	107	104	165	68	68
DLR00012709-2009-07-03_15-37-55	16	4	339	1129	2236	122319	116.536982697	122460	0	154	159	146	96	107	104	134	68	68
DLR00012709-2009-07-03_15-37-55	16	5	411	1127	2357	151694	116.536982697	151419	3	160	165	150	91	103	101	176	68	68
DLR00012709-2009-07-03_15-37-55	16	6	478	1131	1945	113223	116.536982697	111013	0	150	157	143	91	104	102	192	68	68
DLR00012709-2009-07-03_15-37-55	16	7	546	1129	2639	183636	116.536982697	181983	0	160	166	149	90	103	100	222	68	68
DLR00012709-2009-07-03_15-37-55	16	8	614	1130	2249	142524	116.536982697	140416	0	151	158	143	89	102	99	218	68	68
DLR00012709-2009-07-03_15-37-55	16	9	683	1128	2538	179563	116.536982697	177430	0	155	161	145	86	99	97	234	68	68
DLR00012709-2009-07-03_15-37-55	16	10	751	1129	2326	152856	116.536982697	149816	0	148	155	140	86	99	96	273	68	68
DLR00012709-2009-07-03_15-37-55	16	11	818	1129	2604	194670	116.536982697	192671	0	157	163	145	85	99	96	244	68	68
DLR00012709-2009-07-03_15-37-55	16	12	888	1129	2185	141099	116.536982697	139089	3	148	155	140	86	100	97	220	68	68
DLR00012709-2009-07-03_15-37-55	16	13	957	1128	2488	187226	116.536982697	185327	3	157	162	144	85	99	95	256	68	68
DLR00012709-2009-07-03_15-37-55	16	14	1024	1128	2213	150059	116.536982697	147962	0	147	154	139	84	98	95	212	68	68
DLR00012709-2009-07-03_15-37-55	16	15	1094	1129	2447	183244	116.536982697	180764	0	154	161	143	85	99	96	287	68	68
DLR00012709-2009-07-03_15-37-55	16	16	1159	1126	2252	151196	116.536982697	149070	0	148	155	140	85	98	96	219	68	68
DLR00012709-2009-07-03_15-37-55	16	17	1229	1127	2544	183812	116.536982697	182547	0	156	162	145	86	100	97	203	68	68
DLR00012709-2009-07-03_15-37-55	16	18	1298	1127	2066	134222	116.536982697	133682	0	149	156	141	88	101	98	151	68	68
DLR00012709-2009-07-03_15-37-55	16	19	1367	1128	2414	170416	116.536982697	168898	0	157	162	146	90	102	99	200	68	68
DLR00012709-2009-07-03_15-37-55	16	20	1432	1125	2297	148204	116.536982697	146771	4	150	156	142	88	101	98	163	68	68
DLR00012709-2009-07-03_15-37-55	16	21	1503	1124	2431	174744	116.536982697	173664	3	156	161	146	87	100	97	192	68	68
DLR00012709-2009-07-03_15-37-55	16	22	1570	1124	2320	154953	116.536982697	154603	0	148	154	141	86	98	96	137	68	68
DLR00012709-2009-07-03_15-37-55	16	23	1639	1125	2572	183579	116.536982697	182937	0	153	157	142	89	99	96	149	68	68
DLR00012709-2009-07-03_15-37-55	16	24	1705	1124	2489	169596	116.536982697	169277	0	150	155	142	87	97	95	100	68	68
