DLR00012709-2009-07-02_23-07-28	1	1	141	91	4094	109039	88.2470792091	104658	180	115	123	118	97	105	103	133	68	68
DLR00012709-2009-07-02_23-07-28	1	2	192	92	4247	100906	88.2470792091	98197	169	113	122	119	95	105	104	58	68	68
DLR00012709-2009-07-02_23-07-28	1	3	260	92	4262	101684	88.2470792091	99133	161	118	127	123	98	109	107	85	68	68
DLR00012709-2009-07-02_23-07-28	1	4	347	92	4253	97842	88.2470792091	95263	191	119	129	125	100	111	109	77	68	68
DLR00012709-2009-07-02_23-07-28	1	5	415	92	4291	115407	88.2470792091	113144	186	123	134	129	100	112	110	96	68	68
DLR00012709-2009-07-02_23-07-28	1	6	466	91	4046	79547	88.2470792091	75283	181	116	128	124	99	112	110	109	68	68
DLR00012709-2009-07-02_23-07-28	1	7	520	86	4272	115899	88.2470792091	111623	194	123	134	128	110	122	119	153	68	68
DLR00012709-2009-07-02_23-07-28	1	8	604	84	4177	118795	88.2470792091	115123	167	126	137	130	103	115	112	238	68	68
DLR00012709-2009-07-02_23-07-28	1	9	661	84	4284	128572	88.2470792091	125745	172	127	138	131	103	115	111	299	68	68
DLR00012709-2009-07-02_23-07-28	1	10	740	91	4102	87608	88.2470792091	83677	169	118	131	125	100	113	110	109	68	68
DLR00012709-2009-07-02_23-07-28	1	11	822	84	4192	131272	88.2470792091	127922	162	129	140	131	103	115	112	335	68	68
DLR00012709-2009-07-02_23-07-28	1	12	876	84	4135	113218	88.2470792091	109031	156	125	137	129	101	113	111	292	68	68
DLR00012709-2009-07-02_23-07-28	1	13	966	91	4296	128899	88.2470792091	126901	180	130	140	132	101	114	112	35	68	68
DLR00012709-2009-07-02_23-07-28	1	14	1033	91	4106	79793	88.2470792091	75833	158	116	129	123	100	113	110	111	68	68
DLR00012709-2009-07-02_23-07-28	1	15	1098	90	4193	117136	88.2470792091	114039	165	124	135	128	101	114	111	128	68	68
DLR00012709-2009-07-02_23-07-28	1	16	1165	90	4116	98089	88.2470792091	94376	158	120	132	126	100	114	111	108	68	68
DLR00012709-2009-07-02_23-07-28	1	17	1218	90	4241	120796	88.2470792091	118204	164	125	136	129	101	115	112	101	68	68
DLR00012709-2009-07-02_23-07-28	1	18	1286	83	4048	98160	88.2470792091	93551	161	122	133	127	101	113	111	216	68	68
DLR00012709-2009-07-02_23-07-28	1	19	1372	83	4173	127913	88.2470792091	124200	154	128	138	130	100	111	109	285	68	68
DLR00012709-2009-07-02_23-07-28	1	20	1423	82	4008	107150	88.2470792091	101856	154	123	133	127	100	111	109	332	68	68
DLR00012709-2009-07-02_23-07-28	1	21	1507	82	4160	130185	88.2470792091	125337	163	126	134	127	103	112	109	352	68	68
DLR00012709-2009-07-02_23-07-28	1	22	1558	83	4126	105501	88.2470792091	100875	156	118	128	121	99	107	104	365	68	68
DLR00012709-2009-07-02_23-07-28	1	23	1627	90	4315	125472	88.2470792091	123495	158	116	125	119	96	105	104	60	68	68
DLR00012709-2009-07-02_23-07-28	1	24	1694	83	4051	98115	88.2470792091	93112	163	116	123	117	100	107	103	249	68	68
DLR00012709-2009-07-02_23-07-28	2	1	149	181	4210	133497	88.2470792091	130616	220	111	122	117	86	98	97	108	68	68
DLR00012709-2009-07-02_23-07-28	2	2	216	199	4021	126708	88.2470792091	121742	205	115	126	120	91	103	101	245	68	68
DLR00012709-2009-07-02_23-07-28	2	3	263	184	4218	153883	88.2470792091	150721	203	122	132	125	92	103	101	187	68	68
DLR00012709-2009-07-02_23-07-28	2	4	314	154	3969	117886	88.2470792091	112902	189	117	128	123	94	106	104	247	68	68
DLR00012709-2009-07-02_23-07-28	2	5	411	168	4083	133456	88.2470792091	129310	182	121	133	125	94	107	105	239	68	68
DLR00012709-2009-07-02_23-07-28	2	6	466	154	3944	110741	88.2470792091	104968	204	116	129	123	95	109	106	231	68	68
DLR00012709-2009-07-02_23-07-28	2	7	552	181	4091	129278	88.2470792091	125031	194	118	131	124	93	107	104	233	68	68
DLR00012709-2009-07-02_23-07-28	2	8	619	179	4023	107795	88.2470792091	102718	187	112	126	119	94	108	104	259	68	68
DLR00012709-2009-07-02_23-07-28	2	9	690	188	4238	144626	88.2470792091	141682	216	120	132	123	91	105	101	201	68	68
DLR00012709-2009-07-02_23-07-28	2	10	740	183	4010	105786	88.2470792091	100556	201	110	124	117	94	107	103	227	68	68
DLR00012709-2009-07-02_23-07-28	2	11	824	165	4116	159600	88.2470792091	155823	202	124	136	127	92	106	102	243	68	68
DLR00012709-2009-07-02_23-07-28	2	12	890	190	3927	107025	88.2470792091	101404	203	111	125	118	93	107	103	212	68	68
DLR00012709-2009-07-02_23-07-28	2	13	943	181	4143	137989	88.2470792091	133865	201	117	130	121	93	107	102	222	68	68
DLR00012709-2009-07-02_23-07-28	2	14	1012	159	4001	107010	88.2470792091	101986	191	109	123	117	91	105	102	232	68	68
DLR00012709-2009-07-02_23-07-28	2	15	1097	181	4221	154004	88.2470792091	150750	197	120	132	123	91	104	101	232	68	68
DLR00012709-2009-07-02_23-07-28	2	16	1143	181	4014	113407	88.2470792091	108162	197	111	125	118	92	106	102	232	68	68
DLR00012709-2009-07-02_23-07-28	2	17	1210	179	4173	137622	88.2470792091	134025	189	116	129	122	91	105	102	201	68	68
DLR00012709-2009-07-02_23-07-28	2	18	1283	189	3881	111737	88.2470792091	105417	195	112	125	119	92	106	103	303	68	68
DLR00012709-2009-07-02_23-07-28	2	19	1343	190	4177	124212	88.2470792091	120655	205	113	125	119	91	104	102	216	68	68
DLR00012709-2009-07-02_23-07-28	2	20	1410	179	3957	110895	88.2470792091	105304	199	110	123	118	92	104	102	255	68	68
DLR00012709-2009-07-02_23-07-28	2	21	1505	180	4199	158901	88.2470792091	155557	197	118	130	123	89	101	99	215	68	68
DLR00012709-2009-07-02_23-07-28	2	22	1562	164	3935	126567	88.2470792091	120726	193	110	122	116	89	101	99	239	68	68
DLR00012709-2009-07-02_23-07-28	2	23	1628	179	4190	155190	88.2470792091	151595	209	111	122	116	86	97	95	200	68	68
DLR00012709-2009-07-02_23-07-28	2	24	1692	156	4040	117940	88.2470792091	113300	195	104	115	111	86	97	95	115	68	68
DLR00012709-2009-07-02_23-07-28	3	1	149	237	4087	149720	88.2470792091	145460	200	118	127	120	90	100	98	250	68	68
DLR00012709-2009-07-02_23-07-28	3	2	210	219	3988	131644	88.2470792091	126176	192	117	127	120	91	102	100	309	68	68
DLR00012709-2009-07-02_23-07-28	3	3	276	253	4136	141712	88.2470792091	137942	194	120	130	123	93	105	102	224	68	68
DLR00012709-2009-07-02_23-07-28	3	4	342	229	3945	103328	88.2470792091	97625	196	112	125	119	94	107	104	257	68	68
DLR00012709-2009-07-02_23-07-28	3	5	410	235	4194	151133	88.2470792091	147794	204	124	135	126	93	106	103	214	68	68
DLR00012709-2009-07-02_23-07-28	3	6	485	235	4137	122159	88.2470792091	118161	202	117	130	122	95	108	104	213	68	68
DLR00012709-2009-07-02_23-07-28	3	7	531	249	4190	136349	88.2470792091	132978	203	120	132	123	93	106	103	215	68	68
DLR00012709-2009-07-02_23-07-28	3	8	622	260	4052	111615	88.2470792091	106922	205	113	126	118	94	107	103	211	68	68
DLR00012709-2009-07-02_23-07-28	3	9	688	250	4149	161394	88.2470792091	157870	194	125	137	126	91	105	101	255	68	68
DLR00012709-2009-07-02_23-07-28	3	10	755	224	4009	117920	88.2470792091	112597	197	114	127	119	93	106	102	309	68	68
DLR00012709-2009-07-02_23-07-28	3	11	812	234	4110	139978	88.2470792091	135607	200	118	131	122	92	105	101	262	68	68
DLR00012709-2009-07-02_23-07-28	3	12	891	251	4063	122681	88.2470792091	117938	203	114	127	119	91	105	100	234	68	68
DLR00012709-2009-07-02_23-07-28	3	13	947	248	4074	153317	88.2470792091	148638	184	122	134	123	91	105	100	293	68	68
DLR00012709-2009-07-02_23-07-28	3	14	1014	247	4010	127249	88.2470792091	121591	189	115	128	119	94	107	102	281	68	68
DLR00012709-2009-07-02_23-07-28	3	15	1081	249	4232	163956	88.2470792091	160947	198	122	134	124	91	104	100	218	68	68
DLR00012709-2009-07-02_23-07-28	3	16	1152	249	3982	130543	88.2470792091	124996	192	115	128	120	92	105	101	316	68	68
DLR00012709-2009-07-02_23-07-28	3	17	1217	247	4219	164341	88.2470792091	161258	194	122	134	124	90	103	100	214	68	68
DLR00012709-2009-07-02_23-07-28	3	18	1290	265	4073	113505	88.2470792091	108879	197	111	124	117	90	104	100	261	68	68
DLR00012709-2009-07-02_23-07-28	3	19	1356	247	4169	175184	88.2470792091	171556	210	126	136	127	89	103	99	270	68	68
DLR00012709-2009-07-02_23-07-28	3	20	1439	246	3946	118915	88.2470792091	112876	192	111	124	118	91	104	101	307	68	68
DLR00012709-2009-07-02_23-07-28	3	21	1506	246	4113	175349	88.2470792091	171261	197	123	134	125	87	100	98	283	68	68
DLR00012709-2009-07-02_23-07-28	3	22	1562	247	3997	138646	88.2470792091	133310	192	112	124	118	88	100	98	271	68	68
DLR00012709-2009-07-02_23-07-28	3	23	1640	245	4084	186474	88.2470792091	182408	199	121	130	121	85	96	94	280	68	68
DLR00012709-2009-07-02_23-07-28	3	24	1696	223	4112	145483	88.2470792091	141564	194	108	119	114	85	95	94	188	68	68
DLR00012709-2009-07-02_23-07-28	4	1	145	304	4245	157009	88.2470792091	154117	203	118	127	120	88	99	97	182	68	68
DLR00012709-2009-07-02_23-07-28	4	2	221	330	3882	108915	88.2470792091	102693	199	112	123	118	91	103	101	299	68	68
DLR00012709-2009-07-02_23-07-28	4	3	261	319	4143	147866	88.2470792091	144172	191	122	132	124	92	103	101	215	68	68
DLR00012709-2009-07-02_23-07-28	4	4	345	306	3873	86390	88.2470792091	80403	190	108	121	116	93	106	103	233	68	68
DLR00012709-2009-07-02_23-07-28	4	5	412	320	4195	143712	88.2470792091	140278	207	122	133	125	94	107	103	234	68	68
DLR00012709-2009-07-02_23-07-28	4	6	485	303	3884	94678	88.2470792091	88695	193	111	124	117	94	107	104	285	68	68
DLR00012709-2009-07-02_23-07-28	4	7	535	304	4146	146407	88.2470792091	142518	194	122	134	125	94	107	103	239	68	68
DLR00012709-2009-07-02_23-07-28	4	8	617	317	3929	94856	88.2470792091	89055	200	109	122	116	94	107	103	297	68	68
DLR00012709-2009-07-02_23-07-28	4	9	685	318	4142	145497	88.2470792091	141513	186	121	133	123	94	107	102	241	68	68
DLR00012709-2009-07-02_23-07-28	4	10	753	303	3921	109655	88.2470792091	103558	182	112	125	117	94	107	102	307	68	68
DLR00012709-2009-07-02_23-07-28	4	11	797	302	4131	128292	88.2470792091	124269	203	115	128	119	92	105	100	231	68	68
DLR00012709-2009-07-02_23-07-28	4	12	891	318	4080	110704	88.2470792091	106198	200	111	124	116	92	106	101	219	68	68
DLR00012709-2009-07-02_23-07-28	4	13	961	315	4164	148475	88.2470792091	144775	197	119	131	121	90	104	99	250	68	68
DLR00012709-2009-07-02_23-07-28	4	14	1028	324	4029	102854	88.2470792091	97598	198	108	122	114	92	105	101	234	68	68
DLR00012709-2009-07-02_23-07-28	4	15	1078	317	4258	142805	88.2470792091	139962	197	116	129	120	90	104	99	185	68	68
DLR00012709-2009-07-02_23-07-28	4	16	1178	292	3996	107478	88.2470792091	102256	210	109	122	115	92	105	101	235	68	68
DLR00012709-2009-07-02_23-07-28	4	17	1211	315	4214	131709	88.2470792091	128567	196	114	126	118	89	103	99	194	68	68
DLR00012709-2009-07-02_23-07-28	4	18	1306	317	4003	121676	88.2470792091	116196	196	113	125	118	92	105	101	288	68	68
DLR00012709-2009-07-02_23-07-28	4	19	1354	315	4249	169250	88.2470792091	166277	202	122	134	125	90	103	100	205	68	68
DLR00012709-2009-07-02_23-07-28	4	20	1425	315	4010	116007	88.2470792091	110912	186	110	123	117	90	104	101	209	68	68
DLR00012709-2009-07-02_23-07-28	4	21	1493	303	4112	159947	88.2470792091	155859	191	119	131	123	89	102	99	273	68	68
DLR00012709-2009-07-02_23-07-28	4	22	1573	301	4013	125086	88.2470792091	119762	198	109	121	115	89	101	98	241	68	68
DLR00012709-2009-07-02_23-07-28	4	23	1619	315	4243	166751	88.2470792091	163793	203	115	125	118	85	97	95	186	68	68
DLR00012709-2009-07-02_23-07-28	4	24	1695	302	4024	148085	88.2470792091	142930	209	111	121	115	86	97	95	258	68	68
DLR00012709-2009-07-02_23-07-28	5	1	154	388	4171	145474	88.2470792091	141736	208	116	126	120	91	102	99	189	68	68
DLR00012709-2009-07-02_23-07-28	5	2	220	355	3928	113557	88.2470792091	107484	200	113	124	118	92	104	101	282	68	68
DLR00012709-2009-07-02_23-07-28	5	3	264	386	4127	165906	88.2470792091	162169	189	127	136	128	92	104	101	243	68	68
DLR00012709-2009-07-02_23-07-28	5	4	346	369	4133	123470	88.2470792091	119632	193	116	128	121	93	106	103	188	68	68
DLR00012709-2009-07-02_23-07-28	5	5	413	385	4108	146743	88.2470792091	142803	206	123	135	126	92	106	102	238	68	68
DLR00012709-2009-07-02_23-07-28	5	6	479	354	4035	107363	88.2470792091	102544	207	112	126	119	94	107	104	209	68	68
DLR00012709-2009-07-02_23-07-28	5	7	556	385	4139	150702	88.2470792091	146763	201	123	135	125	93	107	102	251	68	68
DLR00012709-2009-07-02_23-07-28	5	8	624	402	3882	104149	88.2470792091	97779	192	112	125	118	94	107	102	348	68	68
DLR00012709-2009-07-02_23-07-28	5	9	690	386	4158	162177	88.2470792091	158487	184	125	136	126	92	104	100	270	68	68
DLR00012709-2009-07-02_23-07-28	5	10	744	370	3998	122358	88.2470792091	117007	178	115	127	119	93	106	101	253	68	68
DLR00012709-2009-07-02_23-07-28	5	11	821	369	4079	150169	88.2470792091	145473	203	122	133	123	91	104	100	295	68	68
DLR00012709-2009-07-02_23-07-28	5	12	875	385	4007	133537	88.2470792091	128187	198	117	129	120	92	105	100	300	68	68
DLR00012709-2009-07-02_23-07-28	5	13	960	384	4192	178190	88.2470792091	174758	187	126	137	126	89	102	98	276	68	68
DLR00012709-2009-07-02_23-07-28	5	14	1030	402	3903	101172	88.2470792091	94823	201	109	122	115	92	105	100	255	68	68
DLR00012709-2009-07-02_23-07-28	5	15	1098	384	4157	162917	88.2470792091	159222	199	123	134	123	90	103	99	254	68	68
DLR00012709-2009-07-02_23-07-28	5	16	1152	398	3899	126024	88.2470792091	119711	195	115	127	119	91	104	100	300	68	68
DLR00012709-2009-07-02_23-07-28	5	17	1236	384	4149	159312	88.2470792091	155302	191	121	133	123	91	104	100	266	68	68
DLR00012709-2009-07-02_23-07-28	5	18	1303	384	3931	113945	88.2470792091	107892	190	110	124	117	92	105	101	303	68	68
DLR00012709-2009-07-02_23-07-28	5	19	1341	382	4080	141048	88.2470792091	136590	185	116	129	121	89	103	100	246	68	68
DLR00012709-2009-07-02_23-07-28	5	20	1425	382	3945	130711	88.2470792091	124722	183	114	127	121	91	105	102	321	68	68
DLR00012709-2009-07-02_23-07-28	5	21	1492	384	4049	133301	88.2470792091	128472	186	113	126	119	89	103	100	244	68	68
DLR00012709-2009-07-02_23-07-28	5	22	1553	385	3945	127944	88.2470792091	121870	202	110	123	117	88	101	99	300	68	68
DLR00012709-2009-07-02_23-07-28	5	23	1643	381	4092	167921	88.2470792091	163680	197	115	126	119	85	97	95	246	68	68
DLR00012709-2009-07-02_23-07-28	5	24	1696	382	4027	134586	88.2470792091	129463	209	107	119	114	86	97	95	228	68	68
DLR00012709-2009-07-02_23-07-28	6	1	141	455	4208	161918	88.2470792091	158876	206	119	128	122	88	99	97	181	68	68
DLR00012709-2009-07-02_23-07-28	6	2	208	468	3979	108220	88.2470792091	102761	185	111	122	116	93	105	102	219	68	68
DLR00012709-2009-07-02_23-07-28	6	3	263	455	4247	165109	88.2470792091	162333	201	125	135	126	92	104	101	190	68	68
DLR00012709-2009-07-02_23-07-28	6	4	344	436	3877	89364	88.2470792091	83570	183	109	122	117	94	107	104	237	68	68
DLR00012709-2009-07-02_23-07-28	6	5	399	441	4179	155472	88.2470792091	152094	209	124	136	127	92	106	102	261	68	68
DLR00012709-2009-07-02_23-07-28	6	6	495	430	3996	98898	88.2470792091	94049	196	110	123	117	92	107	103	215	68	68
DLR00012709-2009-07-02_23-07-28	6	7	524	441	4090	123673	88.2470792091	119334	201	116	129	121	92	106	102	219	68	68
DLR00012709-2009-07-02_23-07-28	6	8	590	432	3869	110336	88.2470792091	103980	190	114	127	119	94	107	102	349	68	68
DLR00012709-2009-07-02_23-07-28	6	9	689	440	4181	138476	88.2470792091	135033	189	118	130	121	92	105	101	205	68	68
DLR00012709-2009-07-02_23-07-28	6	10	756	435	3943	85622	88.2470792091	79888	192	105	119	112	93	106	101	251	68	68
DLR00012709-2009-07-02_23-07-28	6	11	838	440	4044	143029	88.2470792091	138337	194	119	131	121	90	103	98	248	68	68
DLR00012709-2009-07-02_23-07-28	6	12	893	437	3984	102550	88.2470792091	97170	198	109	122	114	90	103	99	252	68	68
DLR00012709-2009-07-02_23-07-28	6	13	946	439	4164	150170	88.2470792091	146430	194	120	131	121	89	103	98	235	68	68
DLR00012709-2009-07-02_23-07-28	6	14	1013	429	3911	101621	88.2470792091	95434	179	108	122	115	90	104	100	273	68	68
DLR00012709-2009-07-02_23-07-28	6	15	1084	452	4178	161998	88.2470792091	158358	200	122	133	123	89	102	98	253	68	68
DLR00012709-2009-07-02_23-07-28	6	16	1150	426	3974	131394	88.2470792091	125595	195	116	128	119	92	105	100	285	68	68
DLR00012709-2009-07-02_23-07-28	6	17	1233	455	4176	154112	88.2470792091	150561	200	119	131	121	89	102	98	239	68	68
DLR00012709-2009-07-02_23-07-28	6	18	1290	441	3975	117723	88.2470792091	112365	190	111	124	117	91	104	100	240	68	68
DLR00012709-2009-07-02_23-07-28	6	19	1370	449	4158	161039	88.2470792091	157194	194	120	132	124	90	103	100	252	68	68
DLR00012709-2009-07-02_23-07-28	6	20	1437	462	4003	126977	88.2470792091	121738	199	112	125	119	92	105	102	244	68	68
DLR00012709-2009-07-02_23-07-28	6	21	1492	453	4205	155723	88.2470792091	152350	200	116	129	121	88	102	99	211	68	68
DLR00012709-2009-07-02_23-07-28	6	22	1551	438	3995	137571	88.2470792091	132187	200	112	125	119	89	102	100	283	68	68
DLR00012709-2009-07-02_23-07-28	6	23	1624	435	4131	172791	88.2470792091	168795	207	117	128	121	86	99	96	277	68	68
DLR00012709-2009-07-02_23-07-28	6	24	1688	452	4157	145187	88.2470792091	141284	214	107	120	114	84	97	95	188	68	68
DLR00012709-2009-07-02_23-07-28	7	1	145	521	4176	165865	88.2470792091	162574	196	121	131	124	88	100	98	189	68	68
DLR00012709-2009-07-02_23-07-28	7	2	210	535	3929	112187	88.2470792091	106760	174	113	124	119	91	103	101	243	68	68
DLR00012709-2009-07-02_23-07-28	7	3	277	522	4188	157875	88.2470792091	154490	194	124	135	126	92	105	102	236	68	68
DLR00012709-2009-07-02_23-07-28	7	4	347	538	4026	100670	88.2470792091	95957	197	110	124	118	93	107	104	192	68	68
DLR00012709-2009-07-02_23-07-28	7	5	414	508	4198	149117	88.2470792091	145800	197	122	134	126	93	107	103	209	68	68
DLR00012709-2009-07-02_23-07-28	7	6	482	531	4067	111783	88.2470792091	107407	197	113	126	119	92	106	103	236	68	68
DLR00012709-2009-07-02_23-07-28	7	7	551	524	4215	170481	88.2470792091	167336	186	127	138	128	91	105	101	218	68	68
DLR00012709-2009-07-02_23-07-28	7	8	619	533	3933	111968	88.2470792091	106191	187	114	126	119	95	108	103	250	68	68
DLR00012709-2009-07-02_23-07-28	7	9	690	525	4182	143486	88.2470792091	140028	202	119	131	121	91	104	100	198	68	68
DLR00012709-2009-07-02_23-07-28	7	10	758	502	4076	110182	88.2470792091	105566	189	111	123	116	93	106	101	217	68	68
DLR00012709-2009-07-02_23-07-28	7	11	828	521	4180	173100	88.2470792091	169605	200	126	136	125	89	102	98	240	68	68
DLR00012709-2009-07-02_23-07-28	7	12	896	529	3922	107906	88.2470792091	101863	198	110	123	115	91	103	99	266	68	68
DLR00012709-2009-07-02_23-07-28	7	13	938	521	4168	154348	88.2470792091	150774	201	120	131	121	88	101	98	229	68	68
DLR00012709-2009-07-02_23-07-28	7	14	1016	497	3852	95700	88.2470792091	89043	193	107	120	113	90	103	99	315	68	68
DLR00012709-2009-07-02_23-07-28	7	15	1099	508	4174	172336	88.2470792091	168625	200	125	135	125	89	102	98	259	68	68
DLR00012709-2009-07-02_23-07-28	7	16	1170	492	3942	111564	88.2470792091	105551	202	110	123	116	92	105	100	318	68	68
DLR00012709-2009-07-02_23-07-28	7	17	1234	522	4163	173408	88.2470792091	169631	203	124	135	125	89	102	98	309	68	68
DLR00012709-2009-07-02_23-07-28	7	18	1310	508	4005	126922	88.2470792091	121698	190	113	126	118	91	104	100	262	68	68
DLR00012709-2009-07-02_23-07-28	7	19	1381	508	4107	156730	88.2470792091	152732	196	119	131	123	88	102	99	239	68	68
DLR00012709-2009-07-02_23-07-28	7	20	1448	520	3947	116909	88.2470792091	111191	198	110	123	117	91	105	102	287	68	68
DLR00012709-2009-07-02_23-07-28	7	21	1491	519	4132	155360	88.2470792091	151332	207	117	129	122	88	102	100	222	68	68
DLR00012709-2009-07-02_23-07-28	7	22	1561	505	4035	139095	88.2470792091	133918	202	112	124	118	89	102	99	256	68	68
DLR00012709-2009-07-02_23-07-28	7	23	1628	518	4058	162453	88.2470792091	157726	192	115	127	120	85	99	96	294	68	68
DLR00012709-2009-07-02_23-07-28	7	24	1695	505	4151	159732	88.2470792091	155837	190	111	123	116	84	97	95	227	68	68
DLR00012709-2009-07-02_23-07-28	8	1	142	580	4195	163602	88.2470792091	160235	191	121	131	124	89	101	99	202	68	68
DLR00012709-2009-07-02_23-07-28	8	2	179	571	3892	123955	88.2470792091	118190	175	116	127	120	91	104	101	246	68	68
DLR00012709-2009-07-02_23-07-28	8	3	246	579	4071	143191	88.2470792091	138817	197	121	132	124	91	104	102	262	68	68
DLR00012709-2009-07-02_23-07-28	8	4	321	565	3982	106453	88.2470792091	101283	196	112	125	119	93	106	103	253	68	68
DLR00012709-2009-07-02_23-07-28	8	5	421	592	4148	142131	88.2470792091	138435	191	120	133	124	93	107	103	244	68	68
DLR00012709-2009-07-02_23-07-28	8	6	481	564	3969	95458	88.2470792091	90304	192	109	123	117	93	107	103	257	68	68
DLR00012709-2009-07-02_23-07-28	8	7	551	592	4195	149976	88.2470792091	146527	186	122	133	124	92	106	101	218	68	68
DLR00012709-2009-07-02_23-07-28	8	8	618	597	4011	102635	88.2470792091	97588	198	110	123	116	93	107	102	210	68	68
DLR00012709-2009-07-02_23-07-28	8	9	686	579	4205	148518	88.2470792091	145242	197	120	131	122	90	103	99	219	68	68
DLR00012709-2009-07-02_23-07-28	8	10	741	604	3934	106763	88.2470792091	100985	194	110	123	115	92	104	100	270	68	68
DLR00012709-2009-07-02_23-07-28	8	11	834	577	4084	140605	88.2470792091	136108	198	118	129	120	90	102	98	264	68	68
DLR00012709-2009-07-02_23-07-28	8	12	901	570	3912	98551	88.2470792091	92487	196	108	121	113	91	104	99	246	68	68
DLR00012709-2009-07-02_23-07-28	8	13	946	575	4135	141847	88.2470792091	137810	194	117	129	119	89	102	98	247	68	68
DLR00012709-2009-07-02_23-07-28	8	14	1013	562	3921	114043	88.2470792091	107918	188	111	124	116	90	103	99	288	68	68
DLR00012709-2009-07-02_23-07-28	8	15	1080	578	4155	149597	88.2470792091	145701	203	119	130	120	89	102	98	245	68	68
DLR00012709-2009-07-02_23-07-28	8	16	1152	558	3945	118100	88.2470792091	112323	177	112	124	116	91	104	99	258	68	68
DLR00012709-2009-07-02_23-07-28	8	17	1218	579	4123	160238	88.2470792091	156199	190	121	132	122	90	103	98	248	68	68
DLR00012709-2009-07-02_23-07-28	8	18	1287	589	3989	122621	88.2470792091	117200	192	112	125	117	91	105	100	278	68	68
DLR00012709-2009-07-02_23-07-28	8	19	1355	573	4168	153219	88.2470792091	149734	204	117	130	121	88	102	99	218	68	68
DLR00012709-2009-07-02_23-07-28	8	20	1422	586	4017	120766	88.2470792091	115953	195	110	123	117	88	102	99	265	68	68
DLR00012709-2009-07-02_23-07-28	8	21	1489	588	4273	152796	88.2470792091	150129	209	114	127	120	87	102	99	150	68	68
DLR00012709-2009-07-02_23-07-28	8	22	1560	589	4118	138832	88.2470792091	134742	193	110	123	117	87	100	98	247	68	68
DLR00012709-2009-07-02_23-07-28	8	23	1641	575	4091	169197	88.2470792091	165111	193	117	128	120	86	99	96	243	68	68
DLR00012709-2009-07-02_23-07-28	8	24	1698	572	3924	137727	88.2470792091	131766	189	108	121	115	85	98	95	272	68	68
DLR00012709-2009-07-02_23-07-28	9	1	143	662	4170	152666	88.2470792091	149455	188	118	129	122	88	101	99	181	68	68
DLR00012709-2009-07-02_23-07-28	9	2	209	644	4113	128969	88.2470792091	124837	187	115	127	120	91	104	101	222	68	68
DLR00012709-2009-07-02_23-07-28	9	3	276	660	4163	142791	88.2470792091	139254	203	120	131	124	92	105	102	216	68	68
DLR00012709-2009-07-02_23-07-28	9	4	345	627	4019	111261	88.2470792091	106218	204	113	126	120	93	107	104	206	68	68
DLR00012709-2009-07-02_23-07-28	9	5	415	647	4124	147946	88.2470792091	144014	192	122	134	126	93	107	103	232	68	68
DLR00012709-2009-07-02_23-07-28	9	6	457	631	3892	113273	88.2470792091	107431	189	114	128	120	94	108	103	266	68	68
DLR00012709-2009-07-02_23-07-28	9	7	554	660	4165	139003	88.2470792091	135433	196	119	131	122	91	105	101	219	68	68
DLR00012709-2009-07-02_23-07-28	9	8	621	629	4084	113568	88.2470792091	109013	205	113	125	118	94	107	102	196	68	68
DLR00012709-2009-07-02_23-07-28	9	9	673	659	4178	152375	88.2470792091	149007	196	121	133	123	90	104	99	186	68	68
DLR00012709-2009-07-02_23-07-28	9	10	757	659	4075	118364	88.2470792091	113767	205	112	124	116	92	105	100	177	68	68
DLR00012709-2009-07-02_23-07-28	9	11	824	661	4109	171680	88.2470792091	167484	189	126	136	125	89	103	98	303	68	68
DLR00012709-2009-07-02_23-07-28	9	12	879	669	3832	104394	88.2470792091	97143	189	110	122	115	92	104	100	340	68	68
DLR00012709-2009-07-02_23-07-28	9	13	961	659	4156	173696	88.2470792091	169792	197	124	134	124	88	101	97	278	68	68
DLR00012709-2009-07-02_23-07-28	9	14	1016	633	4064	114385	88.2470792091	109504	190	109	122	114	90	103	98	251	68	68
DLR00012709-2009-07-02_23-07-28	9	15	1065	657	4041	146952	88.2470792091	142116	199	118	129	120	89	102	98	301	68	68
DLR00012709-2009-07-02_23-07-28	9	16	1170	665	4096	113175	88.2470792091	108899	191	107	120	113	89	102	98	190	68	68
DLR00012709-2009-07-02_23-07-28	9	17	1241	643	4186	152988	88.2470792091	149492	205	117	129	120	88	101	98	206	68	68
DLR00012709-2009-07-02_23-07-28	9	18	1289	641	3972	126163	88.2470792091	120559	203	112	125	117	89	103	99	315	68	68
DLR00012709-2009-07-02_23-07-28	9	19	1356	653	4167	167390	88.2470792091	163838	200	121	133	123	88	102	99	212	68	68
DLR00012709-2009-07-02_23-07-28	9	20	1426	654	4047	127779	88.2470792091	122920	179	111	124	118	89	103	100	218	68	68
DLR00012709-2009-07-02_23-07-28	9	21	1492	656	4095	156122	88.2470792091	151718	190	116	129	121	88	102	99	297	68	68
DLR00012709-2009-07-02_23-07-28	9	22	1576	641	3927	112930	88.2470792091	107013	204	105	119	114	87	100	98	280	68	68
DLR00012709-2009-07-02_23-07-28	9	23	1643	655	4106	182213	88.2470792091	178390	195	120	130	122	84	97	95	246	68	68
DLR00012709-2009-07-02_23-07-28	9	24	1698	638	4107	139456	88.2470792091	135229	208	106	119	113	85	97	95	176	68	68
DLR00012709-2009-07-02_23-07-28	10	1	150	715	4180	141592	88.2470792091	138406	207	115	127	120	88	101	99	170	68	68
DLR00012709-2009-07-02_23-07-28	10	2	180	739	4018	110056	88.2470792091	105432	201	110	122	117	91	104	101	193	68	68
DLR00012709-2009-07-02_23-07-28	10	3	280	715	4178	147064	88.2470792091	143672	200	121	132	124	91	105	102	237	68	68
DLR00012709-2009-07-02_23-07-28	10	4	347	702	3941	95037	88.2470792091	89403	187	109	123	117	93	107	104	260	68	68
DLR00012709-2009-07-02_23-07-28	10	5	416	728	4235	149660	88.2470792091	146693	191	122	134	125	92	106	102	209	68	68
DLR00012709-2009-07-02_23-07-28	10	6	485	716	4022	113468	88.2470792091	108710	198	113	126	119	92	106	102	244	68	68
DLR00012709-2009-07-02_23-07-28	10	7	552	727	4225	150996	88.2470792091	147853	202	121	132	123	91	104	100	211	68	68
DLR00012709-2009-07-02_23-07-28	10	8	629	730	4025	106628	88.2470792091	101675	194	110	123	116	92	105	101	239	68	68
DLR00012709-2009-07-02_23-07-28	10	9	688	712	4146	145412	88.2470792091	141495	193	119	130	121	91	104	100	243	68	68
DLR00012709-2009-07-02_23-07-28	10	10	756	710	4056	107970	88.2470792091	103105	202	109	122	114	92	105	100	196	68	68
DLR00012709-2009-07-02_23-07-28	10	11	822	729	4144	138972	88.2470792091	135140	191	117	128	119	90	103	99	218	68	68
DLR00012709-2009-07-02_23-07-28	10	12	893	736	4067	113570	88.2470792091	108765	189	110	122	114	91	104	99	223	68	68
DLR00012709-2009-07-02_23-07-28	10	13	946	726	4144	151889	88.2470792091	147929	200	119	130	120	90	103	98	261	68	68
DLR00012709-2009-07-02_23-07-28	10	14	1016	695	3973	116950	88.2470792091	111213	202	111	123	115	90	103	98	273	68	68
DLR00012709-2009-07-02_23-07-28	10	15	1083	713	4121	166220	88.2470792091	162086	206	121	132	122	89	102	97	281	68	68
DLR00012709-2009-07-02_23-07-28	10	16	1152	712	4002	118026	88.2470792091	112933	193	109	122	114	89	101	97	223	68	68
DLR00012709-2009-07-02_23-07-28	10	17	1220	714	4199	170392	88.2470792091	166880	202	121	132	122	89	102	98	266	68	68
DLR00012709-2009-07-02_23-07-28	10	18	1290	695	3900	116130	88.2470792091	109953	182	109	123	116	89	102	99	295	68	68
DLR00012709-2009-07-02_23-07-28	10	19	1346	711	4038	140659	88.2470792091	135741	197	114	127	119	89	102	99	269	68	68
DLR00012709-2009-07-02_23-07-28	10	20	1453	733	3997	110740	88.2470792091	105315	199	106	120	114	91	104	101	243	68	68
DLR00012709-2009-07-02_23-07-28	10	21	1507	711	4137	165037	88.2470792091	161225	195	118	130	122	87	101	98	245	68	68
DLR00012709-2009-07-02_23-07-28	10	22	1563	696	4068	139494	88.2470792091	134726	200	111	123	117	88	101	98	268	68	68
DLR00012709-2009-07-02_23-07-28	10	23	1629	713	4154	184278	88.2470792091	180748	201	120	131	122	85	97	95	253	68	68
DLR00012709-2009-07-02_23-07-28	10	24	1695	702	4034	145781	88.2470792091	140808	194	109	121	115	85	97	95	248	68	68
DLR00012709-2009-07-02_23-07-28	11	1	138	782	4176	148866	88.2470792091	145610	213	117	128	122	90	102	100	151	68	68
DLR00012709-2009-07-02_23-07-28	11	2	208	771	4006	105743	88.2470792091	100714	198	110	122	117	93	106	102	239	68	68
DLR00012709-2009-07-02_23-07-28	11	3	264	799	4219	168165	88.2470792091	165115	204	126	136	128	92	105	102	234	68	68
DLR00012709-2009-07-02_23-07-28	11	4	348	808	4055	113531	88.2470792091	109194	194	114	126	120	93	106	103	206	68	68
DLR00012709-2009-07-02_23-07-28	11	5	414	784	4178	160623	88.2470792091	157261	188	126	137	127	92	105	102	246	68	68
DLR00012709-2009-07-02_23-07-28	11	6	485	782	3956	107642	88.2470792091	102002	199	112	125	119	93	107	103	242	68	68
DLR00012709-2009-07-02_23-07-28	11	7	551	780	4158	150363	88.2470792091	146674	202	121	133	124	92	105	101	241	68	68
DLR00012709-2009-07-02_23-07-28	11	8	601	798	3993	113839	88.2470792091	108546	195	112	125	117	93	106	102	228	68	68
DLR00012709-2009-07-02_23-07-28	11	9	669	782	4220	154231	88.2470792091	151020	210	120	132	122	90	103	99	177	68	68
DLR00012709-2009-07-02_23-07-28	11	10	738	798	4006	121472	88.2470792091	116309	198	113	125	117	91	104	99	287	68	68
DLR00012709-2009-07-02_23-07-28	11	11	804	796	4178	131749	88.2470792091	128063	201	114	126	117	90	103	98	216	68	68
DLR00012709-2009-07-02_23-07-28	11	12	881	776	4098	118890	88.2470792091	114440	203	111	123	115	90	103	98	220	68	68
DLR00012709-2009-07-02_23-07-28	11	13	961	783	4195	177761	88.2470792091	174363	189	124	134	123	88	101	97	268	68	68
DLR00012709-2009-07-02_23-07-28	11	14	1041	794	3987	120928	88.2470792091	115527	200	110	123	115	90	102	98	292	68	68
DLR00012709-2009-07-02_23-07-28	11	15	1100	795	4150	160806	88.2470792091	156911	200	119	130	120	88	101	96	254	68	68
DLR00012709-2009-07-02_23-07-28	11	16	1148	763	3925	106823	88.2470792091	100868	195	107	119	113	89	102	98	251	68	68
DLR00012709-2009-07-02_23-07-28	11	17	1236	794	4096	158796	88.2470792091	154509	197	119	130	121	89	102	98	275	68	68
DLR00012709-2009-07-02_23-07-28	11	18	1290	808	4014	139745	88.2470792091	134563	193	114	126	118	89	102	98	282	68	68
DLR00012709-2009-07-02_23-07-28	11	19	1358	791	4141	164216	88.2470792091	160096	201	118	130	122	89	103	99	286	68	68
DLR00012709-2009-07-02_23-07-28	11	20	1427	763	3978	112098	88.2470792091	106596	191	106	120	114	88	102	100	276	68	68
DLR00012709-2009-07-02_23-07-28	11	21	1491	792	4101	155422	88.2470792091	151291	196	116	128	120	88	102	99	249	68	68
DLR00012709-2009-07-02_23-07-28	11	22	1555	779	3943	124307	88.2470792091	118348	193	108	121	115	89	101	99	277	68	68
DLR00012709-2009-07-02_23-07-28	11	23	1622	780	4136	170132	88.2470792091	166194	195	116	127	119	86	99	96	229	68	68
DLR00012709-2009-07-02_23-07-28	11	24	1698	791	4003	149913	88.2470792091	144712	188	109	121	115	84	96	94	251	68	68
DLR00012709-2009-07-02_23-07-28	12	1	139	852	4200	159259	88.2470792091	156221	194	120	130	123	88	100	99	180	68	68
DLR00012709-2009-07-02_23-07-28	12	2	189	840	3872	109355	88.2470792091	103859	197	112	124	118	93	105	102	256	68	68
DLR00012709-2009-07-02_23-07-28	12	3	278	853	4167	146558	88.2470792091	143212	197	121	132	124	91	104	101	195	68	68
DLR00012709-2009-07-02_23-07-28	12	4	348	876	3879	92545	88.2470792091	86610	197	109	122	117	92	106	103	262	68	68
DLR00012709-2009-07-02_23-07-28	12	5	399	851	4098	143960	88.2470792091	139834	186	122	133	125	93	107	103	239	68	68
DLR00012709-2009-07-02_23-07-28	12	6	485	848	4017	97890	88.2470792091	92970	200	108	122	116	92	106	103	177	68	68
DLR00012709-2009-07-02_23-07-28	12	7	551	864	4179	148896	88.2470792091	145615	199	120	132	123	91	104	101	201	68	68
DLR00012709-2009-07-02_23-07-28	12	8	592	844	4010	116040	88.2470792091	111286	199	112	125	118	91	105	100	212	68	68
DLR00012709-2009-07-02_23-07-28	12	9	673	854	4186	152739	88.2470792091	149343	194	120	131	122	90	103	99	214	68	68
DLR00012709-2009-07-02_23-07-28	12	10	740	835	3864	93976	88.2470792091	87789	199	106	120	113	91	104	99	236	68	68
DLR00012709-2009-07-02_23-07-28	12	11	802	844	4221	147758	88.2470792091	144707	208	117	128	119	88	101	98	196	68	68
DLR00012709-2009-07-02_23-07-28	12	12	878	843	3996	106893	88.2470792091	101767	203	107	120	113	89	102	98	247	68	68
DLR00012709-2009-07-02_23-07-28	12	13	959	851	4071	142148	88.2470792091	137415	185	115	127	118	90	102	98	263	68	68
DLR00012709-2009-07-02_23-07-28	12	14	1013	836	3989	130408	88.2470792091	124830	202	112	124	116	90	103	98	289	68	68
DLR00012709-2009-07-02_23-07-28	12	15	1097	863	4134	160759	88.2470792091	156492	200	118	129	120	89	101	97	280	68	68
DLR00012709-2009-07-02_23-07-28	12	16	1164	846	4000	115519	88.2470792091	110006	197	108	120	113	89	102	98	267	68	68
DLR00012709-2009-07-02_23-07-28	12	17	1232	850	4077	170854	88.2470792091	166070	183	121	132	122	89	102	98	305	68	68
DLR00012709-2009-07-02_23-07-28	12	18	1302	861	4098	129275	88.2470792091	124752	201	109	122	115	89	102	98	218	68	68
DLR00012709-2009-07-02_23-07-28	12	19	1354	847	4141	159472	88.2470792091	155514	215	116	128	120	87	100	97	272	68	68
DLR00012709-2009-07-02_23-07-28	12	20	1423	830	4036	114180	88.2470792091	109163	195	106	119	114	88	101	98	239	68	68
DLR00012709-2009-07-02_23-07-28	12	21	1511	848	4165	170400	88.2470792091	166776	178	118	129	122	86	99	97	262	68	68
DLR00012709-2009-07-02_23-07-28	12	22	1576	846	3934	118896	88.2470792091	113173	196	106	118	113	87	100	97	285	68	68
DLR00012709-2009-07-02_23-07-28	12	23	1642	860	4153	161264	88.2470792091	157565	196	112	123	116	85	96	94	199	68	68
DLR00012709-2009-07-02_23-07-28	12	24	1698	843	4096	151795	88.2470792091	147370	209	108	119	114	84	95	94	229	68	68
DLR00012709-2009-07-02_23-07-28	13	1	142	918	4219	150199	88.2470792091	147347	208	117	127	121	88	100	99	135	68	68
DLR00012709-2009-07-02_23-07-28	13	2	210	918	3984	106281	88.2470792091	101129	201	110	122	116	92	104	101	239	68	68
DLR00012709-2009-07-02_23-07-28	13	3	290	921	4150	127189	88.2470792091	123426	207	116	127	120	92	105	102	201	68	68
DLR00012709-2009-07-02_23-07-28	13	4	347	939	4012	95991	88.2470792091	90966	191	109	121	116	92	105	102	215	68	68
DLR00012709-2009-07-02_23-07-28	13	5	427	917	4096	126272	88.2470792091	122071	214	116	128	121	93	106	103	243	68	68
DLR00012709-2009-07-02_23-07-28	13	6	471	910	4008	94695	88.2470792091	89774	203	108	121	116	93	106	103	214	68	68
DLR00012709-2009-07-02_23-07-28	13	7	541	920	4165	154032	88.2470792091	150421	195	121	133	124	91	104	101	221	68	68
DLR00012709-2009-07-02_23-07-28	13	8	622	940	3916	95384	88.2470792091	89536	190	107	120	114	92	105	101	237	68	68
DLR00012709-2009-07-02_23-07-28	13	9	688	933	4202	159767	88.2470792091	156451	204	121	132	122	89	101	98	229	68	68
DLR00012709-2009-07-02_23-07-28	13	10	758	902	3948	111015	88.2470792091	105203	201	110	122	115	92	105	100	251	68	68
DLR00012709-2009-07-02_23-07-28	13	11	812	917	4214	161502	88.2470792091	158100	201	120	131	121	90	102	98	240	68	68
DLR00012709-2009-07-02_23-07-28	13	12	903	909	4070	100667	88.2470792091	95790	206	104	117	111	90	103	98	207	68	68
DLR00012709-2009-07-02_23-07-28	13	13	964	918	4188	164232	88.2470792091	160666	199	119	130	121	89	102	97	260	68	68
DLR00012709-2009-07-02_23-07-28	13	14	1016	940	3886	109025	88.2470792091	102533	191	107	119	113	90	102	98	328	68	68
DLR00012709-2009-07-02_23-07-28	13	15	1083	916	4168	158563	88.2470792091	154582	195	116	128	118	88	101	96	249	68	68
DLR00012709-2009-07-02_23-07-28	13	16	1151	913	3997	109047	88.2470792091	103473	200	105	118	111	88	100	97	286	68	68
DLR00012709-2009-07-02_23-07-28	13	17	1219	915	4137	149296	88.2470792091	145326	204	114	126	118	87	100	97	248	68	68
DLR00012709-2009-07-02_23-07-28	13	18	1292	915	3987	141592	88.2470792091	136020	199	114	126	118	89	102	98	319	68	68
DLR00012709-2009-07-02_23-07-28	13	19	1359	934	4125	167369	88.2470792091	163249	197	118	130	121	87	100	97	266	68	68
DLR00012709-2009-07-02_23-07-28	13	20	1425	941	4024	127076	88.2470792091	121890	203	108	120	114	87	100	97	297	68	68
DLR00012709-2009-07-02_23-07-28	13	21	1492	915	4232	168854	88.2470792091	165664	192	117	128	120	87	100	96	196	68	68
DLR00012709-2009-07-02_23-07-28	13	22	1577	913	4097	131990	88.2470792091	127724	190	107	119	113	86	99	96	201	68	68
DLR00012709-2009-07-02_23-07-28	13	23	1631	927	4160	194142	88.2470792091	190523	200	119	129	121	84	95	93	291	68	68
DLR00012709-2009-07-02_23-07-28	13	24	1698	930	4058	157281	88.2470792091	152495	191	110	120	115	84	95	93	242	68	68
DLR00012709-2009-07-02_23-07-28	14	1	151	1002	4218	144144	88.2470792091	141101	205	115	125	119	89	101	99	180	68	68
DLR00012709-2009-07-02_23-07-28	14	2	200	970	3868	87536	88.2470792091	81354	194	106	117	113	91	103	101	278	68	68
DLR00012709-2009-07-02_23-07-28	14	3	267	988	4186	154865	88.2470792091	151707	201	122	132	125	91	103	101	219	68	68
DLR00012709-2009-07-02_23-07-28	14	4	335	985	3922	96068	88.2470792091	90637	191	110	122	117	92	105	102	283	68	68
DLR00012709-2009-07-02_23-07-28	14	5	403	989	4145	144527	88.2470792091	140697	195	121	132	124	92	105	102	232	68	68
DLR00012709-2009-07-02_23-07-28	14	6	456	1011	3895	105168	88.2470792091	99173	201	112	125	119	93	106	103	272	68	68
DLR00012709-2009-07-02_23-07-28	14	7	558	1001	4212	145590	88.2470792091	142417	203	118	130	122	91	105	101	195	68	68
DLR00012709-2009-07-02_23-07-28	14	8	605	1008	3955	94145	88.2470792091	88741	189	106	120	114	91	105	101	234	68	68
DLR00012709-2009-07-02_23-07-28	14	9	690	989	4167	153332	88.2470792091	149639	199	118	130	121	90	102	98	251	68	68
DLR00012709-2009-07-02_23-07-28	14	10	758	986	3888	108574	88.2470792091	102162	185	108	121	114	90	103	99	287	68	68
DLR00012709-2009-07-02_23-07-28	14	11	815	985	4106	150926	88.2470792091	146462	198	117	129	120	90	102	98	274	68	68
DLR00012709-2009-07-02_23-07-28	14	12	896	965	3951	109544	88.2470792091	104034	192	107	120	113	90	103	98	247	68	68
DLR00012709-2009-07-02_23-07-28	14	13	966	985	4036	147229	88.2470792091	142163	203	115	127	118	89	102	98	318	68	68
DLR00012709-2009-07-02_23-07-28	14	14	1016	972	3809	102465	88.2470792091	95194	193	105	118	112	89	102	98	348	68	68
DLR00012709-2009-07-02_23-07-28	14	15	1112	983	4115	140525	88.2470792091	136109	203	111	123	115	87	100	96	267	68	68
DLR00012709-2009-07-02_23-07-28	14	16	1155	983	3918	107408	88.2470792091	101296	189	104	117	111	87	100	96	305	68	68
DLR00012709-2009-07-02_23-07-28	14	17	1234	981	4164	168260	88.2470792091	164462	203	117	128	120	87	100	96	276	68	68
DLR00012709-2009-07-02_23-07-28	14	18	1280	983	3876	122933	88.2470792091	116432	190	109	121	115	88	101	98	349	68	68
DLR00012709-2009-07-02_23-07-28	14	19	1381	998	4080	120291	88.2470792091	115437	198	106	118	113	88	101	98	240	68	68
DLR00012709-2009-07-02_23-07-28	14	20	1448	982	3889	113875	88.2470792091	107410	195	106	118	113	88	100	97	348	68	68
DLR00012709-2009-07-02_23-07-28	14	21	1508	997	4189	160309	88.2470792091	156729	192	114	125	118	86	98	96	229	68	68
DLR00012709-2009-07-02_23-07-28	14	22	1556	972	3847	115198	88.2470792091	108285	194	104	116	112	87	99	97	324	68	68
DLR00012709-2009-07-02_23-07-28	14	23	1642	1008	4162	155933	88.2470792091	152258	204	109	120	114	84	95	93	208	68	68
DLR00012709-2009-07-02_23-07-28	14	24	1694	998	4050	130217	88.2470792091	125500	208	103	114	109	84	95	93	188	68	68
DLR00012709-2009-07-02_23-07-28	15	1	151	1055	4199	130608	88.2470792091	127302	216	111	122	118	88	100	99	141	68	68
DLR00012709-2009-07-02_23-07-28	15	2	217	1037	3783	87867	88.2470792091	81211	187	106	118	114	90	102	101	293	68	68
DLR00012709-2009-07-02_23-07-28	15	3	258	1067	4072	147772	88.2470792091	143764	190	121	131	125	91	103	102	255	68	68
DLR00012709-2009-07-02_23-07-28	15	4	347	1033	3951	86392	88.2470792091	81493	195	106	120	115	92	105	103	169	68	68
DLR00012709-2009-07-02_23-07-28	15	5	416	1055	4078	142198	88.2470792091	137997	187	120	131	125	92	105	102	238	68	68
DLR00012709-2009-07-02_23-07-28	15	6	457	1042	3867	113260	88.2470792091	106720	199	114	126	120	93	106	103	319	68	68
DLR00012709-2009-07-02_23-07-28	15	7	554	1055	4139	146937	88.2470792091	142990	188	119	131	123	92	105	102	251	68	68
DLR00012709-2009-07-02_23-07-28	15	8	622	1070	3881	107906	88.2470792091	101806	198	109	123	117	91	105	102	275	68	68
DLR00012709-2009-07-02_23-07-28	15	9	691	1055	4168	160287	88.2470792091	156659	201	119	131	122	88	102	99	276	68	68
DLR00012709-2009-07-02_23-07-28	15	10	746	1053	3989	120796	88.2470792091	115258	194	110	122	116	89	102	99	261	68	68
DLR00012709-2009-07-02_23-07-28	15	11	813	1070	4140	158616	88.2470792091	154623	201	117	128	120	89	101	98	270	68	68
DLR00012709-2009-07-02_23-07-28	15	12	895	1054	4008	127056	88.2470792091	121495	180	109	122	115	89	102	98	287	68	68
DLR00012709-2009-07-02_23-07-28	15	13	949	1051	4182	152415	88.2470792091	148514	201	113	125	118	89	102	98	249	68	68
DLR00012709-2009-07-02_23-07-28	15	14	1010	1037	3834	111426	88.2470792091	104149	193	106	119	113	89	101	98	372	68	68
DLR00012709-2009-07-02_23-07-28	15	15	1100	1067	4086	180377	88.2470792091	175921	205	120	131	122	87	100	97	327	68	68
DLR00012709-2009-07-02_23-07-28	15	16	1156	1040	3877	112559	88.2470792091	105860	194	105	118	112	87	100	97	345	68	68
DLR00012709-2009-07-02_23-07-28	15	17	1239	1065	4165	167551	88.2470792091	163977	204	116	128	120	86	100	97	260	68	68
DLR00012709-2009-07-02_23-07-28	15	18	1316	1035	3935	115802	88.2470792091	109675	201	106	119	113	88	102	98	321	68	68
DLR00012709-2009-07-02_23-07-28	15	19	1358	1072	4157	154298	88.2470792091	150184	199	114	126	119	87	100	97	277	68	68
DLR00012709-2009-07-02_23-07-28	15	20	1425	1049	4118	133594	88.2470792091	129207	186	108	121	115	87	100	98	209	68	68
DLR00012709-2009-07-02_23-07-28	15	21	1492	1051	4202	165454	88.2470792091	162069	195	115	126	119	86	99	97	249	68	68
DLR00012709-2009-07-02_23-07-28	15	22	1579	1069	3876	124806	88.2470792091	118435	194	107	118	114	87	99	97	295	68	68
DLR00012709-2009-07-02_23-07-28	15	23	1632	1044	4126	147373	88.2470792091	143193	198	108	119	114	85	96	94	224	68	68
DLR00012709-2009-07-02_23-07-28	15	24	1699	1065	4171	157767	88.2470792091	154229	198	109	119	115	83	93	93	174	68	68
DLR00012709-2009-07-02_23-07-28	16	1	127	1138	4170	136618	88.2470792091	132780	166	125	132	127	102	110	109	299	68	68
DLR00012709-2009-07-02_23-07-28	16	2	215	1138	3941	113373	88.2470792091	107773	145	126	134	129	101	110	108	351	68	68
DLR00012709-2009-07-02_23-07-28	16	3	242	1139	3997	131357	88.2470792091	126327	163	131	139	133	103	112	111	335	68	68
DLR00012709-2009-07-02_23-07-28	16	4	333	1131	3915	83245	88.2470792091	77866	169	117	127	124	101	113	111	165	68	68
DLR00012709-2009-07-02_23-07-28	16	5	418	1139	4116	140925	88.2470792091	137215	168	130	139	132	104	114	111	274	68	68
DLR00012709-2009-07-02_23-07-28	16	6	467	1140	3729	91004	88.2470792091	83944	142	117	128	123	99	110	108	296	68	68
DLR00012709-2009-07-02_23-07-28	16	7	557	1140	4122	163322	88.2470792091	159449	141	131	141	133	101	112	109	222	68	68
DLR00012709-2009-07-02_23-07-28	16	8	604	1141	3843	130393	88.2470792091	123927	150	122	132	126	98	110	107	311	68	68
DLR00012709-2009-07-02_23-07-28	16	9	675	1142	4021	166959	88.2470792091	161696	151	124	135	127	98	109	106	345	68	68
DLR00012709-2009-07-02_23-07-28	16	10	743	1142	3753	134120	88.2470792091	125894	131	118	128	122	95	107	104	392	68	68
DLR00012709-2009-07-02_23-07-28	16	11	810	1141	4051	183270	88.2470792091	178719	149	129	138	129	98	109	106	325	68	68
DLR00012709-2009-07-02_23-07-28	16	12	879	1140	3781	115556	88.2470792091	108023	143	117	128	122	97	108	106	391	68	68
DLR00012709-2009-07-02_23-07-28	16	13	967	1133	4040	150698	88.2470792091	146223	148	121	132	124	94	106	103	232	68	68
DLR00012709-2009-07-02_23-07-28	16	14	1033	1133	3853	102108	88.2470792091	96020	143	109	122	117	92	105	103	210	68	68
DLR00012709-2009-07-02_23-07-28	16	15	1100	1140	3962	174798	88.2470792091	169246	148	124	135	127	94	106	104	389	68	68
DLR00012709-2009-07-02_23-07-28	16	16	1168	1146	3918	151660	88.2470792091	145698	153	121	131	125	98	109	107	284	68	68
DLR00012709-2009-07-02_23-07-28	16	17	1202	1131	4003	125334	88.2470792091	120697	145	115	127	122	93	106	104	185	68	68
DLR00012709-2009-07-02_23-07-28	16	18	1289	1139	3948	133635	88.2470792091	128619	155	121	132	125	99	111	108	316	68	68
DLR00012709-2009-07-02_23-07-28	16	19	1374	1137	4086	168208	88.2470792091	163911	152	132	141	133	98	109	107	405	68	68
DLR00012709-2009-07-02_23-07-28	16	20	1443	1138	3957	139636	88.2470792091	134101	151	125	135	129	100	111	109	377	68	68
DLR00012709-2009-07-02_23-07-28	16	21	1514	1137	4086	160519	88.2470792091	155967	158	128	137	131	100	110	108	359	68	68
DLR00012709-2009-07-02_23-07-28	16	22	1580	1136	4025	139513	88.2470792091	134049	141	123	132	126	99	107	105	327	68	68
DLR00012709-2009-07-02_23-07-28	16	23	1629	1136	4180	164376	88.2470792091	160364	154	127	135	128	97	106	104	387	68	68
DLR00012709-2009-07-02_23-07-28	16	24	1697	1128	4078	110253	88.2470792091	106201	155	111	120	117	95	104	104	68	68	68
