DLR00012647-2009-07-01_22-21-48	1	1	151	123	142	1222	88.2470792091	7958	13	88	96	96	76	87	89	75	68	68
DLR00012647-2009-07-01_22-21-48	1	2	200	114	642	4910	88.2470792091	10602	11	86	97	98	76	89	92	171	68	68
DLR00012647-2009-07-01_22-21-48	1	3	267	114	671	5075	88.2470792091	10504	7	89	100	101	78	92	95	199	68	68
DLR00012647-2009-07-01_22-21-48	1	4	329	100	592	4350	88.2470792091	9519	9	91	103	104	85	98	100	347	68	68
DLR00012647-2009-07-01_22-21-48	1	5	404	105	535	4004	88.2470792091	9316	3	87	101	103	83	97	100	310	68	68
DLR00012647-2009-07-01_22-21-48	1	6	478	125	37	263	88.2470792091	6041	0	83	99	101	78	94	97	28	68	68
DLR00012647-2009-07-01_22-21-48	1	7	537	133	189	1468	88.2470792091	6664	7	84	101	102	77	94	97	143	68	68
DLR00012647-2009-07-01_22-21-48	1	8	610	121	152	1166	88.2470792091	6745	6	87	103	104	78	95	98	93	68	68
DLR00012647-2009-07-01_22-21-48	1	9	673	133	274	2117	88.2470792091	6880	12	83	100	101	77	94	97	193	68	68
DLR00012647-2009-07-01_22-21-48	1	10	750	111	523	3748	88.2470792091	9188	4	88	103	103	79	96	98	146	68	68
DLR00012647-2009-07-01_22-21-48	1	11	819	111	11	67	88.2470792091	6541	0	84	100	102	80	96	98	4	68	68
DLR00012647-2009-07-01_22-21-48	1	12	877	111	14	78	88.2470792091	6402	0	85	101	102	80	96	98	0	68	68
DLR00012647-2009-07-01_22-21-48	1	13	953	105	729	5213	88.2470792091	11104	5	90	105	104	82	98	99	243	68	68
DLR00012647-2009-07-01_22-21-48	1	14	1019	92	849	5883	88.2470792091	11555	14	91	105	104	87	102	103	182	68	68
DLR00012647-2009-07-01_22-21-48	1	15	1093	119	594	4214	88.2470792091	9490	10	85	101	102	77	94	97	159	68	68
DLR00012647-2009-07-01_22-21-48	1	16	1159	99	910	6836	88.2470792091	12034	10	94	107	106	83	99	101	214	68	68
DLR00012647-2009-07-01_22-21-48	1	17	1233	113	41	300	88.2470792091	6698	0	82	98	100	79	96	98	27	68	68
DLR00012647-2009-07-01_22-21-48	1	18	1279	113	21	162	88.2470792091	6735	2	85	101	102	79	95	98	36	68	68
DLR00012647-2009-07-01_22-21-48	1	19	1364	110	20	121	88.2470792091	6560	0	86	100	101	80	95	98	11	68	68
DLR00012647-2009-07-01_22-21-48	1	20	1427	100	882	6287	88.2470792091	11519	7	91	103	103	82	97	99	229	68	68
DLR00012647-2009-07-01_22-21-48	1	21	1491	105	959	7390	88.2470792091	12512	14	88	100	101	79	93	95	363	68	68
DLR00012647-2009-07-01_22-21-48	1	22	1579	122	323	2925	88.2470792091	9069	10	82	94	96	73	87	90	243	68	68
DLR00012647-2009-07-01_22-21-48	1	23	1646	104	672	4896	88.2470792091	10647	7	84	94	94	76	87	89	221	68	68
DLR00012647-2009-07-01_22-21-48	1	24	1703	139	360	2601	88.2470792091	8647	14	76	87	88	72	83	85	82	68	68
DLR00012647-2009-07-01_22-21-48	2	1	127	177	323	2377	88.2470792091	8517	6	78	90	92	73	85	88	120	68	68
DLR00012647-2009-07-01_22-21-48	2	2	201	176	358	3302	88.2470792091	8717	1	80	94	96	73	87	90	301	68	68
DLR00012647-2009-07-01_22-21-48	2	3	268	177	301	2681	88.2470792091	8333	0	82	96	98	74	89	93	277	68	68
DLR00012647-2009-07-01_22-21-48	2	4	335	175	368	3276	88.2470792091	8005	4	83	98	100	76	91	95	344	68	68
DLR00012647-2009-07-01_22-21-48	2	5	399	174	368	2886	88.2470792091	7070	0	83	98	100	76	92	95	264	68	68
DLR00012647-2009-07-01_22-21-48	2	6	472	175	356	2689	88.2470792091	6750	0	83	98	100	76	92	95	257	68	68
DLR00012647-2009-07-01_22-21-48	2	7	538	176	306	2499	88.2470792091	7116	0	83	100	101	76	93	95	257	68	68
DLR00012647-2009-07-01_22-21-48	2	8	606	173	323	2629	88.2470792091	7256	0	83	99	101	76	93	95	233	68	68
DLR00012647-2009-07-01_22-21-48	2	9	675	171	304	2280	88.2470792091	6432	0	82	99	99	75	93	94	193	68	68
DLR00012647-2009-07-01_22-21-48	2	10	745	173	400	3254	88.2470792091	7902	0	82	99	99	75	92	94	289	68	68
DLR00012647-2009-07-01_22-21-48	2	11	813	173	331	2553	88.2470792091	8543	0	80	97	98	74	91	93	180	68	68
DLR00012647-2009-07-01_22-21-48	2	12	880	174	388	3452	88.2470792091	8205	0	82	99	99	74	92	94	355	68	68
DLR00012647-2009-07-01_22-21-48	2	13	950	168	299	2297	88.2470792091	7342	0	81	99	99	75	93	94	203	68	68
DLR00012647-2009-07-01_22-21-48	2	14	1019	172	582	4612	88.2470792091	9099	3	81	98	99	74	92	93	322	68	68
DLR00012647-2009-07-01_22-21-48	2	15	1086	171	347	2742	88.2470792091	8411	3	81	97	99	74	92	94	193	68	68
DLR00012647-2009-07-01_22-21-48	2	16	1156	170	387	3158	88.2470792091	8215	2	82	99	99	75	92	94	250	68	68
DLR00012647-2009-07-01_22-21-48	2	17	1222	169	410	3248	88.2470792091	7952	0	81	98	100	75	92	94	262	68	68
DLR00012647-2009-07-01_22-21-48	2	18	1290	166	364	3286	88.2470792091	8609	1	82	99	100	75	92	95	280	68	68
DLR00012647-2009-07-01_22-21-48	2	19	1359	169	377	3059	88.2470792091	8844	0	81	97	99	74	91	94	239	68	68
DLR00012647-2009-07-01_22-21-48	2	20	1424	170	470	4061	88.2470792091	9225	3	82	97	100	74	91	94	334	68	68
DLR00012647-2009-07-01_22-21-48	2	21	1491	167	466	4061	88.2470792091	8889	0	80	96	99	73	89	93	411	68	68
DLR00012647-2009-07-01_22-21-48	2	22	1562	169	519	4738	88.2470792091	9163	0	78	93	95	71	86	90	455	68	68
DLR00012647-2009-07-01_22-21-48	2	23	1630	170	523	5289	88.2470792091	9996	0	77	90	92	69	83	86	529	68	68
DLR00012647-2009-07-01_22-21-48	2	24	1707	174	565	4318	88.2470792091	9737	0	75	87	88	70	82	84	168	68	68
DLR00012647-2009-07-01_22-21-48	3	1	128	243	376	3059	88.2470792091	9084	2	79	91	93	73	86	88	250	68	68
DLR00012647-2009-07-01_22-21-48	3	2	199	243	305	2833	88.2470792091	7898	0	81	94	96	73	87	90	310	68	68
DLR00012647-2009-07-01_22-21-48	3	3	270	240	242	2180	88.2470792091	8273	3	82	96	99	74	89	92	274	68	68
DLR00012647-2009-07-01_22-21-48	3	4	335	239	233	2047	88.2470792091	8323	1	82	98	100	75	91	94	215	68	68
DLR00012647-2009-07-01_22-21-48	3	5	407	245	262	2262	88.2470792091	6770	0	83	99	100	75	92	94	261	68	68
DLR00012647-2009-07-01_22-21-48	3	6	472	245	252	2021	88.2470792091	6752	0	82	99	100	76	92	94	223	68	68
DLR00012647-2009-07-01_22-21-48	3	7	541	243	247	1977	88.2470792091	6878	1	82	99	100	75	93	94	232	68	68
DLR00012647-2009-07-01_22-21-48	3	8	609	242	203	1602	88.2470792091	6300	1	83	99	99	75	92	94	190	68	68
DLR00012647-2009-07-01_22-21-48	3	9	677	240	195	1649	88.2470792091	6045	0	83	99	99	75	92	93	204	68	68
DLR00012647-2009-07-01_22-21-48	3	10	743	237	207	1817	88.2470792091	8073	1	82	98	98	75	92	93	148	68	68
DLR00012647-2009-07-01_22-21-48	3	11	814	241	256	2071	88.2470792091	8919	0	81	98	98	74	91	93	171	68	68
DLR00012647-2009-07-01_22-21-48	3	12	881	238	275	2478	88.2470792091	8440	0	82	99	99	74	92	93	247	68	68
DLR00012647-2009-07-01_22-21-48	3	13	951	238	307	2658	88.2470792091	8671	4	81	98	98	74	92	93	203	68	68
DLR00012647-2009-07-01_22-21-48	3	14	1018	241	235	1874	88.2470792091	8357	0	80	98	98	74	91	93	168	68	68
DLR00012647-2009-07-01_22-21-48	3	15	1088	238	246	2124	88.2470792091	8393	2	81	98	99	74	91	93	208	68	68
DLR00012647-2009-07-01_22-21-48	3	16	1156	239	274	2196	88.2470792091	8556	4	81	97	98	74	91	93	164	68	68
DLR00012647-2009-07-01_22-21-48	3	17	1222	239	219	1845	88.2470792091	8194	0	81	98	98	74	91	93	174	68	68
DLR00012647-2009-07-01_22-21-48	3	18	1295	239	260	2193	88.2470792091	8226	1	80	97	98	73	90	92	232	68	68
DLR00012647-2009-07-01_22-21-48	3	19	1364	240	343	2988	88.2470792091	8776	0	81	97	99	73	90	93	320	68	68
DLR00012647-2009-07-01_22-21-48	3	20	1425	239	263	2287	88.2470792091	8257	1	81	97	99	73	90	93	275	68	68
DLR00012647-2009-07-01_22-21-48	3	21	1500	237	221	1953	88.2470792091	7617	0	79	95	98	72	88	92	204	68	68
DLR00012647-2009-07-01_22-21-48	3	22	1564	238	298	2729	88.2470792091	8105	0	78	93	96	71	86	90	295	68	68
DLR00012647-2009-07-01_22-21-48	3	23	1633	239	345	3306	88.2470792091	8914	3	76	90	92	69	83	87	308	68	68
DLR00012647-2009-07-01_22-21-48	3	24	1702	238	335	3062	88.2470792091	9056	4	74	87	89	68	81	84	232	68	68
DLR00012647-2009-07-01_22-21-48	4	1	133	315	363	3225	88.2470792091	8693	1	80	92	94	73	86	89	323	68	68
DLR00012647-2009-07-01_22-21-48	4	2	199	310	398	3793	88.2470792091	8872	0	82	95	97	73	88	91	386	68	68
DLR00012647-2009-07-01_22-21-48	4	3	269	311	369	3241	88.2470792091	8935	0	82	96	98	74	90	93	351	68	68
DLR00012647-2009-07-01_22-21-48	4	4	336	310	407	3865	88.2470792091	9209	1	83	98	100	75	91	94	317	68	68
DLR00012647-2009-07-01_22-21-48	4	5	400	314	225	1896	88.2470792091	6737	2	83	99	100	75	92	95	196	68	68
DLR00012647-2009-07-01_22-21-48	4	6	469	312	478	3951	88.2470792091	7569	0	83	99	100	75	92	95	394	68	68
DLR00012647-2009-07-01_22-21-48	4	7	539	310	357	2751	88.2470792091	7027	0	82	99	100	75	92	94	263	68	68
DLR00012647-2009-07-01_22-21-48	4	8	604	313	476	3834	88.2470792091	8016	1	83	99	99	76	92	94	299	68	68
DLR00012647-2009-07-01_22-21-48	4	9	675	306	316	2410	88.2470792091	7052	2	81	98	98	75	92	93	198	68	68
DLR00012647-2009-07-01_22-21-48	4	10	744	313	425	3884	88.2470792091	8550	1	83	99	98	75	92	93	311	68	68
DLR00012647-2009-07-01_22-21-48	4	11	813	304	325	2618	88.2470792091	8688	0	81	97	98	74	91	92	195	68	68
DLR00012647-2009-07-01_22-21-48	4	12	883	308	421	3506	88.2470792091	8946	0	81	98	98	75	92	93	270	68	68
DLR00012647-2009-07-01_22-21-48	4	13	947	308	464	4181	88.2470792091	9484	5	82	99	98	75	92	93	279	68	68
DLR00012647-2009-07-01_22-21-48	4	14	1020	309	425	3656	88.2470792091	8859	0	81	98	98	74	91	93	311	68	68
DLR00012647-2009-07-01_22-21-48	4	15	1086	304	365	3108	88.2470792091	9083	0	81	98	98	74	91	93	278	68	68
DLR00012647-2009-07-01_22-21-48	4	16	1157	305	429	3123	88.2470792091	8792	2	80	96	97	74	91	92	213	68	68
DLR00012647-2009-07-01_22-21-48	4	17	1226	308	408	3308	88.2470792091	9185	0	80	97	97	74	91	92	245	68	68
DLR00012647-2009-07-01_22-21-48	4	18	1292	309	556	4471	88.2470792091	9815	3	80	97	97	74	91	93	321	68	68
DLR00012647-2009-07-01_22-21-48	4	19	1360	308	479	3934	88.2470792091	9164	1	80	97	98	73	90	93	317	68	68
DLR00012647-2009-07-01_22-21-48	4	20	1430	306	569	5143	88.2470792091	9926	2	80	97	99	73	90	93	412	68	68
DLR00012647-2009-07-01_22-21-48	4	21	1494	303	520	4776	88.2470792091	9663	0	80	96	98	72	89	93	476	68	68
DLR00012647-2009-07-01_22-21-48	4	22	1563	302	531	5084	88.2470792091	9550	0	79	94	97	71	87	91	490	68	68
DLR00012647-2009-07-01_22-21-48	4	23	1631	305	528	5224	88.2470792091	9541	0	76	90	93	68	83	87	528	68	68
DLR00012647-2009-07-01_22-21-48	4	24	1699	306	558	5472	88.2470792091	10192	1	74	88	89	67	81	84	411	68	68
DLR00012647-2009-07-01_22-21-48	5	1	132	382	251	2057	88.2470792091	7810	2	79	92	95	73	86	90	187	68	68
DLR00012647-2009-07-01_22-21-48	5	2	201	381	337	2983	88.2470792091	8274	1	81	95	97	74	88	92	298	68	68
DLR00012647-2009-07-01_22-21-48	5	3	268	379	263	2347	88.2470792091	8271	2	82	97	99	75	90	93	247	68	68
DLR00012647-2009-07-01_22-21-48	5	4	335	379	228	1901	88.2470792091	7852	2	82	97	99	75	91	94	188	68	68
DLR00012647-2009-07-01_22-21-48	5	5	409	380	213	1624	88.2470792091	6310	1	82	98	100	75	92	95	137	68	68
DLR00012647-2009-07-01_22-21-48	5	6	473	379	201	1469	88.2470792091	6355	2	81	98	100	75	92	95	124	68	68
DLR00012647-2009-07-01_22-21-48	5	7	544	376	264	2054	88.2470792091	6268	0	82	99	99	75	92	94	239	68	68
DLR00012647-2009-07-01_22-21-48	5	8	609	378	266	2062	88.2470792091	6127	1	82	99	99	75	92	93	226	68	68
DLR00012647-2009-07-01_22-21-48	5	9	679	379	210	1609	88.2470792091	6800	2	82	98	98	76	92	93	106	68	68
DLR00012647-2009-07-01_22-21-48	5	10	747	375	271	2128	88.2470792091	7920	5	81	97	97	75	92	92	162	68	68
DLR00012647-2009-07-01_22-21-48	5	11	815	375	202	1585	88.2470792091	8379	0	81	97	97	75	91	92	135	68	68
DLR00012647-2009-07-01_22-21-48	5	12	884	373	209	1715	88.2470792091	8514	0	81	97	98	74	91	92	134	68	68
DLR00012647-2009-07-01_22-21-48	5	13	950	370	321	2873	88.2470792091	8996	4	82	98	98	74	91	92	255	68	68
DLR00012647-2009-07-01_22-21-48	5	14	1017	379	274	2531	88.2470792091	8797	5	82	98	98	74	91	92	169	68	68
DLR00012647-2009-07-01_22-21-48	5	15	1088	380	257	2017	88.2470792091	8495	0	80	97	97	74	91	92	173	68	68
DLR00012647-2009-07-01_22-21-48	5	16	1157	379	294	2304	88.2470792091	8896	2	80	97	97	74	91	92	189	68	68
DLR00012647-2009-07-01_22-21-48	5	17	1228	380	295	2598	88.2470792091	8896	0	81	98	99	74	91	93	271	68	68
DLR00012647-2009-07-01_22-21-48	5	18	1290	382	298	2310	88.2470792091	8523	0	80	97	99	74	91	93	213	68	68
DLR00012647-2009-07-01_22-21-48	5	19	1366	378	344	3209	88.2470792091	8728	0	81	98	100	73	91	94	321	68	68
DLR00012647-2009-07-01_22-21-48	5	20	1429	375	397	3391	88.2470792091	9129	0	80	97	98	73	90	94	316	68	68
DLR00012647-2009-07-01_22-21-48	5	21	1501	374	287	2363	88.2470792091	7745	0	78	95	98	71	88	92	211	68	68
DLR00012647-2009-07-01_22-21-48	5	22	1567	378	311	2930	88.2470792091	8269	2	78	93	96	70	86	90	305	68	68
DLR00012647-2009-07-01_22-21-48	5	23	1634	376	281	2524	88.2470792091	7889	0	74	89	92	68	83	87	170	68	68
DLR00012647-2009-07-01_22-21-48	5	24	1701	377	377	3528	88.2470792091	9247	3	73	87	89	67	81	84	279	68	68
DLR00012647-2009-07-01_22-21-48	6	1	119	447	58	361	88.2470792091	8134	0	80	91	93	74	87	90	12	68	68
DLR00012647-2009-07-01_22-21-48	6	2	204	446	587	5480	88.2470792091	9791	0	81	96	98	74	88	92	479	68	68
DLR00012647-2009-07-01_22-21-48	6	3	268	451	450	3674	88.2470792091	8957	1	81	96	99	74	90	94	353	68	68
DLR00012647-2009-07-01_22-21-48	6	4	333	448	385	3313	88.2470792091	7972	4	83	98	100	75	92	95	295	68	68
DLR00012647-2009-07-01_22-21-48	6	5	405	450	334	2725	88.2470792091	7297	0	82	99	101	75	92	95	274	68	68
DLR00012647-2009-07-01_22-21-48	6	6	467	444	30	205	88.2470792091	5502	1	79	97	99	75	92	94	14	68	68
DLR00012647-2009-07-01_22-21-48	6	7	538	447	296	2366	88.2470792091	6970	0	82	99	99	75	92	94	209	68	68
DLR00012647-2009-07-01_22-21-48	6	8	611	446	331	2942	88.2470792091	8283	2	82	99	99	75	92	93	249	68	68
DLR00012647-2009-07-01_22-21-48	6	9	673	443	342	2524	88.2470792091	7633	2	81	97	97	75	92	93	166	68	68
DLR00012647-2009-07-01_22-21-48	6	10	746	447	311	2385	88.2470792091	8616	1	81	97	97	75	91	92	157	68	68
DLR00012647-2009-07-01_22-21-48	6	11	805	448	39	235	88.2470792091	7878	5	79	95	95	74	91	91	5	68	68
DLR00012647-2009-07-01_22-21-48	6	12	878	448	24	249	88.2470792091	6783	0	85	98	96	74	90	91	30	68	68
DLR00012647-2009-07-01_22-21-48	6	13	953	445	319	2475	88.2470792091	8509	2	80	96	97	74	90	92	204	68	68
DLR00012647-2009-07-01_22-21-48	6	14	1021	441	366	3097	88.2470792091	8885	1	81	97	97	74	90	92	243	68	68
DLR00012647-2009-07-01_22-21-48	6	15	1083	444	486	4004	88.2470792091	9379	3	81	97	97	74	90	92	336	68	68
DLR00012647-2009-07-01_22-21-48	6	16	1155	443	437	3430	88.2470792091	9351	1	80	97	97	74	91	92	256	68	68
DLR00012647-2009-07-01_22-21-48	6	17	1255	444	123	4389	88.2470792091	11205	3	111	123	121	74	91	93	140	68	68
DLR00012647-2009-07-01_22-21-48	6	18	1300	437	34	198	88.2470792091	7213	2	77	95	97	73	90	93	3	68	68
DLR00012647-2009-07-01_22-21-48	6	19	1363	441	10	77	88.2470792091	6380	0	79	96	97	72	90	93	9	68	68
DLR00012647-2009-07-01_22-21-48	6	20	1428	444	380	3440	88.2470792091	8815	2	80	96	99	72	89	93	314	68	68
DLR00012647-2009-07-01_22-21-48	6	21	1495	441	519	4408	88.2470792091	9326	1	78	95	98	71	88	92	338	68	68
DLR00012647-2009-07-01_22-21-48	6	22	1565	442	453	4312	88.2470792091	9048	0	77	93	96	70	86	91	390	68	68
DLR00012647-2009-07-01_22-21-48	6	23	1632	440	527	4932	88.2470792091	9699	0	75	90	93	68	84	88	383	68	68
DLR00012647-2009-07-01_22-21-48	6	24	1733	436	146	816	88.2470792091	8594	4	74	86	87	71	84	85	16	68	68
DLR00012647-2009-07-01_22-21-48	7	1	127	512	345	2958	88.2470792091	9082	0	80	94	96	74	88	91	305	68	68
DLR00012647-2009-07-01_22-21-48	7	2	204	522	327	2774	88.2470792091	8156	0	81	95	98	73	89	93	267	68	68
DLR00012647-2009-07-01_22-21-48	7	3	271	517	348	2939	88.2470792091	8704	0	81	97	99	74	90	94	302	68	68
DLR00012647-2009-07-01_22-21-48	7	4	338	514	316	2659	88.2470792091	7635	0	81	98	100	74	91	95	237	68	68
DLR00012647-2009-07-01_22-21-48	7	5	404	519	248	2112	88.2470792091	6870	1	82	99	101	75	92	95	226	68	68
DLR00012647-2009-07-01_22-21-48	7	6	472	514	258	2295	88.2470792091	7117	0	83	99	100	75	92	95	230	68	68
DLR00012647-2009-07-01_22-21-48	7	7	541	515	231	1786	88.2470792091	7492	0	81	97	98	74	92	94	132	68	68
DLR00012647-2009-07-01_22-21-48	7	8	611	515	288	2418	88.2470792091	8583	4	82	98	98	75	91	93	206	68	68
DLR00012647-2009-07-01_22-21-48	7	9	677	515	250	1930	88.2470792091	8499	0	81	97	97	74	91	92	162	68	68
DLR00012647-2009-07-01_22-21-48	7	10	744	515	253	1831	88.2470792091	8390	4	81	96	96	75	91	92	113	68	68
DLR00012647-2009-07-01_22-21-48	7	11	816	514	220	1714	88.2470792091	8289	1	81	96	96	74	90	91	114	68	68
DLR00012647-2009-07-01_22-21-48	7	12	883	512	225	1765	88.2470792091	7834	1	81	96	96	74	90	91	146	68	68
DLR00012647-2009-07-01_22-21-48	7	13	945	505	183	1562	88.2470792091	7258	3	81	97	96	74	90	91	137	68	68
DLR00012647-2009-07-01_22-21-48	7	14	1017	512	192	1551	88.2470792091	7625	2	80	96	96	74	90	91	144	68	68
DLR00012647-2009-07-01_22-21-48	7	15	1090	512	213	1693	88.2470792091	8339	1	81	96	97	74	90	91	137	68	68
DLR00012647-2009-07-01_22-21-48	7	16	1149	506	194	1580	88.2470792091	8496	0	80	97	97	74	91	92	104	68	68
DLR00012647-2009-07-01_22-21-48	7	17	1224	513	223	1805	88.2470792091	8743	0	80	96	97	73	90	92	153	68	68
DLR00012647-2009-07-01_22-21-48	7	18	1288	513	300	2593	88.2470792091	8173	0	79	96	97	72	89	92	235	68	68
DLR00012647-2009-07-01_22-21-48	7	19	1365	517	178	1385	88.2470792091	6870	0	78	95	97	71	89	92	104	68	68
DLR00012647-2009-07-01_22-21-48	7	20	1431	512	313	2445	88.2470792091	7565	2	77	95	97	71	89	92	168	68	68
DLR00012647-2009-07-01_22-21-48	7	21	1496	513	393	3512	88.2470792091	8586	4	78	95	98	70	88	92	311	68	68
DLR00012647-2009-07-01_22-21-48	7	22	1564	510	306	2835	88.2470792091	8441	0	76	93	96	69	86	90	275	68	68
DLR00012647-2009-07-01_22-21-48	7	23	1634	513	279	2723	88.2470792091	8235	0	75	90	93	67	83	87	251	68	68
DLR00012647-2009-07-01_22-21-48	7	24	1706	524	62	436	88.2470792091	7112	1	72	85	86	66	81	83	21	68	68
DLR00012647-2009-07-01_22-21-48	8	1	133	586	388	3013	88.2470792091	8838	4	79	94	96	73	88	92	226	68	68
DLR00012647-2009-07-01_22-21-48	8	2	199	584	468	4696	88.2470792091	9499	0	82	97	99	73	89	93	463	68	68
DLR00012647-2009-07-01_22-21-48	8	3	266	584	289	2416	88.2470792091	8225	3	81	97	100	74	90	94	258	68	68
DLR00012647-2009-07-01_22-21-48	8	4	335	589	419	4007	88.2470792091	9256	2	83	99	101	74	92	95	403	68	68
DLR00012647-2009-07-01_22-21-48	8	5	408	581	246	2119	88.2470792091	7290	1	82	99	100	75	92	95	201	68	68
DLR00012647-2009-07-01_22-21-48	8	6	475	584	422	3772	88.2470792091	8967	1	82	99	100	75	92	94	317	68	68
DLR00012647-2009-07-01_22-21-48	8	7	538	587	330	2649	88.2470792091	8600	1	81	97	98	74	91	93	197	68	68
DLR00012647-2009-07-01_22-21-48	8	8	609	583	428	3508	88.2470792091	8921	0	81	97	98	74	91	93	278	68	68
DLR00012647-2009-07-01_22-21-48	8	9	678	580	243	1846	88.2470792091	8487	0	81	96	97	74	91	92	121	68	68
DLR00012647-2009-07-01_22-21-48	8	10	748	583	357	2881	88.2470792091	8704	0	81	97	97	74	90	91	232	68	68
DLR00012647-2009-07-01_22-21-48	8	11	817	583	339	2703	88.2470792091	8495	1	81	96	96	74	90	91	230	68	68
DLR00012647-2009-07-01_22-21-48	8	12	884	583	426	3602	88.2470792091	8582	2	81	96	97	74	90	91	290	68	68
DLR00012647-2009-07-01_22-21-48	8	13	950	585	266	2159	88.2470792091	7582	0	81	96	96	74	90	90	216	68	68
DLR00012647-2009-07-01_22-21-48	8	14	1018	581	349	2967	88.2470792091	8739	0	81	96	96	74	90	90	205	68	68
DLR00012647-2009-07-01_22-21-48	8	15	1089	583	318	2550	88.2470792091	8737	0	80	96	96	74	90	91	176	68	68
DLR00012647-2009-07-01_22-21-48	8	16	1155	580	349	2624	88.2470792091	8255	0	79	95	96	73	89	91	161	68	68
DLR00012647-2009-07-01_22-21-48	8	17	1224	583	440	3425	88.2470792091	9071	5	79	95	96	73	89	91	230	68	68
DLR00012647-2009-07-01_22-21-48	8	18	1286	572	392	3418	88.2470792091	8676	0	79	96	97	72	89	91	274	68	68
DLR00012647-2009-07-01_22-21-48	8	19	1361	585	383	3127	88.2470792091	8684	7	78	95	97	71	89	92	223	68	68
DLR00012647-2009-07-01_22-21-48	8	20	1430	577	432	3529	88.2470792091	8682	2	78	95	97	71	89	92	283	68	68
DLR00012647-2009-07-01_22-21-48	8	21	1495	578	492	4597	88.2470792091	9353	1	78	95	98	70	88	92	445	68	68
DLR00012647-2009-07-01_22-21-48	8	22	1562	579	483	4848	88.2470792091	9719	1	77	93	96	69	86	90	414	68	68
DLR00012647-2009-07-01_22-21-48	8	23	1634	580	456	4540	88.2470792091	9603	0	75	90	92	67	83	87	385	68	68
DLR00012647-2009-07-01_22-21-48	8	24	1726	578	146	968	88.2470792091	8197	4	72	85	85	68	82	83	33	68	68
DLR00012647-2009-07-01_22-21-48	9	1	137	653	228	1824	88.2470792091	7752	0	79	94	97	72	88	92	188	68	68
DLR00012647-2009-07-01_22-21-48	9	2	203	651	368	3207	88.2470792091	8417	2	80	96	98	73	89	92	311	68	68
DLR00012647-2009-07-01_22-21-48	9	3	270	650	314	2808	88.2470792091	8221	2	81	97	99	73	90	94	300	68	68
DLR00012647-2009-07-01_22-21-48	9	4	340	651	340	2903	88.2470792091	8593	1	81	98	100	74	91	94	262	68	68
DLR00012647-2009-07-01_22-21-48	9	5	406	652	296	2398	88.2470792091	7492	4	81	98	100	74	92	94	236	68	68
DLR00012647-2009-07-01_22-21-48	9	6	475	649	212	1665	88.2470792091	8476	0	80	97	99	74	92	94	120	68	68
DLR00012647-2009-07-01_22-21-48	9	7	542	652	306	2555	88.2470792091	8753	0	81	98	99	74	91	93	237	68	68
DLR00012647-2009-07-01_22-21-48	9	8	614	646	238	1778	88.2470792091	8642	1	80	96	97	74	91	92	102	68	68
DLR00012647-2009-07-01_22-21-48	9	9	689	653	385	3128	88.2470792091	9114	2	81	97	97	75	91	92	195	68	68
DLR00012647-2009-07-01_22-21-48	9	10	756	655	722	6416	88.2470792091	11568	5	83	98	97	76	92	92	251	68	68
DLR00012647-2009-07-01_22-21-48	9	11	839	668	1240	12139	88.2470792091	16216	8	85	99	98	78	93	93	265	68	68
DLR00012647-2009-07-01_22-21-48	9	12	909	654	986	10303	88.2470792091	14774	0	84	98	97	76	92	92	199	68	68
DLR00012647-2009-07-01_22-21-48	9	13	934	656	830	8311	88.2470792091	13302	5	83	98	96	75	91	91	177	68	68
DLR00012647-2009-07-01_22-21-48	9	14	1012	671	563	5144	88.2470792091	10587	0	82	97	96	76	91	91	84	68	68
DLR00012647-2009-07-01_22-21-48	9	15	1084	646	905	10550	88.2470792091	15610	6	84	99	97	76	91	92	158	68	68
DLR00012647-2009-07-01_22-21-48	9	16	1159	648	560	6669	88.2470792091	12575	0	85	99	98	76	92	92	170	68	68
DLR00012647-2009-07-01_22-21-48	9	17	1223	651	757	7463	88.2470792091	12620	0	82	97	97	74	90	92	272	68	68
DLR00012647-2009-07-01_22-21-48	9	18	1285	642	1112	10426	88.2470792091	14949	6	82	97	97	74	91	92	259	68	68
DLR00012647-2009-07-01_22-21-48	9	19	1342	642	581	4909	88.2470792091	10894	2	80	96	96	73	90	92	193	68	68
DLR00012647-2009-07-01_22-21-48	9	20	1431	643	233	1844	88.2470792091	7398	0	77	94	96	70	88	91	124	68	68
DLR00012647-2009-07-01_22-21-48	9	21	1498	647	395	3540	88.2470792091	8833	0	77	94	97	69	87	91	301	68	68
DLR00012647-2009-07-01_22-21-48	9	22	1568	648	418	3796	88.2470792091	8908	1	75	92	94	68	85	89	286	68	68
DLR00012647-2009-07-01_22-21-48	9	23	1639	648	474	4271	88.2470792091	9219	0	73	88	91	66	82	86	332	68	68
DLR00012647-2009-07-01_22-21-48	9	24	1708	642	363	3015	88.2470792091	9258	0	72	86	87	66	80	83	219	68	68
DLR00012647-2009-07-01_22-21-48	10	1	142	713	273	2195	88.2470792091	8062	0	79	94	96	72	88	91	183	68	68
DLR00012647-2009-07-01_22-21-48	10	2	199	719	456	4392	88.2470792091	9322	2	81	96	98	73	89	92	458	68	68
DLR00012647-2009-07-01_22-21-48	10	3	269	720	371	3293	88.2470792091	8703	0	81	97	99	73	90	93	357	68	68
DLR00012647-2009-07-01_22-21-48	10	4	337	724	501	4523	88.2470792091	9677	2	82	98	100	74	91	94	429	68	68
DLR00012647-2009-07-01_22-21-48	10	5	405	721	382	3627	88.2470792091	9223	1	83	99	100	75	92	94	375	68	68
DLR00012647-2009-07-01_22-21-48	10	6	474	722	394	3310	88.2470792091	9360	1	81	98	99	74	91	94	296	68	68
DLR00012647-2009-07-01_22-21-48	10	7	537	717	277	1974	88.2470792091	8535	3	79	96	98	74	91	93	132	68	68
DLR00012647-2009-07-01_22-21-48	10	8	612	719	411	3352	88.2470792091	8908	0	80	97	97	73	90	92	261	68	68
DLR00012647-2009-07-01_22-21-48	10	9	680	721	295	2435	88.2470792091	8608	1	80	96	97	74	90	91	214	68	68
DLR00012647-2009-07-01_22-21-48	10	10	747	716	537	4514	88.2470792091	10109	3	81	97	97	75	91	92	301	68	68
DLR00012647-2009-07-01_22-21-48	10	11	819	734	458	3942	88.2470792091	9917	7	81	97	96	74	90	91	293	68	68
DLR00012647-2009-07-01_22-21-48	10	12	884	727	377	2890	88.2470792091	8672	1	80	95	95	73	89	90	187	68	68
DLR00012647-2009-07-01_22-21-48	10	13	955	727	351	2769	88.2470792091	8344	1	79	95	95	73	89	90	194	68	68
DLR00012647-2009-07-01_22-21-48	10	14	1021	715	113	704	88.2470792091	7483	0	78	93	93	73	89	89	17	68	68
DLR00012647-2009-07-01_22-21-48	10	15	1087	715	24	169	88.2470792091	6761	0	78	94	93	72	88	89	12	68	68
DLR00012647-2009-07-01_22-21-48	10	16	1159	718	295	2504	88.2470792091	8564	1	78	94	95	72	88	90	174	68	68
DLR00012647-2009-07-01_22-21-48	10	17	1225	714	451	3520	88.2470792091	8980	0	77	93	95	71	88	90	251	68	68
DLR00012647-2009-07-01_22-21-48	10	18	1294	716	358	2983	88.2470792091	8452	4	78	94	96	71	88	90	248	68	68
DLR00012647-2009-07-01_22-21-48	10	19	1361	714	575	5168	88.2470792091	10265	5	78	95	97	71	88	91	411	68	68
DLR00012647-2009-07-01_22-21-48	10	20	1421	729	18	139	88.2470792091	6418	4	76	93	96	69	87	91	12	68	68
DLR00012647-2009-07-01_22-21-48	10	21	1500	717	517	4881	88.2470792091	9445	0	77	94	96	69	87	90	438	68	68
DLR00012647-2009-07-01_22-21-48	10	22	1564	717	616	5973	88.2470792091	10755	5	77	92	95	69	86	89	378	68	68
DLR00012647-2009-07-01_22-21-48	10	23	1631	716	612	6156	88.2470792091	10835	0	74	89	92	67	83	86	470	68	68
DLR00012647-2009-07-01_22-21-48	10	24	1697	725	503	4775	88.2470792091	10203	1	72	86	88	65	80	82	333	68	68
DLR00012647-2009-07-01_22-21-48	11	1	107	789	191	1077	88.2470792091	8578	2	83	95	95	78	90	92	33	68	68
DLR00012647-2009-07-01_22-21-48	11	2	204	789	299	2683	88.2470792091	8219	0	80	95	97	73	88	92	283	68	68
DLR00012647-2009-07-01_22-21-48	11	3	269	791	485	4651	88.2470792091	9801	0	82	97	99	73	90	93	484	68	68
DLR00012647-2009-07-01_22-21-48	11	4	335	790	320	2795	88.2470792091	8833	4	82	97	100	74	91	94	302	68	68
DLR00012647-2009-07-01_22-21-48	11	5	408	790	354	3028	88.2470792091	8892	4	82	98	99	74	91	94	260	68	68
DLR00012647-2009-07-01_22-21-48	11	6	476	780	28	199	88.2470792091	7608	1	80	96	97	74	91	94	18	68	68
DLR00012647-2009-07-01_22-21-48	11	7	541	785	43	253	88.2470792091	6963	0	78	94	96	73	90	93	2	68	68
DLR00012647-2009-07-01_22-21-48	11	8	590	785	21	121	88.2470792091	6426	2	78	94	95	73	90	92	1	68	68
DLR00012647-2009-07-01_22-21-48	11	9	678	785	5	39	88.2470792091	6579	0	80	95	96	72	89	91	4	68	68
DLR00012647-2009-07-01_22-21-48	11	10	746	787	348	3022	88.2470792091	8659	2	80	96	96	73	89	90	290	68	68
DLR00012647-2009-07-01_22-21-48	11	11	818	784	237	1989	88.2470792091	8290	2	80	95	95	73	89	90	174	68	68
DLR00012647-2009-07-01_22-21-48	11	12	884	787	246	2115	88.2470792091	8294	0	80	95	95	72	89	90	178	68	68
DLR00012647-2009-07-01_22-21-48	11	13	956	788	234	1940	88.2470792091	7814	4	79	95	95	72	88	89	150	68	68
DLR00012647-2009-07-01_22-21-48	11	14	1018	781	19	134	88.2470792091	6639	3	77	93	93	71	88	89	6	68	68
DLR00012647-2009-07-01_22-21-48	11	15	1088	773	16	112	88.2470792091	7015	1	77	92	93	71	88	89	8	68	68
DLR00012647-2009-07-01_22-21-48	11	16	1158	785	240	1825	88.2470792091	7607	2	77	93	94	71	87	89	149	68	68
DLR00012647-2009-07-01_22-21-48	11	17	1226	791	229	1865	88.2470792091	7717	4	77	93	94	70	87	89	146	68	68
DLR00012647-2009-07-01_22-21-48	11	18	1296	783	456	3623	88.2470792091	9113	0	77	93	95	71	88	90	218	68	68
DLR00012647-2009-07-01_22-21-48	11	19	1357	793	56	416	88.2470792091	6363	4	76	92	94	70	87	90	11	68	68
DLR00012647-2009-07-01_22-21-48	11	20	1422	781	54	593	88.2470792091	7030	0	80	95	96	69	87	90	45	68	68
DLR00012647-2009-07-01_22-21-48	11	21	1503	785	7	39	88.2470792091	6231	0	72	89	92	68	85	89	0	68	68
DLR00012647-2009-07-01_22-21-48	11	22	1569	780	526	5162	88.2470792091	10998	2	77	92	94	70	86	89	229	68	68
DLR00012647-2009-07-01_22-21-48	11	23	1642	780	385	3752	88.2470792091	9021	0	73	88	90	66	81	84	326	68	68
DLR00012647-2009-07-01_22-21-48	11	24	1701	781	301	2561	88.2470792091	9222	3	70	84	86	65	79	81	118	68	68
DLR00012647-2009-07-01_22-21-48	12	1	147	835	42	406	88.2470792091	6367	0	79	94	96	71	86	90	42	68	68
DLR00012647-2009-07-01_22-21-48	12	2	202	858	544	5234	88.2470792091	9675	2	80	95	97	72	87	91	521	68	68
DLR00012647-2009-07-01_22-21-48	12	3	267	857	330	2823	88.2470792091	8336	0	80	95	98	73	89	92	315	68	68
DLR00012647-2009-07-01_22-21-48	12	4	340	857	520	4752	88.2470792091	9567	4	82	97	99	74	90	94	470	68	68
DLR00012647-2009-07-01_22-21-48	12	5	406	858	388	3214	88.2470792091	8909	0	81	97	99	74	91	94	333	68	68
DLR00012647-2009-07-01_22-21-48	12	6	475	858	439	3558	88.2470792091	8841	0	81	97	99	74	91	93	330	68	68
DLR00012647-2009-07-01_22-21-48	12	7	540	856	294	2488	88.2470792091	8459	0	80	97	98	73	90	92	246	68	68
DLR00012647-2009-07-01_22-21-48	12	8	613	859	407	3235	88.2470792091	9021	2	79	95	96	73	90	92	249	68	68
DLR00012647-2009-07-01_22-21-48	12	9	678	859	335	2718	88.2470792091	8431	0	79	95	96	72	89	91	230	68	68
DLR00012647-2009-07-01_22-21-48	12	10	746	859	394	3692	88.2470792091	9319	0	80	96	96	73	89	90	320	68	68
DLR00012647-2009-07-01_22-21-48	12	11	814	855	330	2968	88.2470792091	8538	0	80	95	96	72	88	90	295	68	68
DLR00012647-2009-07-01_22-21-48	12	12	882	854	346	3045	88.2470792091	8899	0	79	94	95	72	88	89	244	68	68
DLR00012647-2009-07-01_22-21-48	12	13	951	855	367	2954	88.2470792091	8612	1	77	93	94	71	87	88	194	68	68
DLR00012647-2009-07-01_22-21-48	12	14	1022	855	310	2626	88.2470792091	8513	0	78	93	93	71	87	88	182	68	68
DLR00012647-2009-07-01_22-21-48	12	15	1089	856	368	3105	88.2470792091	8739	0	77	93	94	71	87	89	220	68	68
DLR00012647-2009-07-01_22-21-48	12	16	1153	857	362	3083	88.2470792091	8513	1	77	93	94	71	87	88	240	68	68
DLR00012647-2009-07-01_22-21-48	12	17	1222	854	407	3340	88.2470792091	8546	1	77	92	94	70	86	89	248	68	68
DLR00012647-2009-07-01_22-21-48	12	18	1286	850	535	4690	88.2470792091	9910	1	78	93	95	70	87	90	338	68	68
DLR00012647-2009-07-01_22-21-48	12	19	1365	854	624	5348	88.2470792091	10566	6	77	93	95	70	87	90	284	68	68
DLR00012647-2009-07-01_22-21-48	12	20	1437	860	457	4359	88.2470792091	9781	0	77	93	95	70	86	90	310	68	68
DLR00012647-2009-07-01_22-21-48	12	21	1499	855	424	3636	88.2470792091	8901	0	76	91	94	69	85	89	289	68	68
DLR00012647-2009-07-01_22-21-48	12	22	1570	859	631	6219	88.2470792091	11214	0	77	91	93	69	84	88	403	68	68
DLR00012647-2009-07-01_22-21-48	12	23	1627	851	777	7438	88.2470792091	12050	4	74	88	90	67	82	85	450	68	68
DLR00012647-2009-07-01_22-21-48	12	24	1700	850	546	5195	88.2470792091	11120	4	71	84	86	65	78	81	357	68	68
DLR00012647-2009-07-01_22-21-48	13	1	142	919	380	3511	88.2470792091	9231	0	79	93	95	72	86	90	328	68	68
DLR00012647-2009-07-01_22-21-48	13	2	202	927	533	5178	88.2470792091	9786	1	80	94	96	72	87	90	489	68	68
DLR00012647-2009-07-01_22-21-48	13	3	273	926	434	4242	88.2470792091	9122	1	81	96	98	73	88	92	468	68	68
DLR00012647-2009-07-01_22-21-48	13	4	340	928	434	3543	88.2470792091	8898	0	80	96	98	73	90	93	306	68	68
DLR00012647-2009-07-01_22-21-48	13	5	409	924	363	3107	88.2470792091	8934	0	81	97	99	74	90	93	350	68	68
DLR00012647-2009-07-01_22-21-48	13	6	475	928	377	3166	88.2470792091	8733	3	80	97	98	73	90	93	292	68	68
DLR00012647-2009-07-01_22-21-48	13	7	542	929	331	2766	88.2470792091	8318	0	80	96	97	73	89	92	235	68	68
DLR00012647-2009-07-01_22-21-48	13	8	614	925	352	3113	88.2470792091	8595	0	80	96	97	72	89	91	304	68	68
DLR00012647-2009-07-01_22-21-48	13	9	681	925	269	2425	88.2470792091	8295	1	79	96	96	72	89	91	216	68	68
DLR00012647-2009-07-01_22-21-48	13	10	745	926	338	2755	88.2470792091	8532	0	79	95	95	72	88	90	252	68	68
DLR00012647-2009-07-01_22-21-48	13	11	816	925	290	2403	88.2470792091	8357	1	78	94	95	72	88	89	194	68	68
DLR00012647-2009-07-01_22-21-48	13	12	886	921	222	1937	88.2470792091	8330	0	78	93	94	71	87	88	151	68	68
DLR00012647-2009-07-01_22-21-48	13	13	954	924	235	2067	88.2470792091	8013	0	78	93	94	71	87	88	158	68	68
DLR00012647-2009-07-01_22-21-48	13	14	1018	922	246	2100	88.2470792091	8091	2	77	93	93	70	86	87	180	68	68
DLR00012647-2009-07-01_22-21-48	13	15	1091	923	230	1886	88.2470792091	7492	0	76	92	92	70	86	87	145	68	68
DLR00012647-2009-07-01_22-21-48	13	16	1160	917	297	2395	88.2470792091	8095	0	76	91	92	69	85	87	141	68	68
DLR00012647-2009-07-01_22-21-48	13	17	1226	923	446	3870	88.2470792091	9151	2	76	91	92	69	85	87	279	68	68
DLR00012647-2009-07-01_22-21-48	13	18	1288	925	352	3068	88.2470792091	8686	1	76	92	94	69	86	88	244	68	68
DLR00012647-2009-07-01_22-21-48	13	19	1371	940	332	3036	88.2470792091	8736	4	77	93	95	70	86	89	238	68	68
DLR00012647-2009-07-01_22-21-48	13	20	1430	923	397	3529	88.2470792091	8611	4	76	92	94	69	85	88	317	68	68
DLR00012647-2009-07-01_22-21-48	13	21	1501	922	302	2829	88.2470792091	8648	0	76	91	93	68	84	88	225	68	68
DLR00012647-2009-07-01_22-21-48	13	22	1570	919	314	2835	88.2470792091	8369	0	73	88	91	67	82	86	194	68	68
DLR00012647-2009-07-01_22-21-48	13	23	1631	919	402	3845	88.2470792091	9856	1	72	86	88	65	80	83	301	68	68
DLR00012647-2009-07-01_22-21-48	13	24	1710	920	421	3427	88.2470792091	10754	3	70	82	84	64	77	80	189	68	68
DLR00012647-2009-07-01_22-21-48	14	1	142	993	281	2396	88.2470792091	8012	0	78	91	94	71	85	89	220	68	68
DLR00012647-2009-07-01_22-21-48	14	2	203	993	457	4724	88.2470792091	9351	2	80	94	96	71	86	90	518	68	68
DLR00012647-2009-07-01_22-21-48	14	3	272	991	280	2563	88.2470792091	8204	3	80	94	97	72	87	91	251	68	68
DLR00012647-2009-07-01_22-21-48	14	4	339	995	459	4408	88.2470792091	8981	0	82	97	99	73	89	93	450	68	68
DLR00012647-2009-07-01_22-21-48	14	5	403	994	302	2602	88.2470792091	7963	0	81	96	99	73	90	93	275	68	68
DLR00012647-2009-07-01_22-21-48	14	6	474	992	502	4774	88.2470792091	9661	0	82	97	98	73	90	92	514	68	68
DLR00012647-2009-07-01_22-21-48	14	7	540	991	268	2164	88.2470792091	7877	0	79	96	97	72	89	92	198	68	68
DLR00012647-2009-07-01_22-21-48	14	8	609	993	445	4367	88.2470792091	9261	1	81	97	97	72	89	91	406	68	68
DLR00012647-2009-07-01_22-21-48	14	9	679	994	420	3671	88.2470792091	8739	1	79	95	96	72	88	90	351	68	68
DLR00012647-2009-07-01_22-21-48	14	10	747	994	323	2774	88.2470792091	8323	0	78	94	95	71	88	89	206	68	68
DLR00012647-2009-07-01_22-21-48	14	11	816	988	393	3679	88.2470792091	8765	1	79	94	95	71	87	89	316	68	68
DLR00012647-2009-07-01_22-21-48	14	12	885	990	328	2881	88.2470792091	8765	0	78	93	94	71	87	88	227	68	68
DLR00012647-2009-07-01_22-21-48	14	13	951	990	382	3249	88.2470792091	9122	0	77	92	93	70	86	88	267	68	68
DLR00012647-2009-07-01_22-21-48	14	14	1021	991	411	3681	88.2470792091	9197	0	77	93	93	70	86	88	298	68	68
DLR00012647-2009-07-01_22-21-48	14	15	1091	993	448	4746	88.2470792091	9898	1	78	93	94	70	86	87	362	68	68
DLR00012647-2009-07-01_22-21-48	14	16	1160	993	329	3192	88.2470792091	8517	3	77	92	93	69	85	87	283	68	68
DLR00012647-2009-07-01_22-21-48	14	17	1226	991	454	3922	88.2470792091	9193	3	75	91	92	69	85	87	351	68	68
DLR00012647-2009-07-01_22-21-48	14	18	1292	990	509	4937	88.2470792091	9631	0	77	92	93	69	85	88	428	68	68
DLR00012647-2009-07-01_22-21-48	14	19	1361	987	396	3742	88.2470792091	9142	5	77	93	94	69	86	89	363	68	68
DLR00012647-2009-07-01_22-21-48	14	20	1431	989	335	3112	88.2470792091	8825	3	76	92	93	69	85	88	287	68	68
DLR00012647-2009-07-01_22-21-48	14	21	1496	990	423	4101	88.2470792091	9222	0	76	91	93	69	84	88	334	68	68
DLR00012647-2009-07-01_22-21-48	14	22	1569	989	569	6085	88.2470792091	10324	0	75	89	92	67	82	86	486	68	68
DLR00012647-2009-07-01_22-21-48	14	23	1635	988	581	5646	88.2470792091	10370	3	72	85	88	65	79	83	370	68	68
DLR00012647-2009-07-01_22-21-48	14	24	1725	997	87	693	88.2470792091	9079	3	73	84	84	67	78	81	33	68	68
DLR00012647-2009-07-01_22-21-48	15	1	137	1064	562	5244	88.2470792091	9930	3	79	91	95	71	85	89	448	68	68
DLR00012647-2009-07-01_22-21-48	15	2	205	1064	550	5904	88.2470792091	9928	1	80	94	97	71	85	90	607	68	68
DLR00012647-2009-07-01_22-21-48	15	3	272	1061	479	4277	88.2470792091	8717	4	79	94	97	71	87	92	405	68	68
DLR00012647-2009-07-01_22-21-48	15	4	341	1062	345	2898	88.2470792091	8290	0	80	95	99	73	89	93	270	68	68
DLR00012647-2009-07-01_22-21-48	15	5	408	1063	311	2753	88.2470792091	7938	0	80	96	99	72	89	93	307	68	68
DLR00012647-2009-07-01_22-21-48	15	6	477	1063	378	3102	88.2470792091	8113	5	79	95	97	72	88	92	294	68	68
DLR00012647-2009-07-01_22-21-48	15	7	542	1061	270	2356	88.2470792091	7645	0	79	95	98	72	89	92	261	68	68
DLR00012647-2009-07-01_22-21-48	15	8	612	1059	303	2599	88.2470792091	8171	0	78	94	97	71	88	92	229	68	68
DLR00012647-2009-07-01_22-21-48	15	9	682	1059	349	2860	88.2470792091	8128	0	77	93	95	71	87	90	233	68	68
DLR00012647-2009-07-01_22-21-48	15	10	749	1062	404	3315	88.2470792091	8571	1	77	92	94	70	86	89	257	68	68
DLR00012647-2009-07-01_22-21-48	15	11	822	1062	216	1709	88.2470792091	7414	1	76	91	93	69	86	88	111	68	68
DLR00012647-2009-07-01_22-21-48	15	12	887	1062	240	2005	88.2470792091	7951	0	76	92	93	70	86	88	144	68	68
DLR00012647-2009-07-01_22-21-48	15	13	955	1061	219	1749	88.2470792091	8017	3	75	91	92	69	85	88	143	68	68
DLR00012647-2009-07-01_22-21-48	15	14	1022	1059	251	2256	88.2470792091	7890	4	76	91	93	69	85	88	171	68	68
DLR00012647-2009-07-01_22-21-48	15	15	1091	1061	238	2033	88.2470792091	8045	0	75	91	92	69	85	87	118	68	68
DLR00012647-2009-07-01_22-21-48	15	16	1158	1059	273	2337	88.2470792091	8073	0	75	91	93	69	84	88	162	68	68
DLR00012647-2009-07-01_22-21-48	15	17	1225	1059	282	2401	88.2470792091	7645	0	75	91	94	68	85	88	206	68	68
DLR00012647-2009-07-01_22-21-48	15	18	1299	1056	318	2713	88.2470792091	8147	0	76	91	93	69	85	88	210	68	68
DLR00012647-2009-07-01_22-21-48	15	19	1363	1058	316	2911	88.2470792091	8448	1	76	91	93	69	84	88	224	68	68
DLR00012647-2009-07-01_22-21-48	15	20	1430	1057	216	1753	88.2470792091	7881	1	75	90	93	69	84	88	102	68	68
DLR00012647-2009-07-01_22-21-48	15	21	1499	1058	261	2284	88.2470792091	7689	0	75	90	93	68	84	88	157	68	68
DLR00012647-2009-07-01_22-21-48	15	22	1569	1055	313	2889	88.2470792091	8117	0	74	88	91	67	81	86	233	68	68
DLR00012647-2009-07-01_22-21-48	15	23	1635	1056	320	3025	88.2470792091	8807	1	72	85	89	65	79	83	266	68	68
DLR00012647-2009-07-01_22-21-48	15	24	1710	1060	414	3284	88.2470792091	9644	0	70	82	85	66	78	81	159	68	68
DLR00012647-2009-07-01_22-21-48	16	1	130	1128	910	10496	88.2470792091	15636	11	95	103	103	80	91	93	336	68	68
DLR00012647-2009-07-01_22-21-48	16	2	202	1125	1095	12459	88.2470792091	16847	13	95	104	104	78	91	94	514	68	68
DLR00012647-2009-07-01_22-21-48	16	3	267	1125	200	2558	88.2470792091	8684	2	102	111	111	81	94	97	190	68	68
DLR00012647-2009-07-01_22-21-48	16	4	335	1097	166	1402	88.2470792091	7997	5	80	95	99	74	89	94	144	68	68
DLR00012647-2009-07-01_22-21-48	16	5	403	1086	238	2055	88.2470792091	7801	4	80	95	99	73	89	94	227	68	68
DLR00012647-2009-07-01_22-21-48	16	6	451	1130	1099	9376	88.2470792091	13049	18	93	104	104	83	97	99	289	68	68
DLR00012647-2009-07-01_22-21-48	16	7	538	1099	287	2423	88.2470792091	7865	10	82	97	99	74	90	93	266	68	68
DLR00012647-2009-07-01_22-21-48	16	8	606	1099	275	2553	88.2470792091	8411	16	83	98	100	73	90	93	278	68	68
DLR00012647-2009-07-01_22-21-48	16	9	684	1127	1308	10226	88.2470792091	14972	16	90	102	102	79	94	96	364	68	68
DLR00012647-2009-07-01_22-21-48	16	10	749	1078	373	3034	88.2470792091	8396	10	77	92	94	70	86	89	230	68	68
DLR00012647-2009-07-01_22-21-48	16	11	806	1114	31	203	88.2470792091	6948	0	78	93	95	73	89	91	26	68	68
DLR00012647-2009-07-01_22-21-48	16	12	908	1112	31	237	88.2470792091	7896	0	77	93	94	74	89	92	21	68	68
DLR00012647-2009-07-01_22-21-48	16	13	947	1116	26	168	88.2470792091	7726	1	79	94	95	74	90	92	23	68	68
DLR00012647-2009-07-01_22-21-48	16	14	1031	1101	303	2534	88.2470792091	8482	7	79	94	96	70	86	89	234	68	68
DLR00012647-2009-07-01_22-21-48	16	15	1084	1100	289	2283	88.2470792091	8405	4	78	93	94	70	86	89	218	68	68
DLR00012647-2009-07-01_22-21-48	16	16	1152	1102	308	2327	88.2470792091	8141	8	78	94	96	70	86	90	222	68	68
DLR00012647-2009-07-01_22-21-48	16	17	1222	1104	335	2544	88.2470792091	8241	8	79	94	96	71	87	90	240	68	68
DLR00012647-2009-07-01_22-21-48	16	18	1296	1119	107	1759	88.2470792091	8736	2	100	110	109	75	90	92	141	68	68
DLR00012647-2009-07-01_22-21-48	16	19	1364	1114	39	303	88.2470792091	7244	0	79	93	96	73	88	91	33	68	68
DLR00012647-2009-07-01_22-21-48	16	20	1430	1079	175	1451	88.2470792091	7513	4	75	90	93	69	84	89	92	68	68
DLR00012647-2009-07-01_22-21-48	16	21	1495	1115	14	74	88.2470792091	7100	0	84	96	98	74	88	92	67	68	68
DLR00012647-2009-07-01_22-21-48	16	22	1558	1099	301	2731	88.2470792091	8351	11	78	91	94	70	84	88	288	68	68
DLR00012647-2009-07-01_22-21-48	16	23	1629	1099	398	3991	88.2470792091	9345	16	78	90	93	69	82	86	378	68	68
DLR00012647-2009-07-01_22-21-48	16	24	1707	1105	278	2008	88.2470792091	9000	10	77	88	90	70	82	85	128	68	68
