DLR00012709-2009-06-30_14-36-26	1	1	154	132	12	112	95.2339536497	7097	0	88	99	97	79	92	91	343	68	68
DLR00012709-2009-06-30_14-36-26	1	2	196	111	105	795	95.2339536497	9857	0	90	102	99	81	95	94	427	68	68
DLR00012709-2009-06-30_14-36-26	1	3	263	110	214	1674	95.2339536497	9259	0	94	106	103	84	98	98	428	68	68
DLR00012709-2009-06-30_14-36-26	1	4	346	104	137	1001	95.2339536497	8877	0	95	108	106	88	103	102	657	68	68
DLR00012709-2009-06-30_14-36-26	1	5	406	104	45	373	95.2339536497	8643	0	94	108	105	88	104	102	650	68	68
DLR00012709-2009-06-30_14-36-26	1	6	472	107	12	87	95.2339536497	8111	0	92	107	106	87	103	102	464	68	68
DLR00012709-2009-06-30_14-36-26	1	7	534	111	110	792	95.2339536497	8002	0	93	108	106	85	103	102	329	68	68
DLR00012709-2009-06-30_14-36-26	1	8	591	138	17	153	95.2339536497	5391	0	91	108	105	82	100	99	248	68	68
DLR00012709-2009-06-30_14-36-26	1	9	694	113	229	1748	95.2339536497	9444	4	94	109	106	84	102	101	396	68	68
DLR00012709-2009-06-30_14-36-26	1	10	747	111	91	714	95.2339536497	8888	0	92	108	105	85	103	101	464	68	68
DLR00012709-2009-06-30_14-36-26	1	11	836	128	6	58	95.2339536497	7298	0	91	109	107	82	100	99	300	68	68
DLR00012709-2009-06-30_14-36-26	1	12	885	128	2	20	95.2339536497	6338	0	90	107	105	82	100	99	248	68	68
DLR00012709-2009-06-30_14-36-26	1	13	938	148	6	48	95.2339536497	6011	2	88	106	105	80	99	97	246	68	68
DLR00012709-2009-06-30_14-36-26	1	14	1039	128	6	48	95.2339536497	6567	0	89	106	105	81	99	98	248	68	68
DLR00012709-2009-06-30_14-36-26	1	15	1110	131	5	48	95.2339536497	6259	0	91	108	102	81	99	98	225	68	68
DLR00012709-2009-06-30_14-36-26	1	16	1165	123	27	199	95.2339536497	6834	0	91	107	104	82	100	99	283	68	68
DLR00012709-2009-06-30_14-36-26	1	17	1248	128	6	62	95.2339536497	6587	0	92	108	107	81	99	98	309	68	68
DLR00012709-2009-06-30_14-36-26	1	18	1308	120	6	56	95.2339536497	6889	0	92	108	106	82	100	99	258	68	68
DLR00012709-2009-06-30_14-36-26	1	19	1368	148	5	55	95.2339536497	7262	0	88	106	104	78	97	96	208	68	68
DLR00012709-2009-06-30_14-36-26	1	20	1433	122	29	217	95.2339536497	8002	0	91	105	102	81	98	97	298	68	68
DLR00012709-2009-06-30_14-36-26	1	21	1514	120	13	101	95.2339536497	7996	0	87	101	99	79	95	94	256	68	68
DLR00012709-2009-06-30_14-36-26	1	22	1571	121	10	80	95.2339536497	7959	0	84	98	97	77	92	91	284	68	68
DLR00012709-2009-06-30_14-36-26	1	23	1644	119	4	31	95.2339536497	7635	0	84	97	94	77	90	89	260	68	68
DLR00012709-2009-06-30_14-36-26	1	24	1683	131	42	354	95.2339536497	8344	6	88	98	92	76	89	88	332	68	68
DLR00012709-2009-06-30_14-36-26	2	1	129	175	2	16	95.2339536497	6986	0	86	97	95	78	91	90	178	68	68
DLR00012709-2009-06-30_14-36-26	2	2	187	158	10	113	95.2339536497	7406	0	87	101	100	78	93	92	254	68	68
DLR00012709-2009-06-30_14-36-26	2	3	289	194	3	25	95.2339536497	6991	0	88	102	102	80	97	96	161	68	68
DLR00012709-2009-06-30_14-36-26	2	4	346	173	6	48	95.2339536497	5315	0	87	105	104	81	98	98	196	68	68
DLR00012709-2009-06-30_14-36-26	2	5	413	193	7	57	95.2339536497	5620	0	88	105	103	81	99	98	240	68	68
DLR00012709-2009-06-30_14-36-26	2	6	452	177	4	31	95.2339536497	5559	1	87	106	104	81	99	98	221	68	68
DLR00012709-2009-06-30_14-36-26	2	7	572	149	13	121	95.2339536497	5213	0	91	108	105	82	100	99	258	68	68
DLR00012709-2009-06-30_14-36-26	2	8	617	188	5	53	95.2339536497	5014	0	91	108	106	81	99	97	211	68	68
DLR00012709-2009-06-30_14-36-26	2	9	679	159	3	24	95.2339536497	5406	0	88	105	103	81	99	98	208	68	68
DLR00012709-2009-06-30_14-36-26	2	10	746	192	11	113	95.2339536497	6073	0	89	107	104	79	98	96	314	68	68
DLR00012709-2009-06-30_14-36-26	2	11	786	147	5	59	95.2339536497	6507	0	93	108	107	81	99	98	224	68	68
DLR00012709-2009-06-30_14-36-26	2	12	860	162	4	39	95.2339536497	8156	0	88	107	103	80	99	97	278	68	68
DLR00012709-2009-06-30_14-36-26	2	13	961	177	10	100	95.2339536497	5943	0	89	106	104	79	98	96	273	68	68
DLR00012709-2009-06-30_14-36-26	2	14	1043	194	4	29	95.2339536497	8477	0	84	102	100	78	97	95	277	68	68
DLR00012709-2009-06-30_14-36-26	2	15	1095	167	1	8	95.2339536497	7651	0	84	103	101	79	97	96	215	68	68
DLR00012709-2009-06-30_14-36-26	2	16	1155	180	18	212	95.2339536497	7706	1	89	107	105	79	97	96	291	68	68
DLR00012709-2009-06-30_14-36-26	2	17	1220	193	8	75	95.2339536497	8549	0	86	105	103	79	97	96	283	68	68
DLR00012709-2009-06-30_14-36-26	2	18	1313	162	4	30	95.2339536497	7550	0	84	103	101	78	97	96	211	68	68
DLR00012709-2009-06-30_14-36-26	2	19	1356	165	7	69	95.2339536497	7528	0	87	105	103	78	96	96	236	68	68
DLR00012709-2009-06-30_14-36-26	2	20	1440	185	13	99	95.2339536497	7181	0	83	100	99	77	95	95	244	68	68
DLR00012709-2009-06-30_14-36-26	2	21	1481	157	6	69	95.2339536497	7999	0	88	103	101	77	94	94	186	68	68
DLR00012709-2009-06-30_14-36-26	2	22	1580	169	22	211	95.2339536497	7312	0	82	97	96	74	90	90	310	68	68
DLR00012709-2009-06-30_14-36-26	2	23	1647	205	11	96	95.2339536497	6609	0	79	94	93	72	87	87	214	68	68
DLR00012709-2009-06-30_14-36-26	2	24	1694	185	16	162	95.2339536497	8801	0	79	93	92	73	87	86	200	68	68
DLR00012709-2009-06-30_14-36-26	3	1	112	239	21	235	95.2339536497	8179	0	89	100	97	79	92	91	437	68	68
DLR00012709-2009-06-30_14-36-26	3	2	212	272	10	94	95.2339536497	7601	0	86	101	100	79	94	94	221	68	68
DLR00012709-2009-06-30_14-36-26	3	3	274	235	3	27	95.2339536497	7301	0	88	103	102	80	96	95	177	68	68
DLR00012709-2009-06-30_14-36-26	3	4	343	235	5	55	95.2339536497	5835	0	91	108	106	81	98	97	257	68	68
DLR00012709-2009-06-30_14-36-26	3	5	420	251	6	45	95.2339536497	5483	0	89	105	102	81	99	98	250	68	68
DLR00012709-2009-06-30_14-36-26	3	6	501	210	2	15	95.2339536497	5334	0	90	105	102	81	99	98	222	68	68
DLR00012709-2009-06-30_14-36-26	3	7	568	259	7	68	95.2339536497	5757	0	91	107	105	81	99	97	271	68	68
DLR00012709-2009-06-30_14-36-26	3	8	617	234	4	30	95.2339536497	5397	0	89	105	103	80	99	97	238	68	68
DLR00012709-2009-06-30_14-36-26	3	9	653	213	9	73	95.2339536497	5122	0	88	106	103	80	99	97	273	68	68
DLR00012709-2009-06-30_14-36-26	3	10	735	236	11	115	95.2339536497	5488	0	90	107	104	80	98	96	310	68	68
DLR00012709-2009-06-30_14-36-26	3	11	819	247	10	102	95.2339536497	7974	0	87	105	102	79	97	95	306	68	68
DLR00012709-2009-06-30_14-36-26	3	12	878	259	10	113	95.2339536497	5953	0	90	107	103	79	98	95	265	68	68
DLR00012709-2009-06-30_14-36-26	3	13	955	240	9	89	95.2339536497	5235	0	88	106	103	79	98	95	273	68	68
DLR00012709-2009-06-30_14-36-26	3	14	1033	250	14	128	95.2339536497	8614	0	88	104	101	79	97	95	333	68	68
DLR00012709-2009-06-30_14-36-26	3	15	1091	230	4	32	95.2339536497	8434	0	86	103	101	78	97	95	264	68	68
DLR00012709-2009-06-30_14-36-26	3	16	1164	245	13	147	95.2339536497	8377	1	90	106	103	78	97	95	308	68	68
DLR00012709-2009-06-30_14-36-26	3	17	1244	245	5	41	95.2339536497	7701	0	84	103	101	78	97	95	229	68	68
DLR00012709-2009-06-30_14-36-26	3	18	1304	221	6	48	95.2339536497	7507	1	85	102	101	78	96	95	279	68	68
DLR00012709-2009-06-30_14-36-26	3	19	1365	244	0	0	95.2339536497	6071	0				77	96	95	177	68	68
DLR00012709-2009-06-30_14-36-26	3	20	1409	224	1	11	95.2339536497	6828	0	87	103	102	77	95	94	215	68	68
DLR00012709-2009-06-30_14-36-26	3	21	1511	255	10	108	95.2339536497	7199	0	84	101	99	75	93	92	218	68	68
DLR00012709-2009-06-30_14-36-26	3	22	1569	237	3	26	95.2339536497	7645	0	81	96	95	74	91	90	214	68	68
DLR00012709-2009-06-30_14-36-26	3	23	1634	240	10	98	95.2339536497	6975	0	80	95	94	72	88	88	232	68	68
DLR00012709-2009-06-30_14-36-26	3	24	1704	235	14	105	95.2339536497	8852	0	77	91	90	73	87	87	276	68	68
DLR00012709-2009-06-30_14-36-26	4	1	143	304	14	170	95.2339536497	7010	1	90	102	97	78	92	92	265	68	68
DLR00012709-2009-06-30_14-36-26	4	2	203	298	14	130	95.2339536497	7583	0	86	101	100	79	94	94	224	68	68
DLR00012709-2009-06-30_14-36-26	4	3	252	309	6	53	95.2339536497	8157	0	87	102	101	80	96	95	223	68	68
DLR00012709-2009-06-30_14-36-26	4	4	331	300	9	80	95.2339536497	5831	0	89	105	104	81	98	97	247	68	68
DLR00012709-2009-06-30_14-36-26	4	5	406	296	6	49	95.2339536497	5335	0	89	105	104	81	99	98	247	68	68
DLR00012709-2009-06-30_14-36-26	4	6	479	312	2	14	95.2339536497	5584	0	86	105	103	81	99	98	259	68	68
DLR00012709-2009-06-30_14-36-26	4	7	535	305	7	56	95.2339536497	5682	0	88	105	103	81	99	97	268	68	68
DLR00012709-2009-06-30_14-36-26	4	8	623	277	3	28	95.2339536497	5196	0	89	107	104	80	99	97	242	68	68
DLR00012709-2009-06-30_14-36-26	4	9	690	318	8	77	95.2339536497	4883	0	89	107	104	80	98	96	251	68	68
DLR00012709-2009-06-30_14-36-26	4	10	766	302	6	51	95.2339536497	5602	0	87	104	102	80	98	96	304	68	68
DLR00012709-2009-06-30_14-36-26	4	11	824	304	8	61	95.2339536497	7957	0	85	102	100	79	97	95	352	68	68
DLR00012709-2009-06-30_14-36-26	4	12	894	298	7	83	95.2339536497	7332	0	90	107	104	79	97	95	269	68	68
DLR00012709-2009-06-30_14-36-26	4	13	952	311	0	0	95.2339536497	7745	0				79	97	95	219	68	68
DLR00012709-2009-06-30_14-36-26	4	14	1034	308	7	63	95.2339536497	7998	0	87	104	101	79	97	95	310	68	68
DLR00012709-2009-06-30_14-36-26	4	15	1098	302	15	190	95.2339536497	8832	0	91	108	103	79	97	95	302	68	68
DLR00012709-2009-06-30_14-36-26	4	16	1147	312	12	150	95.2339536497	8112	0	91	107	102	78	97	95	256	68	68
DLR00012709-2009-06-30_14-36-26	4	17	1223	334	18	182	95.2339536497	7820	0	88	104	101	78	96	95	306	68	68
DLR00012709-2009-06-30_14-36-26	4	18	1303	343	1	7	95.2339536497	6733	0	82	101	99	77	96	95	198	68	68
DLR00012709-2009-06-30_14-36-26	4	19	1365	293	3	31	95.2339536497	6390	2	86	105	103	77	96	95	217	68	68
DLR00012709-2009-06-30_14-36-26	4	20	1418	330	6	53	95.2339536497	7062	2	85	101	100	76	95	94	265	68	68
DLR00012709-2009-06-30_14-36-26	4	21	1507	332	1	7	95.2339536497	7493	0	80	97	98	75	93	93	201	68	68
DLR00012709-2009-06-30_14-36-26	4	22	1594	309	11	110	95.2339536497	8075	2	81	97	96	73	90	90	303	68	68
DLR00012709-2009-06-30_14-36-26	4	23	1638	311	0	0	95.2339536497	7386	0				72	88	88	198	68	68
DLR00012709-2009-06-30_14-36-26	4	24	1709	307	17	170	95.2339536497	8725	0	81	95	93	73	88	88	291	68	68
DLR00012709-2009-06-30_14-36-26	5	1	142	375	2	16	95.2339536497	6857	0	83	98	97	78	92	92	146	68	68
DLR00012709-2009-06-30_14-36-26	5	2	187	409	6	63	95.2339536497	7637	0	88	103	101	79	94	94	161	68	68
DLR00012709-2009-06-30_14-36-26	5	3	256	379	3	21	95.2339536497	8217	0	85	102	101	80	96	96	180	68	68
DLR00012709-2009-06-30_14-36-26	5	4	365	385	3	33	95.2339536497	4868	1	90	108	106	81	99	98	222	68	68
DLR00012709-2009-06-30_14-36-26	5	5	398	361	4	41	95.2339536497	5038	0	89	107	105	81	99	98	238	68	68
DLR00012709-2009-06-30_14-36-26	5	6	493	405	6	65	95.2339536497	4925	0	90	109	107	81	99	97	229	68	68
DLR00012709-2009-06-30_14-36-26	5	7	551	376	5	45	95.2339536497	5122	1	89	107	103	81	99	97	275	68	68
DLR00012709-2009-06-30_14-36-26	5	8	613	373	2	24	95.2339536497	4763	0	91	110	106	80	99	97	250	68	68
DLR00012709-2009-06-30_14-36-26	5	9	678	378	0	0	95.2339536497	5954	0				80	98	96	223	68	68
DLR00012709-2009-06-30_14-36-26	5	10	763	356	4	46	95.2339536497	6424	0	91	107	101	80	98	95	288	68	68
DLR00012709-2009-06-30_14-36-26	5	11	818	349	2	20	95.2339536497	8046	0	88	105	101	79	97	95	290	68	68
DLR00012709-2009-06-30_14-36-26	5	12	870	358	4	38	95.2339536497	8419	0	87	105	100	79	97	95	302	68	68
DLR00012709-2009-06-30_14-36-26	5	13	942	383	5	51	95.2339536497	8595	0	89	105	103	79	97	95	248	68	68
DLR00012709-2009-06-30_14-36-26	5	14	1021	384	17	187	95.2339536497	8359	1	90	106	103	79	97	95	384	68	68
DLR00012709-2009-06-30_14-36-26	5	15	1097	368	9	111	95.2339536497	7733	0	90	107	104	79	97	95	268	68	68
DLR00012709-2009-06-30_14-36-26	5	16	1131	400	7	99	95.2339536497	7594	2	92	109	106	79	97	95	267	68	68
DLR00012709-2009-06-30_14-36-26	5	17	1230	364	18	182	95.2339536497	7386	0	88	104	101	78	96	95	299	68	68
DLR00012709-2009-06-30_14-36-26	5	18	1279	407	5	60	95.2339536497	7111	0	88	106	103	77	96	94	305	68	68
DLR00012709-2009-06-30_14-36-26	5	19	1353	372	4	33	95.2339536497	7325	0	83	102	100	77	96	94	273	68	68
DLR00012709-2009-06-30_14-36-26	5	20	1438	374	13	109	95.2339536497	7345	2	83	101	99	76	95	94	222	68	68
DLR00012709-2009-06-30_14-36-26	5	21	1507	385	6	68	95.2339536497	7581	0	86	102	101	75	93	93	209	68	68
DLR00012709-2009-06-30_14-36-26	5	22	1560	363	10	91	95.2339536497	7430	0	81	98	97	74	91	91	251	68	68
DLR00012709-2009-06-30_14-36-26	5	23	1630	381	11	139	95.2339536497	7156	2	83	99	98	72	89	89	278	68	68
DLR00012709-2009-06-30_14-36-26	5	24	1711	380	7	54	95.2339536497	9273	1	79	94	92	73	89	88	224	68	68
DLR00012709-2009-06-30_14-36-26	6	1	129	446	0	0	95.2339536497	7528	0				78	92	92	153	68	68
DLR00012709-2009-06-30_14-36-26	6	2	197	436	7	74	95.2339536497	7159	0	88	103	101	79	95	94	199	68	68
DLR00012709-2009-06-30_14-36-26	6	3	261	470	4	45	95.2339536497	7326	0	91	105	105	80	97	96	198	68	68
DLR00012709-2009-06-30_14-36-26	6	4	356	450	5	46	95.2339536497	5274	0	89	106	105	81	99	98	207	68	68
DLR00012709-2009-06-30_14-36-26	6	5	422	461	5	50	95.2339536497	5344	0	90	108	106	80	99	98	255	68	68
DLR00012709-2009-06-30_14-36-26	6	6	446	458	5	50	95.2339536497	5326	0	90	108	106	81	99	98	270	68	68
DLR00012709-2009-06-30_14-36-26	6	7	528	427	5	47	95.2339536497	4768	0	89	107	104	80	99	97	219	68	68
DLR00012709-2009-06-30_14-36-26	6	8	621	454	2	16	95.2339536497	5511	0	86	105	103	80	98	96	229	68	68
DLR00012709-2009-06-30_14-36-26	6	9	709	438	2	15	95.2339536497	5619	0	87	104	101	80	98	96	264	68	68
DLR00012709-2009-06-30_14-36-26	6	10	745	453	2	17	95.2339536497	6101	0	89	104	101	80	97	95	224	68	68
DLR00012709-2009-06-30_14-36-26	6	11	826	436	9	67	95.2339536497	7929	0	86	102	99	79	97	94	345	68	68
DLR00012709-2009-06-30_14-36-26	6	12	877	461	8	90	95.2339536497	8403	0	90	106	102	80	97	95	382	68	68
DLR00012709-2009-06-30_14-36-26	6	13	951	459	19	184	95.2339536497	8369	0	89	104	101	79	97	95	405	68	68
DLR00012709-2009-06-30_14-36-26	6	14	1031	445	13	103	95.2339536497	7964	0	86	103	100	79	97	95	396	68	68
DLR00012709-2009-06-30_14-36-26	6	15	1080	450	7	56	95.2339536497	7175	3	85	103	100	79	96	95	263	68	68
DLR00012709-2009-06-30_14-36-26	6	16	1147	452	8	82	95.2339536497	7176	0	87	105	102	78	96	94	296	68	68
DLR00012709-2009-06-30_14-36-26	6	17	1243	466	4	35	95.2339536497	6420	0	86	101	101	77	96	94	264	68	68
DLR00012709-2009-06-30_14-36-26	6	18	1295	450	5	44	95.2339536497	7258	0	85	102	100	77	96	94	287	68	68
DLR00012709-2009-06-30_14-36-26	6	19	1350	462	1	7	95.2339536497	7220	0	83	99	99	76	95	94	231	68	68
DLR00012709-2009-06-30_14-36-26	6	20	1442	451	14	110	95.2339536497	6861	0	83	100	97	76	94	94	268	68	68
DLR00012709-2009-06-30_14-36-26	6	21	1512	422	8	75	95.2339536497	6831	0	84	100	99	75	93	93	229	68	68
DLR00012709-2009-06-30_14-36-26	6	22	1573	430	11	102	95.2339536497	7389	1	81	98	97	74	91	91	288	68	68
DLR00012709-2009-06-30_14-36-26	6	23	1656	470	42	430	95.2339536497	7811	0	81	96	94	72	89	89	304	68	68
DLR00012709-2009-06-30_14-36-26	6	24	1696	444	24	239	95.2339536497	7475	3	80	96	94	72	88	88	252	68	68
DLR00012709-2009-06-30_14-36-26	7	1	127	515	0	0	95.2339536497	7133	0				78	93	93	183	68	68
DLR00012709-2009-06-30_14-36-26	7	2	198	514	0	0	95.2339536497	6575	0				79	95	95	189	68	68
DLR00012709-2009-06-30_14-36-26	7	3	279	500	5	53	95.2339536497	6633	0	90	105	105	80	97	97	210	68	68
DLR00012709-2009-06-30_14-36-26	7	4	313	481	5	38	95.2339536497	5834	1	86	104	103	80	98	97	220	68	68
DLR00012709-2009-06-30_14-36-26	7	5	403	514	0	0	95.2339536497	5163	0				80	99	98	197	68	68
DLR00012709-2009-06-30_14-36-26	7	6	483	507	18	232	95.2339536497	5142	0	94	110	106	80	99	97	275	68	68
DLR00012709-2009-06-30_14-36-26	7	7	529	505	2	20	95.2339536497	5276	0	88	107	104	80	99	97	226	68	68
DLR00012709-2009-06-30_14-36-26	7	8	604	514	6	63	95.2339536497	5751	0	90	107	104	80	98	96	333	68	68
DLR00012709-2009-06-30_14-36-26	7	9	674	525	8	96	95.2339536497	5728	0	91	109	105	80	98	96	291	68	68
DLR00012709-2009-06-30_14-36-26	7	10	740	507	8	71	95.2339536497	7214	0	88	104	102	80	97	95	281	68	68
DLR00012709-2009-06-30_14-36-26	7	11	815	514	0	0	95.2339536497	8344	0				80	97	95	266	68	68
DLR00012709-2009-06-30_14-36-26	7	12	884	506	16	173	95.2339536497	8621	2	90	105	101	80	97	94	385	68	68
DLR00012709-2009-06-30_14-36-26	7	13	947	522	15	141	95.2339536497	7450	0	88	104	100	79	96	94	329	68	68
DLR00012709-2009-06-30_14-36-26	7	14	1029	494	27	262	95.2339536497	7656	2	88	104	100	79	96	94	450	68	68
DLR00012709-2009-06-30_14-36-26	7	15	1100	482	5	41	95.2339536497	6975	0	86	102	100	78	96	94	222	68	68
DLR00012709-2009-06-30_14-36-26	7	16	1159	515	0	0	95.2339536497	6043	0				78	96	94	271	68	68
DLR00012709-2009-06-30_14-36-26	7	17	1260	541	4	54	95.2339536497	6549	0	90	106	105	77	95	94	269	68	68
DLR00012709-2009-06-30_14-36-26	7	18	1276	508	6	73	95.2339536497	6851	2	89	104	104	77	95	94	283	68	68
DLR00012709-2009-06-30_14-36-26	7	19	1389	491	1	7	95.2339536497	6634	0	81	100	98	76	95	94	183	68	68
DLR00012709-2009-06-30_14-36-26	7	20	1454	500	11	134	95.2339536497	7538	0	86	104	102	75	94	93	278	68	68
DLR00012709-2009-06-30_14-36-26	7	21	1475	528	10	127	95.2339536497	7139	0	87	104	103	75	94	93	264	68	68
DLR00012709-2009-06-30_14-36-26	7	22	1568	506	15	133	95.2339536497	7596	0	81	98	97	74	92	91	230	68	68
DLR00012709-2009-06-30_14-36-26	7	23	1637	520	7	60	95.2339536497	7615	0	78	96	94	72	90	89	243	68	68
DLR00012709-2009-06-30_14-36-26	7	24	1724	489	7	52	95.2339536497	9134	0	78	94	92	75	91	89	297	68	68
DLR00012709-2009-06-30_14-36-26	8	1	142	570	6	54	95.2339536497	6520	0	86	101	100	78	93	93	173	68	68
DLR00012709-2009-06-30_14-36-26	8	2	166	590	4	38	95.2339536497	6622	0	86	102	101	78	94	94	179	68	68
DLR00012709-2009-06-30_14-36-26	8	3	278	563	12	120	95.2339536497	6024	0	90	106	104	79	97	96	231	68	68
DLR00012709-2009-06-30_14-36-26	8	4	366	614	9	90	95.2339536497	5705	2	90	106	105	80	98	97	216	68	68
DLR00012709-2009-06-30_14-36-26	8	5	394	566	2	17	95.2339536497	4815	0	88	105	104	80	99	97	225	68	68
DLR00012709-2009-06-30_14-36-26	8	6	470	583	3	28	95.2339536497	5756	0	87	106	104	80	98	97	287	68	68
DLR00012709-2009-06-30_14-36-26	8	7	552	562	6	69	95.2339536497	5550	0	91	108	105	80	98	96	271	68	68
DLR00012709-2009-06-30_14-36-26	8	8	625	596	2	14	95.2339536497	4553	0	88	103	101	80	98	96	246	68	68
DLR00012709-2009-06-30_14-36-26	8	9	688	595	5	38	95.2339536497	7580	1	86	102	99	79	97	95	298	68	68
DLR00012709-2009-06-30_14-36-26	8	10	741	572	6	51	95.2339536497	8139	0	88	103	100	79	97	94	271	68	68
DLR00012709-2009-06-30_14-36-26	8	11	790	585	17	367	95.2339536497	8589	0	103	116	107	80	97	94	332	68	68
DLR00012709-2009-06-30_14-36-26	8	12	880	572	40	546	95.2339536497	8866	0	94	108	102	80	97	94	454	68	68
DLR00012709-2009-06-30_14-36-26	8	13	936	569	5	40	95.2339536497	7430	0	85	102	97	79	96	94	377	68	68
DLR00012709-2009-06-30_14-36-26	8	14	1034	562	7	56	95.2339536497	6863	0	86	102	98	78	96	93	355	68	68
DLR00012709-2009-06-30_14-36-26	8	15	1118	580	7	64	95.2339536497	5926	0	87	103	99	78	95	93	220	68	68
DLR00012709-2009-06-30_14-36-26	8	16	1170	573	13	175	95.2339536497	6148	0	91	107	102	78	95	93	266	68	68
DLR00012709-2009-06-30_14-36-26	8	17	1235	585	8	70	95.2339536497	6424	0	86	102	98	77	95	93	255	68	68
DLR00012709-2009-06-30_14-36-26	8	18	1295	582	0	0	95.2339536497	6336	0				76	95	93	191	68	68
DLR00012709-2009-06-30_14-36-26	8	19	1337	565	1	8	95.2339536497	6945	0	82	101	100	76	95	93	233	68	68
DLR00012709-2009-06-30_14-36-26	8	20	1452	596	12	127	95.2339536497	6509	0	85	102	101	75	94	93	217	68	68
DLR00012709-2009-06-30_14-36-26	8	21	1496	594	8	88	95.2339536497	6820	0	84	102	100	75	93	93	207	68	68
DLR00012709-2009-06-30_14-36-26	8	22	1583	598	6	53	95.2339536497	7103	0	80	98	97	73	91	91	177	68	68
DLR00012709-2009-06-30_14-36-26	8	23	1653	574	6	54	95.2339536497	7346	0	78	95	93	72	89	89	195	68	68
DLR00012709-2009-06-30_14-36-26	8	24	1721	590	16	139	95.2339536497	8988	1	80	95	94	75	90	89	307	68	68
DLR00012709-2009-06-30_14-36-26	9	1	106	618	1	7	95.2339536497	7615	0	86	98	95	81	96	94	574	68	68
DLR00012709-2009-06-30_14-36-26	9	2	182	667	4	37	95.2339536497	7332	0	87	103	102	78	95	95	244	68	68
DLR00012709-2009-06-30_14-36-26	9	3	272	647	10	86	95.2339536497	7338	0	86	104	102	79	97	96	267	68	68
DLR00012709-2009-06-30_14-36-26	9	4	336	646	13	126	95.2339536497	6329	0	89	105	104	80	98	97	304	68	68
DLR00012709-2009-06-30_14-36-26	9	5	375	667	15	167	95.2339536497	6194	2	91	108	104	80	99	97	308	68	68
DLR00012709-2009-06-30_14-36-26	9	6	458	666	15	175	95.2339536497	5803	1	92	108	105	80	98	97	271	68	68
DLR00012709-2009-06-30_14-36-26	9	7	526	675	2	16	95.2339536497	5080	0	86	105	103	79	98	96	293	68	68
DLR00012709-2009-06-30_14-36-26	9	8	620	642	1	8	95.2339536497	5219	0	88	103	102	79	97	96	219	68	68
DLR00012709-2009-06-30_14-36-26	9	9	674	635	4	33	95.2339536497	7734	0	86	103	100	79	97	95	273	68	68
DLR00012709-2009-06-30_14-36-26	9	10	754	628	10	112	95.2339536497	7824	2	90	106	102	79	97	94	312	68	68
DLR00012709-2009-06-30_14-36-26	9	11	810	655	22	219	95.2339536497	8140	3	88	104	101	79	97	94	410	68	68
DLR00012709-2009-06-30_14-36-26	9	12	884	652	12	108	95.2339536497	7641	0	88	103	100	79	96	94	350	68	68
DLR00012709-2009-06-30_14-36-26	9	13	956	667	27	244	95.2339536497	7942	0	87	103	98	79	96	93	403	68	68
DLR00012709-2009-06-30_14-36-26	9	14	1004	640	17	181	95.2339536497	7330	0	88	105	101	79	96	93	344	68	68
DLR00012709-2009-06-30_14-36-26	9	15	1069	650	10	97	95.2339536497	6561	0	87	102	99	78	95	93	302	68	68
DLR00012709-2009-06-30_14-36-26	9	16	1140	671	17	320	95.2339536497	5717	0	97	110	103	77	94	92	288	68	68
DLR00012709-2009-06-30_14-36-26	9	17	1230	659	19	190	95.2339536497	6105	0	86	102	99	77	94	93	308	68	68
DLR00012709-2009-06-30_14-36-26	9	18	1307	662	15	162	95.2339536497	7144	0	86	103	101	76	94	93	258	68	68
DLR00012709-2009-06-30_14-36-26	9	19	1362	640	2	17	95.2339536497	7055	0	83	100	99	75	94	93	225	68	68
DLR00012709-2009-06-30_14-36-26	9	20	1423	655	5	58	95.2339536497	6579	0	87	102	101	75	94	93	217	68	68
DLR00012709-2009-06-30_14-36-26	9	21	1493	649	24	233	95.2339536497	7697	0	83	100	98	74	93	92	276	68	68
DLR00012709-2009-06-30_14-36-26	9	22	1558	652	10	108	95.2339536497	7241	0	83	99	99	73	92	91	234	68	68
DLR00012709-2009-06-30_14-36-26	9	23	1627	646	6	61	95.2339536497	7573	0	81	97	96	72	90	89	220	68	68
DLR00012709-2009-06-30_14-36-26	9	24	1729	645	13	108	95.2339536497	8872	0	80	94	93	76	91	90	483	68	68
DLR00012709-2009-06-30_14-36-26	10	1	129	720	118	1319	95.2339536497	8591	0	92	102	98	79	94	94	444	68	68
DLR00012709-2009-06-30_14-36-26	10	2	201	716	7	66	95.2339536497	7486	0	87	103	101	79	96	95	284	68	68
DLR00012709-2009-06-30_14-36-26	10	3	269	710	14	177	95.2339536497	8266	3	91	107	105	79	97	96	287	68	68
DLR00012709-2009-06-30_14-36-26	10	4	337	709	9	103	95.2339536497	6304	0	91	107	105	80	98	97	225	68	68
DLR00012709-2009-06-30_14-36-26	10	5	403	685	13	147	95.2339536497	5476	0	91	108	103	80	99	97	280	68	68
DLR00012709-2009-06-30_14-36-26	10	6	486	730	9	80	95.2339536497	5963	0	88	104	103	79	98	97	293	68	68
DLR00012709-2009-06-30_14-36-26	10	7	547	734	12	106	95.2339536497	7294	1	86	104	102	79	98	96	265	68	68
DLR00012709-2009-06-30_14-36-26	10	8	628	719	7	66	95.2339536497	8256	0	88	104	102	79	97	95	254	68	68
DLR00012709-2009-06-30_14-36-26	10	9	662	720	7	66	95.2339536497	7868	0	88	104	102	79	97	95	288	68	68
DLR00012709-2009-06-30_14-36-26	10	10	738	714	13	152	95.2339536497	7475	0	91	106	102	79	96	94	371	68	68
DLR00012709-2009-06-30_14-36-26	10	11	806	714	24	204	95.2339536497	8375	2	87	103	98	79	97	94	545	68	68
DLR00012709-2009-06-30_14-36-26	10	12	894	698	10	82	95.2339536497	7544	0	87	102	99	79	96	94	392	68	68
DLR00012709-2009-06-30_14-36-26	10	13	968	717	9	77	95.2339536497	6928	0	86	103	99	78	96	93	297	68	68
DLR00012709-2009-06-30_14-36-26	10	14	1008	746	9	100	95.2339536497	6603	0	88	104	101	77	95	93	331	68	68
DLR00012709-2009-06-30_14-36-26	10	15	1098	708	15	305	95.2339536497	6358	0	99	112	104	77	94	92	298	68	68
DLR00012709-2009-06-30_14-36-26	10	16	1166	718	10	111	95.2339536497	6945	0	87	103	100	76	94	92	264	68	68
DLR00012709-2009-06-30_14-36-26	10	17	1229	687	14	148	95.2339536497	6486	0	86	103	99	77	94	93	308	68	68
DLR00012709-2009-06-30_14-36-26	10	18	1296	719	15	173	95.2339536497	6896	0	87	103	100	76	94	92	301	68	68
DLR00012709-2009-06-30_14-36-26	10	19	1360	698	7	113	95.2339536497	7149	0	90	107	105	75	94	93	232	68	68
DLR00012709-2009-06-30_14-36-26	10	20	1436	745	67	807	95.2339536497	7036	2	86	102	99	75	93	92	376	68	68
DLR00012709-2009-06-30_14-36-26	10	21	1484	709	10	72	95.2339536497	7287	0	80	98	95	74	93	92	313	68	68
DLR00012709-2009-06-30_14-36-26	10	22	1601	690	12	132	95.2339536497	7671	1	82	98	97	73	90	90	213	68	68
DLR00012709-2009-06-30_14-36-26	10	23	1666	708	17	224	95.2339536497	6972	0	84	99	97	72	88	88	240	68	68
DLR00012709-2009-06-30_14-36-26	10	24	1722	727	13	110	95.2339536497	9051	0	80	94	92	75	89	88	302	68	68
DLR00012709-2009-06-30_14-36-26	11	1	112	793	11	100	95.2339536497	7884	0	87	101	100	81	96	94	439	68	68
DLR00012709-2009-06-30_14-36-26	11	2	192	756	8	69	95.2339536497	7328	0	86	102	101	79	96	95	318	68	68
DLR00012709-2009-06-30_14-36-26	11	3	247	777	7	66	95.2339536497	8397	0	88	104	103	79	97	96	225	68	68
DLR00012709-2009-06-30_14-36-26	11	4	320	781	10	95	95.2339536497	6105	2	88	106	103	80	98	97	280	68	68
DLR00012709-2009-06-30_14-36-26	11	5	419	800	6	61	95.2339536497	5672	0	90	106	103	80	98	97	252	68	68
DLR00012709-2009-06-30_14-36-26	11	6	488	790	5	41	95.2339536497	6665	0	86	104	102	79	98	96	257	68	68
DLR00012709-2009-06-30_14-36-26	11	7	545	784	22	192	95.2339536497	8536	0	86	104	101	79	97	96	397	68	68
DLR00012709-2009-06-30_14-36-26	11	8	596	798	20	197	95.2339536497	7738	2	87	105	102	78	97	95	339	68	68
DLR00012709-2009-06-30_14-36-26	11	9	696	783	7	68	95.2339536497	6853	3	87	104	101	78	96	94	273	68	68
DLR00012709-2009-06-30_14-36-26	11	10	757	766	2	18	95.2339536497	6295	0	86	104	100	78	96	94	266	68	68
DLR00012709-2009-06-30_14-36-26	11	11	819	806	8	82	95.2339536497	6380	0	87	103	101	78	95	93	258	68	68
DLR00012709-2009-06-30_14-36-26	11	12	886	766	4	42	95.2339536497	6418	0	88	104	99	78	96	93	300	68	68
DLR00012709-2009-06-30_14-36-26	11	13	936	780	9	74	95.2339536497	6970	0	85	101	99	78	95	93	315	68	68
DLR00012709-2009-06-30_14-36-26	11	14	1023	803	23	339	95.2339536497	6531	2	91	107	103	77	94	92	355	68	68
DLR00012709-2009-06-30_14-36-26	11	15	1082	765	6	47	95.2339536497	6487	1	84	100	97	77	94	92	260	68	68
DLR00012709-2009-06-30_14-36-26	11	16	1154	781	7	51	95.2339536497	5826	0	83	99	96	76	93	92	300	68	68
DLR00012709-2009-06-30_14-36-26	11	17	1222	799	10	118	95.2339536497	6355	1	87	103	101	75	93	92	276	68	68
DLR00012709-2009-06-30_14-36-26	11	18	1309	774	3	23	95.2339536497	7195	2	82	99	96	75	93	92	205	68	68
DLR00012709-2009-06-30_14-36-26	11	19	1359	788	7	63	95.2339536497	7056	0	83	100	99	75	93	92	336	68	68
DLR00012709-2009-06-30_14-36-26	11	20	1452	758	64	766	95.2339536497	7235	0	86	102	99	74	93	92	361	68	68
DLR00012709-2009-06-30_14-36-26	11	21	1501	785	0	0	95.2339536497	7164	0				74	92	91	160	68	68
DLR00012709-2009-06-30_14-36-26	11	22	1550	767	4	28	95.2339536497	7164	0	80	95	95	73	91	91	201	68	68
DLR00012709-2009-06-30_14-36-26	11	23	1658	796	11	104	95.2339536497	6962	1	79	94	93	71	88	87	220	68	68
DLR00012709-2009-06-30_14-36-26	11	24	1707	797	9	87	95.2339536497	7397	0	80	94	93	72	87	87	258	68	68
DLR00012709-2009-06-30_14-36-26	12	1	132	866	10	104	95.2339536497	7672	2	87	102	101	78	94	93	201	68	68
DLR00012709-2009-06-30_14-36-26	12	2	181	868	10	114	95.2339536497	6611	0	89	103	100	78	95	94	243	68	68
DLR00012709-2009-06-30_14-36-26	12	3	271	827	3	29	95.2339536497	8042	0	89	103	103	79	97	96	202	68	68
DLR00012709-2009-06-30_14-36-26	12	4	353	859	18	144	95.2339536497	7061	0	86	102	101	79	97	96	341	68	68
DLR00012709-2009-06-30_14-36-26	12	5	379	863	20	160	95.2339536497	6916	0	86	103	101	79	97	96	324	68	68
DLR00012709-2009-06-30_14-36-26	12	6	494	871	15	191	95.2339536497	8489	0	91	108	103	79	97	96	301	68	68
DLR00012709-2009-06-30_14-36-26	12	7	534	873	15	189	95.2339536497	8446	0	91	107	102	78	97	95	331	68	68
DLR00012709-2009-06-30_14-36-26	12	8	592	885	15	151	95.2339536497	7519	0	88	104	101	78	96	95	312	68	68
DLR00012709-2009-06-30_14-36-26	12	9	699	854	19	253	95.2339536497	5938	2	91	107	104	78	96	94	345	68	68
DLR00012709-2009-06-30_14-36-26	12	10	729	848	18	243	95.2339536497	5783	0	91	107	104	78	95	94	350	68	68
DLR00012709-2009-06-30_14-36-26	12	11	805	849	10	131	95.2339536497	6380	2	91	106	102	77	95	93	270	68	68
DLR00012709-2009-06-30_14-36-26	12	12	874	860	12	114	95.2339536497	6130	1	85	103	100	77	95	93	248	68	68
DLR00012709-2009-06-30_14-36-26	12	13	948	875	6	52	95.2339536497	6107	1	83	101	98	77	94	92	216	68	68
DLR00012709-2009-06-30_14-36-26	12	14	1017	852	20	188	95.2339536497	6195	0	85	101	99	76	94	92	320	68	68
DLR00012709-2009-06-30_14-36-26	12	15	1093	861	18	250	95.2339536497	6278	2	90	104	100	76	93	91	289	68	68
DLR00012709-2009-06-30_14-36-26	12	16	1151	841	28	334	95.2339536497	6859	1	87	102	99	76	93	91	414	68	68
DLR00012709-2009-06-30_14-36-26	12	17	1227	861	4	37	95.2339536497	6504	0	85	100	98	75	93	91	251	68	68
DLR00012709-2009-06-30_14-36-26	12	18	1298	837	11	119	95.2339536497	6781	0	84	102	100	75	93	92	274	68	68
DLR00012709-2009-06-30_14-36-26	12	19	1338	865	4	31	95.2339536497	6433	0	80	99	97	74	93	91	258	68	68
DLR00012709-2009-06-30_14-36-26	12	20	1417	859	21	181	95.2339536497	7553	0	81	98	96	74	92	91	349	68	68
DLR00012709-2009-06-30_14-36-26	12	21	1502	857	17	176	95.2339536497	7187	0	82	98	97	73	90	90	288	68	68
DLR00012709-2009-06-30_14-36-26	12	22	1575	847	16	182	95.2339536497	6738	0	83	98	97	73	90	89	268	68	68
DLR00012709-2009-06-30_14-36-26	12	23	1625	829	6	80	95.2339536497	7388	2	84	100	99	72	89	88	194	68	68
DLR00012709-2009-06-30_14-36-26	12	24	1724	862	11	86	95.2339536497	8739	0	79	93	91	74	88	87	294	68	68
DLR00012709-2009-06-30_14-36-26	13	1	143	926	4	36	95.2339536497	6805	0	84	101	99	78	93	93	221	68	68
DLR00012709-2009-06-30_14-36-26	13	2	192	944	9	118	95.2339536497	6791	0	92	104	102	78	94	93	225	68	68
DLR00012709-2009-06-30_14-36-26	13	3	279	911	27	315	95.2339536497	7808	0	90	105	103	79	96	95	278	68	68
DLR00012709-2009-06-30_14-36-26	13	4	313	926	33	362	95.2339536497	8466	0	89	105	102	79	96	95	383	68	68
DLR00012709-2009-06-30_14-36-26	13	5	404	924	16	140	95.2339536497	9071	0	87	104	101	79	97	96	307	68	68
DLR00012709-2009-06-30_14-36-26	13	6	477	913	14	144	95.2339536497	8491	0	89	105	102	79	97	96	275	68	68
DLR00012709-2009-06-30_14-36-26	13	7	515	920	39	472	95.2339536497	8759	5	95	106	99	79	97	95	332	68	68
DLR00012709-2009-06-30_14-36-26	13	8	604	924	24	230	95.2339536497	7571	0	87	103	101	78	96	94	337	68	68
DLR00012709-2009-06-30_14-36-26	13	9	657	924	21	209	95.2339536497	6583	0	88	104	100	78	96	94	348	68	68
DLR00012709-2009-06-30_14-36-26	13	10	736	918	5	53	95.2339536497	6583	0	87	104	100	77	95	93	254	68	68
DLR00012709-2009-06-30_14-36-26	13	11	824	916	5	65	95.2339536497	5744	0	89	105	101	77	94	92	238	68	68
DLR00012709-2009-06-30_14-36-26	13	12	892	938	13	200	95.2339536497	6705	0	92	107	102	77	94	92	238	68	68
DLR00012709-2009-06-30_14-36-26	13	13	954	927	8	76	95.2339536497	6497	0	84	101	99	76	94	92	267	68	68
DLR00012709-2009-06-30_14-36-26	13	14	1014	919	14	159	95.2339536497	6633	0	86	103	98	76	93	91	293	68	68
DLR00012709-2009-06-30_14-36-26	13	15	1086	922	14	154	95.2339536497	5872	1	86	101	98	75	92	91	288	68	68
DLR00012709-2009-06-30_14-36-26	13	16	1157	933	28	366	95.2339536497	6830	0	89	102	97	75	92	90	269	68	68
DLR00012709-2009-06-30_14-36-26	13	17	1225	933	13	146	95.2339536497	6069	2	85	101	98	75	92	91	273	68	68
DLR00012709-2009-06-30_14-36-26	13	18	1289	913	11	96	95.2339536497	6113	1	82	99	97	74	92	91	218	68	68
DLR00012709-2009-06-30_14-36-26	13	19	1375	898	8	60	95.2339536497	7050	0	81	97	96	74	92	91	289	68	68
DLR00012709-2009-06-30_14-36-26	13	20	1423	910	22	210	95.2339536497	6660	0	83	98	95	74	91	90	301	68	68
DLR00012709-2009-06-30_14-36-26	13	21	1527	910	4	28	95.2339536497	6744	0	79	94	92	73	90	89	219	68	68
DLR00012709-2009-06-30_14-36-26	13	22	1559	930	6	44	95.2339536497	6666	0	79	94	92	73	89	88	219	68	68
DLR00012709-2009-06-30_14-36-26	13	23	1638	921	0	0	95.2339536497	6544	0				71	87	87	156	68	68
DLR00012709-2009-06-30_14-36-26	13	24	1705	922	0	0	95.2339536497	7816	0				71	86	86	227	68	68
DLR00012709-2009-06-30_14-36-26	14	1	122	982	5	43	95.2339536497	8121	0	92	104	101	79	93	93	242	68	68
DLR00012709-2009-06-30_14-36-26	14	2	194	1009	8	83	95.2339536497	7643	0	86	101	100	77	93	93	229	68	68
DLR00012709-2009-06-30_14-36-26	14	3	245	993	9	102	95.2339536497	7073	0	88	103	103	78	95	94	263	68	68
DLR00012709-2009-06-30_14-36-26	14	4	331	967	14	142	95.2339536497	8104	0	89	104	102	79	96	95	293	68	68
DLR00012709-2009-06-30_14-36-26	14	5	409	1006	4	29	95.2339536497	9024	0	85	102	100	79	97	96	236	68	68
DLR00012709-2009-06-30_14-36-26	14	6	471	981	9	87	95.2339536497	8604	0	86	104	102	79	97	96	226	68	68
DLR00012709-2009-06-30_14-36-26	14	7	532	992	9	72	95.2339536497	8147	1	86	102	101	78	97	95	291	68	68
DLR00012709-2009-06-30_14-36-26	14	8	624	996	11	88	95.2339536497	6811	0	84	101	99	78	96	94	303	68	68
DLR00012709-2009-06-30_14-36-26	14	9	692	1007	14	128	95.2339536497	6320	2	85	102	99	77	94	93	267	68	68
DLR00012709-2009-06-30_14-36-26	14	10	731	996	17	159	95.2339536497	6608	0	85	102	99	77	94	93	272	68	68
DLR00012709-2009-06-30_14-36-26	14	11	814	977	12	118	95.2339536497	6602	0	86	102	99	77	94	92	244	68	68
DLR00012709-2009-06-30_14-36-26	14	12	878	1001	4	30	95.2339536497	6418	0	82	98	96	76	93	92	198	68	68
DLR00012709-2009-06-30_14-36-26	14	13	962	977	3	23	95.2339536497	6695	0	82	98	97	76	93	91	213	68	68
DLR00012709-2009-06-30_14-36-26	14	14	1024	988	8	73	95.2339536497	6235	0	83	98	96	75	92	90	231	68	68
DLR00012709-2009-06-30_14-36-26	14	15	1101	1003	94	1764	95.2339536497	7619	0	94	107	98	74	91	90	420	68	68
DLR00012709-2009-06-30_14-36-26	14	16	1156	990	0	0	95.2339536497	5531	0				74	91	90	172	68	68
DLR00012709-2009-06-30_14-36-26	14	17	1226	984	11	108	95.2339536497	6125	1	84	98	97	74	91	90	258	68	68
DLR00012709-2009-06-30_14-36-26	14	18	1328	997	28	272	95.2339536497	6538	1	83	98	95	74	91	90	249	68	68
DLR00012709-2009-06-30_14-36-26	14	19	1340	996	27	259	95.2339536497	6473	0	83	98	95	74	91	90	242	68	68
DLR00012709-2009-06-30_14-36-26	14	20	1455	975	26	332	95.2339536497	6534	0	85	100	96	73	90	89	245	68	68
DLR00012709-2009-06-30_14-36-26	14	21	1487	995	27	347	95.2339536497	6985	4	85	100	97	73	90	89	286	68	68
DLR00012709-2009-06-30_14-36-26	14	22	1591	997	3	31	95.2339536497	6951	0	79	95	94	71	87	87	147	68	68
DLR00012709-2009-06-30_14-36-26	14	23	1641	981	17	175	95.2339536497	7459	0	78	93	90	71	86	86	208	68	68
DLR00012709-2009-06-30_14-36-26	14	24	1722	987	9	72	95.2339536497	9037	0	78	91	89	73	87	86	296	68	68
DLR00012709-2009-06-30_14-36-26	15	1	104	1073	6	44	95.2339536497	8694	0	87	99	96	82	94	93	902	68	68
DLR00012709-2009-06-30_14-36-26	15	2	167	1027	8	82	95.2339536497	7100	0	86	101	100	77	92	92	228	68	68
DLR00012709-2009-06-30_14-36-26	15	3	247	1072	27	675	95.2339536497	7136	0	103	117	114	78	94	94	312	68	68
DLR00012709-2009-06-30_14-36-26	15	4	323	1058	18	173	95.2339536497	8376	0	88	104	103	79	96	96	274	68	68
DLR00012709-2009-06-30_14-36-26	15	5	389	1037	3	25	95.2339536497	8791	0	86	102	101	79	97	96	229	68	68
DLR00012709-2009-06-30_14-36-26	15	6	493	1063	7	50	95.2339536497	7363	0	85	101	100	79	96	96	239	68	68
DLR00012709-2009-06-30_14-36-26	15	7	550	1046	10	122	95.2339536497	7971	0	89	106	104	78	96	95	317	68	68
DLR00012709-2009-06-30_14-36-26	15	8	609	1048	5	44	95.2339536497	7274	0	85	102	100	77	96	95	262	68	68
DLR00012709-2009-06-30_14-36-26	15	9	674	1051	12	102	95.2339536497	6766	0	84	101	99	76	94	93	302	68	68
DLR00012709-2009-06-30_14-36-26	15	10	741	1074	4	29	95.2339536497	6470	0	82	98	95	75	93	92	235	68	68
DLR00012709-2009-06-30_14-36-26	15	11	796	1038	5	55	95.2339536497	5767	0	86	101	99	75	93	91	187	68	68
DLR00012709-2009-06-30_14-36-26	15	12	914	1029	11	100	95.2339536497	6163	0	83	99	96	75	93	91	275	68	68
DLR00012709-2009-06-30_14-36-26	15	13	934	1069	48	426	95.2339536497	6683	0	82	99	97	75	92	91	423	68	68
DLR00012709-2009-06-30_14-36-26	15	14	1020	1067	4	34	95.2339536497	6150	0	80	98	96	74	91	90	171	68	68
DLR00012709-2009-06-30_14-36-26	15	15	1097	1054	11	95	95.2339536497	6193	0	81	97	95	73	91	90	215	68	68
DLR00012709-2009-06-30_14-36-26	15	16	1142	1044	9	84	95.2339536497	6405	1	82	98	96	74	91	90	229	68	68
DLR00012709-2009-06-30_14-36-26	15	17	1251	1063	8	74	95.2339536497	6937	0	83	98	97	74	91	91	226	68	68
DLR00012709-2009-06-30_14-36-26	15	18	1281	1055	8	76	95.2339536497	6983	0	82	98	97	74	91	91	229	68	68
DLR00012709-2009-06-30_14-36-26	15	19	1358	1053	11	105	95.2339536497	6629	0	83	98	96	74	91	90	198	68	68
DLR00012709-2009-06-30_14-36-26	15	20	1423	1059	8	64	95.2339536497	7110	0	80	97	95	74	91	91	232	68	68
DLR00012709-2009-06-30_14-36-26	15	21	1505	1062	5	46	95.2339536497	7467	2	82	97	97	74	90	90	212	68	68
DLR00012709-2009-06-30_14-36-26	15	22	1552	1041	13	161	95.2339536497	7385	0	83	98	97	72	89	88	208	68	68
DLR00012709-2009-06-30_14-36-26	15	23	1653	1075	5	39	95.2339536497	7759	0	78	90	90	71	86	86	161	68	68
DLR00012709-2009-06-30_14-36-26	15	24	1727	1041	14	122	95.2339536497	8625	0	82	95	93	74	87	87	355	68	68
DLR00012709-2009-06-30_14-36-26	16	1	102	1090	7	51	95.2339536497	8304	1	87	99	96	83	95	93	891	68	68
DLR00012709-2009-06-30_14-36-26	16	2	198	1105	1	9	95.2339536497	7726	0	89	100	101	81	95	95	414	68	68
DLR00012709-2009-06-30_14-36-26	16	3	247	1091	23	656	95.2339536497	7370	0	107	120	118	79	95	95	323	68	68
DLR00012709-2009-06-30_14-36-26	16	4	315	1104	2	14	95.2339536497	7500	0	89	104	103	81	97	97	346	68	68
DLR00012709-2009-06-30_14-36-26	16	5	432	1090	8	83	95.2339536497	7842	0	88	104	104	79	96	96	255	68	68
DLR00012709-2009-06-30_14-36-26	16	6	451	1104	15	143	95.2339536497	7857	4	88	104	103	80	97	97	295	68	68
DLR00012709-2009-06-30_14-36-26	16	7	559	1101	9	91	95.2339536497	7514	0	89	104	104	79	96	96	303	68	68
DLR00012709-2009-06-30_14-36-26	16	8	616	1113	20	149	95.2339536497	7606	0	88	102	101	79	96	96	220	68	68
DLR00012709-2009-06-30_14-36-26	16	9	672	1115	16	148	95.2339536497	7486	0	86	102	99	78	95	94	255	68	68
DLR00012709-2009-06-30_14-36-26	16	10	735	1113	3	33	95.2339536497	6919	0	86	102	101	77	93	93	235	68	68
DLR00012709-2009-06-30_14-36-26	16	11	801	1110	8	64	95.2339536497	6777	0	83	99	97	76	93	92	282	68	68
DLR00012709-2009-06-30_14-36-26	16	12	887	1105	8	58	95.2339536497	7244	0	83	99	98	76	94	93	281	68	68
DLR00012709-2009-06-30_14-36-26	16	13	939	1080	44	389	95.2339536497	6838	0	82	99	97	75	92	91	423	68	68
DLR00012709-2009-06-30_14-36-26	16	14	1013	1112	35	294	95.2339536497	7749	3	83	99	97	76	93	92	339	68	68
DLR00012709-2009-06-30_14-36-26	16	15	1069	1080	3	26	95.2339536497	6785	0	81	97	96	74	91	90	190	68	68
DLR00012709-2009-06-30_14-36-26	16	16	1147	1113	7	65	95.2339536497	7447	0	85	101	100	76	93	93	253	68	68
DLR00012709-2009-06-30_14-36-26	16	17	1246	1090	3	24	95.2339536497	7119	0	83	97	97	74	92	92	204	68	68
DLR00012709-2009-06-30_14-36-26	16	18	1276	1087	3	24	95.2339536497	7022	0	83	97	97	75	92	92	213	68	68
DLR00012709-2009-06-30_14-36-26	16	19	1346	1106	2	15	95.2339536497	7287	0	84	99	99	77	93	93	270	68	68
DLR00012709-2009-06-30_14-36-26	16	20	1415	1109	35	308	95.2339536497	7444	0	89	103	100	77	93	93	365	68	68
DLR00012709-2009-06-30_14-36-26	16	21	1483	1105	8	84	95.2339536497	7805	0	88	103	100	77	92	92	331	68	68
DLR00012709-2009-06-30_14-36-26	16	22	1550	1104	6	51	95.2339536497	7911	0	83	98	98	75	91	91	327	68	68
DLR00012709-2009-06-30_14-36-26	16	23	1618	1103	2	15	95.2339536497	8462	0	82	94	94	75	89	89	373	68	68
DLR00012709-2009-06-30_14-36-26	16	24	1713	1103	8	124	95.2339536497	8790	0	91	102	100	75	89	88	422	68	68
